case:concept:name,observation,time:timestamp
1,c,1
2,c,1
1,c,2
1,e,2
3,e,2
3,c,2
2,c,2
2,e,2
3,d,3
3,a,3
4,a,3
4,d,3
4,f,3
4,e,3
2,e,3
2,f,3
2,a,3
3,f,3
1,e,3
1,f,3
1,d,3
1,a,3
2,d,3
3,e,3
4,d,4
4,b,4
4,f,4
5,b,4
5,d,4
5,f,4
3,d,4
3,b,4
3,f,4
2,f,4
1,b,4
2,b,4
2,d,4
1,d,4
1,f,4
2,f,5
2,c,5
6,c,5
3,f,5
3,c,5
1,f,5
1,c,5
4,c,5
4,f,5
5,f,5
5,c,5
6,f,5
5,e,6
5,c,6
7,c,6
2,c,6
4,c,6
4,e,6
2,e,6
3,e,6
3,c,6
6,c,6
7,e,6
6,e,6
7,f,7
7,e,7
8,f,7
8,e,7
6,e,7
6,f,7
4,e,7
5,e,7
5,f,7
4,f,7
3,e,7
3,f,7
6,f,8
4,f,8
7,f,8
8,f,8
5,f,8
9,f,8
11,a,11
10,a,11
9,a,11
12,a,11
8,a,11
7,a,11
8,b,12
9,b,12
9,d,12
12,d,12
10,b,12
10,d,12
8,d,12
13,d,12
13,b,12
11,d,12
12,b,12
11,b,12
12,c,13
12,f,13
13,c,13
13,f,13
14,c,13
14,f,13
12,e,13
14,e,13
13,e,13
11,e,13
11,f,13
11,c,13
9,c,13
9,f,13
9,e,13
10,e,13
10,f,13
10,c,13
11,e,14
15,f,14
14,e,14
14,f,14
13,e,14
13,f,14
15,e,14
10,f,14
12,e,14
12,f,14
10,e,14
11,f,14
13,f,15
11,f,15
16,f,15
12,f,15
14,f,15
15,f,15
17,c,16
15,c,16
16,c,16
14,c,16
13,c,16
12,c,16
13,e,17
14,e,17
15,e,17
18,e,17
16,e,17
17,e,17
18,f,18
17,f,18
14,f,18
19,f,18
16,f,18
15,f,18
20,d,19
19,c,19
18,c,19
18,d,19
15,d,19
16,c,19
19,d,19
15,c,19
17,c,19
17,d,19
16,d,19
20,c,19
21,e,20
19,e,20
19,f,20
20,e,20
21,f,20
20,f,20
18,e,20
16,e,20
17,f,20
17,e,20
16,f,20
18,f,20
19,f,21
20,f,21
21,f,21
18,f,21
22,f,21
17,f,21
23,f,25
24,a,25
25,a,25
25,f,25
26,a,25
23,a,25
22,a,25
22,f,25
24,f,25
21,f,25
21,a,25
26,f,25
26,b,26
25,d,26
25,b,26
26,d,26
24,d,26
27,b,26
27,d,26
22,b,26
22,d,26
23,b,26
24,b,26
23,d,26
24,a,27
26,c,27
26,b,27
26,a,27
28,b,27
28,c,27
28,f,27
26,f,27
25,c,27
25,f,27
25,a,27
24,b,27
24,c,27
24,f,27
27,a,27
27,b,27
23,f,27
27,c,27
27,f,27
23,c,27
23,b,27
23,a,27
25,b,27
28,a,27
27,e,28
27,f,28
27,c,28
27,b,28
28,b,28
28,c,28
28,f,28
28,e,28
29,b,28
29,d,28
29,f,28
29,e,28
28,d,28
29,c,28
27,d,28
25,b,28
25,f,28
25,e,28
26,b,28
24,e,28
24,f,28
25,c,28
24,d,28
24,b,28
24,c,28
26,c,28
26,f,28
26,e,28
26,d,28
25,d,28
29,c,29
28,e,29
29,f,29
28,f,29
28,c,29
30,c,29
29,e,29
30,e,29
30,f,29
25,f,29
26,e,29
26,f,29
26,c,29
25,c,29
27,f,29
27,e,29
27,c,29
25,e,29
27,f,30
31,f,30
31,e,30
28,e,30
26,e,30
28,f,30
29,f,30
29,e,30
30,e,30
30,f,30
27,e,30
26,f,30
31,f,31
30,f,31
32,f,31
29,f,31
28,f,31
27,f,31
29,e,32
30,e,32
33,e,32
28,e,32
31,e,32
32,e,32
29,b,33
29,d,33
33,d,33
33,b,33
34,d,33
32,b,33
32,d,33
34,b,33
30,b,33
31,d,33
31,b,33
30,d,33
34,b,34
34,c,34
34,f,34
33,f,34
33,c,34
33,b,34
30,b,34
30,c,34
35,b,34
31,b,34
35,f,34
31,c,34
35,c,34
31,f,34
32,f,34
32,c,34
32,b,34
30,f,34
36,e,35
36,f,35
36,c,35
34,a,35
35,c,35
36,a,35
35,a,35
34,f,35
34,e,35
35,f,35
34,c,35
35,e,35
33,e,35
32,f,35
32,a,35
32,c,35
31,f,35
33,a,35
33,c,35
31,e,35
31,c,35
31,a,35
33,f,35
32,e,35
36,b,36
37,b,36
37,d,36
35,e,36
35,f,36
35,d,36
35,b,36
36,f,36
36,d,36
36,e,36
32,b,36
33,e,36
33,f,36
33,d,36
33,b,36
32,e,36
32,f,36
34,d,36
34,b,36
34,f,36
34,e,36
37,e,36
37,f,36
32,d,36
38,c,37
36,f,37
36,c,37
37,c,37
38,f,37
37,f,37
35,c,37
34,f,37
33,f,37
34,c,37
35,f,37
33,c,37
35,e,38
34,e,38
38,e,38
36,e,38
37,e,38
39,e,38
39,f,39
39,e,39
35,e,39
38,e,39
38,f,39
35,f,39
40,f,39
37,e,39
37,f,39
36,e,39
36,f,39
40,e,39
37,f,40
38,f,40
41,f,40
40,f,40
36,f,40
39,f,40
41,e,41
42,e,41
40,e,41
40,c,41
42,c,41
41,c,41
39,e,41
39,c,41
37,c,41
37,e,41
38,c,41
38,e,41
39,f,42
43,e,42
43,f,42
43,a,42
39,a,42
42,f,42
42,a,42
41,e,42
41,f,42
41,a,42
42,e,42
40,a,42
38,f,42
38,e,42
39,e,42
40,f,42
40,e,42
38,a,42
40,c,43
43,c,43
43,d,43
42,f,43
42,c,43
42,d,43
42,b,43
39,c,43
39,f,43
39,d,43
39,b,43
43,f,43
40,f,43
43,b,43
44,d,43
44,c,43
44,f,43
41,f,43
41,c,43
41,d,43
41,b,43
44,b,43
40,b,43
40,d,43
45,c,44
44,e,44
43,c,44
44,c,44
43,f,44
44,f,44
43,e,44
45,e,44
41,c,44
42,e,44
42,f,44
42,c,44
40,c,44
41,e,44
41,f,44
40,f,44
45,f,44
40,e,44
45,f,45
45,e,45
46,f,45
44,e,45
44,f,45
42,e,45
41,f,45
46,e,45
43,e,45
43,f,45
41,e,45
42,f,45
46,f,46
45,f,46
47,f,46
42,f,46
44,f,46
43,f,46
48,b,47
44,b,47
45,b,47
47,b,47
43,b,47
46,b,47
48,c,48
47,c,48
47,a,48
44,c,48
49,a,48
49,c,48
48,a,48
44,a,48
46,a,48
45,c,48
45,a,48
46,c,48
49,d,49
49,b,49
49,e,49
48,e,49
48,f,49
50,d,49
50,f,49
50,e,49
48,d,49
48,b,49
49,f,49
50,b,49
45,b,49
46,f,49
46,d,49
46,b,49
45,e,49
45,d,49
47,b,49
46,e,49
47,f,49
47,e,49
45,f,49
47,d,49
50,f,50
49,f,50
49,c,50
49,d,50
50,c,50
50,d,50
51,d,50
47,f,50
51,f,50
47,c,50
48,f,50
48,c,50
48,d,50
46,c,50
46,f,50
47,d,50
51,c,50
46,d,50
51,f,51
50,e,51
50,f,51
52,f,51
52,e,51
51,e,51
47,f,51
47,e,51
49,e,51
49,f,51
48,f,51
48,e,51
53,d,52
53,f,52
51,f,52
51,d,52
48,d,52
48,f,52
50,f,52
50,d,52
49,d,52
49,f,52
52,d,52
52,f,52
54,f,53
53,f,53
49,f,53
51,f,53
50,f,53
52,f,53
52,a,55
54,a,55
51,a,55
53,a,55
56,a,55
55,a,55
56,d,56
56,b,56
55,d,56
55,b,56
54,d,56
53,d,56
57,b,56
52,b,56
57,d,56
52,d,56
53,b,56
54,b,56
57,c,57
57,f,57
56,f,57
56,c,57
58,c,57
54,c,57
55,f,57
55,c,57
53,c,57
53,f,57
54,f,57
58,f,57
58,e,58
59,b,58
57,e,58
57,b,58
59,e,58
58,b,58
55,e,58
56,e,58
56,b,58
54,b,58
54,e,58
55,b,58
56,f,59
59,f,59
59,c,59
58,f,59
60,f,59
58,c,59
55,f,59
57,f,59
57,c,59
56,c,59
55,c,59
60,c,59
56,e,60
61,e,60
58,e,60
57,e,60
59,e,60
60,e,60
61,d,61
62,f,61
60,f,61
60,d,61
62,d,61
59,f,61
59,d,61
61,f,61
58,f,61
58,d,61
57,f,61
57,d,61
62,f,62
63,f,62
59,f,62
60,f,62
58,f,62
61,f,62
67,d,71
68,d,71
69,d,71
72,d,71
70,d,71
71,d,71
71,c,72
73,c,72
72,f,72
72,c,72
71,f,72
73,f,72
70,c,72
70,f,72
69,f,72
69,c,72
68,f,72
68,c,72
70,e,73
69,e,73
71,e,73
72,e,73
74,e,73
73,e,73
70,f,74
74,f,74
73,f,74
75,f,74
72,f,74
71,f,74
75,c,75
72,c,75
73,c,75
76,c,75
71,c,75
74,c,75
75,e,76
76,e,76
77,e,76
74,e,76
72,e,76
73,e,76
74,f,77
77,f,77
76,f,77
78,f,77
75,f,77
73,f,77
78,b,78
75,b,78
74,b,78
79,b,78
77,b,78
76,b,78
80,c,79
79,c,79
80,f,79
78,f,79
78,c,79
79,f,79
76,f,79
77,f,79
77,c,79
75,f,79
75,c,79
76,c,79
76,d,80
80,d,80
80,e,80
81,d,80
79,e,80
79,d,80
77,e,80
78,e,80
78,d,80
76,e,80
77,d,80
81,e,80
81,f,81
80,f,81
77,f,81
82,f,81
79,f,81
78,f,81
82,f,82
79,f,82
80,f,82
83,f,82
78,f,82
81,f,82
83,f,83
83,a,83
82,f,83
84,a,83
84,f,83
82,a,83
79,a,83
81,f,83
81,a,83
80,a,83
80,f,83
79,f,83
81,d,84
84,b,84
83,d,84
83,b,84
80,b,84
84,d,84
81,b,84
85,b,84
82,d,84
82,b,84
80,d,84
85,d,84
85,c,85
85,f,85
84,c,85
84,f,85
86,c,85
83,f,85
83,c,85
82,f,85
81,c,85
81,f,85
86,f,85
82,c,85
83,e,86
86,c,86
86,e,86
85,e,86
85,c,86
87,c,86
87,e,86
84,e,86
84,c,86
82,c,86
82,e,86
83,c,86
88,f,87
87,f,87
86,f,87
86,e,87
87,e,87
88,e,87
84,e,87
83,f,87
85,e,87
85,f,87
83,e,87
84,f,87
89,b,88
89,f,88
87,f,88
87,b,88
84,b,88
88,b,88
86,f,88
86,b,88
84,f,88
85,b,88
85,f,88
88,f,88
88,c,89
90,c,89
90,f,89
89,f,89
89,c,89
88,f,89
85,f,89
85,c,89
87,f,89
87,c,89
86,c,89
86,f,89
86,e,90
88,e,90
90,e,90
87,e,90
89,e,90
91,e,90
90,f,91
89,f,91
92,f,91
87,f,91
88,f,91
91,f,91
92,b,93
94,d,93
93,b,93
94,b,93
92,d,93
91,d,93
93,d,93
91,b,93
89,d,93
90,b,93
90,d,93
89,b,93
90,c,94
94,f,94
93,f,94
93,c,94
91,f,94
90,f,94
95,c,94
91,c,94
94,c,94
92,f,94
92,c,94
95,f,94
96,e,95
95,e,95
94,a,95
96,a,95
94,e,95
95,a,95
91,a,95
91,e,95
93,e,95
93,a,95
92,a,95
92,e,95
96,d,96
96,b,96
97,b,96
97,d,96
95,f,96
95,d,96
95,b,96
92,b,96
92,d,96
97,f,96
94,f,96
94,d,96
94,b,96
92,f,96
93,b,96
93,d,96
93,f,96
96,f,96
97,c,97
97,f,97
96,f,97
96,c,97
98,c,97
98,f,97
93,c,97
93,f,97
94,c,97
95,f,97
95,c,97
94,f,97
95,e,98
98,e,98
97,e,98
96,e,98
94,e,98
99,e,98
99,f,99
97,f,99
95,f,99
100,f,99
96,f,99
98,f,99
101,d,100
99,d,100
100,d,100
98,d,100
97,d,100
96,d,100
100,f,101
101,f,101
102,f,101
99,f,101
97,f,101
98,f,101
100,a,103
103,a,103
102,a,103
104,a,103
99,a,103
101,a,103
101,b,104
104,d,104
103,d,104
103,b,104
100,b,104
105,b,104
105,d,104
102,b,104
102,d,104
104,b,104
100,d,104
101,d,104
105,d,105
106,d,105
106,c,105
106,f,105
104,f,105
104,c,105
105,f,105
105,c,105
104,d,105
101,f,105
101,d,105
103,f,105
103,c,105
103,d,105
102,d,105
102,c,105
102,f,105
101,c,105
106,f,106
105,e,106
106,e,106
102,f,106
105,f,106
107,f,106
104,e,106
104,f,106
107,e,106
103,f,106
103,e,106
102,e,106
106,f,107
107,e,107
106,e,107
103,e,107
108,e,107
105,e,107
105,f,107
103,f,107
104,e,107
104,f,107
108,f,107
107,f,107
108,f,108
109,d,108
109,f,108
107,f,108
107,d,108
108,d,108
106,f,108
106,d,108
105,f,108
105,d,108
104,f,108
104,d,108
107,f,109
105,f,109
106,f,109
108,f,109
110,f,109
109,f,109
111,b,111
110,b,111
109,b,111
112,b,111
107,b,111
108,b,111
112,f,112
111,f,112
111,c,112
108,f,112
112,c,112
110,c,112
108,c,112
113,f,112
109,f,112
109,c,112
110,f,112
113,c,112
113,e,113
112,e,113
114,e,113
111,e,113
109,e,113
110,e,113
115,e,114
114,e,114
113,e,114
113,f,114
115,f,114
110,e,114
112,e,114
112,f,114
114,f,114
111,f,114
111,e,114
110,f,114
115,c,115
114,c,115
115,f,115
114,f,115
112,c,115
116,c,115
113,f,115
113,c,115
116,f,115
111,c,115
111,f,115
112,f,115
116,d,116
116,e,116
115,e,116
115,d,116
117,d,116
113,e,116
117,e,116
114,e,116
114,d,116
112,d,116
112,e,116
113,d,116
117,f,117
117,e,117
116,e,117
116,f,117
116,c,117
118,c,117
118,f,117
117,c,117
118,e,117
113,f,117
115,e,117
115,f,117
115,c,117
113,c,117
113,e,117
114,e,117
114,f,117
114,c,117
115,e,118
118,e,118
118,f,118
119,f,118
119,e,118
117,e,118
117,f,118
114,f,118
114,e,118
116,e,118
116,f,118
115,f,118
117,f,119
120,f,119
115,f,119
119,f,119
116,f,119
118,f,119
119,a,120
120,a,120
121,a,120
118,a,120
116,a,120
117,a,120
118,b,121
120,d,121
120,c,121
121,c,121
121,d,121
117,a,121
121,b,121
119,c,121
119,d,121
118,a,121
119,b,121
117,b,121
117,d,121
117,c,121
121,a,121
122,a,121
122,b,121
122,d,121
122,c,121
120,a,121
118,c,121
118,d,121
119,a,121
120,b,121
121,b,122
121,d,122
122,b,122
121,f,122
121,e,122
123,c,122
123,d,122
123,b,122
122,e,122
122,d,122
121,c,122
123,f,122
119,d,122
119,f,122
122,c,122
118,b,122
118,d,122
118,c,122
118,f,122
118,e,122
119,b,122
119,c,122
123,e,122
119,e,122
122,f,122
120,b,122
120,d,122
120,c,122
120,f,122
120,e,122
124,f,123
124,c,123
122,e,123
122,f,123
122,c,123
123,e,123
123,f,123
124,e,123
123,c,123
121,f,123
119,e,123
119,c,123
120,c,123
120,f,123
120,e,123
121,e,123
121,c,123
119,f,123
124,f,124
124,e,124
123,f,124
120,f,124
123,e,124
125,f,124
125,e,124
122,e,124
122,f,124
121,f,124
121,e,124
120,e,124
126,f,125
124,f,125
124,e,125
121,f,125
123,e,125
123,f,125
125,f,125
121,e,125
122,e,125
122,f,125
126,e,125
125,e,125
126,f,126
127,f,126
125,f,126
124,f,126
123,f,126
122,f,126
125,e,127
123,e,127
126,e,127
127,e,127
128,e,127
124,e,127
132,c,132
131,c,132
130,c,132
129,c,132
128,c,132
133,c,132
130,e,133
131,e,133
134,e,133
133,e,133
132,e,133
129,e,133
135,f,134
134,f,134
133,f,134
132,f,134
130,f,134
131,f,134
134,b,135
131,b,135
136,b,135
135,b,135
133,b,135
132,b,135
136,f,136
136,c,136
135,d,136
137,c,136
137,f,136
132,c,136
135,f,136
135,c,136
137,d,136
136,d,136
132,f,136
133,f,136
132,d,136
134,f,136
134,c,136
133,d,136
134,d,136
133,c,136
137,f,137
138,e,137
136,e,137
136,f,137
137,e,137
133,f,137
133,e,137
135,e,137
135,f,137
134,f,137
134,e,137
138,f,137
139,f,138
138,f,138
135,f,138
136,f,138
134,f,138
137,f,138
142,f,143
139,f,143
140,f,143
141,f,143
144,f,143
143,f,143
144,a,144
145,a,144
143,a,144
141,a,144
142,a,144
140,a,144
142,d,145
145,d,145
145,b,145
142,b,145
146,d,145
144,d,145
144,b,145
141,b,145
146,b,145
143,d,145
143,b,145
141,d,145
147,a,146
146,a,146
146,c,146
146,f,146
145,f,146
145,c,146
145,a,146
142,a,146
142,c,146
142,f,146
144,c,146
147,c,146
147,f,146
144,f,146
144,a,146
143,a,146
143,c,146
143,f,146
146,e,147
147,b,147
146,d,147
146,b,147
147,d,147
147,e,147
148,e,147
145,b,147
148,b,147
143,d,147
143,e,147
145,e,147
145,d,147
148,d,147
143,b,147
144,b,147
144,d,147
144,e,147
144,c,148
148,f,148
148,c,148
144,f,148
147,c,148
149,c,148
146,f,148
146,c,148
145,c,148
145,f,148
149,f,148
147,f,148
149,b,149
149,e,149
148,e,149
148,b,149
150,e,149
146,b,149
145,e,149
145,b,149
146,e,149
147,e,149
147,b,149
150,b,149
151,f,150
151,d,150
149,d,150
149,c,150
149,f,150
150,f,150
150,c,150
150,d,150
151,c,150
147,f,150
146,d,150
147,c,150
148,f,150
148,c,150
148,d,150
146,c,150
146,f,150
147,d,150
152,d,151
152,b,151
151,e,151
150,b,151
151,d,151
150,f,151
152,e,151
151,b,151
151,f,151
150,d,151
152,f,151
150,e,151
148,e,151
147,f,151
147,e,151
148,b,151
148,d,151
148,f,151
147,d,151
147,b,151
149,e,151
149,b,151
149,d,151
149,f,151
149,c,152
152,c,152
152,f,152
151,f,152
151,c,152
149,f,152
150,c,152
148,c,152
148,f,152
153,c,152
153,f,152
150,f,152
152,e,153
149,e,153
154,e,153
153,e,153
150,e,153
151,e,153
154,f,154
153,f,154
153,d,154
155,d,154
154,d,154
151,f,154
155,f,154
152,f,154
152,d,154
151,d,154
150,f,154
150,d,154
155,f,155
151,f,155
154,f,155
156,f,155
153,f,155
152,f,155
156,e,156
153,e,156
154,e,156
152,e,156
155,e,156
157,e,156
156,f,157
156,c,157
157,f,157
157,c,157
158,c,157
155,f,157
155,c,157
154,f,157
154,c,157
153,f,157
153,c,157
158,f,157
156,e,158
159,e,158
157,e,158
158,e,158
155,e,158
154,e,158
160,f,159
159,f,159
158,f,159
156,f,159
157,f,159
155,f,159
157,c,160
161,c,160
159,c,160
160,c,160
158,c,160
156,c,160
159,e,161
158,e,161
157,e,161
160,e,161
161,e,161
162,e,161
158,f,162
159,f,162
160,f,162
161,f,162
162,f,162
163,f,162
166,a,166
165,a,166
164,a,166
167,a,166
163,a,166
162,a,166
163,d,167
167,b,167
167,d,167
166,d,167
166,b,167
166,a,167
167,a,167
168,a,167
168,b,167
168,d,167
163,b,167
164,b,167
165,d,167
163,a,167
165,b,167
165,a,167
164,a,167
164,d,167
168,c,168
167,b,168
167,d,168
167,c,168
169,f,168
168,f,168
169,c,168
169,d,168
169,b,168
168,b,168
167,f,168
168,d,168
165,d,168
164,b,168
164,d,168
164,c,168
164,f,168
165,c,168
166,f,168
166,c,168
166,d,168
166,b,168
165,f,168
165,b,168
170,e,169
168,c,169
169,f,169
168,e,169
170,f,169
169,e,169
168,f,169
170,c,169
165,c,169
165,e,169
166,e,169
166,f,169
166,c,169
165,f,169
167,c,169
167,f,169
169,c,169
167,e,169
171,f,170
171,b,170
169,e,170
169,f,170
169,b,170
170,e,170
170,f,170
170,b,170
171,e,170
166,f,170
166,e,170
168,f,170
167,e,170
168,b,170
167,b,170
166,b,170
168,e,170
167,f,170
167,c,171
167,f,171
171,c,171
172,f,171
170,c,171
169,f,171
169,c,171
168,c,171
168,f,171
172,c,171
171,f,171
170,f,171
168,e,172
171,e,172
172,e,172
171,f,172
173,f,172
170,f,172
170,e,172
169,e,172
169,f,172
168,f,172
173,e,172
172,f,172
173,c,173
173,f,173
174,f,173
173,e,173
174,c,173
172,e,173
172,f,173
172,c,173
169,c,173
171,e,173
174,e,173
169,f,173
169,e,173
170,f,173
170,e,173
170,c,173
171,c,173
171,f,173
171,e,174
172,e,174
173,e,174
175,e,174
170,e,174
174,e,174
176,e,176
175,e,176
177,e,176
173,e,176
172,e,176
174,e,176
174,f,177
173,f,177
175,f,177
176,f,177
177,f,177
178,f,177
181,f,181
180,f,181
179,f,181
182,f,181
178,f,181
177,f,181
178,a,182
179,a,182
179,f,182
182,f,182
182,a,182
181,f,182
180,a,182
180,f,182
181,a,182
178,f,182
183,f,182
183,a,182
182,a,183
183,b,183
182,d,183
183,d,183
184,a,183
184,d,183
182,b,183
184,b,183
183,a,183
180,d,183
180,a,183
181,d,183
181,b,183
181,a,183
179,d,183
180,b,183
179,b,183
179,a,183
183,b,184
183,d,184
183,c,184
183,f,184
181,d,184
181,b,184
184,f,184
185,b,184
185,d,184
185,c,184
185,f,184
184,b,184
184,d,184
184,c,184
181,c,184
180,b,184
181,f,184
180,f,184
180,c,184
182,b,184
182,d,184
182,c,184
180,d,184
182,f,184
183,e,185
185,c,185
181,c,185
181,f,185
186,c,185
186,f,185
184,e,185
184,f,185
183,f,185
184,c,185
182,e,185
182,f,185
185,f,185
182,c,185
183,c,185
186,e,185
181,e,185
185,e,185
185,e,186
186,f,186
187,f,186
187,e,186
186,e,186
184,e,186
184,f,186
183,e,186
183,f,186
182,f,186
182,e,186
185,f,186
184,f,187
185,f,187
183,f,187
186,f,187
187,f,187
188,f,187
191,c,192
192,c,192
190,c,192
193,c,192
189,c,192
188,c,192
190,e,193
191,e,193
194,e,193
192,e,193
189,e,193
193,e,193
194,f,194
195,f,194
193,f,194
192,f,194
190,f,194
191,f,194
192,c,195
195,c,195
194,c,195
193,c,195
191,c,195
196,c,195
193,e,196
196,e,196
194,e,196
197,e,196
195,e,196
192,e,196
197,f,197
196,f,197
198,f,197
195,f,197
193,f,197
194,f,197
195,b,199
199,c,199
198,c,199
198,b,199
200,b,199
200,c,199
199,b,199
197,c,199
196,c,199
196,b,199
197,b,199
195,c,199
200,c,200
200,f,200
200,e,200
199,e,200
199,f,200
199,c,200
201,e,200
201,f,200
197,e,200
196,c,200
198,e,200
198,f,200
198,c,200
201,c,200
196,f,200
196,e,200
197,c,200
197,f,200
201,f,201
201,e,201
200,e,201
200,f,201
198,e,201
202,f,201
202,e,201
199,e,201
199,f,201
197,f,201
197,e,201
198,f,201
203,f,202
202,c,202
201,f,202
201,c,202
203,c,202
202,f,202
200,f,202
198,c,202
198,f,202
200,c,202
199,c,202
199,f,202
202,e,203
199,e,203
204,e,203
203,e,203
201,e,203
200,e,203
205,d,204
203,d,204
204,d,204
204,f,204
205,f,204
203,a,204
200,f,204
204,a,204
203,f,204
200,d,204
205,a,204
200,a,204
201,f,204
201,d,204
201,a,204
202,f,204
202,d,204
202,a,204
204,b,205
204,d,205
206,b,205
201,b,205
205,f,205
205,d,205
205,b,205
204,f,205
206,d,205
202,f,205
203,f,205
203,d,205
203,b,205
201,d,205
201,f,205
202,b,205
202,d,205
206,f,205
206,d,206
206,c,206
206,f,206
205,c,206
205,d,206
207,d,206
207,c,206
207,f,206
205,f,206
202,d,206
203,d,206
203,c,206
203,f,206
204,d,206
202,c,206
202,f,206
204,c,206
204,f,206
205,f,207
207,f,207
207,e,207
206,e,207
206,f,207
204,e,207
203,f,207
204,f,207
208,e,207
205,e,207
203,e,207
208,f,207
209,c,208
208,a,208
209,f,208
208,c,208
208,f,208
207,f,208
207,c,208
207,a,208
209,a,208
204,c,208
205,c,208
206,f,208
206,c,208
206,a,208
204,a,208
204,f,208
205,a,208
205,f,208
210,e,209
209,e,209
209,d,209
209,b,209
208,e,209
208,d,209
208,b,209
206,e,209
207,e,209
210,d,209
206,d,209
206,b,209
207,b,209
207,d,209
205,b,209
210,b,209
205,e,209
205,d,209
211,c,210
208,c,210
209,c,210
210,c,210
207,c,210
206,c,210
211,e,211
212,e,211
210,e,211
209,e,211
207,e,211
208,e,211
209,f,212
212,f,212
213,f,212
208,f,212
211,f,212
210,f,212
214,c,213
210,c,213
211,c,213
213,c,213
209,c,213
212,c,213
213,e,214
213,d,214
215,d,214
215,e,214
214,e,214
212,d,214
214,d,214
211,e,214
211,d,214
210,e,214
210,d,214
212,e,214
215,f,215
216,f,215
213,f,215
212,f,215
211,f,215
214,f,215
214,c,218
215,c,218
216,c,218
219,c,218
217,c,218
218,c,218
219,e,219
218,e,219
217,e,219
220,e,219
216,e,219
215,e,219
216,f,220
218,f,220
219,f,220
221,f,220
217,f,220
220,f,220
221,f,222
222,f,222
223,f,222
219,f,222
218,f,222
220,f,222
220,e,223
222,e,223
223,e,223
224,e,223
219,e,223
221,e,223
224,a,224
225,a,224
223,f,224
223,d,224
225,d,224
225,f,224
223,a,224
224,f,224
224,d,224
220,d,224
220,f,224
222,f,224
222,d,224
222,a,224
221,a,224
221,d,224
221,f,224
220,a,224
225,b,225
225,d,225
225,f,225
224,f,225
224,d,225
224,b,225
221,b,225
226,b,225
222,d,225
222,b,225
223,f,225
223,d,225
223,b,225
221,d,225
221,f,225
222,f,225
226,f,225
226,d,225
226,f,226
225,f,226
225,c,226
227,c,226
227,f,226
226,c,226
222,c,226
222,f,226
224,f,226
224,c,226
223,c,226
223,f,226
227,e,227
228,a,227
228,c,227
226,e,227
226,c,227
226,a,227
223,a,227
223,c,227
227,a,227
228,e,227
223,e,227
224,e,227
224,c,227
224,a,227
225,a,227
225,c,227
227,c,227
225,e,227
229,b,228
228,e,228
228,f,228
228,b,228
229,d,228
227,e,228
227,f,228
227,d,228
227,b,228
224,f,228
229,f,228
229,e,228
228,d,228
224,e,228
226,e,228
226,f,228
224,b,228
225,b,228
226,d,228
226,b,228
224,d,228
225,e,228
225,f,228
225,d,228
226,f,229
229,f,229
230,c,229
228,f,229
228,c,229
225,c,229
230,f,229
227,f,229
227,c,229
226,c,229
225,f,229
229,c,229
230,e,230
229,e,230
231,e,230
226,e,230
228,e,230
227,e,230
229,f,231
227,f,231
230,f,231
232,f,231
231,f,231
228,f,231
234,c,233
233,c,233
232,c,233
231,c,233
229,c,233
230,c,233
234,f,234
234,e,234
235,e,234
233,f,234
233,c,234
230,e,234
234,c,234
232,e,234
233,e,234
232,c,234
230,c,234
230,f,234
235,c,234
235,f,234
231,e,234
231,f,234
231,c,234
232,f,234
236,f,235
236,e,235
234,f,235
235,e,235
234,e,235
233,e,235
233,f,235
232,e,235
232,f,235
231,e,235
231,f,235
235,f,235
236,f,236
237,d,236
237,f,236
235,f,236
236,d,236
235,d,236
234,f,236
234,d,236
232,d,236
233,f,236
233,d,236
232,f,236
237,f,237
235,f,237
233,f,237
236,f,237
234,f,237
238,f,237
244,f,243
242,f,243
243,f,243
240,f,243
239,f,243
241,f,243
244,b,245
243,b,245
245,b,245
246,b,245
242,b,245
241,b,245
243,c,246
247,c,246
247,f,246
245,f,246
245,c,246
246,f,246
246,c,246
244,f,246
244,c,246
242,c,246
243,f,246
242,f,246
248,e,247
246,e,247
247,e,247
244,e,247
245,e,247
243,e,247
246,f,248
249,f,248
245,f,248
244,f,248
247,f,248
248,f,248
245,f,249
249,f,249
248,f,249
250,f,249
247,f,249
246,f,249
247,f,250
248,f,250
251,f,250
250,f,250
246,f,250
249,f,250
251,b,251
252,b,251
250,b,251
249,b,251
247,b,251
248,b,251
249,f,252
253,f,252
252,f,252
252,c,252
253,c,252
249,c,252
251,c,252
248,c,252
251,f,252
250,c,252
250,f,252
248,f,252
254,b,253
250,e,253
250,b,253
251,b,253
251,e,253
249,b,253
253,b,253
253,e,253
252,e,253
252,b,253
254,e,253
249,e,253
255,c,254
254,e,254
253,f,254
253,e,254
255,f,254
253,c,254
255,e,254
250,e,254
252,e,254
252,f,254
252,c,254
251,e,254
251,f,254
251,c,254
250,f,254
250,c,254
254,c,254
254,f,254
255,e,255
256,f,255
256,e,255
254,e,255
254,f,255
255,f,255
251,f,255
251,e,255
252,f,255
252,e,255
253,e,255
253,f,255
257,f,256
256,f,256
252,f,256
254,f,256
253,f,256
255,f,256
257,f,257
258,e,257
256,e,257
256,f,257
257,e,257
253,e,257
253,f,257
258,f,257
254,e,257
255,e,257
255,f,257
254,f,257
257,a,258
254,a,258
254,f,258
258,a,258
259,a,258
256,f,258
256,a,258
255,a,258
259,f,258
255,f,258
257,f,258
258,f,258
259,b,259
258,d,259
259,d,259
258,b,259
256,d,259
257,d,259
257,b,259
260,b,259
256,b,259
255,d,259
255,b,259
260,d,259
256,c,260
258,c,260
261,c,260
259,c,260
260,c,260
257,c,260
261,e,261
262,e,261
260,e,261
257,e,261
259,e,261
258,e,261
260,f,262
263,f,262
258,f,262
261,f,262
259,f,262
262,f,262
265,b,264
262,b,264
264,b,264
261,b,264
260,b,264
263,b,264
265,f,265
264,f,265
264,c,265
265,c,265
266,f,265
266,c,265
263,c,265
261,c,265
262,f,265
261,f,265
262,c,265
263,f,265
266,e,266
265,e,266
263,e,266
264,e,266
262,e,266
267,e,266
266,f,267
267,f,267
268,a,267
266,a,267
268,f,267
267,a,267
263,f,267
263,a,267
265,f,267
265,a,267
264,a,267
264,f,267
268,d,268
269,b,268
267,d,268
267,b,268
264,b,268
269,d,268
266,d,268
266,b,268
264,d,268
265,b,268
265,d,268
268,b,268
269,c,269
269,f,269
268,f,269
268,c,269
265,f,269
270,c,269
267,c,269
270,f,269
267,f,269
265,c,269
266,f,269
266,c,269
267,e,270
268,e,270
270,e,270
271,e,270
266,e,270
269,e,270
270,d,271
272,d,271
271,f,271
271,d,271
272,f,271
270,f,271
267,d,271
268,d,271
268,f,271
267,f,271
269,f,271
269,d,271
270,f,272
273,f,272
272,f,272
268,f,272
269,f,272
271,f,272
273,c,273
273,a,273
269,c,273
272,a,273
272,c,273
269,a,273
274,c,273
271,c,273
271,a,273
274,a,273
270,a,273
270,c,273
274,b,274
274,d,274
274,e,274
273,e,274
273,d,274
273,b,274
275,b,274
275,d,274
271,b,274
271,d,274
272,e,274
272,d,274
272,b,274
270,b,274
270,d,274
270,e,274
271,e,274
275,e,274
275,c,275
275,f,275
274,f,275
274,c,275
274,d,275
276,d,275
276,f,275
275,d,275
276,c,275
273,f,275
273,c,275
273,d,275
271,d,275
271,c,275
272,f,275
272,c,275
272,d,275
271,f,275
273,e,276
277,f,276
276,e,276
276,f,276
275,e,276
275,f,276
272,f,276
272,e,276
274,e,276
274,f,276
273,f,276
277,e,276
275,f,277
273,f,277
274,f,277
276,f,277
278,f,277
277,f,277
280,f,279
278,f,279
279,f,279
277,f,279
276,f,279
275,f,279
277,f,280
280,f,280
279,f,280
278,f,280
276,f,280
281,f,280
281,d,281
279,d,281
282,d,281
277,d,281
280,d,281
278,d,281
283,f,282
281,f,282
282,f,282
280,f,282
279,f,282
278,f,282
281,f,283
279,f,283
282,f,283
283,f,283
284,f,283
280,f,283
287,c,288
287,d,288
289,d,288
289,c,288
286,c,288
286,d,288
288,d,288
285,c,288
285,d,288
284,c,288
284,d,288
288,c,288
289,f,289
290,e,289
288,e,289
288,f,289
289,e,289
290,f,289
286,f,289
285,f,289
287,e,289
287,f,289
285,e,289
286,e,289
286,d,290
291,d,290
291,f,290
289,f,290
289,d,290
290,d,290
286,f,290
290,f,290
288,f,290
288,d,290
287,d,290
287,f,290
291,e,291
292,d,291
292,f,291
291,d,291
290,e,291
290,f,291
292,e,291
287,d,291
291,f,291
287,f,291
290,d,291
288,f,291
289,e,291
289,f,291
289,d,291
288,e,291
288,d,291
287,e,291
289,f,292
290,f,292
288,f,292
291,f,292
293,f,292
292,f,292
294,d,293
293,d,293
292,d,293
289,d,293
291,d,293
290,d,293
291,f,294
292,f,294
290,f,294
293,f,294
294,f,294
295,f,294
297,b,297
298,b,297
295,b,297
296,b,297
293,b,297
294,b,297
294,c,298
298,f,298
297,f,298
297,c,298
299,c,298
298,c,298
299,f,298
296,f,298
296,c,298
295,f,298
295,c,298
294,f,298
298,e,299
300,b,299
300,e,299
298,b,299
299,e,299
299,b,299
297,e,299
297,b,299
295,b,299
295,e,299
296,b,299
296,e,299
297,f,300
301,f,300
301,c,300
300,f,300
299,f,300
299,c,300
300,c,300
296,c,300
296,f,300
298,c,300
298,f,300
297,c,300
298,e,301
299,e,301
297,e,301
300,e,301
302,e,301
301,e,301
299,e,302
303,f,302
302,e,302
302,f,302
301,e,302
299,f,302
301,f,302
298,e,302
300,e,302
300,f,302
298,f,302
303,e,302
300,f,303
301,f,303
302,f,303
304,f,303
299,f,303
303,f,303
306,a,305
305,a,305
304,a,305
303,a,305
302,a,305
301,a,305
303,b,306
307,f,306
307,d,306
307,b,306
302,f,306
306,d,306
306,b,306
305,f,306
305,d,306
305,b,306
306,f,306
302,b,306
303,d,306
303,f,306
304,f,306
304,d,306
302,d,306
304,b,306
304,f,307
308,c,307
306,f,307
306,c,307
303,f,307
303,c,307
308,f,307
305,f,307
305,c,307
304,c,307
307,c,307
307,f,307
308,f,308
308,e,308
307,e,308
307,f,308
309,f,308
309,e,308
304,f,308
306,e,308
306,f,308
305,e,308
305,f,308
304,e,308
307,f,309
305,f,309
308,f,309
309,f,309
310,f,309
306,f,309
318,a,319
319,a,319
320,a,319
317,a,319
316,a,319
315,a,319
317,b,320
321,d,320
321,b,320
320,d,320
320,b,320
319,d,320
319,b,320
316,d,320
318,d,320
318,b,320
317,d,320
316,b,320
320,f,321
321,f,321
321,c,321
317,c,321
318,f,321
320,c,321
322,c,321
322,f,321
319,f,321
319,c,321
318,c,321
317,f,321
320,e,322
323,e,322
319,e,322
321,e,322
322,e,322
318,e,322
324,f,323
323,f,323
322,f,323
321,f,323
319,f,323
320,f,323
325,a,324
321,a,324
322,a,324
324,a,324
320,a,324
323,a,324
325,d,325
324,d,325
324,b,325
326,b,325
326,d,325
321,b,325
321,d,325
323,b,325
322,d,325
322,b,325
325,b,325
323,d,325
325,f,326
327,f,326
326,f,326
327,c,326
325,c,326
326,c,326
324,f,326
323,f,326
322,c,326
324,c,326
322,f,326
323,c,326
328,f,327
328,e,327
326,e,327
326,f,327
327,e,327
327,f,327
325,e,327
325,f,327
323,e,327
324,f,327
324,e,327
323,f,327
328,f,328
329,c,328
329,f,328
328,c,328
324,f,328
327,c,328
324,c,328
327,f,328
325,c,328
326,f,328
326,c,328
325,f,328
327,e,329
329,e,329
326,e,329
325,e,329
328,e,329
330,e,329
326,f,330
330,f,330
329,f,330
329,b,330
331,b,330
328,f,330
328,b,330
327,f,330
327,b,330
326,b,330
331,f,330
330,b,330
331,c,331
331,f,331
332,c,331
332,f,331
330,f,331
330,c,331
329,c,331
329,f,331
328,f,331
328,c,331
327,f,331
327,c,331
329,e,332
330,e,332
328,e,332
331,e,332
333,e,332
332,e,332
334,f,333
333,f,333
331,f,333
329,f,333
330,f,333
332,f,333
337,c,337
338,c,337
336,c,337
335,c,337
333,c,337
334,c,337
335,e,338
338,e,338
337,e,338
339,e,338
336,e,338
334,e,338
336,f,339
339,f,339
340,f,339
335,f,339
338,f,339
337,f,339
341,a,340
340,f,340
340,a,340
339,f,340
339,a,340
341,f,340
338,f,340
336,a,340
337,f,340
338,a,340
336,f,340
337,a,340
342,b,341
337,b,341
341,b,341
341,d,341
338,d,341
339,d,341
339,b,341
337,d,341
342,d,341
338,b,341
340,d,341
340,b,341
341,c,342
342,f,342
342,c,342
341,f,342
343,c,342
338,c,342
340,f,342
339,f,342
339,c,342
338,f,342
343,f,342
340,c,342
343,b,343
342,e,343
342,d,343
343,d,343
343,e,343
344,b,343
344,e,343
342,b,343
344,d,343
339,b,343
340,d,343
340,b,343
339,e,343
339,d,343
341,b,343
340,e,343
341,e,343
341,d,343
345,c,344
345,e,344
343,e,344
343,f,344
343,c,344
344,e,344
344,f,344
344,c,344
345,f,344
340,c,344
342,e,344
342,f,344
342,c,344
340,f,344
340,e,344
341,c,344
341,f,344
341,e,344
345,e,345
346,f,345
346,e,345
344,f,345
345,f,345
341,f,345
344,e,345
342,e,345
342,f,345
341,e,345
343,f,345
343,e,345
347,b,346
346,b,346
345,f,346
345,b,346
342,b,346
342,f,346
343,b,346
346,f,346
344,f,346
344,b,346
347,f,346
343,f,346
346,a,347
346,c,347
346,f,347
347,f,347
347,c,347
347,a,347
348,a,347
348,c,347
343,f,347
345,c,347
343,c,347
343,a,347
345,f,347
344,a,347
345,a,347
344,c,347
348,f,347
344,f,347
347,b,348
348,b,348
349,b,348
348,e,348
349,e,348
347,e,348
348,d,348
347,d,348
349,d,348
346,e,348
345,e,348
344,b,348
344,d,348
346,d,348
346,b,348
344,e,348
345,b,348
345,d,348
350,c,349
350,f,349
350,e,349
348,e,349
348,f,349
348,c,349
349,c,349
349,e,349
345,f,349
346,e,349
346,f,349
346,c,349
345,c,349
347,c,349
345,e,349
347,e,349
347,f,349
349,f,349
351,e,350
351,f,350
349,e,350
349,f,350
350,e,350
350,f,350
346,e,350
346,f,350
347,f,350
348,e,350
348,f,350
347,e,350
351,d,351
351,f,351
352,d,351
350,f,351
350,d,351
347,d,351
347,f,351
352,f,351
349,f,351
349,d,351
348,f,351
348,d,351
352,f,352
351,f,352
348,f,352
353,f,352
350,f,352
349,f,352
350,b,353
351,b,353
354,b,353
353,b,353
349,b,353
352,b,353
355,f,354
354,f,354
354,c,354
353,c,354
355,c,354
353,f,354
350,c,354
352,c,354
352,f,354
350,f,354
351,c,354
351,f,354
356,e,355
356,f,355
356,d,355
355,e,355
355,f,355
355,d,355
354,e,355
354,f,355
354,d,355
351,d,355
352,d,355
352,f,355
353,e,355
353,f,355
351,e,355
353,d,355
352,e,355
351,f,355
352,d,356
356,d,356
356,f,356
355,f,356
355,d,356
352,f,356
357,d,356
354,f,356
354,d,356
353,d,356
353,f,356
357,f,356
357,d,357
357,f,357
356,f,357
356,d,357
353,d,357
358,d,357
353,f,357
355,f,357
355,d,357
358,f,357
354,f,357
354,d,357
356,f,358
359,f,358
354,f,358
357,f,358
358,f,358
355,f,358
359,a,359
358,a,359
360,a,359
357,a,359
356,a,359
355,a,359
361,b,360
357,d,360
357,b,360
361,d,360
356,d,360
358,b,360
358,d,360
359,d,360
359,b,360
356,b,360
360,b,360
360,d,360
362,d,361
362,a,361
360,c,361
360,d,361
362,c,361
360,f,361
361,f,361
361,c,361
361,d,361
361,a,361
360,a,361
362,f,361
357,d,361
359,f,361
357,c,361
357,f,361
357,a,361
359,c,361
359,d,361
359,a,361
358,a,361
358,d,361
358,f,361
358,c,361
361,a,362
361,b,362
361,d,362
363,e,362
362,d,362
363,d,362
363,b,362
363,a,362
362,e,362
361,e,362
362,a,362
362,b,362
362,f,362
363,f,362
361,f,362
359,e,362
358,e,362
359,a,362
359,f,362
360,a,362
360,b,362
360,d,362
360,f,362
358,f,362
358,d,362
358,b,362
358,a,362
359,b,362
359,d,362
360,e,362
362,b,363
362,d,363
359,b,363
362,f,363
364,f,363
364,c,363
364,d,363
363,b,363
363,d,363
362,c,363
364,b,363
363,f,363
359,d,363
360,f,363
360,c,363
360,d,363
360,b,363
363,c,363
361,b,363
361,d,363
361,c,363
359,f,363
359,c,363
361,f,363
365,c,364
365,d,364
360,c,364
363,e,364
363,f,364
363,c,364
364,f,364
364,c,364
364,d,364
363,d,364
365,f,364
365,e,364
360,f,364
364,e,364
360,e,364
360,d,364
361,d,364
361,c,364
362,e,364
362,f,364
362,c,364
362,d,364
361,e,364
361,f,364
361,f,365
366,f,365
366,e,365
364,e,365
365,e,365
365,f,365
361,e,365
363,e,365
363,f,365
362,f,365
362,e,365
364,f,365
366,f,366
362,f,366
367,f,366
365,f,366
364,f,366
363,f,366
365,c,368
368,c,368
364,c,368
366,c,368
367,c,368
369,c,368
368,f,369
368,e,369
369,e,369
369,f,369
370,c,369
370,f,369
370,e,369
369,c,369
367,e,369
368,c,369
367,c,369
366,e,369
366,f,369
365,c,369
365,f,369
365,e,369
366,c,369
367,f,369
369,b,370
369,d,370
369,e,370
371,d,370
371,b,370
370,b,370
370,d,370
369,f,370
371,f,370
366,b,370
370,e,370
368,e,370
368,f,370
368,d,370
368,b,370
366,d,370
366,f,370
366,e,370
370,f,370
371,e,370
367,b,370
367,d,370
367,f,370
367,e,370
371,c,371
372,f,371
370,f,371
372,c,371
371,f,371
370,c,371
369,f,371
369,c,371
368,f,371
368,c,371
367,f,371
367,c,371
369,e,372
370,e,372
368,e,372
371,e,372
373,e,372
372,e,372
374,f,373
373,f,373
369,f,373
371,f,373
370,f,373
372,f,373
372,f,376
375,f,376
373,f,376
374,f,376
377,f,376
376,f,376
378,e,377
377,e,377
376,e,377
375,e,377
374,e,377
373,e,377
376,f,378
374,f,378
377,f,378
378,f,378
379,f,378
375,f,378
382,d,382
381,d,382
380,d,382
383,d,382
379,d,382
378,d,382
379,d,383
383,f,383
384,d,383
382,f,383
382,d,383
383,d,383
384,f,383
381,f,383
381,d,383
380,f,383
379,f,383
380,d,383
384,f,384
385,f,384
383,f,384
381,f,384
382,f,384
380,f,384
386,b,385
384,b,385
381,b,385
385,b,385
383,b,385
382,b,385
385,c,386
385,d,386
387,f,386
386,f,386
387,d,386
387,c,386
386,c,386
385,f,386
382,f,386
382,c,386
384,c,386
382,d,386
383,d,386
384,d,386
386,d,386
384,f,386
383,f,386
383,c,386
386,b,387
386,c,387
386,f,387
386,e,387
388,e,387
388,c,387
388,b,387
387,b,387
387,c,387
387,f,387
388,f,387
387,e,387
383,b,387
384,e,387
384,b,387
384,c,387
385,b,387
385,c,387
383,e,387
385,e,387
383,f,387
383,c,387
385,f,387
384,f,387
388,e,388
389,c,388
389,f,388
387,e,388
387,f,388
387,c,388
388,c,388
388,f,388
384,c,388
384,f,388
384,e,388
389,e,388
386,e,388
386,f,388
386,c,388
385,c,388
385,f,388
385,e,388
389,f,389
389,e,389
388,e,389
388,f,389
390,f,389
390,e,389
387,e,389
385,e,389
386,f,389
386,e,389
385,f,389
387,f,389
390,f,390
389,f,390
386,f,390
391,f,390
388,f,390
387,f,390
391,c,391
391,f,391
390,f,391
390,c,391
392,f,391
387,c,391
392,c,391
389,f,391
389,c,391
387,f,391
388,f,391
388,c,391
389,e,392
390,e,392
393,e,392
392,e,392
388,e,392
391,e,392
392,e,393
393,e,393
394,e,393
391,e,393
389,e,393
390,e,393
391,f,394
395,e,394
394,e,394
394,f,394
394,b,394
391,b,394
393,e,394
395,f,394
393,b,394
393,f,394
395,b,394
391,e,394
392,e,394
392,f,394
392,b,394
390,b,394
390,f,394
390,e,394
395,c,395
395,f,395
394,f,395
394,c,395
391,c,395
396,c,395
392,f,395
396,f,395
393,f,395
393,c,395
392,c,395
391,f,395
396,e,396
397,e,396
395,e,396
392,e,396
394,e,396
393,e,396
393,f,397
398,b,397
398,f,397
396,f,397
396,b,397
393,b,397
397,b,397
397,f,397
395,f,397
395,b,397
394,b,397
394,f,397
398,f,398
399,c,398
399,f,398
397,f,398
394,f,398
398,c,398
394,c,398
397,c,398
395,c,398
395,f,398
396,f,398
396,c,398
396,e,399
399,e,399
398,e,399
400,e,399
397,e,399
395,e,399
396,f,400
401,f,400
397,f,400
400,f,400
399,f,400
398,f,400
401,e,401
402,a,401
401,a,401
402,e,401
400,e,401
400,a,401
398,e,401
399,e,401
399,a,401
397,a,401
397,e,401
398,a,401
399,d,402
403,f,402
403,d,402
403,b,402
402,f,402
402,d,402
402,b,402
401,f,402
401,d,402
401,b,402
399,b,402
400,f,402
398,b,402
398,f,402
398,d,402
400,d,402
399,f,402
400,b,402
399,f,403
403,c,403
403,f,403
402,f,403
402,c,403
404,c,403
401,f,403
401,c,403
400,c,403
400,f,403
404,f,403
399,c,403
404,e,404
403,e,404
400,e,404
402,e,404
405,e,404
401,e,404
405,b,405
405,f,405
402,f,405
402,b,405
403,b,405
403,f,405
406,f,405
406,b,405
401,f,405
401,b,405
404,b,405
404,f,405
405,c,406
406,f,406
406,c,406
407,c,406
405,f,406
407,f,406
404,f,406
404,c,406
402,c,406
403,f,406
403,c,406
402,f,406
404,e,407
408,e,407
407,e,407
406,e,407
405,e,407
403,e,407
406,f,408
404,f,408
409,f,408
405,f,408
407,f,408
408,f,408
410,e,409
408,e,409
409,e,409
407,e,409
405,e,409
406,e,409
407,f,410
408,f,410
409,f,410
406,f,410
410,f,410
411,f,410
415,e,414
415,f,414
414,e,414
414,f,414
413,e,414
413,f,414
412,f,414
411,e,414
411,f,414
410,f,414
412,e,414
410,e,414
412,f,415
411,f,415
413,f,415
414,f,415
415,f,415
416,f,415
419,b,420
421,b,420
420,b,420
418,b,420
417,b,420
416,b,420
417,f,421
417,c,421
422,f,421
422,d,421
421,f,421
421,c,421
421,d,421
420,f,421
420,c,421
420,d,421
422,c,421
418,d,421
419,f,421
419,c,421
419,d,421
418,c,421
417,d,421
418,f,421
421,e,422
419,e,422
423,e,422
421,f,422
418,f,422
418,e,422
423,f,422
420,e,422
420,f,422
419,f,422
422,f,422
422,e,422
424,f,423
422,f,423
419,f,423
421,f,423
420,f,423
423,f,423
425,a,425
423,a,425
424,a,425
426,a,425
422,a,425
421,a,425
423,b,426
426,d,426
425,d,426
425,b,426
427,b,426
422,b,426
427,d,426
424,d,426
424,b,426
426,b,426
423,d,426
422,d,426
427,f,427
428,c,427
426,f,427
428,f,427
426,c,427
427,c,427
425,f,427
425,c,427
424,f,427
424,c,427
423,f,427
423,c,427
429,e,428
425,e,428
426,e,428
424,e,428
427,e,428
428,e,428
425,f,429
429,f,429
428,f,429
428,b,429
430,b,429
425,b,429
427,f,429
429,b,429
426,f,429
426,b,429
430,f,429
427,b,429
430,c,430
429,f,430
429,c,430
430,f,430
431,c,430
428,f,430
426,c,430
428,c,430
431,f,430
426,f,430
427,c,430
427,f,430
427,c,431
431,e,431
430,e,431
430,c,431
431,c,431
432,e,431
429,e,431
429,c,431
427,e,431
428,c,431
428,e,431
432,c,431
433,e,432
432,f,432
431,e,432
431,f,432
432,e,432
433,f,432
430,e,432
430,f,432
428,f,432
429,e,432
429,f,432
428,e,432
434,f,433
430,f,433
433,f,433
429,f,433
431,f,433
432,f,433
432,c,435
431,c,435
434,c,435
433,c,435
435,c,435
436,c,435
434,e,436
435,e,436
436,e,436
433,e,436
432,e,436
437,e,436
436,f,437
436,d,437
436,c,437
436,a,437
438,d,437
437,d,437
437,c,437
437,f,437
437,e,437
438,a,437
438,c,437
438,f,437
438,e,437
437,a,437
435,e,437
436,e,437
434,a,437
434,f,437
434,e,437
435,f,437
433,e,437
433,f,437
433,c,437
434,c,437
433,a,437
433,d,437
435,a,437
435,d,437
435,c,437
434,d,437
438,b,438
438,f,438
438,e,438
439,b,438
437,e,438
437,f,438
437,d,438
437,b,438
439,d,438
439,f,438
438,d,438
435,b,438
434,b,438
435,d,438
435,f,438
435,e,438
434,e,438
434,f,438
439,e,438
436,b,438
436,d,438
434,d,438
436,e,438
436,f,438
440,c,439
437,f,439
437,c,439
435,f,439
435,c,439
438,c,439
438,f,439
439,f,439
436,c,439
436,f,439
440,f,439
439,c,439
440,e,440
439,e,440
437,e,440
438,e,440
436,e,440
441,e,440
439,f,441
437,f,441
441,f,441
440,f,441
442,f,441
438,f,441
443,d,443
442,d,443
441,d,443
444,d,443
440,d,443
439,d,443
440,f,444
444,c,444
445,c,444
445,f,444
443,e,444
443,f,444
443,c,444
445,e,444
444,f,444
444,e,444
442,e,444
442,f,444
442,c,444
440,c,444
440,e,444
441,e,444
441,f,444
441,c,444
446,e,445
444,e,445
444,f,445
446,f,445
445,e,445
445,f,445
443,e,445
443,f,445
442,e,445
442,f,445
441,e,445
441,f,445
443,f,446
444,f,446
442,f,446
445,f,446
446,f,446
447,f,446
451,e,450
450,e,450
448,e,450
449,e,450
446,e,450
447,e,450
448,f,451
451,f,451
447,f,451
450,f,451
452,f,451
449,f,451
449,b,452
453,b,452
452,b,452
448,b,452
451,b,452
450,b,452
453,f,453
454,c,453
453,c,453
453,a,453
454,f,453
452,c,453
452,a,453
454,a,453
452,f,453
450,c,453
450,a,453
451,f,453
449,f,453
451,c,453
451,a,453
450,f,453
449,a,453
449,c,453
453,b,454
453,d,454
451,b,454
454,d,454
454,e,454
455,b,454
455,e,454
453,e,454
454,b,454
455,d,454
452,e,454
452,d,454
451,d,454
451,e,454
452,b,454
450,b,454
450,d,454
450,e,454
452,f,455
456,f,455
455,f,455
455,c,455
451,c,455
454,f,455
454,c,455
456,c,455
451,f,455
452,c,455
453,c,455
453,f,455
456,e,456
457,e,456
455,e,456
452,e,456
454,e,456
453,e,456
453,d,457
453,f,457
458,f,457
455,f,457
457,f,457
457,d,457
454,f,457
458,d,457
454,d,457
456,d,457
456,f,457
455,d,457
457,f,458
459,f,458
456,f,458
455,f,458
454,f,458
458,f,458
458,b,459
460,b,459
458,c,459
459,c,459
460,c,459
459,b,459
457,c,459
457,b,459
456,c,459
456,b,459
455,c,459
455,b,459
460,f,460
460,c,460
459,e,460
461,c,460
461,f,460
459,f,460
459,c,460
460,e,460
461,e,460
457,f,460
456,f,460
456,e,460
458,e,460
458,f,460
458,c,460
457,c,460
457,e,460
456,c,460
457,f,461
461,f,461
461,e,461
462,b,461
460,e,461
460,f,461
460,b,461
458,e,461
461,b,461
462,f,461
462,e,461
459,e,461
459,f,461
459,b,461
457,e,461
458,b,461
458,f,461
457,b,461
462,c,462
462,f,462
461,f,462
461,c,462
463,f,462
458,c,462
463,c,462
458,f,462
460,f,462
460,c,462
459,c,462
459,f,462
460,e,463
464,d,463
464,e,463
462,e,463
462,d,463
459,d,463
459,e,463
461,e,463
461,d,463
460,d,463
463,d,463
463,e,463
464,f,464
465,f,464
463,f,464
460,f,464
462,f,464
461,f,464
463,f,465
466,f,465
461,f,465
464,f,465
465,f,465
462,f,465
469,f,469
470,f,469
468,f,469
466,f,469
467,f,469
465,f,469
467,c,471
471,c,471
470,c,471
472,c,471
469,c,471
468,c,471
469,c,472
469,e,472
473,e,472
473,c,472
472,c,472
468,e,472
470,c,472
470,e,472
472,e,472
468,c,472
471,c,472
471,e,472
472,e,473
472,f,473
474,f,473
473,e,473
471,e,473
471,f,473
470,e,473
470,f,473
473,f,473
469,e,473
469,f,473
474,e,473
473,f,474
474,f,474
475,f,474
472,f,474
471,f,474
470,f,474
473,b,476
472,b,476
474,b,476
477,b,476
475,b,476
476,b,476
478,f,477
477,f,477
477,c,477
476,f,477
476,c,477
478,c,477
473,c,477
475,f,477
475,c,477
473,f,477
474,c,477
474,f,477
475,c,478
479,c,478
478,e,478
478,c,478
477,e,478
477,c,478
479,e,478
474,e,478
476,e,478
475,e,478
476,c,478
474,c,478
479,f,479
475,f,479
475,e,479
480,e,479
478,e,479
478,f,479
480,f,479
477,e,479
477,f,479
476,f,479
476,e,479
479,e,479
481,f,480
476,f,480
480,f,480
478,f,480
477,f,480
479,f,480
485,c,486
485,b,486
487,b,486
487,c,486
484,b,486
484,c,486
483,c,486
483,b,486
482,c,486
482,b,486
486,c,486
486,b,486
487,e,487
488,f,487
487,f,487
487,c,487
486,e,487
488,e,487
486,f,487
486,c,487
488,c,487
484,e,487
484,c,487
483,e,487
485,e,487
485,f,487
485,c,487
484,f,487
483,c,487
483,f,487
485,e,488
487,c,488
487,f,488
489,c,488
488,c,488
488,f,488
488,e,488
489,e,488
485,f,488
484,c,488
487,e,488
486,c,488
485,c,488
484,e,488
484,f,488
486,f,488
486,e,488
489,f,488
487,b,489
485,b,489
489,b,489
489,f,489
489,e,489
488,e,489
488,f,489
488,b,489
485,f,489
486,b,489
485,e,489
486,e,489
486,f,489
490,b,489
490,f,489
490,e,489
487,e,489
487,f,489
491,f,490
489,e,490
489,f,490
489,c,490
490,c,490
490,e,490
491,e,490
491,c,490
490,f,490
486,c,490
486,f,490
486,e,490
487,c,490
487,f,490
487,e,490
488,e,490
488,f,490
488,c,490
491,f,491
492,f,491
488,e,491
488,f,491
492,e,491
490,e,491
490,f,491
489,f,491
491,e,491
487,f,491
487,e,491
489,e,491
492,f,492
493,f,492
493,e,492
492,e,492
491,e,492
488,f,492
490,e,492
490,f,492
488,e,492
489,e,492
489,f,492
491,f,492
497,d,497
493,d,497
494,d,497
496,d,497
495,d,497
498,d,497
497,f,498
497,b,498
498,f,498
499,b,498
498,b,498
499,f,498
494,b,498
496,f,498
496,b,498
494,f,498
495,b,498
495,f,498
496,f,499
499,f,499
499,c,499
500,f,499
498,f,499
496,c,499
498,c,499
497,f,499
497,c,499
495,f,499
495,c,499
500,c,499
497,e,500
498,e,500
501,e,500
496,e,500
499,e,500
500,e,500
502,f,501
501,f,501
500,f,501
498,f,501
497,f,501
499,f,501
499,c,502
500,c,502
501,c,502
502,c,502
498,c,502
503,c,502
499,e,503
502,f,503
502,e,503
499,f,503
503,e,503
504,a,503
504,f,503
504,e,503
503,a,503
503,f,503
502,a,503
499,a,503
500,a,503
501,e,503
501,f,503
501,a,503
500,f,503
500,e,503
501,f,504
504,b,504
505,b,504
505,d,504
503,f,504
503,d,504
503,b,504
500,b,504
500,d,504
500,f,504
505,f,504
502,f,504
502,d,504
502,b,504
504,d,504
501,b,504
501,d,504
504,f,504
505,c,505
505,f,505
504,f,505
504,c,505
506,c,505
506,f,505
503,c,505
501,c,505
501,f,505
503,f,505
502,c,505
502,f,505
503,e,506
506,e,506
505,e,506
504,e,506
502,e,506
507,e,506
507,f,507
505,f,507
508,f,507
503,f,507
504,f,507
506,f,507
509,f,508
508,f,508
507,f,508
506,f,508
505,f,508
504,f,508
507,f,509
505,f,509
508,f,509
509,f,509
510,f,509
506,f,509
511,e,513
514,e,513
514,c,513
513,c,513
512,e,513
512,c,513
511,c,513
513,e,513
509,c,513
510,e,513
509,e,513
510,c,513
510,f,514
514,e,514
514,f,514
514,d,514
515,f,514
515,e,514
513,e,514
513,f,514
515,d,514
513,d,514
510,e,514
512,e,514
512,f,514
511,d,514
511,f,514
511,e,514
510,d,514
512,d,514
514,f,515
511,f,515
515,f,515
516,f,515
513,f,515
512,f,515
515,a,516
515,e,516
516,a,516
516,e,516
517,a,516
514,a,516
517,e,516
512,a,516
513,e,516
512,e,516
513,a,516
514,e,516
514,d,517
517,b,517
517,d,517
517,f,517
516,f,517
516,d,517
516,b,517
518,b,517
518,d,517
518,f,517
515,f,517
515,d,517
515,b,517
513,b,517
513,d,517
513,f,517
514,f,517
514,b,517
518,c,518
517,f,518
518,f,518
517,c,518
517,b,518
519,b,518
519,c,518
518,b,518
519,f,518
515,f,518
514,b,518
514,f,518
515,b,518
515,c,518
516,b,518
514,c,518
516,f,518
516,c,518
515,e,519
520,e,519
516,e,519
518,e,519
518,f,519
518,c,519
516,f,519
516,c,519
519,e,519
515,f,519
520,f,519
519,c,519
519,f,519
517,e,519
517,f,519
517,c,519
515,c,519
520,c,519
516,f,520
520,e,520
521,f,520
521,e,520
520,f,520
519,e,520
516,e,520
518,e,520
518,f,520
517,e,520
517,f,520
519,f,520
519,f,521
518,f,521
517,f,521
520,f,521
521,f,521
522,f,521
525,f,524
524,f,524
523,f,524
521,f,524
520,f,524
522,f,524
530,f,531
532,e,531
531,e,531
531,f,531
530,e,531
529,e,531
532,f,531
527,f,531
528,e,531
527,e,531
529,f,531
528,f,531
529,f,532
532,f,532
533,f,532
531,f,532
530,f,532
528,f,532
530,b,533
531,b,533
534,b,533
533,b,533
529,b,533
532,b,533
534,c,534
533,f,534
533,c,534
534,f,534
535,f,534
535,c,534
532,f,534
532,c,534
530,c,534
530,f,534
531,c,534
531,f,534
532,e,535
535,a,535
535,e,535
534,e,535
534,a,535
532,a,535
536,a,535
533,e,535
533,a,535
531,a,535
531,e,535
536,e,535
536,b,536
535,f,536
535,d,536
536,d,536
535,b,536
537,f,536
536,f,536
537,b,536
537,d,536
534,d,536
532,b,536
532,d,536
534,f,536
534,b,536
532,f,536
533,b,536
533,d,536
533,f,536
536,d,537
537,f,537
536,f,537
536,c,537
538,d,537
537,c,537
533,d,537
538,f,537
535,f,537
535,c,537
535,d,537
533,c,537
533,f,537
534,d,537
534,c,537
534,f,537
538,c,537
537,d,537
538,f,538
537,e,538
537,f,538
534,e,538
539,e,538
536,e,538
536,f,538
534,f,538
535,e,538
535,f,538
538,e,538
539,f,538
540,f,539
539,f,539
537,f,539
536,f,539
535,f,539
538,f,539
543,e,544
543,c,544
545,c,544
545,e,544
542,e,544
544,e,544
542,c,544
541,e,544
541,c,544
540,e,544
540,c,544
544,c,544
546,e,545
545,e,545
544,e,545
544,f,545
546,f,545
545,f,545
541,e,545
543,e,545
543,f,545
542,f,545
542,e,545
541,f,545
543,f,546
546,f,546
545,f,546
545,a,546
547,a,546
542,a,546
546,a,546
544,f,546
544,a,546
542,f,546
543,a,546
547,f,546
547,d,547
548,b,547
546,d,547
546,b,547
548,d,547
547,b,547
543,b,547
545,d,547
545,b,547
543,d,547
544,b,547
544,d,547
545,f,548
549,c,548
548,f,548
548,c,548
547,f,548
547,c,548
544,f,548
549,f,548
546,f,548
546,c,548
545,c,548
544,c,548
545,e,549
547,e,549
550,e,549
546,e,549
548,e,549
549,e,549
550,f,550
551,f,550
549,f,550
548,f,550
547,f,550
546,f,550
549,d,552
548,d,552
553,d,552
551,d,552
552,d,552
550,d,552
550,f,553
551,f,553
552,f,553
553,f,553
554,f,553
549,f,553
555,b,557
557,a,557
556,b,557
556,a,557
557,b,557
555,a,557
558,a,557
558,b,557
553,a,557
554,b,557
554,a,557
553,b,557
554,f,558
557,c,558
557,d,558
557,b,558
559,b,558
559,d,558
559,c,558
559,f,558
554,c,558
558,f,558
556,f,558
556,c,558
556,d,558
556,b,558
558,c,558
558,d,558
558,b,558
555,f,558
555,c,558
555,d,558
555,b,558
554,b,558
554,d,558
557,f,558
558,a,559
558,c,559
558,f,559
559,a,559
559,c,559
559,f,559
559,e,559
560,a,559
560,f,559
560,e,559
558,e,559
560,c,559
555,e,559
555,f,559
555,a,559
555,c,559
556,a,559
556,c,559
556,f,559
557,a,559
556,e,559
557,f,559
557,c,559
557,e,559
560,d,560
560,b,560
557,e,560
557,f,560
561,b,560
561,d,560
561,f,560
561,e,560
559,e,560
559,f,560
559,d,560
557,d,560
559,b,560
560,f,560
558,b,560
558,d,560
558,f,560
558,e,560
557,b,560
560,e,560
556,e,560
556,f,560
556,d,560
556,b,560
562,c,561
560,f,561
560,c,561
561,c,561
561,f,561
562,f,561
557,c,561
557,f,561
558,c,561
558,f,561
559,c,561
559,f,561
562,e,562
561,e,562
558,e,562
563,e,562
560,e,562
559,e,562
559,b,563
563,f,563
562,f,563
562,b,563
560,b,563
560,f,563
561,b,563
564,f,563
561,f,563
563,b,563
559,f,563
564,b,563
563,c,564
564,f,564
564,c,564
563,f,564
560,c,564
565,c,564
562,f,564
562,c,564
565,f,564
560,f,564
561,c,564
561,f,564
565,c,565
565,e,565
564,e,565
564,c,565
566,c,565
566,e,565
563,e,565
563,c,565
561,c,565
561,e,565
562,c,565
562,e,565
565,e,566
566,e,566
565,f,566
567,f,566
567,e,566
566,f,566
562,f,566
564,e,566
564,f,566
563,f,566
563,e,566
562,e,566
567,a,567
568,a,567
566,f,567
566,a,567
568,f,567
567,f,567
565,f,567
565,a,567
563,f,567
564,a,567
564,f,567
563,a,567
568,d,568
569,b,568
569,d,568
564,d,568
567,d,568
567,b,568
568,b,568
564,b,568
565,b,568
565,d,568
566,d,568
566,b,568
570,f,569
569,f,569
569,c,569
568,c,569
565,c,569
565,f,569
568,f,569
567,f,569
567,c,569
566,c,569
566,f,569
570,c,569
567,e,570
566,e,570
568,e,570
571,e,570
569,e,570
570,e,570
571,e,571
571,f,571
570,e,571
570,f,571
572,e,571
572,f,571
569,e,571
569,f,571
568,e,571
568,f,571
567,e,571
567,f,571
568,f,572
570,f,572
571,f,572
569,f,572
572,f,572
573,f,572
577,c,577
576,c,577
575,c,577
578,c,577
573,c,577
574,c,577
574,b,578
578,e,578
577,e,578
577,b,578
579,b,578
574,e,578
579,e,578
576,b,578
578,b,578
575,b,578
576,e,578
575,e,578
579,a,579
579,c,579
578,f,579
578,c,579
578,a,579
579,f,579
580,a,579
580,c,579
577,c,579
576,f,579
580,f,579
575,a,579
577,f,579
577,a,579
575,c,579
575,f,579
576,a,579
576,c,579
580,d,580
580,e,580
581,b,580
579,e,580
579,d,580
579,b,580
577,e,580
581,d,580
581,e,580
578,e,580
578,d,580
578,b,580
576,b,580
576,d,580
576,e,580
577,b,580
577,d,580
580,b,580
581,c,581
580,f,581
580,c,581
581,f,581
582,f,581
582,c,581
577,c,581
579,f,581
577,f,581
578,c,581
578,f,581
579,c,581
581,e,582
582,e,582
583,e,582
580,e,582
579,e,582
578,e,582
584,d,583
584,f,583
583,d,583
582,f,583
582,d,583
583,f,583
579,d,583
580,d,583
581,f,583
579,f,583
581,d,583
580,f,583
585,f,584
584,f,584
581,f,584
583,f,584
580,f,584
582,f,584
584,d,587
587,d,587
586,d,587
585,d,587
583,d,587
588,d,587
587,f,588
587,a,588
587,c,588
589,f,588
588,c,588
589,a,588
589,c,588
588,a,588
586,f,588
588,f,588
584,a,588
584,f,588
586,a,588
585,a,588
585,c,588
585,f,588
586,c,588
584,c,588
589,b,589
589,d,589
589,e,589
588,e,589
588,d,589
588,b,589
590,b,589
586,b,589
587,e,589
587,d,589
587,b,589
585,b,589
585,d,589
585,e,589
586,e,589
586,d,589
590,e,589
590,d,589
590,f,590
589,f,590
589,c,590
591,c,590
591,f,590
590,c,590
588,f,590
588,c,590
586,c,590
586,f,590
587,f,590
587,c,590
588,e,591
592,e,591
592,f,591
591,e,591
591,f,591
590,f,591
590,e,591
587,e,591
589,e,591
589,f,591
588,f,591
587,f,591
592,f,592
590,f,592
589,f,592
591,f,592
593,f,592
588,f,592
594,c,594
595,c,594
593,c,594
592,c,594
591,c,594
590,c,594
596,e,595
591,e,595
593,e,595
595,e,595
594,e,595
592,e,595
596,f,596
595,f,596
595,a,596
596,a,596
597,a,596
597,f,596
592,a,596
594,a,596
593,f,596
593,a,596
592,f,596
594,f,596
596,d,597
597,d,597
598,b,597
598,d,597
596,b,597
597,b,597
595,b,597
593,b,597
595,d,597
593,d,597
594,b,597
594,d,597
599,c,598
598,c,598
599,f,598
597,f,598
597,c,598
594,c,598
598,f,598
596,f,598
596,c,598
594,f,598
595,c,598
595,f,598
598,d,599
598,e,599
599,e,599
599,d,599
595,e,599
600,d,599
595,d,599
597,e,599
596,e,599
596,d,599
600,e,599
597,d,599
600,a,600
600,b,600
599,f,600
600,f,600
599,a,600
601,a,600
601,b,600
601,f,600
599,b,600
596,a,600
597,f,600
597,b,600
597,a,600
598,f,600
598,b,600
598,a,600
596,b,600
596,f,600
600,b,601
598,d,601
600,c,601
600,f,601
598,c,601
601,b,601
601,d,601
601,c,601
601,f,601
602,f,601
602,c,601
597,b,601
597,d,601
600,d,601
602,b,601
597,c,601
598,b,601
597,f,601
599,b,601
599,d,601
599,c,601
602,d,601
598,f,601
599,f,601
602,f,602
602,c,602
602,d,602
601,e,602
601,f,602
601,c,602
601,d,602
598,c,602
598,f,602
598,e,602
598,d,602
602,e,602
603,c,602
603,d,602
600,e,602
600,f,602
600,c,602
600,d,602
599,d,602
599,c,602
599,f,602
599,e,602
603,f,602
603,e,602
602,f,603
602,e,603
603,e,603
603,f,603
602,a,603
599,f,603
604,f,603
599,a,603
599,e,603
600,a,603
600,f,603
600,e,603
604,a,603
603,a,603
601,a,603
601,f,603
601,e,603
604,e,603
605,b,604
605,d,604
603,d,604
605,f,604
603,b,604
604,d,604
604,b,604
604,f,604
603,f,604
602,f,604
602,d,604
602,b,604
600,b,604
600,d,604
600,f,604
601,b,604
601,f,604
601,d,604
602,f,605
605,f,605
605,c,605
604,f,605
606,f,605
604,c,605
601,f,605
602,c,605
603,c,605
603,f,605
601,c,605
606,c,605
603,e,606
604,e,606
602,e,606
605,e,606
607,e,606
606,e,606
606,c,607
606,a,607
607,c,607
608,c,607
608,a,607
607,a,607
605,c,607
605,a,607
603,a,607
603,c,607
604,a,607
604,c,607
605,d,608
609,e,608
609,d,608
609,b,608
608,e,608
605,b,608
608,b,608
607,e,608
607,d,608
607,b,608
608,d,608
605,e,608
606,e,608
606,d,608
604,e,608
604,d,608
604,b,608
606,b,608
608,f,609
609,a,609
609,c,609
609,f,609
610,f,609
608,c,609
608,a,609
605,f,609
605,c,609
605,a,609
607,f,609
607,c,609
607,a,609
606,a,609
606,c,609
610,a,609
606,f,609
610,c,609
609,e,610
610,e,610
610,d,610
609,b,610
609,d,610
606,d,610
606,b,610
608,e,610
608,d,610
608,b,610
611,b,610
611,d,610
607,e,610
607,d,610
607,b,610
611,e,610
606,e,610
610,b,610
611,f,611
610,f,611
610,c,611
612,c,611
608,f,611
609,f,611
609,c,611
608,c,611
607,f,611
607,c,611
612,f,611
611,c,611
612,e,612
613,e,612
611,e,612
610,e,612
609,e,612
608,e,612
611,f,613
610,f,613
609,f,613
612,f,613
613,f,613
614,f,613
616,c,615
616,f,615
615,f,615
614,f,615
614,c,615
615,c,615
613,c,615
612,f,615
613,f,615
612,c,615
611,f,615
611,c,615
613,e,616
612,e,616
614,e,616
617,e,616
615,e,616
616,e,616
617,f,617
616,f,617
615,f,617
614,f,617
613,f,617
618,f,617
620,c,620
619,c,620
618,c,620
616,c,620
617,c,620
621,c,620
618,e,621
619,e,621
622,e,621
621,e,621
620,e,621
617,e,621
622,f,622
621,f,622
619,f,622
618,f,622
620,f,622
623,f,622
626,d,625
625,d,625
624,d,625
623,d,625
622,d,625
621,d,625
623,f,626
622,f,626
626,f,626
627,f,626
625,f,626
624,f,626
626,b,630
629,b,630
627,b,630
628,b,630
631,b,630
630,b,630
630,f,631
630,c,631
631,f,631
632,c,631
628,c,631
629,c,631
632,f,631
628,f,631
627,f,631
627,c,631
629,f,631
631,c,631
631,e,632
632,e,632
633,e,632
630,e,632
629,e,632
628,e,632
631,f,633
634,f,633
633,f,633
632,f,633
630,f,633
629,f,633
635,c,635
636,c,635
633,c,635
634,c,635
632,c,635
631,c,635
637,a,636
636,b,636
636,a,636
637,b,636
635,e,636
635,b,636
637,e,636
634,e,636
636,e,636
634,b,636
635,a,636
634,a,636
633,a,636
632,e,636
632,b,636
632,a,636
633,b,636
633,e,636
637,f,637
637,c,637
637,d,637
638,b,637
638,d,637
638,c,637
636,e,637
636,f,637
636,c,637
636,d,637
636,b,637
638,f,637
638,e,637
637,e,637
637,b,637
633,e,637
633,c,637
633,d,637
635,b,637
635,d,637
635,c,637
635,f,637
635,e,637
633,b,637
634,f,637
634,e,637
634,b,637
633,f,637
634,c,637
634,d,637
634,e,638
638,e,638
639,a,638
639,c,638
637,f,638
637,c,638
637,a,638
634,a,638
634,c,638
634,f,638
638,a,638
637,e,638
638,c,638
635,e,638
635,f,638
635,c,638
635,a,638
636,a,638
639,f,638
636,c,638
636,f,638
638,f,638
639,e,638
636,e,638
640,b,639
638,e,639
639,e,639
638,d,639
638,b,639
639,f,639
639,d,639
639,b,639
640,d,639
640,f,639
640,e,639
638,f,639
635,b,639
635,d,639
635,f,639
635,e,639
636,b,639
636,d,639
636,f,639
636,e,639
637,b,639
637,f,639
637,d,639
637,e,639
637,f,640
641,c,640
636,f,640
636,c,640
638,f,640
638,c,640
639,c,640
639,f,640
641,f,640
640,f,640
637,c,640
640,c,640
640,e,641
641,e,641
642,e,641
639,e,641
638,e,641
637,e,641
643,f,642
642,f,642
638,f,642
639,f,642
641,f,642
640,f,642
646,b,646
642,b,646
643,b,646
644,b,646
647,b,646
645,b,646
648,f,647
648,c,647
647,f,647
647,c,647
646,f,647
646,c,647
645,f,647
643,c,647
645,c,647
643,f,647
644,c,647
644,f,647
648,c,648
648,e,648
647,e,648
647,c,648
645,e,648
646,e,648
646,c,648
644,c,648
644,e,648
645,c,648
649,e,648
649,c,648
650,f,649
648,e,649
648,f,649
649,f,649
649,e,649
650,e,649
645,f,649
645,e,649
646,f,649
647,e,649
647,f,649
646,e,649
649,c,650
649,b,650
646,b,650
651,b,650
647,f,650
651,f,650
651,c,650
648,f,650
648,c,650
648,b,650
646,c,650
646,f,650
647,b,650
647,c,650
650,c,650
650,b,650
649,f,650
650,f,650
650,c,651
652,e,651
651,c,651
651,f,651
652,c,651
652,f,651
650,e,651
651,e,651
650,f,651
648,e,651
647,c,651
649,e,651
649,f,651
649,c,651
647,f,651
647,e,651
648,f,651
648,c,651
653,f,652
651,e,652
651,f,652
653,e,652
649,e,652
648,f,652
648,e,652
650,e,652
650,f,652
649,f,652
652,f,652
652,e,652
653,f,653
651,f,653
649,f,653
650,f,653
652,f,653
654,f,653
656,a,656
655,d,656
656,d,656
655,a,656
654,d,656
654,a,656
657,a,656
653,d,656
653,a,656
652,d,656
657,d,656
652,a,656
653,b,657
657,b,657
657,d,657
657,f,657
656,f,657
656,d,657
656,b,657
658,b,657
658,d,657
658,f,657
655,f,657
655,d,657
655,b,657
654,f,657
654,d,657
654,b,657
653,f,657
653,d,657
658,c,658
658,f,658
659,c,658
659,f,658
657,f,658
657,c,658
654,c,658
656,f,658
656,c,658
655,c,658
655,f,658
654,f,658
660,f,659
659,f,659
659,e,659
660,b,659
660,e,659
658,e,659
658,f,659
658,b,659
655,b,659
655,f,659
655,e,659
657,e,659
657,f,659
657,b,659
656,b,659
656,f,659
656,e,659
659,b,659
660,f,660
660,e,660
661,c,660
661,f,660
659,e,660
659,f,660
659,c,660
661,e,660
660,c,660
656,f,660
658,c,660
657,c,660
657,f,660
658,e,660
656,e,660
657,e,660
658,f,660
656,c,660
661,e,661
660,f,661
657,f,661
657,e,661
660,e,661
662,f,661
659,e,661
659,f,661
658,f,661
658,e,661
662,e,661
661,f,661
663,f,662
661,e,662
661,f,662
663,e,662
658,e,662
660,e,662
660,f,662
662,f,662
659,e,662
659,f,662
658,f,662
662,e,662
664,d,664
663,d,664
661,d,664
665,d,664
660,d,664
662,d,664
665,f,665
664,f,665
664,b,665
665,b,665
666,b,665
666,f,665
662,b,665
663,b,665
661,b,665
661,f,665
662,f,665
663,f,665
665,f,666
665,c,666
666,f,666
667,c,666
666,c,666
667,f,666
663,c,666
662,f,666
664,f,666
664,c,666
663,f,666
662,c,666
664,e,667
666,a,667
666,c,667
666,e,667
667,a,667
667,e,667
668,c,667
668,e,667
664,c,667
667,c,667
663,a,667
668,a,667
665,e,667
665,c,667
665,a,667
664,a,667
663,e,667
663,c,667
667,f,668
664,d,668
664,f,668
668,f,668
668,e,668
667,e,668
669,b,668
667,d,668
667,b,668
664,e,668
669,d,668
664,b,668
669,f,668
669,e,668
666,e,668
666,f,668
666,d,668
666,b,668
665,b,668
665,d,668
665,f,668
665,e,668
668,b,668
668,d,668
665,c,669
668,f,669
668,c,669
665,f,669
670,f,669
667,f,669
667,c,669
669,c,669
666,f,669
666,c,669
670,c,669
669,f,669
670,e,670
669,e,670
671,e,670
668,e,670
666,e,670
667,e,670
669,f,671
667,f,671
670,f,671
668,f,671
671,f,671
672,f,671
676,d,676
674,d,676
672,d,676
673,d,676
675,d,676
677,d,676
676,c,677
678,c,677
676,f,677
678,f,677
674,f,677
675,c,677
674,c,677
673,f,677
673,c,677
677,c,677
675,f,677
677,f,677
678,e,678
679,e,678
677,e,678
674,e,678
676,e,678
675,e,678
677,f,679
675,f,679
678,f,679
676,f,679
679,f,679
680,f,679
682,c,681
681,f,681
681,c,681
680,f,681
680,c,681
679,f,681
679,c,681
678,f,681
678,c,681
677,f,681
677,c,681
682,f,681
679,e,682
678,e,682
680,e,682
683,e,682
681,e,682
682,e,682
683,f,683
682,f,683
684,f,683
680,f,683
679,f,683
681,f,683
688,d,687
686,d,687
685,d,687
687,d,687
683,d,687
684,d,687
685,f,688
688,f,688
684,f,688
687,f,688
689,f,688
686,f,688
690,c,689
689,c,689
689,b,689
686,b,689
687,b,689
687,c,689
686,c,689
690,b,689
685,c,689
685,b,689
688,b,689
688,c,689
689,c,690
689,f,690
689,e,690
691,e,690
690,f,690
691,c,690
691,f,690
690,c,690
690,e,690
686,c,690
687,e,690
688,e,690
688,f,690
688,c,690
686,f,690
686,e,690
687,c,690
687,f,690
692,f,691
692,e,691
690,e,691
690,f,691
688,e,691
687,f,691
687,e,691
689,e,691
689,f,691
688,f,691
691,f,691
691,e,691
693,f,692
692,f,692
688,f,692
690,f,692
689,f,692
691,f,692
697,a,697
695,a,697
696,a,697
694,a,697
693,a,697
698,a,697
694,d,698
698,d,698
699,b,698
697,d,698
697,b,698
699,d,698
694,b,698
698,b,698
696,d,698
696,b,698
695,d,698
695,b,698
700,c,699
700,f,699
698,f,699
698,c,699
699,f,699
699,c,699
696,f,699
695,f,699
697,f,699
695,c,699
697,c,699
696,c,699
701,e,700
700,e,700
699,e,700
697,e,700
696,e,700
698,e,700
701,f,701
700,f,701
698,f,701
702,f,701
699,f,701
697,f,701
698,a,702
701,a,702
703,a,702
702,a,702
699,a,702
700,a,702
703,d,703
704,b,703
703,b,703
704,d,703
702,d,703
702,b,703
700,d,703
701,b,703
700,b,703
699,d,703
699,b,703
701,d,703
703,b,704
703,d,704
703,c,704
703,f,704
701,b,704
704,b,704
704,d,704
704,c,704
704,f,704
705,f,704
705,b,704
705,d,704
700,b,704
705,c,704
700,f,704
701,d,704
701,c,704
701,f,704
702,f,704
702,c,704
702,d,704
702,b,704
700,d,704
700,c,704
701,b,705
704,b,705
704,c,705
704,f,705
704,e,705
702,e,705
705,e,705
705,f,705
701,c,705
705,c,705
705,b,705
706,b,705
701,f,705
701,e,705
702,f,705
702,c,705
702,b,705
703,c,705
703,f,705
703,e,705
703,b,705
706,e,705
706,f,705
706,c,705
706,f,706
705,e,706
707,e,706
705,c,706
706,c,706
707,c,706
707,f,706
706,e,706
705,f,706
702,f,706
702,c,706
703,e,706
703,f,706
703,c,706
704,c,706
704,f,706
702,e,706
704,e,706
706,e,707
708,a,707
706,a,707
707,e,707
707,f,707
707,a,707
703,a,707
703,f,707
706,f,707
703,e,707
708,e,707
705,e,707
705,f,707
705,a,707
704,a,707
704,f,707
704,e,707
708,f,707
708,b,708
708,d,708
708,f,708
707,f,708
707,d,708
707,b,708
709,f,708
704,d,708
709,b,708
706,b,708
704,f,708
705,b,708
706,f,708
706,d,708
705,d,708
705,f,708
704,b,708
709,d,708
708,c,709
705,c,709
705,f,709
710,c,709
708,f,709
710,f,709
707,f,709
707,c,709
706,c,709
706,f,709
709,c,709
709,f,709
710,e,710
709,e,710
710,a,710
709,a,710
711,a,710
711,e,710
706,a,710
708,e,710
708,a,710
706,e,710
707,a,710
707,e,710
712,b,711
712,d,711
710,d,711
710,b,711
711,d,711
707,b,711
709,d,711
709,b,711
707,d,711
708,b,711
708,d,711
711,b,711
713,c,712
713,f,712
712,c,712
711,f,712
711,c,712
712,f,712
708,c,712
709,c,712
708,f,712
710,f,712
710,c,712
709,f,712
710,e,713
711,e,713
709,e,713
712,e,713
714,e,713
713,e,713
715,f,714
714,f,714
710,f,714
712,f,714
711,f,714
713,f,714
718,f,720
719,f,720
719,a,720
721,a,720
721,f,720
718,a,720
716,a,720
717,f,720
717,a,720
716,f,720
720,f,720
720,a,720
722,d,721
721,d,721
721,b,721
720,d,721
720,b,721
722,b,721
719,b,721
717,d,721
719,d,721
718,b,721
718,d,721
717,b,721
722,c,722
722,f,722
721,f,722
721,c,722
718,c,722
718,f,722
723,c,722
720,f,722
720,c,722
719,c,722
719,f,722
723,f,722
723,a,723
723,e,723
724,a,723
724,e,723
722,e,723
722,a,723
719,a,723
719,e,723
720,a,723
721,e,723
721,a,723
720,e,723
720,d,724
724,b,724
724,f,724
725,b,724
723,f,724
723,d,724
723,b,724
720,b,724
724,d,724
725,d,724
725,f,724
722,f,724
722,d,724
722,b,724
721,b,724
721,d,724
721,f,724
720,f,724
726,c,725
725,f,725
724,f,725
724,c,725
726,f,725
725,c,725
721,c,725
723,f,725
721,f,725
723,c,725
722,f,725
722,c,725
727,e,726
726,e,726
725,e,726
723,e,726
722,e,726
724,e,726
725,f,727
728,f,727
727,f,727
724,f,727
726,f,727
723,f,727
728,e,728
727,e,728
729,e,728
726,e,728
724,e,728
725,e,728
728,f,729
727,f,729
730,f,729
729,f,729
725,f,729
726,f,729
730,b,730
731,b,730
729,b,730
728,b,730
727,b,730
726,b,730
728,f,731
731,f,731
728,c,731
730,f,731
730,c,731
727,c,731
732,c,731
732,f,731
729,f,731
729,c,731
727,f,731
731,c,731
732,e,732
733,d,732
731,d,732
733,e,732
732,d,732
731,e,732
730,e,732
730,d,732
729,e,732
729,d,732
728,e,732
728,d,732
731,f,733
729,f,733
734,f,733
732,f,733
730,f,733
733,f,733
734,d,735
736,d,735
733,d,735
735,d,735
732,d,735
731,d,735
736,f,736
736,c,736
735,f,736
735,c,736
737,c,736
737,f,736
732,f,736
732,c,736
734,f,736
734,c,736
733,c,736
733,f,736
734,e,737
737,e,737
737,a,737
738,e,737
734,a,737
736,e,737
736,a,737
733,a,737
738,a,737
735,a,737
733,e,737
735,e,737
734,f,738
734,d,738
734,b,738
734,a,738
737,a,738
737,b,738
739,b,738
737,d,738
737,f,738
738,f,738
738,d,738
738,b,738
738,a,738
739,a,738
735,f,738
736,d,738
739,f,738
736,f,738
736,b,738
736,a,738
735,a,738
735,b,738
739,d,738
735,d,738
740,d,739
740,b,739
739,f,739
740,f,739
738,f,739
738,c,739
739,c,739
739,d,739
739,b,739
738,d,739
740,c,739
738,b,739
736,f,739
736,b,739
735,f,739
736,d,739
737,b,739
737,d,739
735,c,739
737,f,739
735,d,739
735,b,739
737,c,739
736,c,739
741,f,740
741,e,740
739,e,740
739,f,740
739,c,740
740,c,740
741,c,740
736,c,740
737,e,740
737,f,740
737,c,740
738,c,740
740,f,740
738,e,740
738,f,740
736,e,740
736,f,740
740,e,740
742,e,741
740,e,741
742,f,741
741,e,741
740,f,741
741,f,741
737,f,741
738,f,741
738,e,741
737,e,741
739,e,741
739,f,741
741,f,742
742,f,742
738,f,742
743,f,742
740,f,742
739,f,742
743,b,743
741,b,743
744,b,743
740,b,743
742,b,743
739,b,743
744,c,744
745,c,744
743,c,744
742,c,744
741,c,744
740,c,744
746,e,745
742,e,745
741,e,745
743,e,745
745,e,745
744,e,745
746,e,746
745,e,746
745,f,746
747,f,746
747,e,746
742,e,746
742,f,746
744,f,746
746,f,746
743,e,746
743,f,746
744,e,746
747,a,747
748,a,747
748,f,747
746,f,747
746,a,747
747,f,747
743,f,747
744,a,747
745,f,747
745,a,747
744,f,747
743,a,747
744,d,748
747,b,748
744,b,748
749,b,748
748,d,748
747,d,748
748,b,748
746,d,748
746,b,748
745,b,748
745,d,748
749,d,748
748,c,749
745,c,749
749,c,749
749,f,749
748,f,749
745,f,749
750,f,749
750,c,749
747,f,749
747,c,749
746,c,749
746,f,749
750,f,750
750,e,750
749,e,750
749,f,750
746,f,750
746,e,750
751,f,750
751,e,750
748,e,750
748,f,750
747,f,750
747,e,750
751,f,751
751,a,751
750,a,751
752,f,751
750,f,751
752,a,751
749,f,751
748,a,751
747,a,751
747,f,751
749,a,751
748,f,751
748,b,752
752,d,752
751,b,752
751,d,752
752,b,752
753,b,752
750,d,752
750,b,752
748,d,752
749,b,752
749,d,752
753,d,752
754,b,753
749,f,753
752,b,753
752,c,753
752,f,753
752,e,753
753,e,753
753,f,753
753,c,753
753,b,753
754,c,753
754,f,753
749,e,753
750,f,753
749,c,753
749,b,753
750,b,753
750,c,753
754,e,753
750,e,753
751,f,753
751,b,753
751,c,753
751,e,753
755,c,754
754,e,754
753,e,754
753,f,754
753,c,754
754,f,754
755,f,754
754,c,754
752,f,754
750,c,754
750,f,754
752,e,754
755,e,754
752,c,754
750,e,754
751,c,754
751,f,754
751,e,754
751,b,755
755,f,755
755,e,755
756,b,755
754,e,755
754,f,755
754,b,755
755,b,755
751,f,755
751,e,755
756,f,755
756,e,755
753,e,755
753,f,755
753,b,755
752,b,755
752,f,755
752,e,755
756,c,756
757,f,756
755,f,756
755,c,756
756,f,756
757,c,756
753,c,756
754,f,756
752,c,756
754,c,756
752,f,756
753,f,756
754,e,757
757,e,757
757,d,757
756,e,757
758,e,757
756,d,757
753,e,757
755,e,757
755,d,757
754,d,757
753,d,757
758,d,757
755,f,758
756,f,758
759,f,758
754,f,758
757,f,758
758,f,758
759,d,759
758,d,759
760,d,759
757,d,759
756,d,759
755,d,759
757,f,760
756,f,760
758,f,760
761,f,760
759,f,760
760,f,760
761,b,761
760,b,761
762,b,761
757,b,761
759,b,761
758,b,761
763,f,762
762,f,762
761,f,762
761,c,762
758,c,762
763,c,762
762,c,762
759,f,762
760,f,762
760,c,762
758,f,762
759,c,762
764,c,763
762,e,763
762,c,763
764,e,763
763,e,763
763,c,763
759,c,763
761,e,763
761,c,763
759,e,763
760,c,763
760,e,763
761,e,764
765,e,764
765,f,764
764,e,764
763,e,764
763,f,764
764,f,764
760,e,764
761,f,764
762,f,764
762,e,764
760,f,764
764,f,765
763,f,765
765,f,765
762,f,765
761,f,765
766,f,765
767,c,766
765,c,766
762,c,766
766,c,766
763,c,766
764,c,766
767,e,767
768,e,767
766,e,767
765,e,767
764,e,767
763,e,767
768,b,768
767,f,768
769,f,768
768,f,768
769,b,768
767,b,768
766,f,768
766,b,768
764,b,768
764,f,768
765,b,768
765,f,768
766,c,769
770,f,769
770,c,769
769,e,769
769,f,769
769,c,769
768,e,769
768,f,769
768,c,769
770,e,769
766,f,769
767,e,769
767,f,769
765,c,769
767,c,769
765,f,769
766,e,769
765,e,769
766,f,770
770,f,770
770,e,770
769,e,770
769,f,770
771,f,770
771,e,770
768,e,770
768,f,770
767,f,770
767,e,770
766,e,770
771,f,771
770,f,771
767,f,771
772,f,771
769,f,771
768,f,771
771,c,772
770,c,772
772,c,772
768,c,772
773,c,772
769,c,772
773,c,773
772,e,773
772,c,773
773,e,773
774,c,773
771,c,773
770,e,773
770,c,773
774,e,773
769,c,773
769,e,773
771,e,773
771,f,774
774,f,774
774,e,774
773,e,774
773,f,774
775,f,774
775,e,774
772,e,774
772,f,774
770,f,774
771,e,774
770,e,774
775,f,775
776,a,775
774,f,775
774,a,775
776,f,775
775,a,775
771,a,775
771,f,775
773,f,775
773,a,775
772,a,775
772,f,775
777,b,776
777,d,776
775,d,776
775,b,776
776,b,776
772,b,776
774,d,776
774,b,776
773,b,776
773,d,776
772,d,776
776,d,776
778,c,777
778,f,777
773,f,777
777,f,777
777,c,777
776,f,777
776,c,777
773,c,777
774,f,777
774,c,777
775,f,777
775,c,777
776,e,778
779,e,778
775,e,778
777,e,778
778,e,778
774,e,778
779,f,779
778,f,779
775,f,779
780,f,779
777,f,779
776,f,779
779,b,780
777,b,780
778,b,780
780,b,780
776,b,780
781,b,780
780,b,781
780,c,781
780,f,781
782,b,781
782,c,781
781,c,781
781,f,781
782,e,781
782,f,781
781,e,781
780,e,781
781,b,781
778,c,781
778,f,781
778,b,781
777,b,781
777,c,781
779,e,781
779,f,781
779,c,781
779,b,781
777,f,781
778,e,781
777,e,781
781,c,782
781,f,782
779,f,782
783,f,782
783,c,782
782,c,782
781,e,782
782,e,782
778,c,782
783,e,782
780,e,782
780,f,782
780,c,782
778,f,782
778,e,782
779,e,782
779,c,782
782,f,782
783,f,783
783,e,783
782,f,783
784,f,783
784,e,783
782,e,783
779,e,783
779,f,783
780,f,783
781,e,783
781,f,783
780,e,783
785,f,784
784,f,784
783,f,784
781,f,784
782,f,784
780,f,784
786,a,785
783,a,785
785,a,785
781,a,785
782,a,785
784,a,785
786,d,786
785,d,786
785,b,786
787,b,786
787,d,786
782,d,786
784,b,786
786,b,786
783,d,786
783,b,786
782,b,786
784,d,786
787,f,787
788,c,787
786,f,787
786,c,787
787,c,787
784,f,787
785,f,787
785,c,787
788,f,787
784,c,787
783,f,787
783,c,787
785,e,788
786,e,788
784,e,788
787,e,788
789,e,788
788,e,788
789,f,789
790,f,789
785,f,789
787,f,789
786,f,789
788,f,789
788,c,792
789,c,792
793,c,792
790,c,792
792,c,792
791,c,792
792,e,793
794,e,793
793,e,793
790,e,793
789,e,793
791,e,793
793,f,794
794,f,794
795,f,794
791,f,794
790,f,794
792,f,794
797,c,801
798,c,801
799,c,801
802,c,801
800,c,801
801,c,801
803,e,802
802,e,802
801,e,802
800,e,802
798,e,802
799,e,802
802,f,803
803,f,803
800,f,803
804,f,803
801,f,803
799,f,803
801,c,804
802,c,804
805,c,804
804,c,804
803,c,804
800,c,804
805,e,805
804,e,805
806,e,805
803,e,805
802,e,805
801,e,805
807,f,806
803,f,806
806,f,806
804,f,806
802,f,806
805,f,806
805,e,809
806,e,809
810,e,809
807,e,809
809,e,809
808,e,809
810,f,810
809,f,810
811,f,810
806,f,810
808,f,810
807,f,810
812,a,811
812,e,811
810,a,811
810,e,811
809,e,811
808,a,811
807,a,811
807,e,811
811,e,811
808,e,811
811,a,811
809,a,811
811,f,812
811,d,812
811,b,812
812,b,812
812,d,812
812,f,812
812,e,812
813,b,812
813,f,812
813,e,812
811,e,812
813,d,812
808,b,812
808,d,812
809,b,812
809,d,812
809,f,812
809,e,812
808,f,812
810,b,812
810,d,812
808,e,812
810,e,812
810,f,812
810,f,813
813,b,813
813,c,813
813,f,813
812,f,813
812,c,813
812,b,813
810,c,813
809,c,813
814,b,813
809,b,813
814,c,813
814,f,813
809,f,813
811,b,813
811,c,813
811,f,813
810,b,813
813,a,814
813,c,814
813,f,814
813,e,814
814,f,814
815,e,814
815,f,814
815,c,814
814,c,814
814,a,814
814,e,814
815,a,814
810,a,814
812,a,814
810,c,814
810,f,814
810,e,814
811,a,814
811,e,814
811,f,814
812,e,814
812,f,814
812,c,814
811,c,814
811,b,815
811,a,815
814,a,815
814,b,815
811,f,815
814,f,815
814,e,815
811,d,815
816,a,815
815,e,815
815,f,815
815,a,815
814,d,815
816,b,815
815,d,815
813,d,815
812,d,815
812,f,815
816,d,815
812,a,815
811,e,815
813,a,815
813,b,815
812,b,815
813,f,815
813,e,815
812,e,815
816,e,815
816,f,815
815,b,815
816,f,816
817,b,816
817,c,816
815,f,816
815,d,816
815,c,816
817,f,816
816,c,816
816,d,816
816,b,816
815,b,816
817,d,816
814,c,816
813,c,816
812,b,816
813,f,816
812,f,816
814,b,816
813,d,816
813,b,816
814,d,816
814,f,816
812,c,816
812,d,816
818,c,817
817,f,817
816,e,817
816,f,817
816,c,817
817,e,817
818,f,817
814,e,817
813,f,817
813,e,817
818,e,817
815,e,817
815,f,817
815,c,817
814,c,817
814,f,817
813,c,817
817,c,817
818,e,818
817,e,818
819,e,818
816,e,818
815,e,818
814,e,818
817,e,819
820,e,819
819,e,819
815,e,819
818,e,819
816,e,819
820,f,820
820,e,820
821,b,820
820,b,820
819,e,820
819,f,820
819,b,820
817,b,820
817,f,820
816,b,820
816,f,820
816,e,820
821,f,820
818,e,820
817,e,820
821,e,820
818,b,820
818,f,820
819,c,821
818,f,821
821,c,821
821,f,821
822,c,821
820,f,821
820,c,821
817,f,821
822,f,821
819,f,821
817,c,821
818,c,821
823,e,822
821,e,822
822,e,822
819,e,822
820,e,822
818,e,822
820,f,823
821,f,823
819,f,823
823,f,823
822,f,823
824,f,823
820,d,824
824,d,824
823,f,824
823,d,824
824,f,824
822,d,824
825,d,824
822,f,824
825,f,824
821,f,824
821,d,824
820,f,824
825,f,825
824,f,825
826,f,825
823,f,825
821,f,825
822,f,825
827,d,826
826,c,826
825,c,826
825,d,826
826,d,826
827,c,826
823,c,826
824,c,826
824,d,826
822,d,826
822,c,826
823,d,826
828,e,827
827,e,827
826,e,827
826,f,827
827,f,827
828,f,827
825,f,827
823,e,827
823,f,827
825,e,827
824,f,827
824,e,827
829,a,828
829,f,828
827,f,828
827,a,828
824,a,828
824,f,828
828,a,828
828,f,828
826,f,828
826,a,828
825,a,828
825,f,828
830,b,829
828,b,829
828,d,829
825,b,829
829,d,829
829,b,829
829,a,829
830,a,829
828,a,829
830,d,829
825,d,829
827,b,829
825,a,829
827,d,829
827,a,829
826,a,829
826,b,829
826,d,829
831,f,830
829,b,830
829,d,830
830,d,830
831,d,830
831,b,830
830,f,830
829,f,830
830,c,830
830,b,830
831,c,830
829,c,830
826,c,830
827,d,830
827,b,830
826,f,830
827,c,830
828,b,830
827,f,830
828,c,830
828,f,830
826,d,830
826,b,830
828,d,830
832,c,831
832,e,831
830,e,831
830,f,831
830,c,831
831,e,831
832,f,831
827,c,831
827,f,831
829,e,831
829,f,831
829,c,831
827,e,831
828,c,831
828,f,831
828,e,831
831,f,831
831,c,831
832,f,832
832,e,832
833,f,832
833,e,832
831,e,832
831,f,832
828,f,832
828,e,832
829,f,832
829,e,832
830,e,832
830,f,832
833,e,833
833,f,833
832,e,833
834,f,833
829,f,833
832,f,833
830,f,833
831,e,833
831,f,833
830,e,833
829,e,833
834,e,833
831,f,834
832,f,834
835,f,834
830,f,834
833,f,834
834,f,834
835,f,835
836,f,835
834,f,835
833,f,835
832,f,835
831,f,835
833,a,837
834,a,837
834,c,837
837,c,837
838,c,837
838,a,837
835,a,837
835,c,837
837,a,837
836,c,837
836,a,837
833,c,837
839,b,838
837,d,838
837,e,838
839,d,838
838,b,838
837,b,838
839,e,838
836,b,838
836,e,838
836,d,838
838,d,838
835,e,838
835,d,838
835,b,838
834,e,838
834,d,838
834,b,838
838,e,838
839,c,839
840,c,839
840,f,839
838,f,839
838,c,839
839,f,839
837,c,839
837,f,839
836,f,839
836,c,839
835,f,839
835,c,839
837,e,840
838,e,840
836,e,840
839,e,840
841,e,840
840,e,840
842,f,841
841,f,841
839,f,841
837,f,841
838,f,841
840,f,841
844,e,845
845,e,845
843,e,845
846,e,845
842,e,845
841,e,845
843,f,846
844,f,846
845,f,846
842,f,846
846,f,846
847,f,846
849,c,849
848,c,849
847,c,849
850,c,849
845,c,849
846,c,849
846,f,850
850,e,850
849,e,850
849,f,850
846,e,850
851,f,850
848,f,850
851,e,850
850,f,850
847,f,850
848,e,850
847,e,850
851,f,851
850,f,851
851,c,851
850,c,851
852,c,851
849,f,851
849,c,851
852,f,851
848,f,851
848,c,851
847,f,851
847,c,851
849,e,852
850,e,852
852,e,852
851,e,852
853,e,852
848,e,852
852,f,853
853,f,853
850,f,853
854,f,853
851,f,853
849,f,853
851,a,854
854,b,854
850,b,854
850,a,854
854,a,854
852,b,854
853,b,854
853,a,854
851,b,854
855,b,854
855,a,854
852,a,854
854,d,855
854,c,855
854,b,855
856,c,855
855,d,855
855,c,855
855,f,855
856,b,855
856,f,855
856,d,855
854,f,855
855,b,855
851,c,855
852,c,855
852,d,855
851,b,855
851,d,855
853,f,855
853,c,855
853,d,855
853,b,855
851,f,855
852,f,855
852,b,855
855,c,856
855,f,856
852,c,856
857,e,856
857,f,856
856,c,856
855,e,856
857,c,856
856,e,856
852,f,856
853,e,856
854,e,856
854,f,856
854,c,856
852,e,856
853,c,856
853,f,856
856,f,856
857,f,857
858,f,857
856,e,857
858,e,857
853,f,857
857,e,857
854,f,857
855,e,857
855,f,857
854,e,857
856,f,857
853,e,857
856,f,858
855,f,858
854,f,858
857,f,858
859,f,858
858,f,858
859,a,860
860,a,860
858,a,860
861,a,860
857,a,860
856,a,860
860,e,861
861,e,861
860,f,861
860,d,861
860,b,861
861,f,861
862,b,861
862,d,861
861,d,861
862,f,861
862,e,861
859,e,861
861,b,861
858,b,861
857,b,861
859,d,861
859,b,861
857,d,861
857,f,861
858,e,861
858,f,861
858,d,861
859,f,861
857,e,861
861,b,862
862,c,862
861,f,862
863,f,862
863,c,862
862,b,862
861,c,862
862,f,862
863,b,862
858,b,862
858,c,862
860,f,862
860,c,862
860,b,862
858,f,862
859,b,862
859,c,862
859,f,862
859,c,863
863,e,863
864,c,863
864,f,863
862,e,863
862,f,863
862,c,863
863,f,863
859,f,863
859,e,863
864,e,863
861,e,863
861,f,863
861,c,863
860,c,863
860,f,863
860,e,863
863,c,863
864,f,864
864,e,864
863,e,864
863,f,864
860,f,864
862,f,864
862,e,864
865,f,864
861,e,864
861,f,864
860,e,864
865,e,864
862,f,865
863,f,865
866,f,865
861,f,865
864,f,865
865,f,865
866,d,866
865,d,866
867,d,866
864,d,866
863,d,866
862,d,866
865,e,868
866,e,868
864,e,868
869,e,868
868,e,868
867,e,868
870,e,869
870,f,869
869,e,869
869,f,869
868,e,869
867,e,869
868,f,869
865,f,869
865,e,869
866,f,869
866,e,869
867,f,869
867,b,870
870,f,870
871,b,870
869,f,870
869,d,870
869,b,870
866,b,870
871,d,870
866,d,870
868,f,870
868,d,870
868,b,870
866,f,870
870,b,870
867,f,870
867,d,870
871,f,870
870,d,870
871,c,871
872,f,871
871,f,871
870,f,871
870,c,871
872,c,871
869,c,871
867,c,871
867,f,871
868,c,871
868,f,871
869,f,871
873,e,872
871,e,872
868,e,872
870,e,872
869,e,872
872,e,872
874,d,873
872,d,873
872,f,873
873,f,873
873,d,873
874,f,873
869,d,873
871,f,873
869,f,873
870,f,873
870,d,873
871,d,873
874,f,874
875,c,874
875,f,874
873,f,874
874,c,874
873,c,874
871,f,874
870,f,874
872,f,874
870,c,874
872,c,874
871,c,874
871,e,875
875,c,875
875,e,875
874,c,875
876,e,875
876,c,875
871,c,875
873,c,875
872,c,875
872,e,875
874,e,875
873,e,875
875,c,876
875,f,876
875,e,876
876,e,876
876,f,876
876,c,876
877,c,876
877,f,876
872,f,876
873,f,876
872,e,876
873,c,876
877,e,876
873,e,876
872,c,876
874,c,876
874,f,876
874,e,876
877,e,877
876,e,877
876,f,877
876,b,877
878,e,877
877,f,877
878,b,877
877,b,877
878,f,877
874,e,877
873,f,877
875,e,877
875,f,877
875,b,877
873,e,877
874,b,877
873,b,877
874,f,877
878,f,878
879,c,878
877,f,878
877,c,878
875,f,878
874,f,878
879,f,878
876,f,878
876,c,878
875,c,878
874,c,878
878,c,878
879,e,879
875,e,879
878,e,879
880,e,879
877,e,879
876,e,879
878,f,880
881,f,880
880,f,880
876,f,880
879,f,880
877,f,880
882,f,881
882,e,881
881,f,881
880,f,881
881,e,881
880,e,881
877,e,881
879,e,881
879,f,881
878,f,881
877,f,881
878,e,881
879,f,882
882,f,882
881,f,882
881,c,882
883,c,882
883,f,882
880,f,882
880,c,882
878,c,882
878,f,882
879,c,882
882,c,882
882,e,883
884,e,883
883,e,883
881,e,883
880,e,883
879,e,883
882,f,884
880,f,884
883,f,884
884,f,884
885,f,884
881,f,884
890,d,890
889,d,890
888,d,890
891,d,890
887,d,890
886,d,890
887,c,891
891,f,891
890,f,891
890,c,891
891,c,891
892,c,891
892,f,891
889,f,891
889,c,891
888,f,891
887,f,891
888,c,891
892,e,892
891,e,892
893,e,892
889,e,892
888,e,892
890,e,892
893,f,893
893,e,893
892,e,893
892,f,893
892,c,893
890,e,893
889,c,893
889,f,893
893,c,893
894,c,893
894,e,893
891,e,893
891,f,893
891,c,893
889,e,893
890,c,893
890,f,893
894,f,893
894,f,894
893,e,894
893,f,894
894,e,894
890,f,894
895,f,894
890,e,894
892,e,894
892,f,894
891,f,894
891,e,894
895,e,894
891,f,895
894,c,895
891,c,895
896,c,895
896,f,895
895,f,895
895,c,895
893,f,895
893,c,895
892,c,895
892,f,895
894,f,895
895,c,896
897,e,896
896,c,896
896,e,896
895,e,896
897,c,896
894,c,896
892,e,896
892,c,896
894,e,896
893,c,896
893,e,896
898,f,897
897,f,897
896,e,897
896,f,897
893,f,897
893,e,897
897,e,897
895,e,897
895,f,897
898,e,897
894,f,897
894,e,897
897,b,898
897,f,898
898,f,898
898,b,898
899,b,898
899,f,898
894,b,898
896,f,898
894,f,898
895,f,898
895,b,898
896,b,898
899,f,899
899,e,899
900,c,899
900,f,899
900,e,899
898,e,899
898,f,899
898,c,899
899,c,899
895,f,899
895,c,899
897,e,899
897,f,899
897,c,899
896,c,899
896,f,899
896,e,899
895,e,899
900,f,900
900,e,900
899,e,900
896,f,900
899,f,900
901,f,900
901,e,900
898,e,900
898,f,900
897,f,900
897,e,900
896,e,900
900,e,901
900,f,901
902,f,901
897,f,901
902,e,901
899,e,901
899,f,901
897,e,901
898,e,901
898,f,901
901,f,901
901,e,901
903,f,902
902,f,902
900,f,902
901,f,902
899,f,902
898,f,902
905,b,904
904,b,904
903,b,904
901,b,904
902,b,904
900,b,904
902,c,905
905,f,905
905,c,905
901,c,905
904,f,905
904,c,905
901,f,905
906,f,905
906,c,905
903,f,905
903,c,905
902,f,905
903,e,906
906,d,906
906,e,906
905,e,906
905,d,906
902,d,906
902,e,906
904,d,906
907,d,906
907,e,906
904,e,906
903,d,906
908,a,907
907,a,907
908,f,907
906,a,907
906,f,907
907,f,907
903,a,907
905,f,907
905,a,907
903,f,907
904,a,907
904,f,907
909,b,908
908,b,908
905,e,908
909,d,908
909,e,908
907,e,908
907,d,908
907,b,908
904,b,908
906,e,908
906,d,908
906,b,908
904,d,908
904,e,908
905,b,908
905,d,908
908,d,908
908,e,908
909,c,909
909,f,909
910,c,909
908,f,909
908,c,909
910,f,909
905,c,909
905,f,909
906,c,909
906,f,909
907,f,909
907,c,909
909,e,910
910,e,910
906,e,910
911,e,910
908,e,910
907,e,910
910,f,911
909,f,911
912,f,911
911,f,911
908,f,911
907,f,911
912,d,912
911,c,912
911,d,912
912,c,912
910,c,912
913,c,912
910,d,912
909,c,912
908,d,912
908,c,912
913,d,912
909,d,912
913,f,913
913,e,913
914,f,913
912,e,913
912,f,913
910,f,913
911,e,913
911,f,913
909,f,913
909,e,913
910,e,913
914,e,913
915,f,914
914,f,914
913,f,914
910,f,914
911,f,914
912,f,914
912,c,915
915,c,915
911,c,915
914,c,915
913,c,915
916,c,915
913,e,916
916,e,916
914,e,916
917,e,916
912,e,916
915,e,916
918,e,917
917,f,917
916,e,917
916,f,917
918,f,917
917,e,917
915,e,917
915,f,917
914,e,917
914,f,917
913,e,917
913,f,917
914,f,918
916,f,918
919,f,918
917,f,918
915,f,918
918,f,918
919,f,920
919,c,920
921,c,920
918,f,920
921,f,920
920,f,920
917,f,920
917,c,920
916,f,920
916,c,920
918,c,920
920,c,920
921,e,921
920,e,921
922,e,921
919,e,921
918,e,921
917,e,921
920,f,922
922,f,922
921,f,922
923,f,922
919,f,922
918,f,922
925,b,924
924,b,924
922,b,924
923,b,924
921,b,924
920,b,924
921,c,925
925,a,925
925,c,925
925,f,925
924,f,925
924,c,925
924,a,925
923,f,925
923,c,925
921,f,925
926,a,925
922,a,925
922,c,925
922,f,925
923,a,925
926,c,925
926,f,925
921,a,925
925,f,926
925,e,926
926,b,926
926,d,926
925,b,926
927,d,926
927,b,926
925,d,926
927,f,926
924,d,926
923,d,926
922,b,926
922,d,926
922,f,926
922,e,926
923,b,926
927,e,926
923,f,926
926,e,926
924,b,926
926,f,926
924,f,926
924,e,926
923,e,926
928,c,927
927,f,927
926,f,927
926,c,927
928,f,927
927,c,927
925,f,927
923,c,927
923,f,927
924,c,927
924,f,927
925,c,927
929,e,928
927,e,928
924,e,928
928,e,928
926,e,928
925,e,928
930,c,929
928,c,929
928,f,929
929,f,929
929,c,929
930,f,929
925,c,929
925,f,929
927,c,929
926,f,929
926,c,929
927,f,929
930,e,930
931,c,930
931,e,930
929,e,930
929,c,930
930,c,930
927,e,930
928,e,930
928,c,930
926,c,930
926,e,930
927,c,930
928,e,931
931,e,931
931,f,931
932,e,931
930,e,931
932,f,931
930,f,931
927,f,931
927,e,931
929,e,931
929,f,931
928,f,931
930,f,932
932,f,932
929,f,932
931,f,932
928,f,932
933,f,932
935,b,934
933,d,934
934,b,934
934,d,934
933,b,934
932,d,934
935,d,934
932,b,934
930,d,934
931,b,934
931,d,934
930,b,934
931,c,935
935,f,935
934,f,935
934,c,935
932,f,935
931,f,935
936,c,935
932,c,935
935,c,935
933,f,935
933,c,935
936,f,935
937,e,936
936,e,936
935,c,936
937,c,936
935,e,936
936,c,936
932,c,936
934,e,936
934,c,936
933,c,936
933,e,936
932,e,936
938,d,937
937,d,937
937,f,937
937,e,937
936,e,937
936,f,937
936,d,937
933,d,937
933,f,937
934,e,937
938,e,937
935,e,937
935,f,937
935,d,937
933,e,937
934,d,937
934,f,937
938,f,937
937,e,938
938,c,938
937,f,938
937,c,938
938,f,938
938,e,938
939,e,938
934,c,938
939,c,938
934,e,938
936,e,938
936,f,938
936,c,938
939,f,938
935,c,938
935,f,938
934,f,938
935,e,938
935,f,939
938,f,939
939,e,939
940,e,939
938,e,939
939,f,939
937,e,939
937,f,939
935,e,939
936,f,939
936,e,939
940,f,939
939,c,940
939,f,940
941,f,940
941,c,940
939,e,940
940,c,940
940,f,940
941,e,940
940,e,940
938,c,940
938,e,940
938,f,940
936,c,940
936,f,940
936,e,940
937,c,940
937,f,940
937,e,940
940,e,941
941,e,941
941,f,941
942,f,941
940,f,941
942,e,941
937,e,941
939,e,941
938,e,941
938,f,941
939,f,941
937,f,941
942,a,942
942,f,942
943,a,942
941,f,942
941,a,942
943,f,942
938,a,942
938,f,942
940,f,942
940,a,942
939,a,942
939,f,942
943,d,943
942,b,943
944,d,943
943,b,943
944,b,943
942,d,943
939,b,943
941,d,943
939,d,943
940,b,943
940,d,943
941,b,943
945,c,944
944,c,944
943,c,944
940,c,944
941,c,944
942,c,944
946,e,945
943,e,945
945,e,945
942,e,945
941,e,945
944,e,945
946,f,946
946,e,946
945,e,946
945,f,946
945,d,946
946,d,946
947,d,946
947,f,946
947,e,946
942,e,946
944,f,946
944,d,946
942,d,946
943,e,946
943,f,946
943,d,946
942,f,946
944,e,946
948,f,947
946,f,947
946,d,947
947,d,947
947,f,947
946,a,947
947,a,947
943,f,947
948,d,947
945,f,947
945,d,947
945,a,947
943,a,947
943,d,947
948,a,947
944,a,947
944,d,947
944,f,947
948,b,948
948,d,948
948,f,948
947,f,948
947,d,948
947,b,948
944,b,948
949,b,948
949,d,948
949,f,948
946,f,948
946,d,948
946,b,948
944,d,948
944,f,948
945,b,948
945,d,948
945,f,948
949,c,949
948,c,949
949,f,949
950,f,949
950,c,949
948,f,949
945,c,949
947,f,949
947,c,949
945,f,949
946,c,949
946,f,949
950,e,950
949,e,950
949,c,950
946,c,950
950,c,950
946,e,950
951,e,950
948,e,950
948,c,950
947,c,950
947,e,950
951,c,950
951,f,951
951,e,951
947,e,951
950,e,951
950,f,951
947,f,951
952,f,951
948,f,951
948,e,951
949,e,951
952,e,951
949,f,951
948,f,952
951,b,952
948,b,952
953,b,952
953,f,952
950,f,952
950,b,952
949,b,952
949,f,952
952,b,952
951,f,952
952,f,952
953,f,953
952,f,953
954,f,953
952,c,953
954,c,953
953,c,953
949,f,953
951,f,953
951,c,953
950,c,953
950,f,953
949,c,953
954,e,954
953,e,954
950,e,954
955,e,954
952,e,954
951,e,954
955,f,955
951,f,955
956,a,955
956,d,955
954,f,955
954,d,955
954,a,955
956,f,955
955,d,955
955,a,955
951,d,955
952,a,955
953,f,955
953,d,955
953,a,955
951,a,955
952,f,955
952,d,955
956,b,956
955,f,956
955,d,956
955,b,956
952,b,956
952,d,956
952,f,956
957,d,956
956,f,956
957,f,956
954,f,956
954,d,956
954,b,956
953,b,956
953,d,956
953,f,956
957,b,956
956,d,956
953,c,957
957,c,957
957,f,957
956,c,957
956,f,957
958,c,957
955,f,957
955,c,957
953,f,957
958,f,957
954,c,957
954,f,957
955,e,958
958,b,958
958,e,958
957,e,958
957,b,958
954,b,958
959,b,958
959,e,958
956,e,958
956,b,958
954,e,958
955,b,958
959,c,959
959,f,959
958,f,959
958,c,959
960,f,959
960,c,959
955,c,959
956,c,959
955,f,959
957,f,959
957,c,959
956,f,959
956,f,960
956,e,960
960,e,960
959,f,960
959,e,960
961,f,960
961,e,960
958,e,960
958,f,960
957,f,960
957,e,960
960,f,960
957,f,961
960,d,961
960,c,961
960,f,961
961,f,961
961,c,961
961,d,961
962,d,961
962,c,961
957,c,961
959,f,961
959,d,961
958,f,961
958,c,961
958,d,961
957,d,961
962,f,961
959,c,961
962,c,962
962,f,962
961,e,962
962,e,962
963,c,962
963,f,962
963,e,962
961,c,962
961,f,962
959,e,962
958,c,962
958,f,962
958,e,962
959,f,962
960,e,962
960,f,962
960,c,962
959,c,962
959,d,963
962,a,963
962,d,963
960,e,963
962,e,963
964,a,963
959,a,963
963,e,963
963,a,963
962,f,963
963,d,963
963,f,963
964,d,963
964,f,963
964,e,963
961,e,963
961,f,963
961,d,963
961,a,963
959,e,963
959,f,963
960,f,963
960,d,963
960,a,963
965,f,964
964,f,964
963,f,964
963,d,964
964,d,964
964,b,964
963,b,964
960,b,964
962,f,964
961,d,964
960,d,964
960,f,964
965,b,964
961,b,964
961,f,964
962,b,964
965,d,964
962,d,964
961,c,965
963,c,965
964,c,965
965,c,965
962,c,965
966,c,965
966,d,966
967,d,966
966,e,966
965,e,966
965,d,966
967,e,966
964,e,966
964,d,966
962,d,966
962,e,966
963,d,966
963,e,966
964,f,967
968,f,967
966,f,967
967,f,967
963,f,967
965,f,967
967,b,968
969,b,968
965,b,968
968,b,968
964,b,968
966,b,968
968,c,969
970,f,969
970,b,969
970,c,969
968,f,969
969,c,969
969,b,969
968,b,969
969,f,969
965,f,969
967,f,969
967,b,969
965,c,969
965,b,969
966,b,969
966,c,969
966,f,969
967,c,969
971,e,970
970,a,970
969,a,970
969,c,970
969,f,970
969,e,970
970,f,970
970,c,970
971,a,970
970,e,970
971,f,970
971,c,970
968,e,970
966,a,970
967,f,970
967,c,970
967,a,970
968,f,970
968,c,970
968,a,970
966,e,970
966,f,970
967,e,970
966,c,970
968,d,971
970,b,971
970,e,971
970,c,971
970,f,971
971,e,971
971,f,971
971,c,971
971,d,971
971,b,971
970,d,971
972,b,971
972,d,971
972,c,971
968,c,971
968,e,971
967,e,971
967,f,971
968,b,971
967,d,971
967,b,971
969,b,971
967,c,971
969,c,971
969,f,971
969,e,971
972,e,971
972,f,971
969,d,971
968,f,971
971,e,972
971,f,972
971,c,972
972,f,972
972,c,972
972,e,972
973,f,972
973,e,972
973,c,972
969,e,972
968,c,972
968,e,972
969,c,972
969,f,972
970,c,972
968,f,972
970,e,972
970,f,972
974,c,973
974,f,973
974,e,973
970,e,973
972,e,973
972,f,973
972,c,973
972,d,973
970,f,973
970,c,973
970,d,973
973,e,973
969,c,973
974,d,973
969,e,973
973,d,973
973,c,973
973,f,973
971,e,973
971,f,973
971,c,973
971,d,973
969,d,973
969,f,973
970,f,974
974,e,974
975,f,974
975,e,974
974,f,974
973,e,974
970,e,974
971,f,974
971,e,974
973,f,974
972,e,974
972,f,974
973,b,975
975,b,975
974,b,975
971,b,975
976,b,975
972,b,975
972,c,976
976,c,976
977,c,976
973,c,976
975,c,976
974,c,976
977,e,977
977,d,977
978,d,977
978,e,977
976,e,977
976,d,977
973,e,977
975,e,977
975,d,977
974,e,977
974,d,977
973,d,977
976,f,978
974,f,978
977,f,978
979,f,978
975,f,978
978,f,978
979,b,980
981,b,980
978,b,980
980,b,980
977,b,980
976,b,980
981,f,981
981,c,981
982,f,981
980,f,981
982,c,981
980,c,981
978,f,981
977,f,981
979,f,981
979,c,981
978,c,981
977,c,981
978,e,982
983,e,982
981,e,982
982,e,982
980,e,982
979,e,982
983,e,983
984,e,983
979,f,983
983,f,983
982,f,983
984,f,983
979,e,983
982,e,983
980,f,983
981,e,983
981,f,983
980,e,983
985,f,984
984,f,984
981,f,984
980,f,984
983,f,984
982,f,984
987,e,986
982,e,986
984,e,986
986,e,986
983,e,986
985,e,986
987,a,987
986,f,987
986,a,987
987,f,987
985,f,987
983,a,987
988,a,987
984,f,987
984,a,987
983,f,987
988,f,987
985,a,987
988,d,988
988,c,988
989,b,988
987,c,988
987,d,988
987,b,988
989,d,988
989,c,988
984,d,988
985,c,988
984,b,988
984,c,988
985,b,988
985,d,988
988,b,988
986,b,988
986,d,988
986,c,988
990,e,989
990,f,989
989,f,989
988,e,989
988,f,989
988,c,989
989,e,989
990,c,989
989,c,989
985,f,989
987,e,989
987,f,989
987,c,989
985,c,989
985,e,989
986,e,989
986,f,989
986,c,989
987,e,990
991,e,990
991,f,990
990,e,990
990,f,990
989,e,990
986,f,990
986,e,990
988,e,990
988,f,990
987,f,990
989,f,990
989,f,991
987,f,991
988,f,991
990,f,991
991,f,991
992,f,991
997,c,998
998,c,998
996,c,998
999,c,998
994,c,998
995,c,998
995,e,999
999,c,999
999,e,999
998,e,999
998,c,999
998,d,999
1000,d,999
1000,c,999
999,d,999
1000,e,999
996,c,999
995,d,999
996,d,999
997,e,999
996,e,999
995,c,999
997,d,999
997,c,999
1001,f,1000
1000,e,1000
999,e,1000
999,f,1000
1001,e,1000
999,d,1000
1000,d,1000
1001,d,1000
1000,f,1000
998,e,1000
996,f,1000
996,d,1000
998,f,1000
998,d,1000
996,e,1000
997,d,1000
997,f,1000
997,e,1000
1002,b,1001
1002,f,1001
1001,b,1001
1000,f,1001
1000,b,1001
997,b,1001
1001,f,1001
999,f,1001
999,b,1001
998,b,1001
998,f,1001
997,f,1001
1003,a,1002
1001,a,1002
1001,c,1002
1001,f,1002
1002,f,1002
1002,c,1002
1002,a,1002
1003,c,1002
998,c,1002
1000,c,1002
998,a,1002
999,a,1002
1000,f,1002
998,f,1002
1000,a,1002
999,c,1002
1003,f,1002
999,f,1002
1004,e,1003
1002,b,1003
1003,b,1003
1004,b,1003
1003,e,1003
1003,d,1003
1002,e,1003
1002,d,1003
1004,d,1003
1001,e,1003
999,b,1003
1000,b,1003
1000,d,1003
1000,e,1003
1001,d,1003
1001,b,1003
999,d,1003
999,e,1003
1000,c,1004
1000,f,1004
1004,f,1004
1004,e,1004
1003,f,1004
1003,e,1004
1004,c,1004
1005,c,1004
1002,e,1004
1002,f,1004
1002,c,1004
1000,e,1004
1001,c,1004
1001,f,1004
1001,e,1004
1005,e,1004
1005,f,1004
1003,c,1004
1001,f,1005
1006,a,1005
1004,a,1005
1004,c,1005
1004,f,1005
1004,e,1005
1005,e,1005
1005,f,1005
1005,c,1005
1005,a,1005
1006,c,1005
1006,f,1005
1001,e,1005
1003,c,1005
1001,c,1005
1001,a,1005
1002,a,1005
1002,c,1005
1003,e,1005
1003,f,1005
1003,a,1005
1002,f,1005
1006,e,1005
1002,e,1005
1005,a,1006
1005,b,1006
1005,d,1006
1006,a,1006
1007,a,1006
1006,e,1006
1006,f,1006
1006,d,1006
1005,f,1006
1005,e,1006
1006,b,1006
1007,d,1006
1007,b,1006
1004,b,1006
1007,e,1006
1003,d,1006
1003,b,1006
1003,a,1006
1002,e,1006
1002,f,1006
1003,f,1006
1004,a,1006
1007,f,1006
1003,e,1006
1004,f,1006
1004,e,1006
1002,d,1006
1002,b,1006
1002,a,1006
1004,d,1006
1007,f,1007
1006,f,1007
1006,c,1007
1006,d,1007
1006,b,1007
1007,d,1007
1007,b,1007
1007,c,1007
1008,c,1007
1008,f,1007
1004,f,1007
1004,c,1007
1004,d,1007
1004,b,1007
1003,f,1007
1003,c,1007
1003,b,1007
1005,b,1007
1003,d,1007
1005,c,1007
1005,f,1007
1008,d,1007
1008,b,1007
1005,d,1007
1007,c,1008
1009,c,1008
1009,f,1008
1007,e,1008
1008,c,1008
1007,f,1008
1004,f,1008
1008,e,1008
1004,c,1008
1006,e,1008
1006,f,1008
1006,c,1008
1008,f,1008
1004,e,1008
1005,e,1008
1009,e,1008
1005,c,1008
1005,f,1008
1009,f,1009
1010,e,1009
1010,f,1009
1009,e,1009
1008,f,1009
1008,e,1009
1007,f,1009
1005,f,1009
1005,e,1009
1007,e,1009
1006,f,1009
1006,e,1009
1007,c,1010
1011,c,1010
1010,c,1010
1009,c,1010
1008,c,1010
1006,c,1010
1009,e,1011
1012,e,1011
1011,e,1011
1007,e,1011
1008,e,1011
1010,e,1011
1012,f,1012
1011,f,1012
1013,f,1012
1008,f,1012
1009,f,1012
1010,f,1012
1010,b,1013
1013,c,1013
1013,e,1013
1012,e,1013
1012,c,1013
1012,b,1013
1014,b,1013
1014,c,1013
1014,e,1013
1010,c,1013
1011,c,1013
1011,b,1013
1009,b,1013
1009,c,1013
1010,e,1013
1009,e,1013
1011,e,1013
1013,b,1013
1014,f,1014
1013,c,1014
1014,e,1014
1013,e,1014
1015,e,1014
1014,c,1014
1015,f,1014
1015,c,1014
1013,f,1014
1011,e,1014
1010,c,1014
1012,e,1014
1012,f,1014
1012,c,1014
1010,f,1014
1010,e,1014
1011,c,1014
1011,f,1014
1016,f,1015
1014,e,1015
1014,f,1015
1012,e,1015
1011,f,1015
1011,e,1015
1016,e,1015
1013,e,1015
1013,f,1015
1012,f,1015
1015,e,1015
1015,f,1015
1016,f,1016
1012,f,1016
1015,f,1016
1014,f,1016
1013,f,1016
1017,f,1016
1015,c,1017
1014,c,1017
1017,c,1017
1016,c,1017
1013,c,1017
1018,c,1017
1018,e,1018
1017,e,1018
1019,e,1018
1016,e,1018
1015,e,1018
1014,e,1018
1016,f,1019
1019,f,1019
1018,f,1019
1018,b,1019
1019,b,1019
1016,b,1019
1020,b,1019
1017,f,1019
1017,b,1019
1015,f,1019
1020,f,1019
1015,b,1019
1020,c,1020
1019,f,1020
1020,f,1020
1021,f,1020
1019,c,1020
1021,c,1020
1018,c,1020
1017,f,1020
1016,c,1020
1018,f,1020
1016,f,1020
1017,c,1020
1022,c,1021
1022,e,1021
1020,e,1021
1020,c,1021
1021,c,1021
1021,e,1021
1019,e,1021
1019,c,1021
1017,e,1021
1018,c,1021
1018,e,1021
1017,c,1021
1023,f,1022
1023,e,1022
1018,e,1022
1022,e,1022
1022,f,1022
1021,e,1022
1018,f,1022
1019,f,1022
1020,e,1022
1020,f,1022
1019,e,1022
1021,f,1022
1024,f,1023
1021,f,1023
1020,f,1023
1022,f,1023
1019,f,1023
1023,f,1023
1031,d,1031
1029,d,1031
1032,d,1031
1030,d,1031
1028,d,1031
1027,d,1031
1031,f,1032
1031,b,1032
1032,f,1032
1032,b,1032
1030,f,1032
1029,b,1032
1033,b,1032
1028,b,1032
1028,f,1032
1029,f,1032
1033,f,1032
1030,b,1032
1033,d,1033
1033,c,1033
1033,f,1033
1032,f,1033
1032,c,1033
1032,d,1033
1034,d,1033
1034,c,1033
1029,f,1033
1034,f,1033
1030,d,1033
1031,f,1033
1031,c,1033
1031,d,1033
1030,c,1033
1029,d,1033
1030,f,1033
1029,c,1033
1033,d,1034
1033,c,1034
1033,f,1034
1034,c,1034
1034,f,1034
1035,e,1034
1034,e,1034
1033,e,1034
1034,d,1034
1035,f,1034
1035,d,1034
1035,c,1034
1030,f,1034
1030,d,1034
1030,c,1034
1030,e,1034
1031,d,1034
1031,c,1034
1031,f,1034
1031,e,1034
1032,c,1034
1032,f,1034
1032,e,1034
1032,d,1034
1031,e,1035
1035,b,1035
1032,e,1035
1032,f,1035
1036,b,1035
1036,f,1035
1036,e,1035
1034,e,1035
1034,f,1035
1034,b,1035
1032,b,1035
1031,b,1035
1031,f,1035
1033,e,1035
1033,f,1035
1033,b,1035
1035,f,1035
1035,e,1035
1036,c,1036
1036,f,1036
1037,c,1036
1037,f,1036
1032,f,1036
1035,f,1036
1032,c,1036
1033,c,1036
1033,f,1036
1035,c,1036
1034,c,1036
1034,f,1036
1036,e,1037
1037,e,1037
1033,e,1037
1038,e,1037
1035,e,1037
1034,e,1037
1034,b,1038
1038,b,1038
1036,b,1038
1039,b,1038
1035,b,1038
1037,b,1038
1039,c,1039
1038,f,1039
1040,c,1039
1038,c,1039
1040,f,1039
1039,f,1039
1035,c,1039
1037,f,1039
1037,c,1039
1036,f,1039
1036,c,1039
1035,f,1039
1037,e,1040
1036,e,1040
1038,e,1040
1040,e,1040
1041,e,1040
1039,e,1040
1040,c,1041
1037,f,1041
1037,c,1041
1041,c,1041
1040,f,1041
1039,f,1041
1042,f,1041
1039,c,1041
1038,f,1041
1038,c,1041
1041,f,1041
1042,c,1041
1041,e,1042
1043,e,1042
1039,e,1042
1038,e,1042
1040,e,1042
1042,e,1042
1043,c,1043
1042,b,1043
1042,c,1043
1042,f,1043
1043,b,1043
1043,f,1043
1041,f,1043
1044,c,1043
1041,b,1043
1039,b,1043
1039,c,1043
1039,f,1043
1044,f,1043
1040,b,1043
1040,c,1043
1040,f,1043
1041,c,1043
1044,b,1043
1045,f,1044
1043,a,1044
1043,c,1044
1043,f,1044
1043,e,1044
1044,e,1044
1045,c,1044
1045,a,1044
1044,f,1044
1045,e,1044
1041,f,1044
1041,c,1044
1044,a,1044
1040,a,1044
1040,c,1044
1040,f,1044
1040,e,1044
1041,a,1044
1041,e,1044
1044,c,1044
1042,a,1044
1042,c,1044
1042,f,1044
1042,e,1044
1046,f,1045
1046,e,1045
1046,b,1045
1045,f,1045
1044,e,1045
1044,f,1045
1044,d,1045
1044,b,1045
1045,e,1045
1045,b,1045
1046,d,1045
1045,d,1045
1042,f,1045
1041,b,1045
1041,e,1045
1042,b,1045
1042,d,1045
1042,e,1045
1041,f,1045
1043,b,1045
1043,d,1045
1041,d,1045
1043,f,1045
1043,e,1045
1043,c,1046
1043,f,1046
1046,c,1046
1046,f,1046
1047,c,1046
1045,f,1046
1045,c,1046
1042,c,1046
1047,f,1046
1044,c,1046
1042,f,1046
1044,f,1046
1046,e,1047
1046,c,1047
1048,e,1047
1047,c,1047
1048,c,1047
1047,e,1047
1043,c,1047
1045,e,1047
1044,c,1047
1044,e,1047
1045,c,1047
1043,e,1047
1047,e,1048
1048,e,1048
1048,f,1048
1049,e,1048
1047,f,1048
1044,f,1048
1049,f,1048
1046,e,1048
1045,e,1048
1045,f,1048
1046,f,1048
1044,e,1048
1049,f,1049
1048,f,1049
1045,f,1049
1050,f,1049
1047,f,1049
1046,f,1049
1050,c,1050
1050,e,1050
1049,c,1050
1051,e,1050
1049,e,1050
1051,c,1050
1047,c,1050
1048,e,1050
1048,c,1050
1046,c,1050
1046,e,1050
1047,e,1050
1050,e,1051
1051,e,1051
1051,f,1051
1050,f,1051
1052,e,1051
1047,f,1051
1052,f,1051
1048,f,1051
1047,e,1051
1049,e,1051
1049,f,1051
1048,e,1051
1048,f,1052
1051,f,1052
1052,f,1052
1053,a,1052
1053,f,1052
1050,f,1052
1050,a,1052
1048,a,1052
1049,a,1052
1049,f,1052
1052,a,1052
1051,a,1052
1054,d,1053
1053,d,1053
1053,b,1053
1052,b,1053
1052,d,1053
1054,b,1053
1051,d,1053
1051,b,1053
1049,d,1053
1050,b,1053
1050,d,1053
1049,b,1053
1051,f,1054
1054,c,1054
1054,f,1054
1055,d,1054
1055,c,1054
1053,f,1054
1053,c,1054
1053,d,1054
1050,d,1054
1055,f,1054
1052,f,1054
1052,c,1054
1052,d,1054
1050,c,1054
1050,f,1054
1051,d,1054
1051,c,1054
1054,d,1054
1055,e,1055
1056,f,1055
1054,e,1055
1054,f,1055
1056,e,1055
1055,f,1055
1051,f,1055
1053,f,1055
1052,e,1055
1051,e,1055
1053,e,1055
1052,f,1055
1057,f,1056
1054,c,1056
1053,c,1056
1052,f,1056
1052,c,1056
1053,f,1056
1055,c,1056
1055,f,1056
1057,c,1056
1056,f,1056
1054,f,1056
1056,c,1056
1058,e,1057
1057,e,1057
1056,e,1057
1053,e,1057
1055,e,1057
1054,e,1057
1054,f,1058
1055,e,1058
1055,f,1058
1056,f,1058
1056,e,1058
1059,e,1058
1054,e,1058
1059,f,1058
1057,f,1058
1057,e,1058
1058,f,1058
1058,e,1058
1060,f,1059
1058,f,1059
1057,f,1059
1055,f,1059
1059,f,1059
1056,f,1059
1060,f,1061
1061,f,1061
1062,f,1061
1059,f,1061
1058,f,1061
1057,f,1061
1059,d,1062
1058,d,1062
1060,d,1062
1063,d,1062
1061,d,1062
1062,d,1062
1059,a,1063
1064,a,1063
1063,f,1063
1063,a,1063
1062,f,1063
1062,a,1063
1064,f,1063
1060,a,1063
1061,f,1063
1061,a,1063
1060,f,1063
1059,f,1063
1064,b,1064
1061,d,1064
1065,b,1064
1063,d,1064
1063,b,1064
1060,b,1064
1060,d,1064
1062,d,1064
1062,b,1064
1061,b,1064
1065,d,1064
1064,d,1064
1065,c,1065
1065,f,1065
1066,c,1065
1064,f,1065
1064,c,1065
1066,f,1065
1061,c,1065
1063,f,1065
1063,c,1065
1062,f,1065
1062,c,1065
1061,f,1065
1065,e,1066
1063,e,1066
1064,e,1066
1066,e,1066
1062,e,1066
1067,e,1066
1066,f,1067
1068,f,1067
1067,f,1067
1063,f,1067
1065,f,1067
1064,f,1067
1067,e,1068
1069,c,1068
1068,e,1068
1067,c,1068
1069,e,1068
1064,e,1068
1066,e,1068
1066,c,1068
1065,e,1068
1065,c,1068
1064,c,1068
1068,c,1068
1069,f,1069
1070,f,1069
1070,e,1069
1068,e,1069
1068,f,1069
1069,e,1069
1067,f,1069
1067,e,1069
1066,e,1069
1066,f,1069
1065,f,1069
1065,e,1069
1067,f,1070
1068,f,1070
1071,f,1070
1066,f,1070
1069,f,1070
1070,f,1070
1071,f,1071
1070,f,1071
1072,f,1071
1069,f,1071
1067,f,1071
1068,f,1071
1073,b,1072
1072,b,1072
1069,b,1072
1070,b,1072
1071,b,1072
1068,b,1072
1072,c,1073
1072,e,1073
1074,c,1073
1073,e,1073
1073,f,1073
1069,f,1073
1072,f,1073
1074,f,1073
1069,e,1073
1071,e,1073
1073,c,1073
1071,c,1073
1070,e,1073
1070,f,1073
1070,c,1073
1069,c,1073
1074,e,1073
1071,f,1073
1073,e,1074
1073,f,1074
1074,f,1074
1074,e,1074
1075,f,1074
1072,e,1074
1072,f,1074
1075,e,1074
1070,f,1074
1070,e,1074
1071,f,1074
1071,e,1074
1071,a,1075
1075,a,1075
1075,f,1075
1074,f,1075
1074,a,1075
1072,a,1075
1076,a,1075
1076,f,1075
1073,f,1075
1073,a,1075
1071,f,1075
1072,f,1075
1076,b,1076
1076,d,1076
1075,d,1076
1075,b,1076
1077,b,1076
1077,d,1076
1074,d,1076
1074,b,1076
1072,b,1076
1072,d,1076
1073,b,1076
1073,d,1076
1074,f,1077
1078,f,1077
1077,f,1077
1077,c,1077
1076,f,1077
1078,c,1077
1076,c,1077
1073,f,1077
1074,c,1077
1075,c,1077
1075,f,1077
1073,c,1077
1077,e,1078
1075,e,1078
1078,e,1078
1074,e,1078
1079,e,1078
1076,e,1078
1078,e,1079
1079,e,1079
1080,e,1079
1079,f,1079
1079,b,1079
1078,f,1079
1078,b,1079
1080,b,1079
1080,f,1079
1077,f,1079
1077,b,1079
1076,e,1079
1076,f,1079
1075,b,1079
1075,f,1079
1075,e,1079
1076,b,1079
1077,e,1079
1077,f,1080
1080,c,1080
1080,f,1080
1079,f,1080
1079,c,1080
1081,c,1080
1081,f,1080
1078,f,1080
1078,c,1080
1076,c,1080
1076,f,1080
1077,c,1080
1080,e,1081
1080,c,1081
1082,e,1081
1081,c,1081
1080,a,1081
1081,e,1081
1082,a,1081
1082,c,1081
1081,a,1081
1078,c,1081
1077,a,1081
1077,c,1081
1078,e,1081
1078,a,1081
1077,e,1081
1079,e,1081
1079,c,1081
1079,a,1081
1083,d,1082
1081,b,1082
1081,d,1082
1083,b,1082
1081,e,1082
1078,b,1082
1079,e,1082
1082,e,1082
1082,f,1082
1081,f,1082
1078,d,1082
1082,b,1082
1083,f,1082
1079,f,1082
1079,d,1082
1079,b,1082
1082,d,1082
1078,f,1082
1080,b,1082
1078,e,1082
1080,f,1082
1080,e,1082
1083,e,1082
1080,d,1082
1083,f,1083
1082,e,1083
1082,f,1083
1082,c,1083
1083,c,1083
1083,e,1083
1084,e,1083
1079,c,1083
1084,f,1083
1079,f,1083
1084,c,1083
1081,e,1083
1081,f,1083
1079,e,1083
1080,c,1083
1081,c,1083
1080,f,1083
1080,e,1083
1080,f,1084
1084,f,1084
1084,e,1084
1083,e,1084
1083,f,1084
1081,e,1084
1080,e,1084
1085,f,1084
1085,e,1084
1082,e,1084
1082,f,1084
1081,f,1084
1085,b,1085
1084,f,1085
1084,b,1085
1086,f,1085
1085,f,1085
1086,b,1085
1082,f,1085
1083,f,1085
1083,b,1085
1081,b,1085
1081,f,1085
1082,b,1085
1083,f,1086
1087,c,1086
1086,f,1086
1086,c,1086
1087,f,1086
1085,f,1086
1085,c,1086
1082,c,1086
1082,f,1086
1084,f,1086
1084,c,1086
1083,c,1086
1087,e,1087
1085,e,1087
1083,e,1087
1084,e,1087
1086,e,1087
1088,e,1087
1088,d,1089
1090,c,1089
1089,d,1089
1089,c,1089
1090,d,1089
1088,c,1089
1087,c,1089
1085,c,1089
1085,d,1089
1087,d,1089
1086,d,1089
1086,c,1089
1090,f,1090
1090,e,1090
1089,e,1090
1089,f,1090
1089,a,1090
1091,a,1090
1091,f,1090
1091,e,1090
1090,a,1090
1087,a,1090
1087,f,1090
1088,e,1090
1088,f,1090
1088,a,1090
1086,a,1090
1087,e,1090
1086,f,1090
1086,e,1090
1091,d,1091
1090,a,1091
1090,b,1091
1090,d,1091
1092,b,1091
1092,d,1091
1092,a,1091
1090,f,1091
1091,b,1091
1092,f,1091
1091,a,1091
1091,f,1091
1087,a,1091
1087,b,1091
1087,d,1091
1087,f,1091
1088,a,1091
1088,d,1091
1089,f,1091
1089,d,1091
1089,b,1091
1089,a,1091
1088,f,1091
1088,b,1091
1092,d,1092
1093,c,1092
1091,b,1092
1091,d,1092
1092,f,1092
1091,f,1092
1093,d,1092
1093,b,1092
1092,c,1092
1091,c,1092
1088,b,1092
1088,d,1092
1088,c,1092
1089,c,1092
1089,d,1092
1089,b,1092
1088,f,1092
1092,b,1092
1090,b,1092
1090,d,1092
1089,f,1092
1090,f,1092
1093,f,1092
1090,c,1092
1094,c,1093
1092,f,1093
1092,c,1093
1093,e,1093
1093,f,1093
1093,c,1093
1094,f,1093
1094,e,1093
1092,e,1093
1089,c,1093
1089,e,1093
1091,e,1093
1089,f,1093
1090,f,1093
1090,e,1093
1091,f,1093
1091,c,1093
1090,c,1093
1094,f,1094
1094,e,1094
1093,e,1094
1093,f,1094
1090,f,1094
1090,e,1094
1095,e,1094
1092,e,1094
1092,f,1094
1091,f,1094
1091,e,1094
1095,f,1094
1095,b,1095
1095,f,1095
1094,f,1095
1094,b,1095
1091,b,1095
1096,b,1095
1091,f,1095
1093,f,1095
1093,b,1095
1092,b,1095
1096,f,1095
1092,f,1095
1093,c,1096
1094,c,1096
1096,c,1096
1097,c,1096
1095,c,1096
1092,c,1096
1097,e,1097
1096,e,1097
1098,e,1097
1097,a,1097
1096,a,1097
1098,a,1097
1094,e,1097
1095,e,1097
1095,a,1097
1093,a,1097
1093,e,1097
1094,a,1097
1095,f,1098
1099,f,1098
1095,d,1098
1098,f,1098
1098,d,1098
1098,b,1098
1099,d,1098
1097,d,1098
1097,b,1098
1094,b,1098
1097,f,1098
1099,b,1098
1094,d,1098
1096,b,1098
1094,f,1098
1096,d,1098
1095,b,1098
1096,f,1098
1097,c,1099
1097,f,1099
1099,c,1099
1096,c,1099
1095,f,1099
1100,f,1099
1100,c,1099
1098,f,1099
1096,f,1099
1098,c,1099
1095,c,1099
1099,f,1099
1101,d,1100
1101,b,1100
1100,b,1100
1100,d,1100
1100,e,1100
1101,e,1100
1099,d,1100
1099,e,1100
1099,b,1100
1096,b,1100
1096,d,1100
1096,e,1100
1098,e,1100
1098,d,1100
1098,b,1100
1097,b,1100
1097,d,1100
1097,e,1100
1101,c,1101
1102,c,1101
1102,f,1101
1102,e,1101
1100,e,1101
1100,f,1101
1100,c,1101
1097,f,1101
1101,f,1101
1099,e,1101
1099,f,1101
1099,c,1101
1097,e,1101
1098,c,1101
1098,f,1101
1098,e,1101
1097,c,1101
1101,e,1101
1102,f,1102
1102,e,1102
1103,f,1102
1103,e,1102
1101,e,1102
1098,e,1102
1098,f,1102
1100,e,1102
1100,f,1102
1099,e,1102
1101,f,1102
1099,f,1102
1101,f,1103
1100,f,1103
1099,f,1103
1102,f,1103
1104,f,1103
1103,f,1103
1104,d,1105
1106,d,1105
1103,d,1105
1105,d,1105
1102,d,1105
1101,d,1105
1106,b,1106
1107,b,1106
1105,f,1106
1105,b,1106
1107,f,1106
1106,f,1106
1104,b,1106
1104,f,1106
1102,b,1106
1102,f,1106
1103,f,1106
1103,b,1106
1104,f,1107
1108,c,1107
1107,f,1107
1107,c,1107
1106,f,1107
1108,f,1107
1106,c,1107
1105,f,1107
1105,c,1107
1103,c,1107
1103,f,1107
1104,c,1107
1105,e,1108
1106,e,1108
1109,e,1108
1107,e,1108
1104,e,1108
1108,e,1108
1110,f,1109
1108,f,1109
1109,f,1109
1106,f,1109
1105,f,1109
1107,f,1109
1112,c,1113
1114,c,1113
1109,c,1113
1110,c,1113
1111,c,1113
1113,c,1113
1113,e,1114
1113,f,1114
1112,e,1114
1114,e,1114
1114,f,1114
1115,f,1114
1111,e,1114
1111,f,1114
1110,e,1114
1110,f,1114
1115,e,1114
1112,f,1114
1114,f,1115
1112,f,1115
1116,f,1115
1113,f,1115
1111,f,1115
1115,f,1115
1117,f,1117
1118,f,1117
1116,f,1117
1114,f,1117
1113,f,1117
1115,f,1117
1117,a,1121
1118,a,1121
1119,a,1121
1122,a,1121
1120,a,1121
1121,a,1121
1123,d,1122
1123,b,1122
1122,b,1122
1121,d,1122
1121,b,1122
1122,d,1122
1120,d,1122
1120,b,1122
1118,d,1122
1119,b,1122
1119,d,1122
1118,b,1122
1123,c,1123
1123,f,1123
1122,f,1123
1122,c,1123
1120,c,1123
1124,f,1123
1121,f,1123
1121,c,1123
1119,c,1123
1119,f,1123
1120,f,1123
1124,c,1123
1124,e,1124
1123,e,1124
1125,e,1124
1122,e,1124
1120,e,1124
1121,e,1124
1122,f,1125
1125,a,1125
1122,a,1125
1121,f,1125
1123,a,1125
1123,f,1125
1124,f,1125
1126,f,1125
1126,a,1125
1124,a,1125
1125,f,1125
1121,a,1125
1125,d,1126
1127,b,1126
1126,b,1126
1127,d,1126
1125,b,1126
1126,d,1126
1124,d,1126
1122,b,1126
1123,d,1126
1123,b,1126
1122,d,1126
1124,b,1126
1124,f,1127
1123,b,1127
1126,b,1127
1126,c,1127
1126,f,1127
1126,e,1127
1128,c,1127
1128,b,1127
1127,e,1127
1127,f,1127
1127,c,1127
1128,e,1127
1128,f,1127
1124,b,1127
1124,e,1127
1124,c,1127
1123,e,1127
1123,f,1127
1123,c,1127
1127,b,1127
1125,c,1127
1125,f,1127
1125,e,1127
1125,b,1127
1129,c,1128
1127,e,1128
1127,f,1128
1127,c,1128
1129,f,1128
1129,e,1128
1128,e,1128
1128,f,1128
1128,c,1128
1124,c,1128
1126,e,1128
1124,f,1128
1124,e,1128
1125,c,1128
1125,f,1128
1125,e,1128
1126,f,1128
1126,c,1128
1128,e,1129
1129,e,1129
1129,f,1129
1130,f,1129
1128,f,1129
1125,f,1129
1130,e,1129
1127,f,1129
1126,e,1129
1126,f,1129
1125,e,1129
1127,e,1129
1130,f,1130
1130,e,1130
1131,f,1130
1129,e,1130
1129,f,1130
1126,f,1130
1126,e,1130
1128,e,1130
1128,f,1130
1127,f,1130
1127,e,1130
1131,e,1130
1131,d,1131
1131,f,1131
1131,e,1131
1130,e,1131
1130,f,1131
1130,d,1131
1132,e,1131
1132,f,1131
1132,d,1131
1129,f,1131
1129,e,1131
1127,d,1131
1127,f,1131
1127,e,1131
1128,d,1131
1128,f,1131
1129,d,1131
1128,e,1131
1131,f,1132
1132,f,1132
1133,f,1132
1129,f,1132
1130,f,1132
1128,f,1132
1130,d,1133
1133,c,1133
1132,c,1133
1132,d,1133
1133,d,1133
1129,d,1133
1134,d,1133
1134,c,1133
1131,c,1133
1131,d,1133
1129,c,1133
1130,c,1133
1133,e,1134
1135,e,1134
1134,e,1134
1130,e,1134
1132,e,1134
1131,e,1134
1135,f,1135
1134,f,1135
1131,f,1135
1135,e,1135
1136,f,1135
1136,e,1135
1133,e,1135
1133,f,1135
1131,e,1135
1132,f,1135
1132,e,1135
1134,e,1135
1135,a,1136
1135,f,1136
1132,f,1136
1137,a,1136
1137,f,1136
1136,f,1136
1136,a,1136
1132,a,1136
1134,f,1136
1134,a,1136
1133,a,1136
1133,f,1136
1135,b,1137
1137,b,1137
1137,d,1137
1136,d,1137
1136,b,1137
1133,b,1137
1134,b,1137
1133,d,1137
1134,d,1137
1138,b,1137
1138,d,1137
1135,d,1137
1137,f,1138
1137,c,1138
1138,c,1138
1138,f,1138
1134,f,1138
1139,c,1138
1136,f,1138
1136,c,1138
1134,c,1138
1135,c,1138
1135,f,1138
1139,f,1138
1140,b,1139
1138,e,1139
1138,b,1139
1135,b,1139
1139,e,1139
1140,e,1139
1137,e,1139
1137,b,1139
1135,e,1139
1136,b,1139
1136,e,1139
1139,b,1139
1140,f,1140
1139,f,1140
1139,c,1140
1140,c,1140
1137,f,1140
1141,c,1140
1138,f,1140
1138,c,1140
1136,c,1140
1136,f,1140
1137,c,1140
1141,f,1140
1141,e,1141
1140,e,1141
1142,e,1141
1139,e,1141
1137,e,1141
1138,e,1141
1143,a,1142
1142,a,1142
1142,f,1142
1141,a,1142
1143,f,1142
1141,f,1142
1138,f,1142
1140,f,1142
1140,a,1142
1139,a,1142
1139,f,1142
1138,a,1142
1144,d,1143
1143,d,1143
1144,b,1143
1142,d,1143
1142,b,1143
1139,b,1143
1143,b,1143
1141,d,1143
1141,b,1143
1139,d,1143
1140,b,1143
1140,d,1143
1144,f,1144
1145,c,1144
1143,f,1144
1143,c,1144
1144,c,1144
1140,c,1144
1145,f,1144
1142,f,1144
1140,f,1144
1142,c,1144
1141,f,1144
1141,c,1144
1142,e,1145
1145,e,1145
1144,e,1145
1146,e,1145
1143,e,1145
1141,e,1145
1144,f,1146
1146,f,1146
1143,f,1146
1145,f,1146
1147,f,1146
1142,f,1146
1147,c,1148
1147,a,1148
1146,c,1148
1146,a,1148
1148,c,1148
1145,c,1148
1149,a,1148
1149,c,1148
1148,a,1148
1145,a,1148
1144,c,1148
1144,a,1148
1150,d,1149
1148,e,1149
1148,d,1149
1148,b,1149
1149,b,1149
1150,b,1149
1150,e,1149
1146,d,1149
1147,e,1149
1147,d,1149
1147,b,1149
1146,e,1149
1146,b,1149
1145,e,1149
1145,d,1149
1145,b,1149
1149,d,1149
1149,e,1149
1150,c,1150
1151,c,1150
1151,f,1150
1149,f,1150
1149,c,1150
1150,f,1150
1146,c,1150
1146,f,1150
1148,f,1150
1148,c,1150
1147,c,1150
1147,f,1150
1148,e,1151
1152,e,1151
1150,e,1151
1151,e,1151
1149,e,1151
1147,e,1151
1150,f,1152
1153,f,1152
1149,f,1152
1148,f,1152
1151,f,1152
1152,f,1152
1149,d,1153
1153,d,1153
1152,d,1153
1154,d,1153
1151,d,1153
1150,d,1153
1154,f,1154
1152,f,1154
1155,f,1154
1150,f,1154
1153,f,1154
1151,f,1154
1154,c,1155
1155,c,1155
1156,c,1155
1153,c,1155
1152,c,1155
1151,c,1155
1153,e,1156
1152,e,1156
1154,e,1156
1157,e,1156
1155,e,1156
1156,e,1156
1153,f,1157
1156,f,1157
1158,f,1157
1155,f,1157
1154,f,1157
1157,f,1157
1157,c,1158
1159,c,1158
1158,c,1158
1156,c,1158
1154,c,1158
1155,c,1158
1159,a,1159
1158,e,1159
1159,e,1159
1158,a,1159
1157,e,1159
1160,a,1159
1155,a,1159
1156,e,1159
1156,a,1159
1155,e,1159
1160,e,1159
1157,a,1159
1157,b,1160
1160,b,1160
1160,d,1160
1160,f,1160
1159,f,1160
1159,d,1160
1159,b,1160
1161,b,1160
1161,d,1160
1161,f,1160
1157,f,1160
1157,d,1160
1158,f,1160
1158,d,1160
1158,b,1160
1156,b,1160
1156,d,1160
1156,f,1160
1162,f,1161
1160,a,1161
1161,c,1161
1160,f,1161
1161,a,1161
1162,a,1161
1161,f,1161
1160,c,1161
1162,c,1161
1159,c,1161
1158,c,1161
1157,a,1161
1157,c,1161
1159,f,1161
1157,f,1161
1159,a,1161
1158,a,1161
1158,f,1161
1162,b,1162
1163,b,1162
1163,d,1162
1163,e,1162
1161,e,1162
1161,d,1162
1161,b,1162
1158,b,1162
1158,d,1162
1158,e,1162
1160,e,1162
1160,d,1162
1160,b,1162
1159,b,1162
1159,d,1162
1159,e,1162
1162,d,1162
1162,e,1162
1163,c,1163
1163,f,1163
1164,c,1163
1164,f,1163
1162,f,1163
1159,f,1163
1159,c,1163
1161,f,1163
1161,c,1163
1162,c,1163
1160,f,1163
1160,c,1163
1164,e,1164
1162,e,1164
1161,e,1164
1160,e,1164
1163,e,1164
1165,e,1164
1166,f,1165
1165,f,1165
1161,f,1165
1163,f,1165
1162,f,1165
1164,f,1165
1164,c,1168
1165,c,1168
1166,c,1168
1169,c,1168
1167,c,1168
1168,c,1168
1168,e,1169
1170,e,1169
1169,e,1169
1165,e,1169
1167,e,1169
1166,e,1169
1168,f,1170
1166,f,1170
1169,f,1170
1170,f,1170
1171,f,1170
1167,f,1170
1173,d,1174
1175,d,1174
1172,d,1174
1174,d,1174
1171,d,1174
1170,d,1174
1172,f,1175
1173,f,1175
1174,f,1175
1175,f,1175
1176,f,1175
1171,f,1175
1179,e,1179
1179,a,1179
1178,e,1179
1177,e,1179
1177,a,1179
1178,a,1179
1180,e,1179
1176,e,1179
1180,a,1179
1176,a,1179
1175,e,1179
1175,a,1179
1180,b,1180
1180,d,1180
1180,f,1180
1179,f,1180
1179,d,1180
1179,b,1180
1181,b,1180
1181,d,1180
1176,d,1180
1176,f,1180
1181,f,1180
1178,f,1180
1178,d,1180
1178,b,1180
1176,b,1180
1177,b,1180
1177,d,1180
1177,f,1180
1180,d,1181
1180,c,1181
1181,c,1181
1181,d,1181
1182,c,1181
1182,d,1181
1181,f,1181
1180,f,1181
1182,f,1181
1179,d,1181
1177,c,1181
1179,f,1181
1179,c,1181
1177,f,1181
1178,d,1181
1178,c,1181
1178,f,1181
1177,d,1181
1182,f,1182
1182,e,1182
1181,e,1182
1181,f,1182
1178,f,1182
1180,e,1182
1183,e,1182
1180,f,1182
1179,f,1182
1179,e,1182
1183,f,1182
1178,e,1182
1183,a,1183
1183,f,1183
1179,f,1183
1184,a,1183
1184,f,1183
1182,f,1183
1182,a,1183
1179,a,1183
1181,a,1183
1180,f,1183
1180,a,1183
1181,f,1183
1180,b,1184
1183,d,1184
1183,c,1184
1183,e,1184
1184,b,1184
1184,c,1184
1184,d,1184
1184,e,1184
1185,b,1184
1185,d,1184
1185,c,1184
1185,e,1184
1180,d,1184
1180,c,1184
1183,b,1184
1181,c,1184
1181,b,1184
1182,b,1184
1182,d,1184
1180,e,1184
1181,e,1184
1181,d,1184
1182,e,1184
1182,c,1184
1185,f,1185
1185,c,1185
1184,c,1185
1185,e,1185
1184,e,1185
1186,c,1185
1184,f,1185
1186,f,1185
1186,e,1185
1181,e,1185
1181,f,1185
1182,e,1185
1181,c,1185
1182,f,1185
1183,e,1185
1183,f,1185
1183,c,1185
1182,c,1185
1187,e,1186
1187,f,1186
1186,e,1186
1186,f,1186
1182,f,1186
1185,e,1186
1182,e,1186
1183,f,1186
1183,e,1186
1185,f,1186
1184,e,1186
1184,f,1186
1185,f,1187
1188,f,1187
1183,f,1187
1187,f,1187
1184,f,1187
1186,f,1187
1192,c,1193
1189,c,1193
1190,c,1193
1191,c,1193
1194,c,1193
1193,c,1193
1194,e,1194
1193,e,1194
1195,e,1194
1192,e,1194
1190,e,1194
1191,e,1194
1192,f,1195
1195,f,1195
1195,b,1195
1192,b,1195
1196,f,1195
1194,f,1195
1194,b,1195
1196,b,1195
1193,f,1195
1193,b,1195
1191,b,1195
1191,f,1195
1194,c,1196
1193,f,1196
1193,c,1196
1194,f,1196
1196,c,1196
1197,f,1196
1197,c,1196
1196,f,1196
1192,f,1196
1192,c,1196
1195,c,1196
1195,f,1196
1197,e,1197
1198,b,1197
1197,b,1197
1196,b,1197
1196,e,1197
1198,e,1197
1193,b,1197
1195,e,1197
1195,b,1197
1193,e,1197
1194,b,1197
1194,e,1197
1198,f,1198
1197,f,1198
1194,c,1198
1198,c,1198
1197,c,1198
1199,f,1198
1196,f,1198
1196,c,1198
1194,f,1198
1195,c,1198
1195,f,1198
1199,c,1198
1198,e,1199
1198,f,1199
1200,f,1199
1195,f,1199
1195,e,1199
1197,e,1199
1197,f,1199
1199,f,1199
1196,e,1199
1196,f,1199
1200,e,1199
1199,e,1199
1201,f,1200
1199,f,1200
1200,f,1200
1198,f,1200
1197,f,1200
1196,f,1200
1199,e,1202
1203,e,1202
1200,e,1202
1198,e,1202
1202,e,1202
1201,e,1202
1203,f,1203
1201,f,1203
1202,f,1203
1204,f,1203
1199,f,1203
1200,f,1203
1204,b,1204
1203,b,1204
1203,a,1204
1204,a,1204
1205,a,1204
1205,b,1204
1200,b,1204
1201,a,1204
1201,b,1204
1202,a,1204
1200,a,1204
1202,b,1204
1205,f,1205
1204,a,1205
1204,b,1205
1206,f,1205
1206,c,1205
1206,d,1205
1204,d,1205
1204,c,1205
1204,f,1205
1206,a,1205
1205,a,1205
1205,d,1205
1205,c,1205
1206,b,1205
1205,b,1205
1201,b,1205
1202,f,1205
1202,c,1205
1201,f,1205
1203,a,1205
1203,b,1205
1203,d,1205
1203,f,1205
1203,c,1205
1201,d,1205
1202,a,1205
1201,a,1205
1202,b,1205
1202,d,1205
1201,c,1205
1205,c,1206
1205,b,1206
1205,d,1206
1205,f,1206
1203,d,1206
1207,c,1206
1207,d,1206
1207,b,1206
1206,c,1206
1206,b,1206
1206,d,1206
1205,e,1206
1206,e,1206
1202,b,1206
1202,d,1206
1203,c,1206
1203,f,1206
1203,e,1206
1202,e,1206
1202,f,1206
1203,b,1206
1202,c,1206
1204,b,1206
1206,f,1206
1204,c,1206
1204,f,1206
1204,e,1206
1207,e,1206
1207,f,1206
1204,d,1206
1206,f,1207
1206,c,1207
1207,e,1207
1207,f,1207
1208,c,1207
1208,f,1207
1208,e,1207
1207,c,1207
1206,e,1207
1203,e,1207
1203,c,1207
1203,f,1207
1204,c,1207
1204,f,1207
1205,e,1207
1205,f,1207
1205,c,1207
1204,e,1207
1207,f,1208
1208,e,1208
1208,f,1208
1207,e,1208
1209,e,1208
1209,f,1208
1204,e,1208
1205,e,1208
1205,f,1208
1206,f,1208
1206,e,1208
1204,f,1208
1205,f,1209
1209,a,1209
1209,f,1209
1208,f,1209
1208,a,1209
1205,a,1209
1207,f,1209
1207,a,1209
1206,a,1209
1206,f,1209
1210,a,1209
1210,f,1209
1209,d,1210
1211,b,1210
1210,d,1210
1209,b,1210
1210,b,1210
1208,d,1210
1208,b,1210
1207,d,1210
1207,b,1210
1206,d,1210
1206,b,1210
1211,d,1210
1211,c,1211
1210,c,1211
1212,c,1211
1208,c,1211
1207,c,1211
1209,c,1211
1209,e,1212
1213,e,1212
1211,e,1212
1212,e,1212
1208,e,1212
1210,e,1212
1211,f,1213
1210,f,1213
1209,f,1213
1212,f,1213
1213,f,1213
1214,f,1213
1220,c,1219
1220,f,1219
1219,c,1219
1218,f,1219
1218,c,1219
1217,f,1219
1219,f,1219
1216,f,1219
1216,c,1219
1215,f,1219
1217,c,1219
1215,c,1219
1217,e,1220
1216,e,1220
1218,e,1220
1221,e,1220
1219,e,1220
1220,e,1220
1221,f,1221
1220,f,1221
1222,f,1221
1219,f,1221
1218,f,1221
1217,f,1221
1219,f,1223
1224,e,1223
1224,f,1223
1219,e,1223
1223,e,1223
1223,f,1223
1222,e,1223
1222,f,1223
1221,e,1223
1221,f,1223
1220,e,1223
1220,f,1223
1221,f,1224
1222,f,1224
1223,f,1224
1220,f,1224
1224,f,1224
1225,f,1224
1225,a,1227
1228,a,1227
1226,a,1227
1223,a,1227
1224,a,1227
1227,a,1227
1229,d,1228
1229,e,1228
1228,e,1228
1228,d,1228
1228,b,1228
1227,e,1228
1227,b,1228
1229,b,1228
1227,d,1228
1225,b,1228
1224,b,1228
1224,d,1228
1224,e,1228
1225,d,1228
1225,e,1228
1226,e,1228
1226,d,1228
1226,b,1228
1227,c,1229
1230,f,1229
1229,f,1229
1229,c,1229
1226,f,1229
1225,f,1229
1228,f,1229
1226,c,1229
1230,c,1229
1225,c,1229
1227,f,1229
1228,c,1229
1231,e,1230
1230,e,1230
1226,e,1230
1227,e,1230
1229,e,1230
1228,e,1230
1230,f,1231
1230,d,1231
1232,f,1231
1232,d,1231
1228,f,1231
1229,d,1231
1231,d,1231
1228,d,1231
1227,f,1231
1227,d,1231
1229,f,1231
1231,f,1231
1232,f,1232
1231,f,1232
1233,f,1232
1229,f,1232
1230,f,1232
1228,f,1232
1231,b,1234
1233,d,1234
1233,b,1234
1234,d,1234
1235,b,1234
1235,d,1234
1230,d,1234
1234,b,1234
1232,b,1234
1230,b,1234
1231,d,1234
1232,d,1234
1236,f,1235
1236,c,1235
1234,f,1235
1234,c,1235
1235,c,1235
1235,f,1235
1231,f,1235
1233,f,1235
1233,c,1235
1231,c,1235
1232,c,1235
1232,f,1235
1236,e,1236
1235,e,1236
1233,e,1236
1234,e,1236
1232,e,1236
1237,e,1236
1236,f,1237
1235,f,1237
1238,f,1237
1233,f,1237
1234,f,1237
1237,f,1237
1238,c,1238
1238,e,1238
1237,e,1238
1237,c,1238
1236,e,1238
1235,e,1238
1234,c,1238
1234,e,1238
1235,c,1238
1239,e,1238
1239,c,1238
1236,c,1238
1235,e,1239
1239,f,1239
1238,e,1239
1238,f,1239
1236,e,1239
1240,e,1239
1239,e,1239
1240,f,1239
1237,e,1239
1237,f,1239
1235,f,1239
1236,f,1239
1240,f,1240
1239,f,1240
1240,d,1240
1239,d,1240
1238,d,1240
1237,f,1240
1236,d,1240
1236,f,1240
1237,d,1240
1241,f,1240
1238,f,1240
1241,d,1240
1238,e,1241
1240,e,1241
1238,a,1241
1242,a,1241
1242,f,1241
1242,e,1241
1238,f,1241
1240,f,1241
1241,e,1241
1240,a,1241
1239,e,1241
1239,f,1241
1239,a,1241
1237,a,1241
1237,f,1241
1237,e,1241
1241,a,1241
1241,f,1241
1241,b,1242
1241,d,1242
1241,f,1242
1241,a,1242
1242,e,1242
1243,f,1242
1243,d,1242
1243,b,1242
1242,a,1242
1242,b,1242
1242,d,1242
1242,f,1242
1243,a,1242
1243,e,1242
1241,e,1242
1239,e,1242
1238,d,1242
1239,b,1242
1239,a,1242
1238,e,1242
1238,f,1242
1239,d,1242
1240,a,1242
1240,b,1242
1239,f,1242
1240,f,1242
1240,e,1242
1238,b,1242
1238,a,1242
1240,d,1242
1244,b,1243
1244,d,1243
1242,f,1243
1242,c,1243
1242,d,1243
1242,b,1243
1243,c,1243
1243,b,1243
1243,d,1243
1239,b,1243
1243,f,1243
1239,d,1243
1239,c,1243
1244,c,1243
1244,f,1243
1240,f,1243
1241,f,1243
1241,c,1243
1241,d,1243
1240,c,1243
1240,d,1243
1240,b,1243
1241,b,1243
1239,f,1243
1244,e,1244
1245,e,1244
1245,f,1244
1243,e,1244
1244,f,1244
1244,c,1244
1243,c,1244
1245,c,1244
1243,f,1244
1242,c,1244
1240,e,1244
1241,c,1244
1241,f,1244
1241,e,1244
1240,c,1244
1242,f,1244
1240,f,1244
1242,e,1244
1241,e,1245
1246,e,1245
1243,e,1245
1244,e,1245
1245,e,1245
1242,e,1245
1245,b,1246
1246,b,1246
1242,b,1246
1247,b,1246
1244,b,1246
1243,b,1246
1247,c,1247
1247,f,1247
1246,f,1247
1246,c,1247
1246,b,1247
1243,b,1247
1248,b,1247
1248,c,1247
1248,f,1247
1244,c,1247
1244,f,1247
1244,b,1247
1245,f,1247
1245,c,1247
1245,b,1247
1243,c,1247
1243,f,1247
1247,b,1247
1249,e,1248
1249,f,1248
1247,a,1248
1247,c,1248
1247,f,1248
1248,f,1248
1249,a,1248
1248,e,1248
1247,e,1248
1248,c,1248
1249,c,1248
1248,a,1248
1246,c,1248
1245,e,1248
1245,c,1248
1244,a,1248
1244,c,1248
1244,f,1248
1246,e,1248
1246,f,1248
1244,e,1248
1246,a,1248
1245,f,1248
1245,a,1248
1248,b,1249
1248,d,1249
1245,b,1249
1248,e,1249
1250,d,1249
1250,b,1249
1249,b,1249
1248,f,1249
1249,e,1249
1249,f,1249
1245,d,1249
1245,f,1249
1250,f,1249
1250,e,1249
1247,e,1249
1247,f,1249
1247,d,1249
1247,b,1249
1246,e,1249
1246,f,1249
1245,e,1249
1249,d,1249
1246,b,1249
1246,d,1249
1251,c,1250
1249,f,1250
1250,c,1250
1249,c,1250
1251,f,1250
1250,f,1250
1246,f,1250
1247,c,1250
1247,f,1250
1246,c,1250
1248,f,1250
1248,c,1250
1251,e,1251
1250,e,1251
1247,e,1251
1249,e,1251
1248,e,1251
1252,e,1251
1252,d,1252
1252,f,1252
1251,f,1252
1251,d,1252
1248,d,1252
1253,f,1252
1250,f,1252
1250,d,1252
1248,f,1252
1249,f,1252
1249,d,1252
1253,d,1252
1250,f,1253
1251,f,1253
1254,f,1253
1249,f,1253
1252,f,1253
1253,f,1253
1254,e,1254
1253,e,1254
1255,e,1254
1252,e,1254
1251,e,1254
1250,e,1254
1253,f,1255
1251,f,1255
1254,f,1255
1255,f,1255
1252,f,1255
1256,f,1255
1258,c,1257
1253,c,1257
1254,c,1257
1255,c,1257
1257,c,1257
1256,c,1257
1257,e,1258
1259,e,1258
1258,e,1258
1255,e,1258
1254,e,1258
1256,e,1258
1259,d,1259
1259,f,1259
1258,f,1259
1258,d,1259
1260,f,1259
1260,d,1259
1257,f,1259
1257,d,1259
1256,f,1259
1256,d,1259
1255,f,1259
1255,d,1259
1256,f,1260
1258,f,1260
1259,f,1260
1261,f,1260
1257,f,1260
1260,f,1260
1261,f,1262
1263,f,1262
1260,f,1262
1262,f,1262
1259,f,1262
1258,f,1262
1263,d,1263
1262,d,1263
1264,f,1263
1263,f,1263
1264,d,1263
1262,f,1263
1261,f,1263
1261,d,1263
1260,d,1263
1260,f,1263
1259,f,1263
1259,d,1263
1265,f,1264
1263,f,1264
1264,f,1264
1262,f,1264
1260,f,1264
1261,f,1264
1264,a,1265
1264,c,1265
1266,a,1265
1265,c,1265
1266,c,1265
1261,a,1265
1263,c,1265
1265,a,1265
1262,c,1265
1262,a,1265
1261,c,1265
1263,a,1265
1266,d,1266
1266,b,1266
1267,b,1266
1267,d,1266
1267,e,1266
1265,d,1266
1265,b,1266
1266,e,1266
1265,e,1266
1264,e,1266
1264,d,1266
1264,b,1266
1262,b,1266
1262,d,1266
1262,e,1266
1263,b,1266
1263,e,1266
1263,d,1266
1264,f,1267
1268,f,1267
1268,c,1267
1267,f,1267
1266,f,1267
1266,c,1267
1267,c,1267
1263,f,1267
1264,c,1267
1263,c,1267
1265,c,1267
1265,f,1267
1269,e,1268
1268,e,1268
1267,e,1268
1264,e,1268
1265,e,1268
1266,e,1268
1265,b,1269
1270,b,1269
1269,f,1269
1269,b,1269
1265,f,1269
1268,b,1269
1266,b,1269
1268,f,1269
1267,b,1269
1270,f,1269
1267,f,1269
1266,f,1269
1270,f,1270
1269,f,1270
1269,c,1270
1266,f,1270
1266,c,1270
1270,c,1270
1271,f,1270
1268,f,1270
1268,c,1270
1267,c,1270
1267,f,1270
1271,c,1270
1270,e,1271
1271,e,1271
1272,e,1271
1269,e,1271
1267,e,1271
1268,e,1271
1269,f,1272
1272,f,1272
1271,f,1272
1273,f,1272
1270,f,1272
1268,f,1272
1270,d,1274
1274,a,1274
1275,a,1274
1273,a,1274
1272,d,1274
1272,b,1274
1272,a,1274
1270,a,1274
1273,b,1274
1273,d,1274
1275,d,1274
1275,b,1274
1271,d,1274
1271,b,1274
1271,a,1274
1270,b,1274
1274,b,1274
1274,d,1274
1275,f,1275
1274,d,1275
1274,c,1275
1274,f,1275
1275,c,1275
1275,d,1275
1275,b,1275
1274,b,1275
1273,f,1275
1273,b,1275
1276,f,1275
1271,b,1275
1271,d,1275
1271,c,1275
1271,f,1275
1273,d,1275
1272,b,1275
1276,b,1275
1276,d,1275
1276,c,1275
1273,c,1275
1272,f,1275
1272,c,1275
1272,d,1275
1276,a,1276
1276,e,1276
1275,c,1276
1275,f,1276
1275,e,1276
1277,c,1276
1277,a,1276
1275,a,1276
1277,f,1276
1276,f,1276
1273,f,1276
1276,c,1276
1272,a,1276
1272,c,1276
1274,e,1276
1274,f,1276
1274,c,1276
1274,a,1276
1272,f,1276
1272,e,1276
1273,a,1276
1273,e,1276
1277,e,1276
1273,c,1276
1276,b,1277
1276,d,1277
1277,b,1277
1276,e,1277
1278,f,1277
1278,d,1277
1277,e,1277
1278,e,1277
1277,f,1277
1277,d,1277
1276,f,1277
1278,b,1277
1274,b,1277
1273,e,1277
1274,f,1277
1275,e,1277
1275,f,1277
1274,e,1277
1273,b,1277
1273,d,1277
1273,f,1277
1274,d,1277
1275,d,1277
1275,b,1277
1277,f,1278
1279,c,1278
1278,c,1278
1278,f,1278
1279,f,1278
1277,c,1278
1275,f,1278
1274,c,1278
1274,f,1278
1276,f,1278
1276,c,1278
1275,c,1278
1277,e,1279
1280,e,1279
1279,e,1279
1276,e,1279
1275,e,1279
1278,e,1279
1279,f,1280
1279,a,1280
1280,a,1280
1280,f,1280
1278,f,1280
1281,a,1280
1276,a,1280
1281,f,1280
1276,f,1280
1277,a,1280
1278,a,1280
1277,f,1280
1278,a,1281
1280,b,1281
1280,a,1281
1282,a,1281
1282,b,1281
1282,d,1281
1282,c,1281
1279,c,1281
1280,d,1281
1279,d,1281
1279,a,1281
1278,b,1281
1278,d,1281
1278,c,1281
1281,a,1281
1281,b,1281
1281,d,1281
1279,b,1281
1281,c,1281
1277,d,1281
1277,b,1281
1277,a,1281
1277,c,1281
1280,c,1281
1281,f,1282
1281,c,1282
1281,d,1282
1281,b,1282
1282,b,1282
1282,d,1282
1282,c,1282
1282,f,1282
1282,e,1282
1283,b,1282
1283,d,1282
1283,c,1282
1281,e,1282
1283,f,1282
1283,e,1282
1278,b,1282
1279,e,1282
1279,f,1282
1279,c,1282
1279,d,1282
1279,b,1282
1278,e,1282
1280,b,1282
1280,d,1282
1278,d,1282
1280,f,1282
1280,e,1282
1278,f,1282
1278,c,1282
1280,c,1282
1279,a,1283
1284,f,1283
1282,e,1283
1282,f,1283
1282,c,1283
1282,a,1283
1283,e,1283
1283,f,1283
1283,c,1283
1283,a,1283
1284,a,1283
1284,c,1283
1284,e,1283
1280,e,1283
1280,f,1283
1280,c,1283
1280,a,1283
1279,f,1283
1281,a,1283
1281,c,1283
1279,e,1283
1281,e,1283
1281,f,1283
1279,c,1283
1285,d,1284
1285,b,1284
1283,e,1284
1283,f,1284
1283,d,1284
1283,b,1284
1284,e,1284
1284,f,1284
1284,d,1284
1284,b,1284
1285,f,1284
1285,e,1284
1280,f,1284
1280,b,1284
1282,d,1284
1280,d,1284
1281,e,1284
1281,f,1284
1281,b,1284
1282,f,1284
1282,b,1284
1280,e,1284
1281,d,1284
1282,e,1284
1284,f,1285
1285,f,1285
1285,c,1285
1285,b,1285
1281,b,1285
1281,c,1285
1281,f,1285
1284,b,1285
1284,c,1285
1286,b,1285
1286,c,1285
1286,f,1285
1283,f,1285
1283,c,1285
1283,b,1285
1282,b,1285
1282,c,1285
1282,f,1285
1285,f,1286
1285,c,1286
1286,c,1286
1286,f,1286
1287,f,1286
1285,e,1286
1282,e,1286
1284,e,1286
1284,f,1286
1284,c,1286
1286,e,1286
1283,e,1286
1283,f,1286
1283,c,1286
1282,c,1286
1282,f,1286
1287,e,1286
1287,c,1286
1287,f,1287
1287,e,1287
1288,f,1287
1288,e,1287
1285,e,1287
1286,f,1287
1285,f,1287
1284,e,1287
1284,f,1287
1283,e,1287
1283,f,1287
1286,e,1287
1288,e,1292
1289,e,1292
1293,e,1292
1290,e,1292
1292,e,1292
1291,e,1292
1293,f,1293
1292,f,1293
1294,f,1293
1290,f,1293
1289,f,1293
1291,f,1293
1291,b,1294
1294,d,1294
1295,b,1294
1293,d,1294
1293,b,1294
1294,b,1294
1295,d,1294
1291,d,1294
1292,d,1294
1292,b,1294
1290,b,1294
1290,d,1294
1296,c,1295
1296,f,1295
1294,f,1295
1295,f,1295
1295,c,1295
1294,c,1295
1293,f,1295
1293,c,1295
1292,f,1295
1292,c,1295
1291,f,1295
1291,c,1295
1293,e,1296
1294,e,1296
1297,e,1296
1292,e,1296
1295,e,1296
1296,e,1296
1297,f,1297
1296,f,1297
1298,f,1297
1294,f,1297
1293,f,1297
1295,f,1297
1299,f,1303
1300,f,1303
1301,f,1303
1302,f,1303
1303,f,1303
1304,f,1303
1305,b,1306
1307,b,1306
1304,b,1306
1303,b,1306
1302,b,1306
1306,b,1306
1308,f,1307
1307,f,1307
1306,f,1307
1306,c,1307
1308,c,1307
1307,c,1307
1305,f,1307
1305,c,1307
1304,f,1307
1304,c,1307
1303,f,1307
1303,c,1307
1307,e,1308
1304,e,1308
1306,e,1308
1309,e,1308
1305,e,1308
1308,e,1308
1309,f,1309
1308,f,1309
1305,f,1309
1306,f,1309
1307,f,1309
1310,f,1309
1311,f,1312
1313,f,1312
1312,f,1312
1309,f,1312
1308,f,1312
1310,f,1312
1310,d,1314
1311,d,1314
1312,d,1314
1315,d,1314
1314,d,1314
1313,d,1314
1315,f,1315
1314,f,1315
1316,f,1315
1313,f,1315
1311,f,1315
1312,f,1315
1316,a,1316
1312,a,1316
1314,a,1316
1315,a,1316
1313,a,1316
1317,a,1316
1318,d,1317
1316,b,1317
1316,d,1317
1317,b,1317
1317,d,1317
1317,f,1317
1318,b,1317
1316,f,1317
1318,f,1317
1313,f,1317
1313,b,1317
1314,b,1317
1314,d,1317
1314,f,1317
1313,d,1317
1315,d,1317
1315,f,1317
1315,b,1317
1318,c,1318
1318,f,1318
1317,f,1318
1317,c,1318
1315,c,1318
1314,f,1318
1315,f,1318
1319,f,1318
1316,f,1318
1316,c,1318
1314,c,1318
1319,c,1318
1318,e,1319
1319,e,1319
1315,e,1319
1320,e,1319
1316,e,1319
1317,e,1319
1320,b,1320
1320,f,1320
1319,f,1320
1319,b,1320
1319,a,1320
1316,a,1320
1316,b,1320
1321,a,1320
1321,b,1320
1321,f,1320
1320,a,1320
1318,f,1320
1318,b,1320
1318,a,1320
1316,f,1320
1317,a,1320
1317,b,1320
1317,f,1320
1322,b,1321
1321,f,1321
1320,b,1321
1320,d,1321
1320,c,1321
1321,d,1321
1321,c,1321
1322,c,1321
1322,f,1321
1321,b,1321
1320,f,1321
1322,d,1321
1318,f,1321
1317,f,1321
1318,b,1321
1317,c,1321
1317,d,1321
1318,d,1321
1319,b,1321
1317,b,1321
1319,c,1321
1319,f,1321
1319,d,1321
1318,c,1321
1322,c,1322
1322,f,1322
1322,e,1322
1321,e,1322
1321,f,1322
1321,c,1322
1323,f,1322
1323,e,1322
1323,c,1322
1318,f,1322
1319,e,1322
1319,f,1322
1319,c,1322
1320,c,1322
1320,f,1322
1318,c,1322
1320,e,1322
1318,e,1322
1319,e,1323
1320,f,1323
1321,e,1323
1321,f,1323
1320,e,1323
1324,f,1323
1322,f,1323
1322,e,1323
1323,e,1323
1323,f,1323
1324,e,1323
1319,f,1323
1323,e,1324
1323,f,1324
1324,e,1324
1321,f,1324
1325,e,1324
1322,e,1324
1322,f,1324
1321,e,1324
1320,e,1324
1320,f,1324
1325,f,1324
1324,f,1324
1326,f,1325
1324,f,1325
1325,f,1325
1323,f,1325
1322,f,1325
1321,f,1325
1324,e,1326
1322,e,1326
1325,e,1326
1323,e,1326
1326,e,1326
1327,e,1326
1332,f,1331
1331,f,1331
1330,f,1331
1328,f,1331
1327,f,1331
1329,f,1331
1333,a,1334
1330,a,1334
1331,a,1334
1332,a,1334
1335,a,1334
1334,a,1334
1336,b,1335
1335,d,1335
1335,b,1335
1336,d,1335
1334,b,1335
1334,d,1335
1331,b,1335
1333,b,1335
1333,d,1335
1331,d,1335
1332,d,1335
1332,b,1335
1337,f,1336
1337,c,1336
1336,f,1336
1336,c,1336
1335,f,1336
1335,c,1336
1333,c,1336
1334,f,1336
1334,c,1336
1332,c,1336
1332,f,1336
1333,f,1336
1334,e,1337
1335,e,1337
1338,e,1337
1336,e,1337
1337,e,1337
1333,e,1337
1338,f,1338
1337,f,1338
1339,f,1338
1336,f,1338
1335,f,1338
1334,f,1338
1336,d,1339
1337,d,1339
1340,d,1339
1335,d,1339
1338,d,1339
1339,d,1339
1341,f,1340
1339,f,1340
1340,f,1340
1337,f,1340
1336,f,1340
1338,f,1340
1339,b,1343
1340,b,1343
1341,b,1343
1344,b,1343
1342,b,1343
1343,b,1343
1345,c,1344
1344,f,1344
1344,c,1344
1343,f,1344
1343,c,1344
1345,f,1344
1340,c,1344
1342,f,1344
1342,c,1344
1341,f,1344
1341,c,1344
1340,f,1344
1341,e,1345
1343,e,1345
1342,e,1345
1344,e,1345
1346,e,1345
1345,e,1345
1347,f,1346
1346,f,1346
1342,f,1346
1344,f,1346
1343,f,1346
1345,f,1346
1353,c,1354
1350,c,1354
1351,c,1354
1352,c,1354
1354,c,1354
1355,c,1354
1355,e,1355
1354,e,1355
1351,e,1355
1353,e,1355
1352,e,1355
1356,e,1355
1352,f,1356
1354,f,1356
1357,f,1356
1356,f,1356
1355,f,1356
1353,f,1356
1358,f,1357
1357,f,1357
1356,e,1357
1358,e,1357
1356,f,1357
1357,e,1357
1355,e,1357
1353,e,1357
1354,f,1357
1354,e,1357
1353,f,1357
1355,f,1357
1354,f,1358
1357,f,1358
1358,f,1358
1355,f,1358
1359,f,1358
1356,f,1358
1357,d,1361
1361,d,1361
1358,d,1361
1359,d,1361
1362,d,1361
1360,d,1361
1363,f,1362
1361,f,1362
1362,f,1362
1360,f,1362
1358,f,1362
1359,f,1362
1360,f,1363
1364,e,1363
1363,e,1363
1363,f,1363
1364,f,1363
1362,f,1363
1362,e,1363
1359,e,1363
1360,e,1363
1361,e,1363
1361,f,1363
1359,f,1363
1365,f,1364
1364,f,1364
1363,b,1364
1361,f,1364
1363,f,1364
1362,f,1364
1360,f,1364
1362,b,1364
1361,b,1364
1365,b,1364
1364,b,1364
1360,b,1364
1364,c,1365
1364,f,1365
1366,d,1365
1365,f,1365
1364,d,1365
1366,c,1365
1365,d,1365
1363,f,1365
1363,c,1365
1363,d,1365
1362,f,1365
1362,c,1365
1362,d,1365
1361,f,1365
1361,c,1365
1361,d,1365
1366,f,1365
1365,c,1365
1366,e,1366
1367,f,1366
1367,e,1366
1365,e,1366
1365,f,1366
1366,f,1366
1363,f,1366
1364,e,1366
1362,f,1366
1362,e,1366
1364,f,1366
1363,e,1366
1368,f,1367
1366,f,1367
1367,f,1367
1364,f,1367
1363,f,1367
1365,f,1367
1366,b,1368
1369,b,1368
1368,b,1368
1365,b,1368
1364,b,1368
1367,b,1368
1368,c,1369
1369,c,1369
1370,c,1369
1365,c,1369
1366,c,1369
1367,c,1369
1367,d,1370
1370,f,1370
1370,e,1370
1369,e,1370
1369,f,1370
1369,d,1370
1371,d,1370
1371,f,1370
1371,e,1370
1368,e,1370
1368,f,1370
1368,d,1370
1366,d,1370
1366,f,1370
1366,e,1370
1370,d,1370
1367,f,1370
1367,e,1370
1372,a,1371
1372,f,1371
1370,f,1371
1370,a,1371
1371,f,1371
1371,a,1371
1367,f,1371
1369,f,1371
1369,a,1371
1368,a,1371
1368,f,1371
1367,a,1371
1372,b,1372
1372,d,1372
1371,d,1372
1371,b,1372
1373,b,1372
1368,b,1372
1368,d,1372
1373,d,1372
1370,d,1372
1370,b,1372
1369,b,1372
1369,d,1372
1373,c,1373
1373,f,1373
1374,b,1373
1374,c,1373
1369,f,1373
1372,f,1373
1372,c,1373
1374,f,1373
1373,b,1373
1369,c,1373
1372,b,1373
1369,b,1373
1370,b,1373
1370,c,1373
1371,f,1373
1371,c,1373
1370,f,1373
1371,b,1373
1373,f,1374
1374,e,1374
1373,e,1374
1373,c,1374
1370,c,1374
1370,f,1374
1374,c,1374
1370,e,1374
1375,f,1374
1375,e,1374
1372,e,1374
1372,f,1374
1372,c,1374
1371,c,1374
1371,f,1374
1371,e,1374
1375,c,1374
1374,f,1374
1376,e,1375
1374,e,1375
1374,f,1375
1375,f,1375
1371,f,1375
1373,e,1375
1373,f,1375
1371,e,1375
1372,e,1375
1372,f,1375
1375,e,1375
1376,f,1375
1377,f,1376
1376,f,1376
1372,f,1376
1374,f,1376
1373,f,1376
1375,f,1376
1376,b,1380
1377,b,1380
1378,b,1380
1381,b,1380
1379,b,1380
1380,b,1380
1380,c,1381
1382,f,1381
1382,c,1381
1381,f,1381
1381,c,1381
1380,f,1381
1379,c,1381
1379,f,1381
1378,f,1381
1378,c,1381
1377,c,1381
1377,f,1381
1379,e,1382
1380,e,1382
1383,e,1382
1378,e,1382
1381,e,1382
1382,e,1382
1379,f,1383
1383,f,1383
1383,c,1383
1382,f,1383
1382,c,1383
1384,c,1383
1381,f,1383
1381,c,1383
1384,f,1383
1380,f,1383
1380,c,1383
1379,c,1383
1381,e,1384
1380,e,1384
1382,e,1384
1384,e,1384
1385,e,1384
1383,e,1384
1386,a,1385
1384,f,1385
1385,a,1385
1384,a,1385
1385,f,1385
1386,f,1385
1383,f,1385
1383,a,1385
1381,a,1385
1381,f,1385
1382,a,1385
1382,f,1385
1385,d,1386
1383,d,1386
1386,d,1386
1386,b,1386
1387,d,1386
1385,b,1386
1387,b,1386
1384,d,1386
1384,b,1386
1383,b,1386
1382,d,1386
1382,b,1386
1388,c,1387
1387,c,1387
1387,f,1387
1383,f,1387
1386,f,1387
1386,c,1387
1383,c,1387
1385,f,1387
1385,c,1387
1384,c,1387
1384,f,1387
1388,f,1387
1389,c,1388
1387,e,1388
1388,b,1388
1387,c,1388
1388,c,1388
1388,e,1388
1389,e,1388
1389,b,1388
1387,b,1388
1384,b,1388
1385,b,1388
1384,e,1388
1384,c,1388
1385,c,1388
1386,b,1388
1385,e,1388
1386,e,1388
1386,c,1388
1389,c,1389
1389,f,1389
1389,e,1389
1386,e,1389
1388,e,1389
1388,f,1389
1390,f,1389
1390,c,1389
1388,c,1389
1390,e,1389
1385,f,1389
1386,f,1389
1386,c,1389
1385,e,1389
1385,c,1389
1387,f,1389
1387,e,1389
1387,c,1389
1388,f,1390
1387,f,1390
1387,e,1390
1391,e,1390
1391,f,1390
1389,f,1390
1389,e,1390
1390,e,1390
1390,f,1390
1386,e,1390
1388,e,1390
1386,f,1390
1392,f,1391
1390,f,1391
1391,d,1391
1390,d,1391
1388,d,1391
1389,f,1391
1389,d,1391
1388,f,1391
1387,f,1391
1387,d,1391
1391,f,1391
1392,d,1391
1393,f,1392
1392,f,1392
1391,f,1392
1390,f,1392
1389,f,1392
1388,f,1392
1394,b,1395
1395,b,1395
1391,b,1395
1393,b,1395
1396,b,1395
1392,b,1395
1393,c,1396
1393,f,1396
1392,c,1396
1394,c,1396
1394,f,1396
1397,f,1396
1397,c,1396
1395,f,1396
1396,f,1396
1396,c,1396
1392,f,1396
1395,c,1396
1397,e,1397
1396,e,1397
1398,e,1397
1395,e,1397
1394,e,1397
1393,e,1397
1398,f,1398
1396,f,1398
1399,f,1398
1394,f,1398
1395,f,1398
1397,f,1398
1399,f,1399
1398,f,1399
1400,f,1399
1397,f,1399
1396,f,1399
1395,f,1399
1397,b,1400
1398,b,1400
1401,b,1400
1396,b,1400
1399,b,1400
1400,b,1400
1397,f,1401
1401,f,1401
1401,c,1401
1400,f,1401
1400,c,1401
1402,c,1401
1399,f,1401
1399,c,1401
1398,f,1401
1398,c,1401
1402,f,1401
1397,c,1401
1399,e,1402
1398,e,1402
1400,e,1402
1403,e,1402
1401,e,1402
1402,e,1402
1403,f,1403
1402,f,1403
1404,f,1403
1401,f,1403
1399,f,1403
1400,f,1403
1405,c,1404
1401,c,1404
1402,c,1404
1404,c,1404
1400,c,1404
1403,c,1404
1401,c,1405
1405,a,1405
1405,c,1405
1405,e,1405
1404,e,1405
1404,c,1405
1404,a,1405
1401,e,1405
1403,e,1405
1403,a,1405
1401,a,1405
1406,e,1405
1402,a,1405
1402,c,1405
1402,e,1405
1406,c,1405
1406,a,1405
1403,c,1405
1406,d,1406
1405,b,1406
1405,d,1406
1405,f,1406
1407,d,1406
1407,b,1406
1407,f,1406
1406,e,1406
1406,f,1406
1407,e,1406
1405,e,1406
1403,f,1406
1402,b,1406
1402,d,1406
1402,f,1406
1402,e,1406
1403,b,1406
1403,d,1406
1403,e,1406
1406,b,1406
1404,b,1406
1404,d,1406
1404,f,1406
1404,e,1406
1408,f,1407
1407,c,1407
1406,e,1407
1406,f,1407
1408,c,1407
1407,e,1407
1408,e,1407
1407,f,1407
1406,c,1407
1403,f,1407
1403,e,1407
1404,c,1407
1404,f,1407
1404,e,1407
1405,c,1407
1403,c,1407
1405,f,1407
1405,e,1407
1405,f,1408
1405,e,1408
1408,e,1408
1409,f,1408
1409,e,1408
1407,e,1408
1407,f,1408
1406,e,1408
1404,e,1408
1408,f,1408
1406,f,1408
1404,f,1408
1409,b,1409
1409,f,1409
1408,f,1409
1408,b,1409
1410,b,1409
1410,f,1409
1405,f,1409
1405,b,1409
1406,b,1409
1406,f,1409
1407,f,1409
1407,b,1409
1409,f,1410
1410,f,1410
1410,c,1410
1406,c,1410
1411,f,1410
1409,c,1410
1411,c,1410
1408,f,1410
1408,c,1410
1407,c,1410
1407,f,1410
1406,f,1410
1409,e,1411
1412,e,1411
1408,e,1411
1410,e,1411
1411,e,1411
1407,e,1411
1413,c,1412
1412,c,1412
1411,c,1412
1410,c,1412
1409,c,1412
1408,c,1412
1410,e,1413
1409,e,1413
1411,e,1413
1412,e,1413
1414,e,1413
1413,e,1413
1415,f,1414
1413,f,1414
1410,f,1414
1412,f,1414
1411,f,1414
1414,f,1414
1417,c,1416
1414,c,1416
1415,c,1416
1413,c,1416
1412,c,1416
1416,c,1416
1417,f,1417
1418,f,1417
1416,e,1417
1416,f,1417
1418,e,1417
1417,e,1417
1415,f,1417
1415,e,1417
1414,e,1417
1414,f,1417
1413,e,1417
1413,f,1417
1414,f,1418
1416,f,1418
1417,f,1418
1415,f,1418
1419,f,1418
1418,f,1418
1420,c,1420
1421,c,1420
1419,c,1420
1417,c,1420
1416,c,1420
1418,c,1420
1420,e,1421
1419,e,1421
1421,e,1421
1422,e,1421
1417,e,1421
1418,e,1421
1419,a,1422
1422,c,1422
1422,f,1422
1423,a,1422
1421,f,1422
1421,c,1422
1421,a,1422
1423,c,1422
1418,f,1422
1423,f,1422
1422,a,1422
1419,c,1422
1420,f,1422
1420,c,1422
1420,a,1422
1418,a,1422
1418,c,1422
1419,f,1422
1422,b,1423
1422,d,1423
1423,d,1423
1424,e,1423
1423,e,1423
1424,b,1423
1423,b,1423
1422,e,1423
1424,d,1423
1419,b,1423
1421,b,1423
1419,e,1423
1419,d,1423
1421,e,1423
1421,d,1423
1420,b,1423
1420,d,1423
1420,e,1423
1425,f,1424
1423,f,1424
1423,c,1424
1420,c,1424
1420,f,1424
1425,c,1424
1424,c,1424
1424,f,1424
1422,f,1424
1422,c,1424
1421,c,1424
1421,f,1424
1424,c,1425
1424,e,1425
1425,e,1425
1425,c,1425
1421,e,1425
1426,c,1425
1426,e,1425
1421,c,1425
1423,e,1425
1422,e,1425
1422,c,1425
1423,c,1425
1426,d,1426
1425,e,1426
1426,f,1426
1426,e,1426
1427,b,1426
1427,d,1426
1427,f,1426
1427,e,1426
1425,f,1426
1425,b,1426
1426,b,1426
1425,d,1426
1422,b,1426
1423,e,1426
1423,f,1426
1423,d,1426
1423,b,1426
1424,b,1426
1424,d,1426
1422,d,1426
1424,e,1426
1422,e,1426
1422,f,1426
1424,f,1426
1423,c,1427
1426,c,1427
1426,f,1427
1423,b,1427
1426,b,1427
1427,c,1427
1428,c,1427
1428,f,1427
1427,f,1427
1425,f,1427
1425,c,1427
1425,b,1427
1423,f,1427
1427,b,1427
1424,b,1427
1424,c,1427
1428,b,1427
1424,f,1427
1424,c,1428
1427,f,1428
1428,c,1428
1428,f,1428
1428,e,1428
1429,c,1428
1427,c,1428
1427,e,1428
1426,e,1428
1425,f,1428
1424,f,1428
1424,e,1428
1429,f,1428
1425,c,1428
1425,e,1428
1429,e,1428
1426,c,1428
1426,f,1428
1430,e,1429
1425,f,1429
1427,f,1429
1425,e,1429
1428,f,1429
1428,e,1429
1430,f,1429
1429,e,1429
1429,f,1429
1426,f,1429
1427,e,1429
1426,e,1429
1430,f,1430
1431,f,1430
1429,f,1430
1426,f,1430
1427,f,1430
1428,f,1430
1428,d,1431
1431,d,1431
1430,d,1431
1427,d,1431
1432,d,1431
1429,d,1431
1428,d,1432
1429,d,1432
1430,d,1432
1432,d,1432
1431,d,1432
1433,d,1432
1433,f,1433
1429,e,1433
1432,e,1433
1432,f,1433
1433,e,1433
1429,f,1433
1431,f,1433
1434,e,1433
1430,e,1433
1430,f,1433
1434,f,1433
1431,e,1433
1433,e,1434
1433,f,1434
1434,f,1434
1434,e,1434
1432,f,1434
1432,e,1434
1435,e,1434
1431,e,1434
1431,f,1434
1430,e,1434
1430,f,1434
1435,f,1434
1431,f,1435
1433,f,1435
1436,f,1435
1434,f,1435
1435,f,1435
1432,f,1435
1435,c,1436
1437,c,1436
1436,c,1436
1434,c,1436
1432,c,1436
1433,c,1436
1434,e,1437
1437,e,1437
1436,e,1437
1438,e,1437
1435,e,1437
1433,e,1437
1438,f,1438
1434,f,1438
1437,f,1438
1439,f,1438
1435,f,1438
1436,f,1438
1440,a,1440
1439,a,1440
1438,a,1440
1441,a,1440
1436,a,1440
1437,a,1440
1437,d,1441
1441,d,1441
1441,f,1441
1440,f,1441
1440,d,1441
1440,b,1441
1442,b,1441
1442,d,1441
1437,f,1441
1438,d,1441
1439,d,1441
1439,b,1441
1437,b,1441
1442,f,1441
1438,f,1441
1441,b,1441
1438,b,1441
1439,f,1441
1442,c,1442
1441,f,1442
1441,c,1442
1442,f,1442
1439,c,1442
1443,c,1442
1440,f,1442
1440,c,1442
1443,f,1442
1439,f,1442
1438,f,1442
1438,c,1442
1440,e,1443
1441,e,1443
1443,e,1443
1444,e,1443
1442,e,1443
1439,e,1443
1445,c,1444
1443,f,1444
1444,c,1444
1445,f,1444
1443,c,1444
1444,f,1444
1440,c,1444
1442,f,1444
1442,c,1444
1440,f,1444
1441,c,1444
1441,f,1444
1445,e,1445
1444,e,1445
1444,c,1445
1442,e,1445
1445,c,1445
1446,c,1445
1443,e,1445
1443,c,1445
1441,c,1445
1441,e,1445
1442,c,1445
1446,e,1445
1446,f,1446
1445,e,1446
1445,f,1446
1446,e,1446
1447,e,1446
1442,f,1446
1447,f,1446
1444,e,1446
1444,f,1446
1442,e,1446
1443,f,1446
1443,e,1446
1447,a,1447
1447,f,1447
1446,f,1447
1446,a,1447
1443,a,1447
1448,a,1447
1443,f,1447
1445,f,1447
1445,a,1447
1444,a,1447
1444,f,1447
1448,f,1447
1449,d,1448
1448,b,1448
1448,d,1448
1447,f,1448
1447,d,1448
1447,b,1448
1448,f,1448
1449,f,1448
1449,b,1448
1446,f,1448
1444,d,1448
1444,b,1448
1446,d,1448
1446,b,1448
1445,b,1448
1445,d,1448
1445,f,1448
1444,f,1448
1450,c,1449
1449,c,1449
1448,f,1449
1448,c,1449
1449,f,1449
1445,f,1449
1447,f,1449
1447,c,1449
1450,f,1449
1446,c,1449
1446,f,1449
1445,c,1449
1449,a,1450
1449,e,1450
1450,e,1450
1450,a,1450
1451,a,1450
1446,a,1450
1448,e,1450
1446,e,1450
1447,e,1450
1447,a,1450
1451,e,1450
1448,a,1450
1451,b,1451
1450,f,1451
1451,d,1451
1451,f,1451
1452,f,1451
1452,b,1451
1452,d,1451
1450,d,1451
1450,b,1451
1448,f,1451
1447,b,1451
1448,b,1451
1449,f,1451
1449,d,1451
1449,b,1451
1448,d,1451
1447,d,1451
1447,f,1451
1451,c,1452
1453,f,1452
1451,e,1452
1451,f,1452
1452,f,1452
1452,e,1452
1453,c,1452
1452,c,1452
1448,c,1452
1453,e,1452
1448,e,1452
1450,e,1452
1449,e,1452
1449,f,1452
1449,c,1452
1450,f,1452
1450,c,1452
1448,f,1452
1449,e,1453
1453,b,1453
1453,f,1453
1453,e,1453
1452,e,1453
1452,f,1453
1452,b,1453
1454,f,1453
1449,b,1453
1451,e,1453
1451,f,1453
1451,b,1453
1450,b,1453
1450,f,1453
1450,e,1453
1454,e,1453
1454,b,1453
1449,f,1453
1455,c,1454
1453,c,1454
1453,f,1454
1451,f,1454
1452,f,1454
1452,c,1454
1451,c,1454
1454,c,1454
1450,f,1454
1450,c,1454
1455,f,1454
1454,f,1454
1455,e,1455
1456,e,1455
1454,e,1455
1451,e,1455
1453,e,1455
1452,e,1455
1454,f,1456
1452,f,1456
1455,f,1456
1456,f,1456
1457,f,1456
1453,f,1456
1461,c,1461
1460,c,1461
1459,c,1461
1462,c,1461
1458,c,1461
1457,c,1461
1458,a,1462
1459,a,1462
1459,e,1462
1462,e,1462
1461,e,1462
1462,a,1462
1460,a,1462
1460,e,1462
1461,a,1462
1458,e,1462
1463,e,1462
1463,a,1462
1462,b,1463
1464,f,1463
1463,b,1463
1462,f,1463
1463,d,1463
1463,c,1463
1464,b,1463
1464,d,1463
1464,c,1463
1462,c,1463
1463,f,1463
1462,d,1463
1460,c,1463
1460,d,1463
1460,b,1463
1459,f,1463
1461,f,1463
1461,c,1463
1461,d,1463
1461,b,1463
1460,f,1463
1459,b,1463
1459,d,1463
1459,c,1463
1463,d,1464
1461,d,1464
1463,f,1464
1461,c,1464
1464,d,1464
1464,c,1464
1464,f,1464
1464,e,1464
1465,e,1464
1465,f,1464
1463,e,1464
1465,c,1464
1463,c,1464
1462,c,1464
1461,f,1464
1461,e,1464
1460,e,1464
1460,f,1464
1460,c,1464
1462,d,1464
1460,d,1464
1462,f,1464
1465,d,1464
1462,e,1464
1461,e,1465
1466,e,1465
1466,f,1465
1463,e,1465
1463,f,1465
1462,f,1465
1462,e,1465
1465,f,1465
1461,f,1465
1464,f,1465
1464,e,1465
1465,e,1465
1467,c,1466
1467,f,1466
1466,d,1466
1465,c,1466
1466,c,1466
1466,f,1466
1465,f,1466
1465,d,1466
1467,d,1466
1462,d,1466
1462,f,1466
1463,f,1466
1463,c,1466
1463,d,1466
1462,c,1466
1464,c,1466
1464,d,1466
1464,f,1466
1466,f,1467
1466,e,1467
1466,a,1467
1467,e,1467
1467,f,1467
1467,a,1467
1463,a,1467
1463,f,1467
1468,a,1467
1468,e,1467
1468,f,1467
1464,f,1467
1465,e,1467
1465,f,1467
1465,a,1467
1463,e,1467
1464,a,1467
1464,e,1467
1464,d,1468
1469,f,1468
1469,b,1468
1467,a,1468
1467,b,1468
1468,b,1468
1467,f,1468
1468,a,1468
1469,a,1468
1468,f,1468
1468,d,1468
1467,d,1468
1464,f,1468
1469,d,1468
1465,f,1468
1465,b,1468
1464,b,1468
1464,a,1468
1466,f,1468
1466,d,1468
1466,b,1468
1466,a,1468
1465,a,1468
1465,d,1468
1468,b,1469
1468,d,1469
1468,c,1469
1468,e,1469
1465,b,1469
1470,c,1469
1470,d,1469
1469,b,1469
1469,d,1469
1470,e,1469
1470,b,1469
1469,e,1469
1465,d,1469
1466,e,1469
1466,c,1469
1466,d,1469
1466,b,1469
1467,b,1469
1469,c,1469
1467,c,1469
1467,d,1469
1465,e,1469
1465,c,1469
1467,e,1469
1471,e,1470
1469,e,1470
1466,e,1470
1470,e,1470
1469,c,1470
1470,c,1470
1466,c,1470
1471,c,1470
1467,c,1470
1467,e,1470
1468,e,1470
1468,c,1470
1467,e,1471
1471,f,1471
1472,e,1471
1470,e,1471
1470,f,1471
1472,f,1471
1471,e,1471
1468,f,1471
1468,e,1471
1469,e,1471
1469,f,1471
1467,f,1471
1472,f,1472
1468,f,1472
1470,f,1472
1471,f,1472
1469,f,1472
1473,f,1472
1473,a,1475
1475,a,1475
1476,a,1475
1474,a,1475
1471,a,1475
1472,a,1475
1476,d,1476
1476,e,1476
1472,e,1476
1475,e,1476
1475,d,1476
1475,b,1476
1476,b,1476
1474,e,1476
1472,d,1476
1474,b,1476
1477,b,1476
1477,d,1476
1477,e,1476
1473,e,1476
1473,d,1476
1473,b,1476
1472,b,1476
1474,d,1476
1478,f,1477
1476,e,1477
1476,f,1477
1476,c,1477
1477,c,1477
1478,c,1477
1475,c,1477
1474,c,1477
1473,c,1477
1473,f,1477
1473,e,1477
1477,f,1477
1478,e,1477
1474,f,1477
1477,e,1477
1475,f,1477
1475,e,1477
1474,e,1477
1479,e,1478
1477,e,1478
1477,f,1478
1479,f,1478
1478,e,1478
1478,f,1478
1474,f,1478
1474,e,1478
1475,f,1478
1475,e,1478
1476,e,1478
1476,f,1478
1476,f,1479
1480,f,1479
1478,f,1479
1479,f,1479
1477,f,1479
1475,f,1479
1481,a,1480
1478,a,1480
1476,a,1480
1480,a,1480
1477,a,1480
1479,a,1480
1481,d,1481
1481,c,1481
1480,c,1481
1480,d,1481
1480,b,1481
1482,b,1481
1482,d,1481
1482,c,1481
1477,c,1481
1478,c,1481
1477,d,1481
1477,b,1481
1478,b,1481
1478,d,1481
1479,d,1481
1479,c,1481
1481,b,1481
1479,b,1481
1483,e,1482
1483,c,1482
1482,e,1482
1481,e,1482
1481,f,1482
1482,c,1482
1483,f,1482
1482,f,1482
1481,c,1482
1478,f,1482
1478,c,1482
1480,e,1482
1480,f,1482
1480,c,1482
1479,c,1482
1479,f,1482
1478,e,1482
1479,e,1482
1482,f,1483
1483,f,1483
1482,e,1483
1484,f,1483
1483,e,1483
1479,e,1483
1484,e,1483
1481,e,1483
1481,f,1483
1480,f,1483
1480,e,1483
1479,f,1483
1483,d,1484
1483,f,1484
1484,d,1484
1480,f,1484
1480,d,1484
1482,f,1484
1482,d,1484
1485,d,1484
1485,f,1484
1481,f,1484
1481,d,1484
1484,f,1484
1484,c,1485
1484,f,1485
1486,c,1485
1486,f,1485
1485,f,1485
1483,f,1485
1483,c,1485
1482,f,1485
1482,c,1485
1485,c,1485
1481,f,1485
1481,c,1485
1486,e,1486
1487,e,1486
1485,e,1486
1485,d,1486
1486,d,1486
1487,d,1486
1482,e,1486
1484,e,1486
1484,d,1486
1483,e,1486
1483,d,1486
1482,d,1486
1485,f,1487
1488,f,1487
1483,f,1487
1486,f,1487
1487,f,1487
1484,f,1487
1490,a,1489
1487,a,1489
1489,a,1489
1486,a,1489
1485,a,1489
1488,a,1489
1491,d,1490
1490,d,1490
1489,d,1490
1489,b,1490
1491,b,1490
1490,b,1490
1488,b,1490
1488,d,1490
1486,b,1490
1486,d,1490
1487,d,1490
1487,b,1490
1488,c,1491
1492,f,1491
1492,c,1491
1491,c,1491
1490,f,1491
1490,c,1491
1491,f,1491
1489,f,1491
1489,c,1491
1487,c,1491
1487,f,1491
1488,f,1491
1488,e,1492
1489,e,1492
1490,e,1492
1493,e,1492
1491,e,1492
1492,e,1492
1493,f,1493
1492,f,1493
1489,f,1493
1494,f,1493
1490,f,1493
1491,f,1493
1493,e,1494
1493,d,1494
1490,d,1494
1494,e,1494
1491,e,1494
1495,d,1494
1492,e,1494
1492,d,1494
1490,e,1494
1491,d,1494
1494,d,1494
1495,e,1494
1494,f,1495
1494,b,1495
1495,b,1495
1495,f,1495
1491,f,1495
1496,b,1495
1493,f,1495
1493,b,1495
1491,b,1495
1496,f,1495
1492,b,1495
1492,f,1495
1496,a,1496
1496,c,1496
1496,f,1496
1495,f,1496
1495,c,1496
1495,a,1496
1497,a,1496
1493,a,1496
1493,c,1496
1492,f,1496
1493,f,1496
1497,f,1496
1492,c,1496
1492,a,1496
1497,c,1496
1494,c,1496
1494,f,1496
1494,a,1496
1496,e,1497
1497,e,1497
1496,d,1497
1498,e,1497
1496,b,1497
1498,b,1497
1498,d,1497
1497,d,1497
1497,b,1497
1495,d,1497
1493,d,1497
1494,d,1497
1494,b,1497
1493,e,1497
1495,e,1497
1495,b,1497
1493,b,1497
1494,e,1497
1497,b,1498
1497,c,1498
1497,f,1498
1498,b,1498
1498,c,1498
1498,f,1498
1499,f,1498
1499,c,1498
1494,b,1498
1499,b,1498
1495,f,1498
1495,c,1498
1495,b,1498
1496,f,1498
1496,c,1498
1494,f,1498
1496,b,1498
1494,c,1498
1495,f,1499
1498,c,1499
1499,e,1499
1495,e,1499
1500,c,1499
1500,e,1499
1498,f,1499
1499,f,1499
1497,e,1499
1497,f,1499
1497,c,1499
1496,c,1499
1496,f,1499
1496,e,1499
1499,c,1499
1495,c,1499
1500,f,1499
1498,e,1499
1500,f,1500
1499,e,1500
1500,b,1500
1501,e,1500
1500,e,1500
1499,b,1500
1499,f,1500
1498,f,1500
1501,b,1500
1497,e,1500
1497,f,1500
1497,b,1500
1496,e,1500
1496,f,1500
1498,b,1500
1501,f,1500
1496,b,1500
1498,e,1500
1497,b,1501
1500,c,1501
1500,b,1501
1500,f,1501
1501,f,1501
1501,c,1501
1501,b,1501
1502,c,1501
1502,b,1501
1497,f,1501
1498,f,1501
1498,c,1501
1499,f,1501
1499,c,1501
1499,b,1501
1497,c,1501
1502,f,1501
1498,b,1501
1503,b,1502
1503,e,1502
1501,b,1502
1503,f,1502
1501,f,1502
1502,f,1502
1502,c,1502
1502,b,1502
1501,e,1502
1501,c,1502
1503,c,1502
1502,e,1502
1499,e,1502
1499,f,1502
1498,b,1502
1499,c,1502
1498,e,1502
1500,b,1502
1499,b,1502
1500,f,1502
1500,e,1502
1498,f,1502
1498,c,1502
1500,c,1502
1503,f,1503
1504,c,1503
1502,e,1503
1502,f,1503
1502,c,1503
1504,f,1503
1503,e,1503
1500,e,1503
1499,f,1503
1504,e,1503
1501,e,1503
1501,f,1503
1501,c,1503
1499,e,1503
1500,c,1503
1500,f,1503
1499,c,1503
1503,c,1503
1504,e,1504
1503,e,1504
1502,e,1504
1500,e,1504
1501,e,1504
1505,e,1504
1502,a,1505
1503,a,1505
1506,a,1505
1505,a,1505
1501,a,1505
1504,a,1505
1507,d,1506
1506,d,1506
1506,b,1506
1505,d,1506
1505,b,1506
1507,b,1506
1503,d,1506
1504,d,1506
1504,b,1506
1502,b,1506
1502,d,1506
1503,b,1506
1506,c,1507
1507,f,1507
1507,c,1507
1506,f,1507
1504,f,1507
1508,c,1507
1503,c,1507
1505,f,1507
1505,c,1507
1503,f,1507
1504,c,1507
1508,f,1507
1505,e,1508
1506,e,1508
1509,e,1508
1507,e,1508
1508,e,1508
1504,e,1508
1510,f,1509
1509,f,1509
1508,f,1509
1506,f,1509
1505,f,1509
1507,f,1509
1511,a,1510
1511,e,1510
1510,a,1510
1509,e,1510
1506,a,1510
1508,e,1510
1506,e,1510
1507,a,1510
1507,e,1510
1510,e,1510
1508,a,1510
1509,a,1510
1510,d,1511
1510,f,1511
1510,b,1511
1511,b,1511
1511,d,1511
1511,f,1511
1511,e,1511
1512,e,1511
1512,f,1511
1510,e,1511
1507,b,1511
1507,d,1511
1512,d,1511
1507,f,1511
1509,e,1511
1509,f,1511
1509,d,1511
1509,b,1511
1512,b,1511
1507,e,1511
1508,b,1511
1508,d,1511
1508,e,1511
1508,f,1511
1512,c,1512
1512,f,1512
1511,f,1512
1511,c,1512
1509,f,1512
1508,f,1512
1513,c,1512
1513,f,1512
1510,f,1512
1510,c,1512
1509,c,1512
1508,c,1512
1512,e,1513
1513,e,1513
1514,e,1513
1511,e,1513
1509,e,1513
1510,e,1513
1510,d,1514
1515,d,1514
1515,f,1514
1513,f,1514
1513,d,1514
1514,d,1514
1510,f,1514
1514,f,1514
1512,f,1514
1512,d,1514
1511,d,1514
1511,f,1514
1511,e,1515
1516,f,1515
1515,f,1515
1516,e,1515
1514,e,1515
1515,e,1515
1511,f,1515
1514,f,1515
1512,f,1515
1513,e,1515
1513,f,1515
1512,e,1515
1517,f,1516
1514,f,1516
1516,f,1516
1513,f,1516
1512,f,1516
1515,f,1516
1516,a,1517
1518,a,1517
1513,a,1517
1517,a,1517
1514,a,1517
1515,a,1517
1517,d,1518
1518,d,1518
1519,d,1518
1519,b,1518
1517,b,1518
1518,b,1518
1516,b,1518
1514,b,1518
1516,d,1518
1514,d,1518
1515,b,1518
1515,d,1518
1520,c,1519
1519,c,1519
1516,f,1519
1518,f,1519
1518,c,1519
1515,c,1519
1519,f,1519
1517,f,1519
1517,c,1519
1515,f,1519
1520,f,1519
1516,c,1519
1519,a,1520
1519,e,1520
1520,e,1520
1520,a,1520
1521,a,1520
1521,e,1520
1516,a,1520
1518,e,1520
1517,e,1520
1517,a,1520
1516,e,1520
1518,a,1520
1521,d,1521
1521,f,1521
1522,f,1521
1522,b,1521
1522,d,1521
1520,f,1521
1520,d,1521
1520,b,1521
1521,b,1521
1517,f,1521
1519,f,1521
1519,d,1521
1519,b,1521
1517,b,1521
1517,d,1521
1518,b,1521
1518,d,1521
1518,f,1521
1519,f,1522
1522,f,1522
1522,c,1522
1523,f,1522
1521,f,1522
1521,c,1522
1518,f,1522
1519,c,1522
1520,c,1522
1520,f,1522
1518,c,1522
1523,c,1522
1520,e,1523
1521,e,1523
1519,e,1523
1522,e,1523
1523,e,1523
1524,e,1523
1523,f,1524
1523,c,1524
1524,c,1524
1524,f,1524
1525,f,1524
1525,c,1524
1522,c,1524
1521,c,1524
1520,c,1524
1522,f,1524
1520,f,1524
1521,f,1524
1524,e,1525
1525,e,1525
1526,e,1525
1525,a,1525
1524,a,1525
1521,a,1525
1521,e,1525
1522,a,1525
1522,e,1525
1526,a,1525
1523,a,1525
1523,e,1525
1522,d,1526
1522,b,1526
1525,f,1526
1525,d,1526
1527,b,1526
1526,f,1526
1526,d,1526
1525,b,1526
1527,d,1526
1524,d,1526
1523,f,1526
1522,f,1526
1523,b,1526
1523,d,1526
1527,f,1526
1526,b,1526
1524,b,1526
1524,f,1526
1528,c,1527
1528,f,1527
1526,f,1527
1526,c,1527
1526,d,1527
1527,f,1527
1527,c,1527
1528,d,1527
1527,d,1527
1525,c,1527
1525,f,1527
1523,d,1527
1523,c,1527
1523,f,1527
1525,d,1527
1524,d,1527
1524,f,1527
1524,c,1527
1525,e,1528
1529,f,1528
1528,e,1528
1528,f,1528
1527,e,1528
1527,f,1528
1524,e,1528
1526,e,1528
1526,f,1528
1529,e,1528
1525,f,1528
1524,f,1528
1525,f,1529
1527,f,1529
1526,f,1529
1528,f,1529
1530,f,1529
1529,f,1529
1530,f,1530
1531,f,1530
1529,f,1530
1526,f,1530
1528,f,1530
1527,f,1530
1529,c,1532
1533,c,1532
1528,c,1532
1531,c,1532
1532,c,1532
1530,c,1532
1534,e,1533
1530,e,1533
1531,e,1533
1533,e,1533
1529,e,1533
1532,e,1533
1534,f,1534
1533,f,1534
1533,c,1534
1535,c,1534
1535,f,1534
1530,f,1534
1530,c,1534
1532,c,1534
1531,f,1534
1531,c,1534
1534,c,1534
1532,f,1534
1536,e,1535
1536,d,1535
1534,e,1535
1534,d,1535
1535,d,1535
1535,e,1535
1533,e,1535
1533,d,1535
1531,d,1535
1531,e,1535
1532,d,1535
1532,e,1535
1533,f,1536
1536,f,1536
1535,f,1536
1537,f,1536
1532,f,1536
1534,f,1536
1538,b,1537
1535,b,1537
1533,b,1537
1534,b,1537
1537,b,1537
1536,b,1537
1538,f,1538
1538,e,1538
1537,e,1538
1537,f,1538
1537,c,1538
1539,c,1538
1539,f,1538
1539,e,1538
1534,e,1538
1538,c,1538
1536,c,1538
1535,e,1538
1535,f,1538
1535,c,1538
1534,c,1538
1534,f,1538
1536,e,1538
1536,f,1538
1538,e,1539
1538,f,1539
1539,f,1539
1539,e,1539
1537,f,1539
1536,e,1539
1535,f,1539
1535,e,1539
1536,f,1539
1540,f,1539
1540,e,1539
1537,e,1539
1538,d,1540
1538,f,1540
1541,f,1540
1541,d,1540
1536,d,1540
1539,d,1540
1539,f,1540
1537,d,1540
1540,f,1540
1540,d,1540
1536,f,1540
1537,f,1540
1541,f,1541
1542,f,1541
1540,f,1541
1539,f,1541
1538,f,1541
1537,f,1541
1542,b,1542
1539,b,1542
1540,b,1542
1538,b,1542
1541,b,1542
1543,b,1542
1544,f,1543
1544,c,1543
1539,f,1543
1543,f,1543
1543,c,1543
1542,f,1543
1542,c,1543
1539,c,1543
1541,f,1543
1540,c,1543
1540,f,1543
1541,c,1543
1540,c,1544
1543,e,1544
1543,c,1544
1540,e,1544
1545,c,1544
1544,e,1544
1542,e,1544
1542,c,1544
1541,c,1544
1541,e,1544
1544,c,1544
1545,e,1544
1546,e,1545
1545,f,1545
1544,e,1545
1544,f,1545
1545,e,1545
1546,f,1545
1543,e,1545
1543,f,1545
1541,f,1545
1542,f,1545
1542,e,1545
1541,e,1545
1545,f,1546
1544,f,1546
1546,f,1546
1543,f,1546
1547,f,1546
1542,f,1546
1544,f,1548
1545,f,1548
1546,f,1548
1547,f,1548
1549,f,1548
1548,f,1548
1549,b,1550
1548,b,1550
1551,b,1550
1546,b,1550
1547,b,1550
1550,b,1550
1552,f,1551
1552,c,1551
1550,f,1551
1550,c,1551
1551,f,1551
1551,c,1551
1549,f,1551
1549,c,1551
1548,f,1551
1548,c,1551
1547,f,1551
1547,c,1551
1548,e,1552
1550,e,1552
1551,e,1552
1553,e,1552
1549,e,1552
1552,e,1552
1549,f,1553
1554,f,1553
1552,f,1553
1551,f,1553
1550,f,1553
1553,f,1553
1554,b,1555
1553,b,1555
1555,b,1555
1556,b,1555
1552,b,1555
1551,b,1555
1553,c,1556
1553,f,1556
1552,f,1556
1552,c,1556
1554,c,1556
1554,f,1556
1557,f,1556
1555,c,1556
1555,f,1556
1557,c,1556
1556,f,1556
1556,c,1556
1557,e,1557
1556,e,1557
1558,e,1557
1555,e,1557
1554,e,1557
1553,e,1557
1558,f,1558
1555,f,1558
1556,f,1558
1559,f,1558
1554,f,1558
1557,f,1558
1558,c,1559
1559,c,1559
1560,c,1559
1557,c,1559
1556,c,1559
1555,c,1559
1561,e,1560
1557,e,1560
1556,e,1560
1558,e,1560
1559,e,1560
1560,e,1560
1561,f,1561
1562,d,1561
1560,f,1561
1560,d,1561
1562,f,1561
1557,d,1561
1557,f,1561
1559,d,1561
1561,d,1561
1558,f,1561
1558,d,1561
1559,f,1561
1563,f,1562
1561,f,1562
1562,f,1562
1559,f,1562
1560,f,1562
1558,f,1562
1564,c,1563
1560,c,1563
1561,c,1563
1562,c,1563
1559,c,1563
1563,c,1563
1560,e,1564
1565,e,1564
1565,c,1564
1565,d,1564
1563,a,1564
1563,d,1564
1560,c,1564
1563,c,1564
1563,e,1564
1565,b,1564
1565,a,1564
1564,e,1564
1564,c,1564
1564,d,1564
1563,b,1564
1562,e,1564
1564,b,1564
1561,e,1564
1561,c,1564
1562,c,1564
1561,d,1564
1564,a,1564
1562,a,1564
1561,a,1564
1560,a,1564
1560,b,1564
1560,d,1564
1562,d,1564
1562,b,1564
1561,b,1564
1564,b,1565
1564,d,1565
1564,c,1565
1564,f,1565
1565,e,1565
1566,e,1565
1566,f,1565
1566,c,1565
1566,d,1565
1566,b,1565
1565,b,1565
1565,d,1565
1565,c,1565
1564,e,1565
1565,f,1565
1563,b,1565
1561,d,1565
1561,b,1565
1561,c,1565
1561,f,1565
1561,e,1565
1562,b,1565
1562,d,1565
1562,c,1565
1562,f,1565
1563,d,1565
1562,e,1565
1563,e,1565
1563,c,1565
1563,f,1565
1565,f,1566
1566,c,1566
1563,e,1566
1563,f,1566
1563,c,1566
1567,c,1566
1567,f,1566
1567,e,1566
1565,e,1566
1566,e,1566
1564,c,1566
1564,f,1566
1566,f,1566
1562,c,1566
1562,f,1566
1562,e,1566
1564,e,1566
1565,c,1566
1568,e,1567
1567,f,1567
1567,e,1567
1566,e,1567
1563,e,1567
1568,f,1567
1563,f,1567
1564,e,1567
1565,e,1567
1565,f,1567
1564,f,1567
1566,f,1567
1566,f,1568
1569,f,1568
1565,f,1568
1568,f,1568
1567,f,1568
1564,f,1568
1569,c,1569
1568,c,1569
1570,c,1569
1567,c,1569
1565,c,1569
1566,c,1569
1567,e,1570
1568,e,1570
1571,e,1570
1566,e,1570
1569,e,1570
1570,e,1570
1572,f,1571
1571,f,1571
1571,c,1571
1570,f,1571
1570,c,1571
1572,c,1571
1567,c,1571
1569,f,1571
1569,c,1571
1567,f,1571
1568,c,1571
1568,f,1571
1571,e,1572
1572,e,1572
1572,f,1572
1573,f,1572
1569,e,1572
1571,f,1572
1568,f,1572
1573,e,1572
1568,e,1572
1570,e,1572
1569,f,1572
1570,f,1572
1573,b,1573
1573,f,1573
1572,f,1573
1572,b,1573
1569,f,1573
1569,b,1573
1574,f,1573
1571,f,1573
1571,b,1573
1570,b,1573
1570,f,1573
1574,b,1573
1574,f,1574
1574,c,1574
1573,f,1574
1573,c,1574
1575,f,1574
1575,c,1574
1570,f,1574
1572,f,1574
1572,c,1574
1570,c,1574
1571,c,1574
1571,f,1574
1575,e,1575
1574,e,1575
1572,e,1575
1573,e,1575
1571,e,1575
1576,e,1575
1576,f,1576
1574,f,1576
1577,f,1576
1572,f,1576
1573,f,1576
1575,f,1576
1577,d,1577
1576,d,1577
1578,d,1577
1575,d,1577
1574,d,1577
1573,d,1577
1579,f,1578
1578,f,1578
1577,f,1578
1575,f,1578
1576,f,1578
1574,f,1578
1577,b,1580
1581,b,1580
1579,b,1580
1578,b,1580
1580,b,1580
1576,b,1580
1580,f,1581
1580,c,1581
1582,f,1581
1582,c,1581
1578,f,1581
1579,c,1581
1581,c,1581
1578,c,1581
1577,f,1581
1577,c,1581
1579,f,1581
1581,f,1581
1582,e,1582
1583,e,1582
1581,e,1582
1579,e,1582
1580,e,1582
1578,e,1582
1581,f,1583
1579,f,1583
1582,f,1583
1583,f,1583
1584,f,1583
1580,f,1583
1588,e,1588
1589,e,1588
1587,e,1588
1586,e,1588
1585,e,1588
1584,e,1588
1586,f,1589
1585,f,1589
1587,f,1589
1588,f,1589
1589,f,1589
1590,f,1589
1592,d,1591
1591,e,1591
1591,d,1591
1590,e,1591
1590,d,1591
1592,e,1591
1587,e,1591
1589,e,1591
1589,d,1591
1587,d,1591
1588,e,1591
1588,d,1591
1593,f,1592
1591,f,1592
1592,f,1592
1589,f,1592
1590,f,1592
1588,f,1592
1590,f,1593
1591,f,1593
1594,f,1593
1593,f,1593
1589,f,1593
1592,f,1593
1593,a,1594
1594,a,1594
1595,a,1594
1590,a,1594
1591,a,1594
1592,a,1594
1592,b,1595
1595,d,1595
1595,f,1595
1594,f,1595
1594,d,1595
1594,b,1595
1596,b,1595
1596,d,1595
1596,f,1595
1592,d,1595
1593,d,1595
1593,b,1595
1591,b,1595
1591,d,1595
1591,f,1595
1592,f,1595
1593,f,1595
1595,b,1595
1596,c,1596
1597,f,1596
1597,d,1596
1595,f,1596
1596,f,1596
1596,d,1596
1595,c,1596
1597,c,1596
1595,d,1596
1594,f,1596
1594,c,1596
1594,d,1596
1592,d,1596
1592,c,1596
1593,f,1596
1593,c,1596
1593,d,1596
1592,f,1596
1594,e,1597
1598,e,1597
1598,f,1597
1597,e,1597
1597,f,1597
1596,e,1597
1596,f,1597
1593,f,1597
1593,e,1597
1595,e,1597
1595,f,1597
1594,f,1597
1596,f,1598
1595,f,1598
1597,f,1598
1598,f,1598
1599,f,1598
1594,f,1598
1605,d,1604
1603,d,1604
1602,d,1604
1604,d,1604
1601,d,1604
1600,d,1604
1602,f,1605
1603,f,1605
1604,f,1605
1605,f,1605
1601,f,1605
1606,f,1605
1604,e,1608
1605,e,1608
1606,e,1608
1609,e,1608
1607,e,1608
1608,e,1608
1610,f,1609
1608,f,1609
1609,f,1609
1606,f,1609
1605,f,1609
1607,f,1609
1614,c,1614
1612,c,1614
1613,c,1614
1611,c,1614
1610,c,1614
1615,c,1614
1612,e,1615
1613,e,1615
1616,e,1615
1615,e,1615
1614,e,1615
1611,e,1615
1617,b,1616
1616,f,1616
1616,b,1616
1615,f,1616
1615,b,1616
1617,f,1616
1614,b,1616
1614,f,1616
1612,b,1616
1612,f,1616
1613,b,1616
1613,f,1616
1614,f,1617
1618,e,1617
1618,f,1617
1618,c,1617
1614,c,1617
1617,f,1617
1617,c,1617
1616,e,1617
1616,f,1617
1616,c,1617
1617,e,1617
1613,f,1617
1615,e,1617
1615,f,1617
1615,c,1617
1613,c,1617
1613,e,1617
1614,e,1617
1615,e,1618
1617,e,1618
1614,f,1618
1618,d,1618
1618,f,1618
1618,e,1618
1619,e,1618
1619,f,1618
1614,d,1618
1617,f,1618
1617,d,1618
1614,e,1618
1615,f,1618
1615,d,1618
1619,d,1618
1616,e,1618
1616,f,1618
1616,d,1618
1620,f,1619
1617,f,1619
1619,f,1619
1615,f,1619
1618,f,1619
1616,f,1619
1620,f,1620
1619,b,1620
1619,f,1620
1621,b,1620
1621,f,1620
1620,b,1620
1618,f,1620
1618,b,1620
1617,f,1620
1617,b,1620
1616,f,1620
1616,b,1620
1621,f,1621
1622,c,1621
1620,f,1621
1620,c,1621
1621,c,1621
1622,f,1621
1617,f,1621
1619,f,1621
1617,c,1621
1618,c,1621
1619,c,1621
1618,f,1621
1619,e,1622
1622,e,1622
1621,e,1622
1620,e,1622
1618,e,1622
1623,e,1622
1622,d,1623
1621,d,1623
1624,d,1623
1623,d,1623
1620,d,1623
1619,d,1623
1624,f,1624
1623,f,1624
1625,f,1624
1622,f,1624
1620,f,1624
1621,f,1624
1622,e,1625
1625,c,1625
1625,e,1625
1621,e,1625
1621,c,1625
1623,c,1625
1623,e,1625
1624,e,1625
1624,c,1625
1622,c,1625
1626,e,1625
1626,c,1625
1625,a,1626
1626,a,1626
1625,e,1626
1626,f,1626
1626,e,1626
1627,a,1626
1627,f,1626
1625,f,1626
1627,e,1626
1624,a,1626
1623,e,1626
1623,a,1626
1622,a,1626
1622,f,1626
1624,e,1626
1624,f,1626
1622,e,1626
1623,f,1626
1626,b,1627
1626,d,1627
1626,f,1627
1624,f,1627
1628,f,1627
1628,d,1627
1627,b,1627
1627,d,1627
1626,e,1627
1628,b,1627
1623,b,1627
1623,d,1627
1624,e,1627
1624,b,1627
1627,f,1627
1623,e,1627
1624,d,1627
1625,b,1627
1623,f,1627
1625,f,1627
1625,e,1627
1628,e,1627
1625,d,1627
1627,e,1627
1627,f,1628
1628,f,1628
1628,c,1628
1629,c,1628
1629,f,1628
1625,c,1628
1626,f,1628
1626,c,1628
1625,f,1628
1627,c,1628
1624,f,1628
1624,c,1628
1627,e,1629
1626,e,1629
1625,e,1629
1628,e,1629
1630,e,1629
1629,e,1629
1626,f,1630
1631,f,1630
1629,f,1630
1630,f,1630
1628,f,1630
1627,f,1630
1633,d,1632
1633,c,1632
1630,c,1632
1631,d,1632
1631,c,1632
1629,d,1632
1629,c,1632
1628,c,1632
1628,d,1632
1632,d,1632
1630,d,1632
1632,c,1632
1634,f,1633
1633,e,1633
1633,f,1633
1634,e,1633
1632,e,1633
1632,f,1633
1630,f,1633
1631,e,1633
1631,f,1633
1629,f,1633
1630,e,1633
1629,e,1633
1635,f,1634
1634,f,1634
1631,f,1634
1633,f,1634
1630,f,1634
1632,f,1634
1633,f,1636
1636,f,1636
1635,f,1636
1634,f,1636
1632,f,1636
1637,f,1636
1634,b,1637
1638,b,1637
1633,b,1637
1635,b,1637
1636,b,1637
1637,b,1637
1637,f,1638
1637,b,1638
1638,b,1638
1638,a,1638
1636,f,1638
1636,c,1638
1637,a,1638
1636,b,1638
1636,a,1638
1637,c,1638
1638,c,1638
1639,b,1638
1639,a,1638
1639,c,1638
1639,f,1638
1635,f,1638
1638,f,1638
1635,b,1638
1635,a,1638
1634,f,1638
1634,c,1638
1634,b,1638
1634,a,1638
1635,c,1638
1640,c,1639
1640,d,1639
1639,f,1639
1638,b,1639
1638,d,1639
1638,c,1639
1638,f,1639
1638,e,1639
1640,b,1639
1640,a,1639
1639,e,1639
1640,f,1639
1639,c,1639
1639,a,1639
1638,a,1639
1640,e,1639
1639,d,1639
1636,d,1639
1636,a,1639
1636,b,1639
1635,e,1639
1636,c,1639
1636,f,1639
1636,e,1639
1635,f,1639
1635,c,1639
1635,d,1639
1637,a,1639
1637,b,1639
1637,d,1639
1637,c,1639
1637,f,1639
1637,e,1639
1635,a,1639
1639,b,1639
1635,b,1639
1639,b,1640
1639,d,1640
1640,b,1640
1641,e,1640
1639,e,1640
1640,d,1640
1641,f,1640
1641,c,1640
1641,d,1640
1641,b,1640
1640,f,1640
1640,c,1640
1639,c,1640
1640,e,1640
1639,f,1640
1637,e,1640
1637,d,1640
1637,b,1640
1636,e,1640
1638,b,1640
1638,d,1640
1637,f,1640
1636,f,1640
1637,c,1640
1638,c,1640
1638,f,1640
1638,e,1640
1636,d,1640
1636,b,1640
1636,c,1640
1642,c,1641
1642,e,1641
1640,f,1641
1640,c,1641
1641,c,1641
1642,f,1641
1640,e,1641
1637,c,1641
1637,f,1641
1637,e,1641
1639,e,1641
1639,f,1641
1639,c,1641
1638,c,1641
1638,f,1641
1638,e,1641
1641,f,1641
1641,e,1641
1642,f,1642
1642,e,1642
1638,e,1642
1641,e,1642
1641,f,1642
1638,f,1642
1640,e,1642
1640,f,1642
1643,f,1642
1639,e,1642
1639,f,1642
1643,e,1642
1640,f,1643
1641,f,1643
1639,f,1643
1642,f,1643
1644,f,1643
1643,f,1643
1644,a,1645
1643,a,1645
1645,a,1645
1641,a,1645
1646,a,1645
1642,a,1645
1646,d,1646
1646,c,1646
1645,c,1646
1645,d,1646
1645,b,1646
1647,b,1646
1647,d,1646
1647,c,1646
1642,c,1646
1642,d,1646
1643,b,1646
1644,d,1646
1644,b,1646
1646,b,1646
1642,b,1646
1643,d,1646
1644,c,1646
1643,c,1646
1647,e,1647
1646,c,1647
1646,f,1647
1648,f,1647
1648,c,1647
1648,e,1647
1647,f,1647
1646,e,1647
1647,c,1647
1644,f,1647
1643,e,1647
1644,c,1647
1644,e,1647
1645,e,1647
1645,f,1647
1645,c,1647
1643,c,1647
1643,f,1647
1647,a,1648
1649,f,1648
1644,a,1648
1644,f,1648
1644,e,1648
1648,e,1648
1649,a,1648
1648,a,1648
1647,f,1648
1646,e,1648
1646,f,1648
1646,a,1648
1645,a,1648
1645,f,1648
1645,e,1648
1649,e,1648
1648,f,1648
1647,e,1648
1648,b,1649
1648,f,1649
1649,f,1649
1649,d,1649
1649,b,1649
1648,d,1649
1650,b,1649
1645,f,1649
1650,f,1649
1645,b,1649
1646,b,1649
1646,d,1649
1646,f,1649
1650,d,1649
1647,b,1649
1647,d,1649
1647,f,1649
1645,d,1649
1650,f,1650
1651,b,1650
1649,f,1650
1649,c,1650
1649,b,1650
1651,f,1650
1650,c,1650
1650,b,1650
1651,c,1650
1647,b,1650
1647,f,1650
1648,f,1650
1648,c,1650
1648,b,1650
1646,b,1650
1646,c,1650
1646,f,1650
1647,c,1650
1651,e,1651
1651,f,1651
1651,c,1651
1652,e,1651
1650,e,1651
1650,f,1651
1650,c,1651
1652,c,1651
1647,c,1651
1647,f,1651
1647,e,1651
1649,e,1651
1649,f,1651
1649,c,1651
1648,c,1651
1648,f,1651
1648,e,1651
1652,f,1651
1653,f,1652
1653,e,1652
1648,e,1652
1652,e,1652
1652,f,1652
1648,f,1652
1651,e,1652
1649,f,1652
1651,f,1652
1649,e,1652
1650,e,1652
1650,f,1652
1654,a,1654
1653,a,1654
1651,a,1654
1655,a,1654
1652,a,1654
1650,a,1654
1652,d,1655
1655,d,1655
1654,d,1655
1654,b,1655
1651,d,1655
1656,b,1655
1652,b,1655
1656,d,1655
1653,d,1655
1653,b,1655
1655,b,1655
1651,b,1655
1655,f,1656
1655,c,1656
1657,f,1656
1656,c,1656
1655,d,1656
1656,f,1656
1656,d,1656
1652,f,1656
1657,d,1656
1657,c,1656
1652,d,1656
1654,f,1656
1654,c,1656
1654,d,1656
1652,c,1656
1653,d,1656
1653,c,1656
1653,f,1656
1657,e,1657
1654,e,1657
1657,f,1657
1658,e,1657
1656,f,1657
1655,e,1657
1655,f,1657
1653,f,1657
1653,e,1657
1654,f,1657
1658,f,1657
1656,e,1657
1659,f,1658
1658,f,1658
1659,b,1658
1657,b,1658
1657,f,1658
1658,b,1658
1654,f,1658
1656,f,1658
1656,b,1658
1655,b,1658
1655,f,1658
1654,b,1658
1660,f,1659
1659,c,1659
1659,f,1659
1660,b,1659
1658,f,1659
1658,c,1659
1658,b,1659
1660,c,1659
1655,b,1659
1659,b,1659
1656,b,1659
1656,f,1659
1657,f,1659
1657,c,1659
1657,b,1659
1655,c,1659
1655,f,1659
1656,c,1659
1661,e,1660
1659,c,1660
1660,e,1660
1659,e,1660
1660,f,1660
1661,f,1660
1661,c,1660
1659,f,1660
1660,c,1660
1656,f,1660
1658,e,1660
1658,f,1660
1656,e,1660
1657,c,1660
1658,c,1660
1656,c,1660
1657,f,1660
1657,e,1660
1658,e,1661
1662,e,1661
1661,e,1661
1661,f,1661
1660,e,1661
1660,f,1661
1662,f,1661
1657,e,1661
1657,f,1661
1659,e,1661
1659,f,1661
1658,f,1661
1660,d,1662
1663,d,1662
1659,d,1662
1661,d,1662
1662,d,1662
1658,d,1662
1664,d,1663
1662,d,1663
1663,d,1663
1661,d,1663
1659,d,1663
1660,d,1663
1665,f,1664
1661,f,1664
1663,f,1664
1664,f,1664
1662,f,1664
1660,f,1664
1666,d,1666
1665,d,1666
1665,b,1666
1667,b,1666
1667,d,1666
1664,d,1666
1666,b,1666
1662,b,1666
1662,d,1666
1663,d,1666
1663,b,1666
1664,b,1666
1667,c,1667
1668,c,1667
1668,f,1667
1666,f,1667
1666,c,1667
1667,f,1667
1664,f,1667
1663,f,1667
1663,c,1667
1665,f,1667
1665,c,1667
1664,c,1667
1667,e,1668
1669,f,1668
1667,f,1668
1668,f,1668
1664,f,1668
1664,e,1668
1668,e,1668
1669,e,1668
1666,e,1668
1666,f,1668
1665,f,1668
1665,e,1668
1668,a,1669
1668,f,1669
1669,a,1669
1669,f,1669
1665,f,1669
1670,a,1669
1667,f,1669
1667,a,1669
1670,f,1669
1666,f,1669
1666,a,1669
1665,a,1669
1669,d,1670
1670,b,1670
1670,d,1670
1669,b,1670
1671,b,1670
1667,b,1670
1671,d,1670
1666,d,1670
1668,d,1670
1668,b,1670
1667,d,1670
1666,b,1670
1668,f,1671
1672,d,1671
1670,d,1671
1670,c,1671
1670,f,1671
1671,f,1671
1671,c,1671
1671,d,1671
1672,c,1671
1668,c,1671
1672,f,1671
1668,d,1671
1669,f,1671
1669,c,1671
1669,d,1671
1667,d,1671
1667,c,1671
1667,f,1671
1672,d,1672
1673,f,1672
1673,d,1672
1671,a,1672
1671,d,1672
1673,a,1672
1671,e,1672
1672,a,1672
1672,e,1672
1672,f,1672
1671,f,1672
1673,e,1672
1669,d,1672
1669,e,1672
1669,a,1672
1670,a,1672
1670,d,1672
1670,f,1672
1668,e,1672
1668,f,1672
1668,d,1672
1668,a,1672
1670,e,1672
1669,f,1672
1674,b,1673
1674,d,1673
1674,f,1673
1672,f,1673
1672,d,1673
1672,b,1673
1673,b,1673
1669,b,1673
1670,f,1673
1670,d,1673
1670,b,1673
1671,b,1673
1671,d,1673
1673,d,1673
1671,f,1673
1669,f,1673
1669,d,1673
1673,f,1673
1674,c,1674
1675,f,1674
1675,c,1674
1674,f,1674
1673,f,1674
1670,f,1674
1670,c,1674
1671,c,1674
1672,f,1674
1672,c,1674
1673,c,1674
1671,f,1674
1673,e,1675
1672,e,1675
1676,e,1675
1674,e,1675
1671,e,1675
1675,e,1675
1674,f,1676
1676,f,1676
1677,f,1676
1672,f,1676
1673,f,1676
1675,f,1676
1677,f,1679
1679,f,1679
1675,f,1679
1678,f,1679
1676,f,1679
1680,f,1679
1680,a,1680
1679,b,1680
1679,a,1680
1680,b,1680
1678,b,1680
1678,a,1680
1677,b,1680
1681,a,1680
1677,a,1680
1676,b,1680
1676,a,1680
1681,b,1680
1682,c,1681
1682,d,1681
1682,b,1681
1682,a,1681
1682,f,1681
1680,a,1681
1680,d,1681
1680,c,1681
1680,f,1681
1681,f,1681
1681,c,1681
1681,d,1681
1681,b,1681
1681,a,1681
1680,b,1681
1677,f,1681
1677,c,1681
1677,a,1681
1677,d,1681
1678,a,1681
1678,b,1681
1679,f,1681
1679,c,1681
1679,d,1681
1679,b,1681
1679,a,1681
1678,f,1681
1677,b,1681
1678,d,1681
1678,c,1681
1681,c,1682
1681,d,1682
1682,f,1682
1681,a,1682
1681,b,1682
1681,f,1682
1683,f,1682
1683,e,1682
1682,e,1682
1683,c,1682
1683,d,1682
1683,b,1682
1683,a,1682
1682,b,1682
1682,d,1682
1682,c,1682
1681,e,1682
1682,a,1682
1679,b,1682
1678,e,1682
1679,c,1682
1679,d,1682
1679,a,1682
1679,e,1682
1678,f,1682
1680,a,1682
1680,b,1682
1680,d,1682
1679,f,1682
1680,f,1682
1680,e,1682
1678,c,1682
1678,d,1682
1678,b,1682
1678,a,1682
1680,c,1682
1683,c,1683
1683,b,1683
1682,b,1683
1682,d,1683
1682,c,1683
1684,e,1683
1682,e,1683
1684,f,1683
1684,c,1683
1684,d,1683
1684,b,1683
1682,f,1683
1683,d,1683
1679,b,1683
1679,d,1683
1680,e,1683
1680,f,1683
1680,c,1683
1680,d,1683
1680,b,1683
1681,b,1683
1681,d,1683
1683,f,1683
1681,f,1683
1681,c,1683
1679,e,1683
1679,f,1683
1679,c,1683
1681,e,1683
1683,e,1683
1685,e,1684
1685,f,1684
1683,e,1684
1685,c,1684
1684,e,1684
1684,f,1684
1684,c,1684
1683,f,1684
1680,e,1684
1680,f,1684
1681,f,1684
1680,c,1684
1683,c,1684
1681,c,1684
1681,e,1684
1682,e,1684
1682,f,1684
1682,c,1684
1685,e,1685
1685,f,1685
1684,e,1685
1686,f,1685
1684,f,1685
1681,e,1685
1682,f,1685
1682,e,1685
1683,e,1685
1683,f,1685
1681,f,1685
1686,e,1685
1687,f,1686
1684,f,1686
1683,f,1686
1685,f,1686
1686,f,1686
1682,f,1686
1688,d,1688
1686,d,1688
1689,d,1688
1687,d,1688
1684,d,1688
1685,d,1688
1688,e,1689
1688,f,1689
1690,f,1689
1689,e,1689
1690,e,1689
1689,f,1689
1687,f,1689
1686,e,1689
1686,f,1689
1685,e,1689
1687,e,1689
1685,f,1689
1690,d,1690
1690,f,1690
1691,d,1690
1689,d,1690
1691,f,1690
1689,f,1690
1688,f,1690
1688,d,1690
1686,f,1690
1687,d,1690
1687,f,1690
1686,d,1690
1692,f,1691
1690,f,1691
1687,f,1691
1691,f,1691
1689,f,1691
1688,f,1691
1691,a,1692
1691,e,1692
1692,e,1692
1693,a,1692
1693,e,1692
1688,a,1692
1690,e,1692
1692,a,1692
1689,e,1692
1689,a,1692
1688,e,1692
1690,a,1692
1693,d,1693
1693,b,1693
1692,f,1693
1694,b,1693
1692,d,1693
1694,d,1693
1694,f,1693
1692,b,1693
1693,f,1693
1690,d,1693
1690,b,1693
1691,f,1693
1691,d,1693
1691,b,1693
1690,f,1693
1689,b,1693
1689,d,1693
1689,f,1693
1691,f,1694
1693,a,1694
1693,c,1694
1693,f,1694
1694,a,1694
1691,c,1694
1695,a,1694
1695,c,1694
1695,f,1694
1694,c,1694
1690,a,1694
1694,f,1694
1692,c,1694
1690,c,1694
1691,a,1694
1690,f,1694
1692,a,1694
1692,f,1694
1691,b,1695
1695,b,1695
1695,d,1695
1695,e,1695
1694,e,1695
1694,d,1695
1694,b,1695
1691,e,1695
1691,d,1695
1696,d,1695
1696,e,1695
1692,e,1695
1693,e,1695
1693,d,1695
1693,b,1695
1696,b,1695
1692,d,1695
1692,b,1695
1697,e,1696
1696,e,1696
1695,f,1696
1696,f,1696
1695,e,1696
1696,c,1696
1695,c,1696
1692,e,1696
1697,f,1696
1692,f,1696
1694,e,1696
1694,f,1696
1694,c,1696
1697,c,1696
1692,c,1696
1693,c,1696
1693,f,1696
1693,e,1696
1694,e,1697
1697,f,1697
1697,e,1697
1696,e,1697
1696,f,1697
1693,f,1697
1693,e,1697
1698,f,1697
1698,e,1697
1695,e,1697
1695,f,1697
1694,f,1697
1698,b,1698
1698,f,1698
1697,f,1698
1697,b,1698
1699,f,1698
1699,b,1698
1696,b,1698
1696,f,1698
1694,b,1698
1694,f,1698
1695,b,1698
1695,f,1698
1696,f,1699
1700,f,1699
1700,c,1699
1699,f,1699
1698,f,1699
1698,c,1699
1699,c,1699
1695,f,1699
1697,f,1699
1697,c,1699
1696,c,1699
1695,c,1699
1698,e,1700
1701,e,1700
1697,e,1700
1700,e,1700
1699,e,1700
1696,e,1700
1701,e,1701
1701,f,1701
1700,e,1701
1700,f,1701
1702,e,1701
1699,e,1701
1699,f,1701
1702,f,1701
1698,e,1701
1698,f,1701
1697,f,1701
1697,e,1701
1698,f,1702
1700,f,1702
1703,f,1702
1701,f,1702
1702,f,1702
1699,f,1702
1703,d,1703
1702,d,1703
1704,d,1703
1699,d,1703
1701,d,1703
1700,d,1703
1702,f,1704
1700,f,1704
1703,f,1704
1704,f,1704
1701,f,1704
1705,f,1704
1708,c,1707
1706,c,1707
1707,c,1707
1705,c,1707
1703,c,1707
1704,c,1707
1709,e,1708
1707,e,1708
1707,b,1708
1708,e,1708
1708,b,1708
1709,b,1708
1706,b,1708
1704,b,1708
1704,e,1708
1705,e,1708
1705,b,1708
1706,e,1708
1708,f,1709
1708,c,1709
1709,c,1709
1709,f,1709
1707,c,1709
1710,f,1709
1707,f,1709
1706,f,1709
1706,c,1709
1705,f,1709
1705,c,1709
1710,c,1709
1709,e,1710
1709,b,1710
1710,b,1710
1710,e,1710
1711,e,1710
1711,b,1710
1708,e,1710
1708,b,1710
1706,b,1710
1706,e,1710
1707,b,1710
1707,e,1710
1712,f,1711
1711,c,1711
1710,f,1711
1710,c,1711
1711,f,1711
1712,c,1711
1708,c,1711
1709,f,1711
1709,c,1711
1707,c,1711
1707,f,1711
1708,f,1711
1712,a,1712
1711,e,1712
1711,c,1712
1712,c,1712
1712,e,1712
1713,e,1712
1713,c,1712
1713,a,1712
1711,a,1712
1708,a,1712
1708,c,1712
1708,e,1712
1709,e,1712
1709,c,1712
1710,e,1712
1710,c,1712
1710,a,1712
1709,a,1712
1714,b,1713
1709,b,1713
1709,a,1713
1712,a,1713
1712,b,1713
1710,b,1713
1712,f,1713
1714,d,1713
1714,a,1713
1713,e,1713
1713,f,1713
1713,d,1713
1713,b,1713
1712,d,1713
1712,e,1713
1714,f,1713
1713,a,1713
1710,e,1713
1714,e,1713
1709,e,1713
1710,f,1713
1709,f,1713
1711,a,1713
1709,d,1713
1711,d,1713
1711,f,1713
1711,e,1713
1710,d,1713
1710,a,1713
1711,b,1713
1715,c,1714
1715,f,1714
1715,d,1714
1714,b,1714
1713,d,1714
1713,c,1714
1713,f,1714
1714,f,1714
1714,c,1714
1713,b,1714
1715,b,1714
1714,d,1714
1711,f,1714
1711,b,1714
1712,b,1714
1711,d,1714
1710,f,1714
1710,c,1714
1711,c,1714
1712,c,1714
1712,f,1714
1710,d,1714
1710,b,1714
1712,d,1714
1716,f,1715
1716,e,1715
1714,e,1715
1714,f,1715
1714,c,1715
1715,c,1715
1716,c,1715
1715,e,1715
1711,c,1715
1711,f,1715
1711,e,1715
1713,e,1715
1713,f,1715
1713,c,1715
1712,c,1715
1712,f,1715
1712,e,1715
1715,f,1715
1712,e,1716
1716,e,1716
1717,f,1716
1717,e,1716
1715,e,1716
1712,f,1716
1716,f,1716
1715,f,1716
1714,e,1716
1714,f,1716
1713,f,1716
1713,e,1716
1717,f,1717
1715,f,1717
1714,f,1717
1713,f,1717
1716,f,1717
1718,f,1717
1719,c,1718
1718,c,1718
1717,c,1718
1714,c,1718
1716,c,1718
1715,c,1718
1716,e,1719
1717,e,1719
1718,e,1719
1715,e,1719
1719,e,1719
1720,e,1719
1719,f,1720
1717,f,1720
1721,f,1720
1718,f,1720
1720,f,1720
1716,f,1720
1721,b,1721
1720,b,1721
1722,b,1721
1719,b,1721
1718,b,1721
1717,b,1721
1719,f,1722
1722,f,1722
1721,f,1722
1721,c,1722
1722,c,1722
1723,c,1722
1719,c,1722
1723,f,1722
1720,f,1722
1720,c,1722
1718,c,1722
1718,f,1722
1723,a,1723
1722,e,1723
1723,e,1723
1722,a,1723
1724,a,1723
1724,e,1723
1720,e,1723
1719,a,1723
1721,e,1723
1721,a,1723
1719,e,1723
1720,a,1723
1724,b,1724
1724,d,1724
1724,f,1724
1725,b,1724
1723,f,1724
1723,d,1724
1723,b,1724
1720,b,1724
1721,f,1724
1725,f,1724
1722,f,1724
1722,d,1724
1722,b,1724
1720,f,1724
1721,b,1724
1721,d,1724
1725,d,1724
1720,d,1724
1725,c,1725
1725,f,1725
1726,c,1725
1724,f,1725
1724,c,1725
1726,f,1725
1721,c,1725
1721,f,1725
1723,f,1725
1722,f,1725
1722,c,1725
1723,c,1725
1726,a,1726
1726,e,1726
1727,a,1726
1725,e,1726
1725,a,1726
1722,a,1726
1727,e,1726
1722,e,1726
1724,e,1726
1724,a,1726
1723,a,1726
1723,e,1726
1727,d,1727
1727,f,1727
1728,b,1727
1728,d,1727
1726,f,1727
1726,d,1727
1723,f,1727
1728,f,1727
1727,b,1727
1723,d,1727
1726,b,1727
1725,f,1727
1725,d,1727
1723,b,1727
1724,b,1727
1724,d,1727
1725,b,1727
1724,f,1727
1725,f,1728
1728,f,1728
1728,c,1728
1727,c,1728
1724,c,1728
1727,f,1728
1729,f,1728
1725,c,1728
1726,c,1728
1726,f,1728
1724,f,1728
1729,c,1728
1730,e,1729
1727,e,1729
1725,e,1729
1728,e,1729
1729,e,1729
1726,e,1729
1731,f,1730
1730,f,1730
1731,d,1730
1729,f,1730
1729,d,1730
1730,d,1730
1726,f,1730
1728,f,1730
1728,d,1730
1726,d,1730
1727,d,1730
1727,f,1730
1728,f,1731
1732,f,1731
1730,f,1731
1731,f,1731
1727,f,1731
1729,f,1731
1731,a,1732
1728,a,1732
1729,a,1732
1733,a,1732
1732,a,1732
1730,a,1732
1732,b,1733
1734,c,1733
1732,c,1733
1734,b,1733
1733,c,1733
1733,d,1733
1734,d,1733
1732,d,1733
1729,c,1733
1733,b,1733
1730,d,1733
1729,d,1733
1731,d,1733
1731,b,1733
1729,b,1733
1730,c,1733
1731,c,1733
1730,b,1733
1733,c,1734
1733,f,1734
1734,f,1734
1735,f,1734
1735,c,1734
1734,e,1734
1734,c,1734
1733,e,1734
1735,e,1734
1731,c,1734
1731,e,1734
1730,f,1734
1732,e,1734
1732,f,1734
1732,c,1734
1730,e,1734
1731,f,1734
1730,c,1734
1735,e,1735
1736,f,1735
1734,e,1735
1734,f,1735
1732,e,1735
1731,e,1735
1736,e,1735
1733,e,1735
1733,f,1735
1732,f,1735
1731,f,1735
1735,f,1735
1736,f,1736
1732,f,1736
1735,f,1736
1737,f,1736
1734,f,1736
1733,f,1736
1735,d,1737
1736,d,1737
1737,d,1737
1733,d,1737
1738,d,1737
1734,d,1737
1738,b,1738
1738,f,1738
1737,f,1738
1737,b,1738
1739,b,1738
1735,b,1738
1736,b,1738
1734,b,1738
1739,f,1738
1735,f,1738
1734,f,1738
1736,f,1738
1739,c,1739
1738,f,1739
1738,c,1739
1739,f,1739
1736,c,1739
1737,f,1739
1737,c,1739
1735,f,1739
1740,f,1739
1736,f,1739
1740,c,1739
1735,c,1739
1739,e,1740
1739,a,1740
1740,e,1740
1740,a,1740
1737,e,1740
1741,a,1740
1738,e,1740
1738,a,1740
1741,e,1740
1736,a,1740
1736,e,1740
1737,a,1740
1741,b,1741
1741,d,1741
1741,f,1741
1740,f,1741
1740,d,1741
1740,b,1741
1742,b,1741
1742,d,1741
1738,d,1741
1738,f,1741
1738,b,1741
1737,f,1741
1737,d,1741
1737,b,1741
1739,b,1741
1742,f,1741
1739,f,1741
1739,d,1741
1742,f,1742
1742,c,1742
1742,d,1742
1743,b,1742
1741,f,1742
1741,c,1742
1741,d,1742
1741,b,1742
1743,d,1742
1743,c,1742
1743,f,1742
1742,b,1742
1738,f,1742
1738,c,1742
1739,c,1742
1739,d,1742
1739,b,1742
1738,d,1742
1740,b,1742
1739,f,1742
1740,c,1742
1740,f,1742
1738,b,1742
1740,d,1742
1744,c,1743
1742,e,1743
1742,f,1743
1742,c,1743
1743,f,1743
1743,c,1743
1743,e,1743
1739,f,1743
1739,e,1743
1744,f,1743
1744,e,1743
1741,e,1743
1741,f,1743
1741,c,1743
1740,c,1743
1740,f,1743
1740,e,1743
1739,c,1743
1744,f,1744
1744,e,1744
1743,e,1744
1743,f,1744
1740,f,1744
1745,f,1744
1745,e,1744
1741,f,1744
1741,e,1744
1742,e,1744
1742,f,1744
1740,e,1744
1746,a,1745
1741,a,1745
1741,f,1745
1746,f,1745
1744,f,1745
1744,a,1745
1745,f,1745
1743,f,1745
1743,a,1745
1742,a,1745
1742,f,1745
1745,a,1745
1745,e,1746
1745,b,1746
1747,b,1746
1746,d,1746
1746,e,1746
1747,e,1746
1746,b,1746
1747,d,1746
1745,d,1746
1742,e,1746
1743,d,1746
1743,e,1746
1744,e,1746
1744,d,1746
1742,b,1746
1744,b,1746
1743,b,1746
1742,d,1746
1743,b,1747
1743,c,1747
1746,c,1747
1747,b,1747
1747,c,1747
1745,c,1747
1745,b,1747
1744,b,1747
1744,c,1747
1748,b,1747
1748,c,1747
1746,b,1747
1744,e,1748
1747,e,1748
1744,f,1748
1748,e,1748
1748,f,1748
1747,c,1748
1747,f,1748
1746,c,1748
1749,f,1748
1749,e,1748
1746,e,1748
1746,f,1748
1745,e,1748
1745,f,1748
1745,c,1748
1744,c,1748
1749,c,1748
1748,c,1748
1749,f,1749
1749,e,1749
1750,f,1749
1748,e,1749
1748,f,1749
1750,e,1749
1747,f,1749
1747,e,1749
1745,f,1749
1745,e,1749
1746,f,1749
1746,e,1749
1747,e,1750
1750,e,1750
1750,f,1750
1751,e,1750
1749,f,1750
1749,e,1750
1746,e,1750
1747,f,1750
1748,f,1750
1748,e,1750
1746,f,1750
1751,f,1750
1752,f,1751
1749,f,1751
1748,f,1751
1747,f,1751
1750,f,1751
1751,f,1751
1752,b,1752
1753,f,1752
1753,b,1752
1751,b,1752
1752,f,1752
1751,f,1752
1750,f,1752
1748,f,1752
1750,b,1752
1749,b,1752
1749,f,1752
1748,b,1752
1753,c,1753
1753,f,1753
1752,f,1753
1752,c,1753
1750,f,1753
1754,f,1753
1751,f,1753
1751,c,1753
1749,f,1753
1750,c,1753
1754,c,1753
1749,c,1753
1753,e,1754
1755,e,1754
1754,e,1754
1752,e,1754
1751,e,1754
1750,e,1754
1752,a,1755
1753,a,1755
1751,a,1755
1756,a,1755
1754,a,1755
1755,a,1755
1752,b,1756
1757,d,1756
1757,b,1756
1756,d,1756
1756,b,1756
1752,d,1756
1755,b,1756
1755,d,1756
1754,d,1756
1754,b,1756
1753,b,1756
1753,d,1756
1754,f,1757
1758,c,1757
1757,f,1757
1757,c,1757
1756,f,1757
1753,c,1757
1756,c,1757
1758,f,1757
1755,f,1757
1755,c,1757
1754,c,1757
1753,f,1757
1754,e,1758
1756,e,1758
1759,e,1758
1755,e,1758
1757,e,1758
1758,e,1758
1759,f,1759
1758,f,1759
1760,f,1759
1756,f,1759
1755,f,1759
1757,f,1759
1759,c,1763
1760,c,1763
1761,c,1763
1763,c,1763
1764,c,1763
1762,c,1763
1763,e,1764
1765,e,1764
1764,e,1764
1761,e,1764
1760,e,1764
1762,e,1764
1766,f,1765
1765,f,1765
1764,f,1765
1762,f,1765
1761,f,1765
1763,f,1765
1764,b,1768
1767,b,1768
1768,b,1768
1769,b,1768
1766,b,1768
1765,b,1768
1769,c,1769
1769,b,1769
1769,f,1769
1768,f,1769
1768,c,1769
1768,b,1769
1770,b,1769
1770,c,1769
1767,f,1769
1767,b,1769
1770,f,1769
1765,b,1769
1766,f,1769
1765,c,1769
1765,f,1769
1766,b,1769
1766,c,1769
1767,c,1769
1767,c,1770
1770,f,1770
1770,e,1770
1771,c,1770
1769,e,1770
1769,f,1770
1769,c,1770
1771,f,1770
1768,e,1770
1768,f,1770
1768,c,1770
1766,c,1770
1766,f,1770
1766,e,1770
1767,e,1770
1767,f,1770
1771,e,1770
1770,c,1770
1771,f,1771
1771,e,1771
1770,e,1771
1770,f,1771
1772,f,1771
1772,e,1771
1767,f,1771
1768,e,1771
1767,e,1771
1769,e,1771
1769,f,1771
1768,f,1771
1773,e,1772
1771,e,1772
1771,f,1772
1772,e,1772
1769,e,1772
1768,e,1772
1773,f,1772
1770,e,1772
1770,f,1772
1769,f,1772
1768,f,1772
1772,f,1772
1774,f,1773
1772,f,1773
1773,f,1773
1771,f,1773
1770,f,1773
1769,f,1773
1774,b,1775
1776,b,1775
1776,c,1775
1773,c,1775
1773,b,1775
1774,c,1775
1772,b,1775
1772,c,1775
1775,c,1775
1771,c,1775
1771,b,1775
1775,b,1775
1777,f,1776
1776,e,1776
1776,f,1776
1776,c,1776
1777,e,1776
1775,e,1776
1775,f,1776
1775,c,1776
1777,c,1776
1773,e,1776
1774,e,1776
1774,f,1776
1774,c,1776
1772,c,1776
1772,f,1776
1772,e,1776
1773,f,1776
1773,c,1776
1774,e,1777
1777,f,1777
1778,e,1777
1776,e,1777
1776,f,1777
1777,e,1777
1773,f,1777
1773,e,1777
1775,e,1777
1775,f,1777
1774,f,1777
1778,f,1777
1778,f,1778
1779,f,1778
1774,f,1778
1776,f,1778
1775,f,1778
1777,f,1778
1779,f,1783
1780,f,1783
1781,f,1783
1782,f,1783
1784,f,1783
1783,f,1783
1784,c,1785
1781,c,1785
1782,c,1785
1783,c,1785
1785,c,1785
1786,c,1785
1785,b,1786
1786,e,1786
1787,e,1786
1787,b,1786
1785,e,1786
1784,e,1786
1786,b,1786
1784,b,1786
1782,b,1786
1782,e,1786
1783,b,1786
1783,e,1786
1784,d,1787
1788,f,1787
1788,c,1787
1788,d,1787
1787,f,1787
1787,d,1787
1786,f,1787
1786,c,1787
1786,d,1787
1787,c,1787
1783,d,1787
1784,f,1787
1785,f,1787
1785,c,1787
1785,d,1787
1784,c,1787
1783,f,1787
1783,c,1787
1788,f,1788
1788,e,1788
1787,e,1788
1787,f,1788
1785,e,1788
1784,f,1788
1789,e,1788
1786,e,1788
1786,f,1788
1785,f,1788
1789,f,1788
1784,e,1788
1788,f,1789
1789,f,1789
1790,f,1789
1787,f,1789
1785,f,1789
1786,f,1789
1791,d,1790
1787,e,1790
1787,d,1790
1790,d,1790
1788,d,1790
1788,e,1790
1790,e,1790
1791,e,1790
1786,e,1790
1786,d,1790
1789,d,1790
1789,e,1790
1792,f,1791
1792,e,1791
1791,f,1791
1790,e,1791
1791,e,1791
1790,f,1791
1789,e,1791
1789,f,1791
1788,e,1791
1788,f,1791
1787,e,1791
1787,f,1791
1789,f,1792
1790,f,1792
1793,f,1792
1788,f,1792
1791,f,1792
1792,f,1792
1789,d,1793
1793,d,1793
1792,d,1793
1794,d,1793
1791,d,1793
1790,d,1793
1794,b,1794
1791,f,1794
1795,f,1794
1791,b,1794
1792,b,1794
1792,f,1794
1795,b,1794
1793,f,1794
1794,f,1794
1790,f,1794
1790,b,1794
1793,b,1794
1794,f,1795
1795,f,1795
1794,c,1795
1795,c,1795
1793,c,1795
1796,c,1795
1793,f,1795
1791,c,1795
1792,f,1795
1791,f,1795
1796,f,1795
1792,c,1795
1796,b,1796
1796,e,1796
1795,e,1796
1795,b,1796
1797,b,1796
1793,e,1796
1797,e,1796
1794,e,1796
1794,b,1796
1792,b,1796
1792,e,1796
1793,b,1796
1798,f,1797
1796,f,1797
1797,c,1797
1796,c,1797
1796,b,1797
1797,f,1797
1798,b,1797
1797,b,1797
1798,c,1797
1794,c,1797
1795,f,1797
1795,c,1797
1795,b,1797
1793,b,1797
1793,c,1797
1793,f,1797
1794,b,1797
1794,f,1797
1797,c,1798
1799,e,1798
1798,e,1798
1798,f,1798
1798,c,1798
1797,e,1798
1797,f,1798
1799,f,1798
1799,c,1798
1794,f,1798
1795,e,1798
1796,e,1798
1795,f,1798
1795,c,1798
1794,e,1798
1796,c,1798
1796,f,1798
1794,c,1798
1799,f,1799
1798,e,1799
1798,f,1799
1795,f,1799
1799,e,1799
1800,f,1799
1800,e,1799
1797,e,1799
1797,f,1799
1796,f,1799
1796,e,1799
1795,e,1799
1799,f,1800
1800,f,1800
1800,a,1800
1799,a,1800
1798,f,1800
1801,a,1800
1801,f,1800
1798,a,1800
1796,a,1800
1796,f,1800
1797,a,1800
1797,f,1800
1801,a,1801
1801,b,1801
1801,d,1801
1800,d,1801
1800,b,1801
1800,a,1801
1802,a,1801
1802,b,1801
1798,d,1801
1802,d,1801
1798,a,1801
1799,d,1801
1799,b,1801
1799,a,1801
1797,a,1801
1797,b,1801
1797,d,1801
1798,b,1801
1803,c,1802
1803,d,1802
1803,b,1802
1801,b,1802
1801,d,1802
1802,b,1802
1801,f,1802
1802,d,1802
1802,f,1802
1802,c,1802
1801,c,1802
1803,f,1802
1800,b,1802
1798,d,1802
1799,d,1802
1799,b,1802
1798,f,1802
1798,c,1802
1799,c,1802
1798,b,1802
1799,f,1802
1800,c,1802
1800,f,1802
1800,d,1802
1803,c,1803
1803,f,1803
1802,e,1803
1802,f,1803
1804,f,1803
1803,e,1803
1804,c,1803
1802,c,1803
1804,e,1803
1799,f,1803
1800,e,1803
1800,f,1803
1800,c,1803
1801,c,1803
1799,c,1803
1801,e,1803
1801,f,1803
1799,e,1803
1802,f,1804
1800,b,1804
1804,b,1804
1804,f,1804
1804,e,1804
1803,e,1804
1803,f,1804
1803,b,1804
1802,b,1804
1805,b,1804
1805,e,1804
1801,e,1804
1801,f,1804
1801,b,1804
1800,e,1804
1802,e,1804
1805,f,1804
1800,f,1804
1804,c,1805
1804,f,1805
1806,c,1805
1802,c,1805
1803,f,1805
1803,c,1805
1802,f,1805
1801,f,1805
1801,c,1805
1805,c,1805
1806,f,1805
1805,f,1805
1806,e,1806
1807,e,1806
1805,e,1806
1802,e,1806
1804,e,1806
1803,e,1806
1805,f,1807
1803,f,1807
1806,f,1807
1804,f,1807
1807,f,1807
1808,f,1807
1806,e,1810
1807,e,1810
1809,e,1810
1810,e,1810
1808,e,1810
1811,e,1810
1810,b,1811
1811,f,1811
1811,b,1811
1810,f,1811
1812,f,1811
1812,b,1811
1809,b,1811
1807,b,1811
1808,f,1811
1807,f,1811
1808,b,1811
1809,f,1811
1809,c,1812
1812,c,1812
1812,f,1812
1811,f,1812
1811,c,1812
1813,f,1812
1813,c,1812
1810,f,1812
1810,c,1812
1808,c,1812
1808,f,1812
1809,f,1812
1813,c,1813
1812,e,1813
1813,e,1813
1812,c,1813
1814,e,1813
1812,d,1813
1814,c,1813
1813,d,1813
1814,d,1813
1811,c,1813
1811,e,1813
1811,d,1813
1809,d,1813
1809,c,1813
1809,e,1813
1810,d,1813
1810,c,1813
1810,e,1813
1813,e,1814
1814,e,1814
1814,f,1814
1815,e,1814
1813,f,1814
1815,f,1814
1812,e,1814
1811,e,1814
1811,f,1814
1810,e,1814
1812,f,1814
1810,f,1814
1815,c,1815
1814,f,1815
1814,c,1815
1811,c,1815
1816,c,1815
1816,f,1815
1813,f,1815
1813,c,1815
1811,f,1815
1812,c,1815
1812,f,1815
1815,f,1815
1815,e,1816
1817,e,1816
1816,e,1816
1814,e,1816
1812,e,1816
1813,e,1816
1816,f,1817
1817,f,1817
1818,f,1817
1816,c,1817
1816,d,1817
1813,d,1817
1817,c,1817
1818,d,1817
1817,d,1817
1815,f,1817
1815,c,1817
1815,d,1817
1813,c,1817
1813,f,1817
1814,d,1817
1814,c,1817
1814,f,1817
1818,c,1817
1819,f,1818
1817,e,1818
1817,f,1818
1818,e,1818
1814,e,1818
1819,e,1818
1816,e,1818
1816,f,1818
1815,e,1818
1815,f,1818
1814,f,1818
1818,f,1818
1819,f,1819
1818,f,1819
1820,f,1819
1817,f,1819
1815,f,1819
1816,f,1819
1817,e,1820
1821,e,1820
1819,e,1820
1820,e,1820
1818,e,1820
1816,e,1820
1819,f,1821
1818,f,1821
1817,f,1821
1820,f,1821
1821,f,1821
1822,f,1821
1824,d,1823
1819,d,1823
1820,d,1823
1821,d,1823
1822,d,1823
1823,d,1823
1825,f,1824
1824,f,1824
1822,f,1824
1821,f,1824
1820,f,1824
1823,f,1824
1824,b,1828
1825,b,1828
1826,b,1828
1828,b,1828
1829,b,1828
1827,b,1828
1830,f,1829
1828,f,1829
1828,c,1829
1830,c,1829
1829,c,1829
1829,f,1829
1827,c,1829
1826,f,1829
1826,c,1829
1825,f,1829
1825,c,1829
1827,f,1829
1831,c,1830
1829,c,1830
1831,e,1830
1827,e,1830
1828,c,1830
1830,c,1830
1829,e,1830
1827,c,1830
1826,e,1830
1826,c,1830
1828,e,1830
1830,e,1830
1832,e,1831
1830,e,1831
1831,e,1831
1830,f,1831
1831,f,1831
1832,f,1831
1829,e,1831
1829,f,1831
1828,e,1831
1828,f,1831
1827,e,1831
1827,f,1831
1829,f,1832
1830,f,1832
1833,f,1832
1831,f,1832
1832,f,1832
1828,f,1832
1832,c,1833
1834,c,1833
1833,c,1833
1831,c,1833
1830,c,1833
1829,c,1833
1831,e,1834
1830,e,1834
1832,e,1834
1835,e,1834
1833,e,1834
1834,e,1834
1835,f,1835
1831,f,1835
1834,f,1835
1836,f,1835
1832,f,1835
1833,f,1835
1836,c,1836
1835,c,1836
1835,b,1836
1832,b,1836
1837,b,1836
1837,c,1836
1833,b,1836
1833,c,1836
1834,c,1836
1834,b,1836
1836,b,1836
1832,c,1836
1837,c,1837
1836,e,1837
1837,e,1837
1838,d,1837
1838,c,1837
1838,f,1837
1836,f,1837
1836,c,1837
1836,d,1837
1838,e,1837
1837,d,1837
1837,f,1837
1833,e,1837
1834,d,1837
1835,e,1837
1835,f,1837
1835,c,1837
1835,d,1837
1834,c,1837
1834,f,1837
1833,f,1837
1833,d,1837
1833,c,1837
1834,e,1837
1835,e,1838
1839,f,1838
1839,e,1838
1838,e,1838
1838,f,1838
1837,f,1838
1834,f,1838
1836,e,1838
1836,f,1838
1834,e,1838
1835,f,1838
1837,e,1838
1837,f,1839
1835,f,1839
1836,f,1839
1838,f,1839
1839,f,1839
1840,f,1839
1843,d,1842
1842,d,1842
1841,d,1842
1840,d,1842
1839,d,1842
1838,d,1842
1840,f,1843
1841,f,1843
1842,f,1843
1839,f,1843
1843,f,1843
1844,f,1843
1845,f,1846
1845,c,1846
1847,c,1846
1844,f,1846
1844,c,1846
1843,f,1846
1846,f,1846
1843,c,1846
1842,f,1846
1842,c,1846
1847,f,1846
1846,c,1846
1847,e,1847
1846,e,1847
1848,e,1847
1845,e,1847
1844,e,1847
1843,e,1847
1845,f,1848
1846,f,1848
1849,f,1848
1848,f,1848
1847,f,1848
1844,f,1848
1849,f,1849
1850,f,1849
1848,f,1849
1847,f,1849
1846,f,1849
1845,f,1849
1847,c,1850
1848,c,1850
1851,c,1850
1846,c,1850
1849,c,1850
1850,c,1850
1847,e,1851
1848,e,1851
1849,e,1851
1852,e,1851
1851,e,1851
1850,e,1851
1852,f,1852
1851,f,1852
1850,f,1852
1849,f,1852
1848,f,1852
1853,f,1852
1852,a,1853
1854,a,1853
1853,a,1853
1849,a,1853
1851,a,1853
1850,a,1853
1855,f,1854
1855,d,1854
1855,b,1854
1854,f,1854
1854,d,1854
1854,b,1854
1853,f,1854
1853,d,1854
1853,b,1854
1851,b,1854
1851,d,1854
1850,f,1854
1851,f,1854
1850,d,1854
1850,b,1854
1852,f,1854
1852,d,1854
1852,b,1854
1855,f,1855
1854,f,1855
1851,c,1855
1855,c,1855
1854,c,1855
1851,f,1855
1853,f,1855
1853,c,1855
1856,f,1855
1852,c,1855
1856,c,1855
1852,f,1855
1852,b,1856
1855,c,1856
1855,e,1856
1857,b,1856
1856,e,1856
1856,c,1856
1855,b,1856
1857,c,1856
1854,c,1856
1853,e,1856
1852,c,1856
1852,e,1856
1853,b,1856
1853,c,1856
1857,e,1856
1856,b,1856
1854,b,1856
1854,e,1856
1858,e,1857
1858,c,1857
1856,e,1857
1856,f,1857
1856,c,1857
1857,e,1857
1857,f,1857
1858,f,1857
1857,c,1857
1854,f,1857
1854,e,1857
1855,e,1857
1855,f,1857
1853,c,1857
1853,f,1857
1853,e,1857
1855,c,1857
1854,c,1857
1858,f,1858
1859,e,1858
1857,e,1858
1857,f,1858
1855,e,1858
1858,e,1858
1854,f,1858
1854,e,1858
1856,e,1858
1856,f,1858
1855,f,1858
1859,f,1858
1860,f,1859
1859,f,1859
1858,f,1859
1855,f,1859
1857,f,1859
1856,f,1859
1858,d,1862
1861,d,1862
1861,b,1862
1863,b,1862
1863,d,1862
1860,d,1862
1860,b,1862
1859,d,1862
1859,b,1862
1862,d,1862
1858,b,1862
1862,b,1862
1864,c,1863
1863,f,1863
1863,c,1863
1864,f,1863
1862,f,1863
1862,c,1863
1859,c,1863
1861,f,1863
1861,c,1863
1860,c,1863
1860,f,1863
1859,f,1863
1864,b,1864
1864,e,1864
1863,e,1864
1863,b,1864
1860,b,1864
1860,e,1864
1865,e,1864
1862,e,1864
1862,b,1864
1861,e,1864
1861,b,1864
1865,b,1864
1865,c,1865
1864,f,1865
1864,c,1865
1865,f,1865
1861,c,1865
1863,f,1865
1866,c,1865
1863,c,1865
1862,f,1865
1862,c,1865
1861,f,1865
1866,f,1865
1863,e,1866
1864,e,1866
1867,e,1866
1862,e,1866
1865,e,1866
1866,e,1866
1866,f,1867
1868,f,1867
1867,f,1867
1865,f,1867
1864,f,1867
1863,f,1867
1866,a,1869
1870,a,1869
1867,a,1869
1865,a,1869
1869,a,1869
1868,a,1869
1870,d,1870
1870,b,1870
1869,b,1870
1868,d,1870
1868,b,1870
1869,d,1870
1871,d,1870
1866,b,1870
1867,d,1870
1867,b,1870
1866,d,1870
1871,b,1870
1871,b,1871
1871,c,1871
1871,f,1871
1872,b,1871
1870,f,1871
1870,c,1871
1870,b,1871
1872,c,1871
1872,f,1871
1867,f,1871
1867,c,1871
1868,b,1871
1869,f,1871
1869,c,1871
1869,b,1871
1867,b,1871
1868,c,1871
1868,f,1871
1872,f,1872
1871,d,1872
1871,c,1872
1871,f,1872
1873,f,1872
1872,c,1872
1873,c,1872
1873,d,1872
1872,e,1872
1873,e,1872
1871,e,1872
1872,d,1872
1869,d,1872
1870,d,1872
1868,f,1872
1868,c,1872
1870,e,1872
1870,f,1872
1870,c,1872
1868,d,1872
1868,e,1872
1869,c,1872
1869,f,1872
1869,e,1872
1874,e,1873
1872,e,1873
1872,f,1873
1869,f,1873
1874,f,1873
1873,f,1873
1873,e,1873
1871,e,1873
1871,f,1873
1870,f,1873
1870,e,1873
1869,e,1873
1875,f,1874
1873,f,1874
1873,e,1874
1874,e,1874
1874,f,1874
1875,e,1874
1870,f,1874
1872,f,1874
1871,f,1874
1871,e,1874
1872,e,1874
1870,e,1874
1874,a,1875
1874,d,1875
1876,f,1875
1876,c,1875
1875,d,1875
1876,a,1875
1875,f,1875
1875,c,1875
1874,c,1875
1874,f,1875
1875,a,1875
1876,d,1875
1872,a,1875
1871,d,1875
1871,f,1875
1871,a,1875
1872,f,1875
1872,c,1875
1873,f,1875
1873,c,1875
1873,d,1875
1873,a,1875
1872,d,1875
1871,c,1875
1877,b,1876
1875,b,1876
1876,e,1876
1875,f,1876
1875,e,1876
1876,f,1876
1876,d,1876
1876,b,1876
1875,d,1876
1872,b,1876
1873,e,1876
1877,f,1876
1873,f,1876
1873,d,1876
1873,b,1876
1872,e,1876
1872,f,1876
1872,d,1876
1877,d,1876
1874,d,1876
1874,f,1876
1874,e,1876
1877,e,1876
1874,b,1876
1876,a,1877
1877,c,1877
1877,a,1877
1878,c,1877
1876,c,1877
1878,a,1877
1873,a,1877
1873,c,1877
1875,c,1877
1875,a,1877
1874,a,1877
1874,c,1877
1878,b,1878
1879,b,1878
1879,d,1878
1879,e,1878
1877,e,1878
1877,d,1878
1877,b,1878
1874,b,1878
1874,d,1878
1874,e,1878
1876,e,1878
1876,d,1878
1876,b,1878
1875,b,1878
1875,d,1878
1875,e,1878
1878,d,1878
1878,e,1878
1879,f,1879
1875,f,1879
1880,c,1879
1880,f,1879
1879,c,1879
1878,f,1879
1875,c,1879
1876,c,1879
1878,c,1879
1876,f,1879
1877,c,1879
1877,f,1879
1876,e,1880
1881,e,1880
1880,e,1880
1879,e,1880
1878,e,1880
1877,e,1880
1877,f,1881
1879,f,1881
1881,f,1881
1882,f,1881
1878,f,1881
1880,f,1881
1881,a,1882
1881,d,1882
1882,a,1882
1882,d,1882
1880,d,1882
1883,d,1882
1883,a,1882
1879,d,1882
1879,a,1882
1878,d,1882
1880,a,1882
1878,a,1882
1884,b,1883
1884,d,1883
1882,f,1883
1882,c,1883
1882,d,1883
1882,b,1883
1883,f,1883
1883,b,1883
1884,f,1883
1884,c,1883
1879,d,1883
1880,d,1883
1883,d,1883
1879,b,1883
1879,c,1883
1879,f,1883
1880,b,1883
1881,f,1883
1880,c,1883
1883,c,1883
1881,b,1883
1881,d,1883
1881,c,1883
1880,f,1883
1885,f,1884
1885,c,1884
1884,e,1884
1883,e,1884
1883,f,1884
1883,c,1884
1884,c,1884
1885,e,1884
1884,f,1884
1881,c,1884
1881,e,1884
1882,e,1884
1880,c,1884
1880,f,1884
1882,f,1884
1882,c,1884
1880,e,1884
1881,f,1884
1886,f,1885
1886,e,1885
1884,e,1885
1884,f,1885
1882,e,1885
1881,f,1885
1881,e,1885
1883,e,1885
1883,f,1885
1882,f,1885
1885,f,1885
1885,e,1885
1887,f,1886
1886,f,1886
1882,f,1886
1885,f,1886
1883,f,1886
1884,f,1886
1885,f,1887
1884,f,1887
1886,f,1887
1883,f,1887
1887,f,1887
1888,f,1887
1891,c,1891
1890,c,1891
1892,c,1891
1889,c,1891
1888,c,1891
1887,c,1891
1889,e,1892
1890,e,1892
1893,e,1892
1891,e,1892
1888,e,1892
1892,e,1892
1893,f,1893
1894,f,1893
1892,f,1893
1891,f,1893
1890,f,1893
1889,f,1893
1892,f,1895
1896,f,1895
1895,f,1895
1891,f,1895
1893,f,1895
1894,f,1895
1894,e,1898
1897,e,1898
1899,e,1898
1896,e,1898
1898,e,1898
1895,e,1898
1899,d,1899
1900,f,1899
1898,f,1899
1898,d,1899
1896,d,1899
1897,d,1899
1896,f,1899
1899,f,1899
1895,f,1899
1895,d,1899
1897,f,1899
1900,d,1899
1900,f,1900
1901,f,1900
1897,f,1900
1898,f,1900
1896,f,1900
1899,f,1900
1912,e,1913
1909,e,1913
1910,e,1913
1911,e,1913
1914,e,1913
1913,e,1913
1915,f,1914
1913,f,1914
1914,f,1914
1912,f,1914
1911,f,1914
1910,f,1914
1911,f,1915
1913,f,1915
1916,f,1915
1912,f,1915
1914,f,1915
1915,f,1915
1912,c,1916
1917,c,1916
1915,c,1916
1916,c,1916
1913,c,1916
1914,c,1916
1918,e,1917
1917,e,1917
1916,e,1917
1914,e,1917
1915,e,1917
1913,e,1917
1919,f,1918
1916,f,1918
1918,f,1918
1914,f,1918
1915,f,1918
1917,f,1918
1918,b,1919
1920,b,1919
1919,b,1919
1916,b,1919
1915,b,1919
1917,b,1919
1920,c,1920
1921,c,1920
1921,f,1920
1919,f,1920
1919,c,1920
1920,f,1920
1917,c,1920
1918,f,1920
1918,c,1920
1916,c,1920
1916,f,1920
1917,f,1920
1918,e,1921
1921,e,1921
1920,e,1921
1919,e,1921
1917,e,1921
1922,e,1921
1921,f,1922
1918,f,1922
1920,f,1922
1923,f,1922
1922,f,1922
1919,f,1922
1922,a,1923
1923,a,1923
1924,a,1923
1921,a,1923
1919,a,1923
1920,a,1923
1921,d,1924
1923,d,1924
1923,b,1924
1921,b,1924
1924,d,1924
1925,b,1924
1922,d,1924
1922,b,1924
1920,b,1924
1920,d,1924
1925,d,1924
1924,b,1924
1925,c,1925
1925,f,1925
1924,f,1925
1924,c,1925
1926,c,1925
1923,f,1925
1923,c,1925
1926,f,1925
1922,f,1925
1922,c,1925
1921,f,1925
1921,c,1925
1926,e,1926
1923,e,1926
1924,e,1926
1927,e,1926
1922,e,1926
1925,e,1926
1927,f,1927
1926,a,1927
1926,f,1927
1928,f,1927
1927,a,1927
1928,a,1927
1925,f,1927
1923,a,1927
1925,a,1927
1923,f,1927
1924,a,1927
1924,f,1927
1927,d,1928
1928,d,1928
1928,b,1928
1927,b,1928
1924,b,1928
1929,b,1928
1925,d,1928
1926,d,1928
1925,b,1928
1926,b,1928
1929,d,1928
1924,d,1928
1925,f,1929
1929,f,1929
1926,f,1929
1930,f,1929
1928,c,1929
1927,f,1929
1927,c,1929
1925,c,1929
1929,c,1929
1926,c,1929
1930,c,1929
1928,f,1929
1930,c,1930
1930,e,1930
1929,c,1930
1929,e,1930
1926,c,1930
1931,c,1930
1928,e,1930
1928,c,1930
1931,e,1930
1926,e,1930
1927,c,1930
1927,e,1930
1931,f,1931
1931,e,1931
1930,e,1931
1930,f,1931
1932,f,1931
1932,e,1931
1929,e,1931
1929,f,1931
1927,f,1931
1927,e,1931
1928,f,1931
1928,e,1931
1933,e,1932
1932,f,1932
1931,e,1932
1932,e,1932
1931,f,1932
1931,b,1932
1933,b,1932
1932,b,1932
1933,f,1932
1928,b,1932
1930,b,1932
1928,f,1932
1928,e,1932
1929,e,1932
1929,f,1932
1929,b,1932
1930,e,1932
1930,f,1932
1932,a,1933
1932,c,1933
1934,f,1933
1929,a,1933
1934,c,1933
1934,a,1933
1933,f,1933
1932,f,1933
1933,c,1933
1929,c,1933
1930,a,1933
1930,f,1933
1930,c,1933
1929,f,1933
1931,a,1933
1931,c,1933
1933,a,1933
1931,f,1933
1935,d,1934
1935,b,1934
1930,b,1934
1934,d,1934
1934,e,1934
1933,e,1934
1933,f,1934
1933,d,1934
1933,b,1934
1934,f,1934
1935,f,1934
1935,e,1934
1934,b,1934
1930,d,1934
1932,d,1934
1931,f,1934
1931,e,1934
1932,b,1934
1931,d,1934
1932,f,1934
1930,e,1934
1931,b,1934
1932,e,1934
1930,f,1934
1933,f,1935
1933,c,1935
1932,c,1935
1931,f,1935
1935,f,1935
1932,f,1935
1935,c,1935
1934,c,1935
1934,f,1935
1936,f,1935
1936,c,1935
1931,c,1935
1932,e,1936
1937,f,1936
1937,e,1936
1936,f,1936
1935,e,1936
1936,e,1936
1934,e,1936
1934,f,1936
1933,e,1936
1933,f,1936
1932,f,1936
1935,f,1936
1940,f,1940
1940,a,1940
1939,f,1940
1939,a,1940
1938,f,1940
1938,a,1940
1941,f,1940
1937,f,1940
1937,a,1940
1936,f,1940
1941,a,1940
1936,a,1940
1937,b,1941
1941,b,1941
1941,d,1941
1942,b,1941
1940,d,1941
1940,b,1941
1942,d,1941
1939,d,1941
1939,b,1941
1938,d,1941
1938,b,1941
1937,d,1941
1942,c,1942
1943,f,1942
1943,c,1942
1941,f,1942
1941,c,1942
1942,f,1942
1939,c,1942
1940,f,1942
1938,c,1942
1938,f,1942
1939,f,1942
1940,c,1942
1944,e,1943
1940,e,1943
1941,e,1943
1942,e,1943
1943,e,1943
1939,e,1943
1940,f,1944
1943,a,1944
1943,f,1944
1944,f,1944
1945,a,1944
1945,f,1944
1940,a,1944
1942,f,1944
1944,a,1944
1941,f,1944
1941,a,1944
1942,a,1944
1944,e,1945
1944,d,1945
1945,d,1945
1945,e,1945
1946,e,1945
1944,b,1945
1945,b,1945
1946,b,1945
1941,b,1945
1943,e,1945
1943,d,1945
1943,b,1945
1941,d,1945
1941,e,1945
1942,b,1945
1942,d,1945
1942,e,1945
1946,d,1945
1947,f,1946
1946,c,1946
1946,f,1946
1945,f,1946
1945,c,1946
1943,f,1946
1944,f,1946
1944,c,1946
1942,c,1946
1942,f,1946
1943,c,1946
1947,c,1946
1947,d,1947
1947,c,1947
1947,e,1947
1946,e,1947
1946,c,1947
1948,d,1947
1948,c,1947
1948,e,1947
1946,d,1947
1943,e,1947
1945,e,1947
1945,c,1947
1945,d,1947
1943,d,1947
1943,c,1947
1944,e,1947
1944,c,1947
1944,d,1947
1949,e,1948
1949,f,1948
1948,e,1948
1948,f,1948
1947,e,1948
1945,e,1948
1944,f,1948
1947,f,1948
1946,f,1948
1946,e,1948
1945,f,1948
1944,e,1948
1945,f,1949
1948,f,1949
1947,f,1949
1949,f,1949
1950,f,1949
1946,f,1949
1948,c,1952
1949,c,1952
1950,c,1952
1953,c,1952
1951,c,1952
1952,c,1952
1954,e,1953
1953,e,1953
1952,e,1953
1951,e,1953
1949,e,1953
1950,e,1953
1951,f,1954
1955,f,1954
1953,f,1954
1954,f,1954
1952,f,1954
1950,f,1954
1956,d,1955
1952,d,1955
1953,d,1955
1955,d,1955
1951,d,1955
1954,d,1955
1956,f,1956
1955,f,1956
1955,a,1956
1957,a,1956
1957,f,1956
1952,a,1956
1952,f,1956
1954,a,1956
1956,a,1956
1953,f,1956
1953,a,1956
1954,f,1956
1958,d,1957
1957,d,1957
1958,b,1957
1956,d,1957
1956,b,1957
1957,b,1957
1954,d,1957
1953,b,1957
1955,d,1957
1955,b,1957
1953,d,1957
1954,b,1957
1958,f,1958
1959,c,1958
1957,f,1958
1957,c,1958
1955,f,1958
1954,f,1958
1959,f,1958
1956,f,1958
1956,c,1958
1955,c,1958
1958,c,1958
1954,c,1958
1959,e,1959
1958,e,1959
1960,e,1959
1957,e,1959
1956,e,1959
1955,e,1959
1960,f,1960
1957,f,1960
1958,f,1960
1961,f,1960
1956,f,1960
1959,f,1960
1962,e,1961
1961,e,1961
1961,b,1961
1960,e,1961
1960,b,1961
1962,b,1961
1959,b,1961
1959,e,1961
1957,b,1961
1957,e,1961
1958,b,1961
1958,e,1961
1961,f,1962
1962,f,1962
1962,c,1962
1959,f,1962
1961,c,1962
1963,c,1962
1960,c,1962
1960,f,1962
1959,c,1962
1963,f,1962
1958,f,1962
1958,c,1962
1963,e,1963
1962,e,1963
1959,e,1963
1961,e,1963
1960,e,1963
1964,e,1963
1965,e,1964
1964,f,1964
1963,e,1964
1963,f,1964
1965,f,1964
1964,e,1964
1961,e,1964
1962,e,1964
1962,f,1964
1960,e,1964
1961,f,1964
1960,f,1964
1966,f,1965
1962,f,1965
1963,f,1965
1964,f,1965
1961,f,1965
1965,f,1965
1967,b,1966
1965,b,1966
1967,f,1966
1965,f,1966
1965,e,1966
1966,e,1966
1966,f,1966
1966,b,1966
1967,e,1966
1962,f,1966
1962,b,1966
1963,b,1966
1964,e,1966
1964,f,1966
1964,b,1966
1962,e,1966
1963,e,1966
1963,f,1966
1967,f,1967
1966,b,1967
1966,c,1967
1966,f,1967
1968,e,1967
1968,f,1967
1968,c,1967
1968,b,1967
1967,b,1967
1967,c,1967
1966,e,1967
1967,e,1967
1963,b,1967
1964,e,1967
1964,b,1967
1963,e,1967
1963,f,1967
1964,c,1967
1965,b,1967
1963,c,1967
1965,f,1967
1965,e,1967
1965,c,1967
1964,f,1967
1969,f,1968
1969,c,1968
1969,e,1968
1967,e,1968
1967,f,1968
1967,c,1968
1968,f,1968
1968,c,1968
1964,c,1968
1964,f,1968
1964,e,1968
1966,e,1968
1966,f,1968
1966,c,1968
1965,c,1968
1965,f,1968
1965,e,1968
1968,e,1968
1970,f,1969
1969,e,1969
1969,f,1969
1970,e,1969
1968,e,1969
1965,f,1969
1966,f,1969
1968,f,1969
1965,e,1969
1966,e,1969
1967,e,1969
1967,f,1969
1971,b,1971
1970,b,1971
1968,b,1971
1972,b,1971
1967,b,1971
1969,b,1971
1972,f,1972
1971,f,1972
1971,c,1972
1968,c,1972
1973,c,1972
1973,f,1972
1969,c,1972
1970,c,1972
1968,f,1972
1972,c,1972
1969,f,1972
1970,f,1972
1972,e,1973
1974,e,1973
1973,e,1973
1971,e,1973
1969,e,1973
1970,e,1973
1974,d,1974
1971,f,1974
1975,b,1974
1973,f,1974
1973,d,1974
1973,b,1974
1970,b,1974
1970,d,1974
1974,b,1974
1974,f,1974
1972,f,1974
1972,d,1974
1972,b,1974
1970,f,1974
1971,b,1974
1971,d,1974
1975,f,1974
1975,d,1974
1975,c,1975
1975,f,1975
1976,c,1975
1974,f,1975
1974,c,1975
1976,f,1975
1971,c,1975
1973,c,1975
1972,c,1975
1972,f,1975
1971,f,1975
1973,f,1975
1974,c,1976
1974,e,1976
1977,e,1976
1977,c,1976
1976,c,1976
1972,e,1976
1972,c,1976
1973,c,1976
1973,e,1976
1975,e,1976
1976,e,1976
1975,c,1976
1978,f,1977
1976,e,1977
1976,f,1977
1973,f,1977
1978,e,1977
1975,e,1977
1975,f,1977
1973,e,1977
1974,e,1977
1974,f,1977
1977,f,1977
1977,e,1977
1978,f,1978
1979,f,1978
1976,f,1978
1975,f,1978
1974,f,1978
1977,f,1978
1977,b,1981
1978,b,1981
1979,b,1981
1981,b,1981
1982,b,1981
1980,b,1981
1982,f,1982
1981,f,1982
1981,c,1982
1983,c,1982
1983,f,1982
1982,c,1982
1980,c,1982
1979,f,1982
1979,c,1982
1978,f,1982
1978,c,1982
1980,f,1982
1982,e,1983
1983,e,1983
1981,e,1983
1984,e,1983
1979,e,1983
1980,e,1983
1985,f,1984
1981,f,1984
1983,f,1984
1982,f,1984
1980,f,1984
1984,f,1984
1985,c,1986
1985,e,1986
1986,e,1986
1985,b,1986
1986,c,1986
1984,e,1986
1984,c,1986
1984,b,1986
1982,c,1986
1987,c,1986
1987,e,1986
1983,e,1986
1983,c,1986
1983,b,1986
1982,e,1986
1986,b,1986
1982,b,1986
1987,b,1986
1988,c,1987
1986,e,1987
1986,f,1987
1986,c,1987
1987,c,1987
1988,f,1987
1983,c,1987
1984,c,1987
1987,f,1987
1983,f,1987
1983,e,1987
1988,e,1987
1984,f,1987
1987,e,1987
1985,c,1987
1985,f,1987
1985,e,1987
1984,e,1987
1989,f,1988
1988,e,1988
1987,e,1988
1987,f,1988
1989,e,1988
1988,f,1988
1986,e,1988
1984,f,1988
1984,e,1988
1985,f,1988
1986,f,1988
1985,e,1988
1986,f,1989
1989,f,1989
1988,f,1989
1987,f,1989
1985,f,1989
1990,f,1989
1990,d,1990
1988,d,1990
1991,d,1990
1986,d,1990
1987,d,1990
1989,d,1990
1992,a,1991
1992,f,1991
1991,f,1991
1991,a,1991
1990,a,1991
1990,f,1991
1989,f,1991
1989,a,1991
1987,a,1991
1987,f,1991
1988,a,1991
1988,f,1991
1989,d,1992
1992,d,1992
1992,b,1992
1989,b,1992
1991,b,1992
1988,b,1992
1991,d,1992
1988,d,1992
1993,d,1992
1990,b,1992
1993,b,1992
1990,d,1992
1990,c,1993
1993,c,1993
1993,f,1993
1992,f,1993
1992,c,1993
1989,c,1993
1990,f,1993
1989,f,1993
1994,c,1993
1994,f,1993
1991,f,1993
1991,c,1993
1994,b,1994
1994,e,1994
1993,e,1994
1993,b,1994
1995,b,1994
1995,e,1994
1991,e,1994
1990,b,1994
1992,e,1994
1992,b,1994
1991,b,1994
1990,e,1994
1995,c,1995
1995,f,1995
1994,f,1995
1994,c,1995
1991,c,1995
1991,f,1995
1996,c,1995
1993,f,1995
1993,c,1995
1992,c,1995
1992,f,1995
1996,f,1995
1996,f,1996
1996,e,1996
1995,e,1996
1997,f,1996
1995,f,1996
1997,e,1996
1992,e,1996
1992,f,1996
1993,f,1996
1994,e,1996
1994,f,1996
1993,e,1996
1993,f,1997
1997,c,1997
1997,f,1997
1998,a,1997
1996,f,1997
1996,c,1997
1996,a,1997
1993,a,1997
1993,c,1997
1998,c,1997
1997,a,1997
1995,f,1997
1995,c,1997
1995,a,1997
1994,a,1997
1994,c,1997
1994,f,1997
1998,f,1997
1999,b,1998
1998,b,1998
1998,d,1998
1998,e,1998
1999,e,1998
1997,e,1998
1997,d,1998
1997,b,1998
1999,d,1998
1996,e,1998
1994,e,1998
1996,d,1998
1994,b,1998
1994,d,1998
1996,b,1998
1995,b,1998
1995,e,1998
1995,d,1998
2000,f,1999
2000,c,1999
1999,f,1999
1999,c,1999
1998,f,1999
1998,c,1999
1996,f,1999
1995,f,1999
1996,c,1999
1995,c,1999
1997,c,1999
1997,f,1999
2000,e,2000
1999,e,2000
1997,e,2000
2001,e,2000
1996,e,2000
1998,e,2000
1999,a,2001
2001,f,2001
1998,f,2001
1998,a,2001
1999,f,2001
2002,f,2001
2002,a,2001
1997,a,2001
2001,a,2001
1997,f,2001
2000,a,2001
2000,f,2001
2001,b,2002
2003,d,2002
2003,b,2002
2002,b,2002
2001,d,2002
2002,d,2002
1999,d,2002
1998,b,2002
2000,d,2002
2000,b,2002
1998,d,2002
1999,b,2002
2004,c,2003
2004,f,2003
2002,f,2003
2002,c,2003
2000,f,2003
1999,c,2003
2001,f,2003
2001,c,2003
1999,f,2003
2000,c,2003
2003,c,2003
2003,f,2003
2004,e,2004
2005,e,2004
2003,e,2004
2000,e,2004
2001,e,2004
2002,e,2004
2003,f,2005
2005,f,2005
2004,f,2005
2006,f,2005
2001,f,2005
2002,f,2005
2006,b,2007
2007,b,2007
2005,b,2007
2004,b,2007
2008,b,2007
2003,b,2007
2008,c,2008
2008,f,2008
2009,f,2008
2007,c,2008
2007,d,2008
2009,d,2008
2009,c,2008
2008,d,2008
2007,f,2008
2006,c,2008
2006,d,2008
2005,f,2008
2005,c,2008
2005,d,2008
2004,f,2008
2004,d,2008
2006,f,2008
2004,c,2008
2010,e,2009
2009,a,2009
2008,e,2009
2008,f,2009
2008,a,2009
2009,f,2009
2009,e,2009
2006,a,2009
2010,a,2009
2007,e,2009
2007,f,2009
2007,a,2009
2005,a,2009
2005,f,2009
2005,e,2009
2010,f,2009
2006,f,2009
2006,e,2009
2010,b,2010
2010,d,2010
2010,f,2010
2009,f,2010
2009,d,2010
2009,b,2010
2007,d,2010
2011,b,2010
2011,d,2010
2011,f,2010
2008,f,2010
2008,d,2010
2008,b,2010
2006,b,2010
2006,d,2010
2006,f,2010
2007,b,2010
2007,f,2010
2010,c,2011
2011,c,2011
2011,f,2011
2010,f,2011
2007,c,2011
2012,c,2011
2009,f,2011
2009,c,2011
2012,f,2011
2007,f,2011
2008,c,2011
2008,f,2011
2012,a,2012
2012,e,2012
2011,e,2012
2011,a,2012
2008,a,2012
2013,e,2012
2013,a,2012
2008,e,2012
2009,e,2012
2010,e,2012
2010,a,2012
2009,a,2012
2014,b,2013
2014,d,2013
2012,a,2013
2012,b,2013
2013,a,2013
2013,d,2013
2013,b,2013
2012,d,2013
2012,f,2013
2013,f,2013
2014,f,2013
2014,a,2013
2010,f,2013
2010,d,2013
2010,a,2013
2009,f,2013
2011,f,2013
2011,d,2013
2011,b,2013
2011,a,2013
2010,b,2013
2009,d,2013
2009,a,2013
2009,b,2013
2013,b,2014
2013,d,2014
2013,c,2014
2013,f,2014
2011,f,2014
2014,d,2014
2014,c,2014
2014,f,2014
2015,b,2014
2015,d,2014
2015,c,2014
2011,c,2014
2014,b,2014
2015,f,2014
2010,d,2014
2011,d,2014
2011,b,2014
2010,f,2014
2010,c,2014
2012,d,2014
2012,c,2014
2012,f,2014
2010,b,2014
2012,b,2014
2014,c,2015
2015,c,2015
2011,c,2015
2011,f,2015
2011,e,2015
2016,c,2015
2016,f,2015
2014,e,2015
2014,f,2015
2013,e,2015
2015,e,2015
2012,e,2015
2015,f,2015
2012,f,2015
2012,c,2015
2013,c,2015
2016,e,2015
2013,f,2015
2017,e,2016
2017,d,2016
2015,e,2016
2015,f,2016
2015,d,2016
2016,f,2016
2017,f,2016
2016,e,2016
2016,d,2016
2012,d,2016
2014,e,2016
2012,e,2016
2014,f,2016
2014,d,2016
2012,f,2016
2013,e,2016
2013,f,2016
2013,d,2016
2018,f,2017
2017,f,2017
2014,f,2017
2013,f,2017
2016,f,2017
2015,f,2017
2016,b,2019
2016,c,2019
2020,b,2019
2019,b,2019
2018,c,2019
2018,b,2019
2015,c,2019
2015,b,2019
2017,b,2019
2017,c,2019
2019,c,2019
2020,c,2019
2021,c,2020
2019,f,2020
2019,e,2020
2021,f,2020
2020,e,2020
2020,f,2020
2019,c,2020
2021,e,2020
2020,c,2020
2017,f,2020
2016,c,2020
2018,e,2020
2018,f,2020
2018,c,2020
2016,f,2020
2016,e,2020
2017,e,2020
2017,c,2020
2020,c,2021
2020,f,2021
2021,f,2021
2021,e,2021
2022,f,2021
2022,c,2021
2021,c,2021
2020,e,2021
2022,e,2021
2019,f,2021
2018,c,2021
2019,e,2021
2017,c,2021
2017,f,2021
2017,e,2021
2019,c,2021
2018,e,2021
2018,f,2021
2022,e,2022
2022,f,2022
2021,e,2022
2021,f,2022
2023,e,2022
2019,e,2022
2018,e,2022
2020,e,2022
2020,f,2022
2019,f,2022
2018,f,2022
2023,f,2022
2021,f,2023
2024,f,2023
2023,f,2023
2020,f,2023
2019,f,2023
2022,f,2023
2024,b,2024
2023,b,2024
2022,b,2024
2025,b,2024
2020,b,2024
2021,b,2024
2025,f,2025
2024,f,2025
2024,c,2025
2026,c,2025
2022,f,2025
2026,f,2025
2023,c,2025
2021,c,2025
2021,f,2025
2025,c,2025
2022,c,2025
2023,f,2025
2026,f,2026
2026,b,2026
2025,e,2026
2025,f,2026
2026,e,2026
2025,b,2026
2027,e,2026
2027,b,2026
2027,f,2026
2024,f,2026
2023,e,2026
2022,b,2026
2022,f,2026
2024,e,2026
2024,b,2026
2022,e,2026
2023,b,2026
2023,f,2026
2027,e,2027
2028,c,2027
2024,e,2027
2026,e,2027
2026,f,2027
2026,c,2027
2027,c,2027
2027,f,2027
2028,f,2027
2028,e,2027
2025,e,2027
2025,f,2027
2025,c,2027
2023,f,2027
2023,e,2027
2024,c,2027
2024,f,2027
2023,c,2027
2028,f,2028
2027,e,2028
2027,f,2028
2028,e,2028
2024,f,2028
2026,f,2028
2026,e,2028
2025,e,2028
2025,f,2028
2024,e,2028
2029,e,2028
2029,f,2028
2026,f,2029
2027,f,2029
2030,f,2029
2025,f,2029
2028,f,2029
2029,f,2029
2031,c,2030
2029,c,2030
2030,c,2030
2028,c,2030
2027,c,2030
2026,c,2030
2028,e,2031
2027,e,2031
2029,e,2031
2030,e,2031
2032,e,2031
2031,e,2031
2033,f,2032
2032,f,2032
2030,f,2032
2028,f,2032
2029,f,2032
2031,f,2032
2038,e,2038
2037,e,2038
2036,e,2038
2039,e,2038
2034,e,2038
2035,e,2038
2039,f,2039
2038,f,2039
2038,a,2039
2040,a,2039
2040,f,2039
2035,a,2039
2035,f,2039
2037,f,2039
2037,a,2039
2036,f,2039
2036,a,2039
2039,a,2039
2041,b,2040
2041,d,2040
2039,d,2040
2039,b,2040
2040,d,2040
2040,b,2040
2038,b,2040
2038,d,2040
2036,b,2040
2036,d,2040
2037,b,2040
2037,d,2040
2038,f,2041
2041,f,2041
2041,c,2041
2040,c,2041
2037,c,2041
2040,f,2041
2039,f,2041
2038,c,2041
2042,c,2041
2039,c,2041
2037,f,2041
2042,f,2041
2043,e,2042
2040,e,2042
2038,e,2042
2039,e,2042
2041,e,2042
2042,e,2042
2043,f,2043
2044,e,2043
2042,e,2043
2042,f,2043
2043,e,2043
2044,f,2043
2041,f,2043
2041,e,2043
2040,e,2043
2040,f,2043
2039,e,2043
2039,f,2043
2042,f,2044
2041,f,2044
2040,f,2044
2043,f,2044
2044,f,2044
2045,f,2044
2047,e,2046
2047,d,2046
2046,d,2046
2045,e,2046
2045,d,2046
2046,e,2046
2042,d,2046
2044,d,2046
2044,e,2046
2043,e,2046
2042,e,2046
2043,d,2046
2048,f,2047
2047,f,2047
2046,f,2047
2044,f,2047
2045,f,2047
2043,f,2047
2049,b,2048
2045,d,2048
2045,b,2048
2046,b,2048
2046,d,2048
2048,b,2048
2048,d,2048
2047,d,2048
2044,b,2048
2049,d,2048
2044,d,2048
2047,b,2048
2048,c,2049
2049,f,2049
2049,c,2049
2048,f,2049
2050,c,2049
2045,f,2049
2047,f,2049
2045,c,2049
2046,f,2049
2046,c,2049
2050,f,2049
2047,c,2049
2051,e,2050
2049,e,2050
2050,a,2050
2050,e,2050
2051,a,2050
2049,a,2050
2047,e,2050
2046,a,2050
2048,e,2050
2048,a,2050
2046,e,2050
2047,a,2050
2051,d,2051
2051,f,2051
2052,b,2051
2052,d,2051
2052,f,2051
2050,f,2051
2050,d,2051
2050,b,2051
2047,b,2051
2047,d,2051
2049,f,2051
2049,d,2051
2049,b,2051
2047,f,2051
2048,b,2051
2048,d,2051
2048,f,2051
2051,b,2051
2052,c,2052
2048,c,2052
2053,c,2052
2053,f,2052
2051,f,2052
2051,c,2052
2048,f,2052
2052,f,2052
2049,f,2052
2050,c,2052
2050,f,2052
2049,c,2052
2053,e,2053
2052,e,2053
2052,a,2053
2049,a,2053
2049,e,2053
2050,a,2053
2054,e,2053
2053,a,2053
2051,e,2053
2051,a,2053
2050,e,2053
2054,a,2053
2054,d,2054
2054,c,2054
2053,f,2054
2054,f,2054
2055,b,2054
2055,d,2054
2055,c,2054
2053,c,2054
2053,d,2054
2053,b,2054
2055,f,2054
2054,b,2054
2050,f,2054
2050,c,2054
2050,d,2054
2050,b,2054
2051,b,2054
2051,c,2054
2052,f,2054
2052,c,2054
2052,d,2054
2052,b,2054
2051,f,2054
2051,d,2054
2052,e,2055
2054,d,2055
2054,c,2055
2055,e,2055
2054,e,2055
2056,c,2055
2056,d,2055
2055,f,2055
2054,f,2055
2051,d,2055
2051,c,2055
2051,f,2055
2052,c,2055
2052,d,2055
2055,d,2055
2051,e,2055
2052,f,2055
2053,d,2055
2055,c,2055
2053,f,2055
2053,e,2055
2056,e,2055
2056,f,2055
2053,c,2055
2055,f,2056
2056,e,2056
2056,f,2056
2057,f,2056
2057,e,2056
2055,e,2056
2052,f,2056
2052,e,2056
2053,f,2056
2053,e,2056
2054,e,2056
2054,f,2056
2057,f,2057
2058,a,2057
2056,f,2057
2056,a,2057
2053,a,2057
2057,a,2057
2053,f,2057
2055,f,2057
2055,a,2057
2054,a,2057
2054,f,2057
2058,f,2057
2058,b,2058
2058,d,2058
2059,d,2058
2057,d,2058
2057,b,2058
2054,b,2058
2059,b,2058
2054,d,2058
2056,d,2058
2055,b,2058
2055,d,2058
2056,b,2058
2058,c,2059
2059,f,2059
2059,c,2059
2058,f,2059
2060,f,2059
2055,c,2059
2060,c,2059
2057,f,2059
2057,c,2059
2056,c,2059
2056,f,2059
2055,f,2059
2057,e,2060
2058,e,2060
2061,e,2060
2059,e,2060
2060,e,2060
2056,e,2060
2062,d,2061
2062,f,2061
2061,f,2061
2061,d,2061
2060,f,2061
2060,d,2061
2057,f,2061
2059,f,2061
2059,d,2061
2057,d,2061
2058,d,2061
2058,f,2061
2063,f,2062
2062,f,2062
2061,f,2062
2059,f,2062
2060,f,2062
2058,f,2062
2064,a,2063
2061,a,2063
2063,a,2063
2059,a,2063
2060,a,2063
2062,a,2063
2064,d,2064
2063,d,2064
2063,b,2064
2064,b,2064
2065,b,2064
2065,d,2064
2060,d,2064
2062,b,2064
2061,d,2064
2061,b,2064
2060,b,2064
2062,d,2064
2064,f,2065
2065,f,2065
2066,c,2065
2064,c,2065
2065,c,2065
2066,f,2065
2063,f,2065
2063,c,2065
2061,c,2065
2061,f,2065
2062,f,2065
2062,c,2065
2063,e,2066
2067,e,2066
2066,e,2066
2066,d,2066
2065,e,2066
2065,d,2066
2067,d,2066
2064,e,2066
2062,d,2066
2064,d,2066
2062,e,2066
2063,d,2066
2064,f,2067
2065,f,2067
2063,f,2067
2066,f,2067
2068,f,2067
2067,f,2067
2064,c,2068
2069,c,2068
2067,c,2068
2068,c,2068
2065,c,2068
2066,c,2068
2066,e,2069
2067,e,2069
2068,e,2069
2070,e,2069
2065,e,2069
2069,e,2069
2066,f,2070
2071,f,2070
2070,f,2070
2068,f,2070
2067,f,2070
2069,f,2070
2074,b,2075
2071,b,2075
2072,b,2075
2073,b,2075
2076,b,2075
2075,b,2075
2077,f,2076
2077,c,2076
2076,f,2076
2076,c,2076
2075,c,2076
2074,f,2076
2075,f,2076
2074,c,2076
2072,c,2076
2072,f,2076
2073,c,2076
2073,f,2076
2074,c,2077
2078,e,2077
2078,c,2077
2077,e,2077
2077,f,2077
2077,c,2077
2076,e,2077
2076,f,2077
2076,c,2077
2078,f,2077
2073,e,2077
2075,e,2077
2075,f,2077
2075,c,2077
2073,c,2077
2074,f,2077
2074,e,2077
2073,f,2077
2078,e,2078
2078,f,2078
2078,d,2078
2074,d,2078
2079,e,2078
2077,e,2078
2077,f,2078
2077,d,2078
2079,d,2078
2074,e,2078
2079,f,2078
2076,e,2078
2076,f,2078
2076,d,2078
2075,d,2078
2075,f,2078
2074,f,2078
2075,e,2078
2079,f,2079
2080,f,2079
2075,f,2079
2078,f,2079
2077,f,2079
2076,f,2079
2082,f,2082
2078,f,2082
2081,f,2082
2080,f,2082
2083,f,2082
2079,f,2082
2080,b,2083
2083,d,2083
2082,d,2083
2082,b,2083
2083,b,2083
2084,b,2083
2084,d,2083
2079,d,2083
2081,b,2083
2081,d,2083
2079,b,2083
2080,d,2083
2084,f,2084
2083,f,2084
2085,b,2084
2085,c,2084
2085,f,2084
2083,b,2084
2084,c,2084
2084,b,2084
2083,c,2084
2081,c,2084
2081,b,2084
2082,f,2084
2082,c,2084
2082,b,2084
2080,f,2084
2081,f,2084
2080,b,2084
2080,c,2084
2082,e,2085
2084,c,2085
2084,e,2085
2085,c,2085
2085,e,2085
2086,c,2085
2086,f,2085
2086,e,2085
2085,f,2085
2081,c,2085
2084,f,2085
2083,c,2085
2082,c,2085
2082,f,2085
2081,e,2085
2083,e,2085
2083,f,2085
2081,f,2085
2082,b,2086
2082,f,2086
2082,e,2086
2086,e,2086
2087,b,2086
2085,e,2086
2085,f,2086
2085,b,2086
2086,f,2086
2087,e,2086
2084,e,2086
2084,f,2086
2084,b,2086
2083,b,2086
2086,b,2086
2083,f,2086
2083,e,2086
2087,f,2086
2087,c,2087
2086,f,2087
2086,c,2087
2088,f,2087
2087,f,2087
2088,c,2087
2085,f,2087
2085,c,2087
2084,f,2087
2084,c,2087
2083,f,2087
2083,c,2087
2085,e,2088
2086,e,2088
2084,e,2088
2087,e,2088
2089,e,2088
2088,e,2088
2085,f,2089
2090,f,2089
2089,f,2089
2087,f,2089
2086,f,2089
2088,f,2089
2092,b,2094
2093,b,2094
2090,b,2094
2091,b,2094
2094,b,2094
2095,b,2094
2093,f,2095
2094,a,2095
2096,a,2095
2094,f,2095
2095,a,2095
2095,c,2095
2095,f,2095
2094,c,2095
2093,c,2095
2096,f,2095
2096,c,2095
2092,a,2095
2091,f,2095
2091,c,2095
2091,a,2095
2092,c,2095
2092,f,2095
2093,a,2095
2092,e,2096
2097,b,2096
2095,b,2096
2095,f,2096
2095,e,2096
2096,e,2096
2096,f,2096
2096,d,2096
2096,b,2096
2095,d,2096
2097,f,2096
2097,d,2096
2093,f,2096
2093,b,2096
2094,e,2096
2094,f,2096
2094,d,2096
2094,b,2096
2092,b,2096
2092,d,2096
2093,d,2096
2092,f,2096
2097,e,2096
2093,e,2096
2098,c,2097
2097,b,2097
2098,f,2097
2096,c,2097
2098,b,2097
2097,f,2097
2097,c,2097
2096,b,2097
2096,f,2097
2095,f,2097
2093,c,2097
2095,c,2097
2095,b,2097
2093,f,2097
2094,b,2097
2094,c,2097
2094,f,2097
2093,b,2097
2098,c,2098
2098,e,2098
2099,c,2098
2099,f,2098
2099,e,2098
2097,e,2098
2097,f,2098
2097,c,2098
2094,c,2098
2094,e,2098
2096,e,2098
2096,f,2098
2096,c,2098
2095,c,2098
2095,f,2098
2095,e,2098
2094,f,2098
2098,f,2098
2099,f,2099
2099,e,2099
2095,e,2099
2100,f,2099
2100,e,2099
2098,e,2099
2098,f,2099
2095,f,2099
2096,f,2099
2096,e,2099
2097,e,2099
2097,f,2099
2099,f,2100
2101,e,2100
2100,e,2100
2100,f,2100
2100,d,2100
2096,d,2100
2099,e,2100
2101,f,2100
2099,d,2100
2096,f,2100
2101,d,2100
2097,d,2100
2097,e,2100
2097,f,2100
2098,d,2100
2096,e,2100
2098,e,2100
2098,f,2100
2098,a,2101
2099,a,2101
2100,a,2101
2101,a,2101
2097,a,2101
2102,a,2101
2101,d,2102
2102,b,2102
2103,b,2102
2102,d,2102
2101,b,2102
2103,d,2102
2099,d,2102
2100,d,2102
2100,b,2102
2098,b,2102
2098,d,2102
2099,b,2102
2100,f,2103
2104,c,2103
2103,f,2103
2103,c,2103
2104,f,2103
2102,f,2103
2102,c,2103
2101,f,2103
2101,c,2103
2099,f,2103
2100,c,2103
2099,c,2103
2102,e,2104
2104,e,2104
2101,e,2104
2100,e,2104
2105,e,2104
2103,e,2104
2104,f,2105
2106,c,2105
2105,f,2105
2104,c,2105
2106,f,2105
2105,c,2105
2103,f,2105
2103,c,2105
2102,f,2105
2102,c,2105
2101,f,2105
2101,c,2105
2107,e,2106
2105,e,2106
2105,f,2106
2106,f,2106
2106,e,2106
2107,f,2106
2104,e,2106
2104,f,2106
2103,e,2106
2103,f,2106
2102,e,2106
2102,f,2106
2105,f,2107
2103,f,2107
2106,f,2107
2104,f,2107
2107,f,2107
2108,f,2107
2110,f,2109
2108,f,2109
2109,f,2109
2107,f,2109
2105,f,2109
2106,f,2109
2108,c,2111
2109,c,2111
2112,c,2111
2110,c,2111
2107,c,2111
2111,c,2111
2108,e,2112
2109,e,2112
2113,e,2112
2110,e,2112
2111,e,2112
2112,e,2112
2113,f,2113
2112,f,2113
2110,f,2113
2109,f,2113
2111,f,2113
2114,f,2113
2116,d,2116
2114,d,2116
2115,d,2116
2117,d,2116
2113,d,2116
2112,d,2116
2114,f,2117
2118,f,2117
2117,f,2117
2116,f,2117
2113,f,2117
2115,f,2117
2115,d,2118
2119,d,2118
2118,d,2118
2117,d,2118
2114,d,2118
2116,d,2118
2117,f,2119
2120,f,2119
2115,f,2119
2116,f,2119
2118,f,2119
2119,f,2119
2116,e,2120
2120,e,2120
2119,e,2120
2118,e,2120
2121,e,2120
2117,e,2120
2120,d,2121
2122,d,2121
2121,d,2121
2121,f,2121
2120,f,2121
2118,d,2121
2119,f,2121
2119,d,2121
2118,f,2121
2122,f,2121
2117,f,2121
2117,d,2121
2118,f,2122
2120,f,2122
2121,f,2122
2123,f,2122
2119,f,2122
2122,f,2122
2123,f,2123
2124,f,2123
2119,f,2123
2121,f,2123
2120,f,2123
2122,f,2123
2127,d,2127
2126,d,2127
2125,d,2127
2128,d,2127
2124,d,2127
2123,d,2127
2125,f,2128
2128,f,2128
2126,f,2128
2129,f,2128
2127,f,2128
2124,f,2128
2128,d,2129
2130,d,2129
2129,d,2129
2127,d,2129
2125,d,2129
2126,d,2129
2131,f,2130
2127,f,2130
2126,f,2130
2128,f,2130
2130,f,2130
2129,f,2130
2131,f,2131
2130,f,2131
2130,b,2131
2132,b,2131
2132,f,2131
2131,b,2131
2127,f,2131
2127,b,2131
2128,f,2131
2128,b,2131
2129,b,2131
2129,f,2131
2132,f,2132
2132,c,2132
2132,b,2132
2133,b,2132
2131,e,2132
2131,f,2132
2131,c,2132
2133,c,2132
2133,f,2132
2133,e,2132
2131,b,2132
2132,e,2132
2128,f,2132
2129,f,2132
2129,c,2132
2129,b,2132
2130,e,2132
2130,f,2132
2130,c,2132
2130,b,2132
2129,e,2132
2128,b,2132
2128,c,2132
2128,e,2132
2132,a,2133
2132,c,2133
2132,f,2133
2132,e,2133
2133,a,2133
2133,c,2133
2133,f,2133
2133,e,2133
2134,a,2133
2134,c,2133
2134,f,2133
2134,e,2133
2130,a,2133
2129,a,2133
2130,c,2133
2129,f,2133
2129,c,2133
2130,e,2133
2130,f,2133
2129,e,2133
2131,c,2133
2131,f,2133
2131,e,2133
2131,a,2133
2133,f,2134
2133,e,2134
2133,b,2134
2130,c,2134
2130,f,2134
2130,e,2134
2135,f,2134
2134,e,2134
2135,c,2134
2135,d,2134
2135,b,2134
2133,c,2134
2133,d,2134
2135,e,2134
2134,b,2134
2134,d,2134
2132,e,2134
2132,f,2134
2132,c,2134
2132,d,2134
2132,b,2134
2131,b,2134
2131,d,2134
2134,c,2134
2131,c,2134
2131,f,2134
2131,e,2134
2134,f,2134
2130,b,2134
2130,d,2134
2131,f,2135
2135,c,2135
2135,f,2135
2135,e,2135
2136,c,2135
2136,f,2135
2136,e,2135
2134,e,2135
2134,f,2135
2133,e,2135
2132,f,2135
2131,c,2135
2131,e,2135
2133,f,2135
2133,c,2135
2132,c,2135
2132,e,2135
2134,c,2135
2136,e,2136
2136,d,2136
2137,d,2136
2135,e,2136
2133,e,2136
2132,d,2136
2132,e,2136
2133,d,2136
2134,e,2136
2134,d,2136
2135,d,2136
2137,e,2136
2140,f,2139
2138,f,2139
2139,f,2139
2136,f,2139
2135,f,2139
2137,f,2139
2142,a,2143
2143,f,2143
2144,a,2143
2144,f,2143
2141,f,2143
2142,f,2143
2141,a,2143
2140,f,2143
2140,a,2143
2139,f,2143
2139,a,2143
2143,a,2143
2145,b,2144
2144,b,2144
2143,d,2144
2143,b,2144
2144,d,2144
2145,d,2144
2142,b,2144
2141,b,2144
2140,d,2144
2142,d,2144
2141,d,2144
2140,b,2144
2144,a,2145
2144,d,2145
2144,c,2145
2146,d,2145
2142,a,2145
2145,d,2145
2145,c,2145
2145,f,2145
2146,f,2145
2146,c,2145
2145,a,2145
2141,a,2145
2144,f,2145
2146,a,2145
2142,f,2145
2141,d,2145
2143,a,2145
2143,d,2145
2143,c,2145
2141,c,2145
2142,c,2145
2142,d,2145
2143,f,2145
2141,f,2145
2146,f,2146
2146,d,2146
2146,b,2146
2142,e,2146
2146,e,2146
2145,e,2146
2145,f,2146
2145,d,2146
2145,b,2146
2142,b,2146
2142,d,2146
2142,f,2146
2143,e,2146
2144,f,2146
2143,d,2146
2143,b,2146
2144,b,2146
2144,d,2146
2144,e,2146
2147,b,2146
2147,e,2146
2147,f,2146
2147,d,2146
2143,f,2146
2146,c,2147
2146,f,2147
2147,c,2147
2147,f,2147
2148,f,2147
2147,a,2147
2146,a,2147
2145,c,2147
2148,c,2147
2143,a,2147
2144,f,2147
2144,c,2147
2144,a,2147
2143,f,2147
2145,f,2147
2145,a,2147
2148,a,2147
2143,c,2147
2144,b,2148
2147,b,2148
2147,c,2148
2144,d,2148
2147,e,2148
2148,e,2148
2148,c,2148
2148,d,2148
2148,b,2148
2147,d,2148
2149,d,2148
2149,b,2148
2145,b,2148
2149,e,2148
2145,e,2148
2146,e,2148
2146,c,2148
2146,d,2148
2146,b,2148
2144,c,2148
2144,e,2148
2149,c,2148
2145,c,2148
2145,d,2148
2150,c,2149
2150,f,2149
2148,d,2149
2150,d,2149
2150,e,2149
2148,f,2149
2148,e,2149
2149,f,2149
2149,c,2149
2149,d,2149
2148,c,2149
2149,e,2149
2147,f,2149
2145,d,2149
2146,e,2149
2146,f,2149
2146,c,2149
2146,d,2149
2145,e,2149
2147,d,2149
2145,c,2149
2147,e,2149
2145,f,2149
2147,c,2149
2146,c,2150
2149,c,2150
2150,e,2150
2150,f,2150
2150,c,2150
2149,e,2150
2149,f,2150
2148,c,2150
2151,e,2150
2147,e,2150
2147,f,2150
2147,c,2150
2146,e,2150
2146,f,2150
2148,e,2150
2151,f,2150
2151,c,2150
2148,f,2150
2150,e,2151
2150,f,2151
2150,c,2151
2151,e,2151
2152,f,2151
2147,e,2151
2152,c,2151
2147,f,2151
2149,e,2151
2149,f,2151
2149,c,2151
2151,c,2151
2148,e,2151
2148,f,2151
2148,c,2151
2147,c,2151
2152,e,2151
2151,f,2151
2152,f,2152
2152,e,2152
2153,f,2152
2153,e,2152
2151,f,2152
2151,e,2152
2150,e,2152
2148,f,2152
2148,e,2152
2149,f,2152
2150,f,2152
2149,e,2152
2150,f,2153
2153,f,2153
2152,f,2153
2151,f,2153
2149,f,2153
2154,f,2153
2154,a,2154
2152,a,2154
2155,a,2154
2150,a,2154
2151,a,2154
2153,a,2154
2155,d,2155
2156,b,2155
2155,b,2155
2154,d,2155
2156,d,2155
2154,b,2155
2153,d,2155
2153,b,2155
2151,b,2155
2151,d,2155
2152,d,2155
2152,b,2155
2153,f,2156
2156,f,2156
2156,c,2156
2153,c,2156
2155,f,2156
2155,c,2156
2157,c,2156
2154,f,2156
2154,c,2156
2152,c,2156
2152,f,2156
2157,f,2156
2158,e,2157
2154,e,2157
2155,e,2157
2153,e,2157
2156,e,2157
2157,e,2157
2157,f,2158
2155,f,2158
2156,f,2158
2158,f,2158
2154,f,2158
2159,f,2158
2160,e,2160
2159,e,2160
2161,e,2160
2158,e,2160
2156,e,2160
2157,e,2160
2158,f,2161
2162,f,2161
2160,f,2161
2161,f,2161
2159,f,2161
2157,f,2161
2160,f,2163
2161,f,2163
2162,f,2163
2163,f,2163
2164,f,2163
2159,f,2163
2172,a,2171
2171,a,2171
2169,a,2171
2167,a,2171
2168,a,2171
2170,a,2171
2172,b,2172
2173,d,2172
2172,a,2172
2171,d,2172
2171,b,2172
2171,a,2172
2173,b,2172
2170,d,2172
2172,d,2172
2170,b,2172
2173,a,2172
2168,a,2172
2169,b,2172
2169,a,2172
2169,d,2172
2168,d,2172
2168,b,2172
2170,a,2172
2169,f,2173
2172,a,2173
2172,b,2173
2172,d,2173
2172,f,2173
2173,f,2173
2173,c,2173
2173,d,2173
2173,b,2173
2173,a,2173
2172,c,2173
2174,a,2173
2174,c,2173
2171,c,2173
2170,a,2173
2170,b,2173
2170,d,2173
2170,c,2173
2170,f,2173
2174,f,2173
2169,c,2173
2174,d,2173
2171,f,2173
2169,d,2173
2174,b,2173
2169,a,2173
2171,a,2173
2171,b,2173
2171,d,2173
2169,b,2173
2173,f,2174
2173,e,2174
2173,c,2174
2173,d,2174
2173,b,2174
2174,b,2174
2175,c,2174
2175,d,2174
2174,e,2174
2174,f,2174
2175,b,2174
2171,d,2174
2175,e,2174
2170,b,2174
2170,d,2174
2170,c,2174
2170,f,2174
2170,e,2174
2171,b,2174
2174,d,2174
2171,c,2174
2171,f,2174
2175,f,2174
2171,e,2174
2172,b,2174
2172,d,2174
2172,c,2174
2172,f,2174
2172,e,2174
2174,c,2174
2176,f,2175
2176,c,2175
2174,f,2175
2174,c,2175
2175,e,2175
2175,f,2175
2175,c,2175
2176,e,2175
2174,e,2175
2171,c,2175
2171,f,2175
2171,e,2175
2172,c,2175
2172,f,2175
2173,e,2175
2173,f,2175
2173,c,2175
2172,e,2175
2175,e,2176
2177,f,2176
2177,e,2176
2175,f,2176
2172,f,2176
2172,e,2176
2174,e,2176
2174,f,2176
2173,f,2176
2173,e,2176
2176,f,2176
2176,e,2176
2177,f,2177
2178,c,2177
2178,f,2177
2177,c,2177
2176,f,2177
2173,f,2177
2173,c,2177
2175,f,2177
2175,c,2177
2174,f,2177
2174,c,2177
2176,c,2177
2175,e,2178
2176,e,2178
2174,e,2178
2177,e,2178
2178,e,2178
2179,e,2178
2181,c,2182
2183,c,2182
2180,c,2182
2179,c,2182
2182,c,2182
2178,c,2182
2183,e,2183
2184,c,2183
2183,c,2183
2182,e,2183
2182,c,2183
2182,b,2183
2184,e,2183
2184,b,2183
2181,e,2183
2183,b,2183
2179,b,2183
2180,b,2183
2179,e,2183
2179,c,2183
2180,e,2183
2181,c,2183
2180,c,2183
2181,b,2183
2184,e,2184
2185,c,2184
2183,e,2184
2183,f,2184
2183,c,2184
2185,f,2184
2185,e,2184
2184,f,2184
2181,c,2184
2184,c,2184
2181,e,2184
2182,e,2184
2182,f,2184
2181,f,2184
2182,c,2184
2180,c,2184
2180,f,2184
2180,e,2184
2186,e,2185
2186,f,2185
2185,e,2185
2185,f,2185
2181,f,2185
2184,e,2185
2182,e,2185
2181,e,2185
2182,f,2185
2183,f,2185
2184,f,2185
2183,e,2185
2182,f,2186
2183,f,2186
2186,f,2186
2185,f,2186
2184,f,2186
2187,f,2186
2183,c,2187
2185,c,2187
2188,c,2187
2187,c,2187
2184,c,2187
2186,c,2187
2188,e,2188
2189,e,2188
2185,e,2188
2184,e,2188
2186,e,2188
2187,e,2188
2188,f,2189
2188,a,2189
2189,a,2189
2189,f,2189
2190,a,2189
2190,f,2189
2185,f,2189
2187,a,2189
2187,f,2189
2186,f,2189
2186,a,2189
2185,a,2189
2189,b,2190
2191,b,2190
2191,d,2190
2189,d,2190
2187,b,2190
2188,b,2190
2186,b,2190
2186,d,2190
2190,d,2190
2190,b,2190
2187,d,2190
2188,d,2190
2190,c,2191
2190,b,2191
2191,b,2191
2191,c,2191
2191,f,2191
2192,b,2191
2192,c,2191
2192,f,2191
2190,f,2191
2188,f,2191
2187,f,2191
2188,b,2191
2187,b,2191
2188,c,2191
2189,c,2191
2189,f,2191
2189,b,2191
2187,c,2191
2191,e,2192
2192,e,2192
2192,f,2192
2193,f,2192
2191,f,2192
2191,c,2192
2191,b,2192
2192,c,2192
2192,b,2192
2188,b,2192
2188,c,2192
2188,f,2192
2193,c,2192
2193,b,2192
2189,b,2192
2189,e,2192
2189,f,2192
2189,c,2192
2188,e,2192
2190,b,2192
2190,c,2192
2193,e,2192
2190,e,2192
2190,f,2192
2194,c,2193
2193,b,2193
2194,b,2193
2192,e,2193
2192,f,2193
2192,c,2193
2192,b,2193
2193,e,2193
2194,f,2193
2194,e,2193
2193,f,2193
2193,c,2193
2189,b,2193
2189,e,2193
2190,e,2193
2190,f,2193
2190,c,2193
2190,b,2193
2191,b,2193
2191,c,2193
2191,f,2193
2189,f,2193
2189,c,2193
2191,e,2193
2194,c,2194
2194,b,2194
2194,f,2194
2194,e,2194
2195,e,2194
2193,e,2194
2193,f,2194
2195,c,2194
2193,b,2194
2195,b,2194
2190,b,2194
2190,c,2194
2193,c,2194
2190,e,2194
2191,e,2194
2191,f,2194
2191,c,2194
2191,b,2194
2192,b,2194
2192,c,2194
2190,f,2194
2192,e,2194
2192,f,2194
2195,f,2194
2191,f,2195
2191,c,2195
2195,c,2195
2195,f,2195
2195,e,2195
2194,e,2195
2194,f,2195
2194,c,2195
2193,f,2195
2193,e,2195
2192,f,2195
2191,e,2195
2192,c,2195
2193,c,2195
2196,c,2195
2196,f,2195
2196,e,2195
2192,e,2195
2197,a,2196
2196,f,2196
2195,a,2196
2195,f,2196
2195,e,2196
2196,a,2196
2196,e,2196
2197,e,2196
2193,a,2196
2194,e,2196
2194,f,2196
2194,a,2196
2192,a,2196
2193,e,2196
2193,f,2196
2192,f,2196
2197,f,2196
2192,e,2196
2197,b,2197
2197,d,2197
2198,b,2197
2196,d,2197
2196,b,2197
2194,b,2197
2198,d,2197
2195,d,2197
2195,b,2197
2193,b,2197
2193,d,2197
2194,d,2197
2198,c,2198
2197,c,2198
2199,c,2198
2194,c,2198
2196,c,2198
2195,c,2198
2196,e,2199
2197,e,2199
2195,e,2199
2198,e,2199
2200,e,2199
2199,e,2199
2196,d,2200
2201,f,2200
2201,d,2200
2200,f,2200
2200,d,2200
2199,d,2200
2199,f,2200
2196,f,2200
2198,f,2200
2198,d,2200
2197,f,2200
2197,d,2200
2198,f,2201
2199,f,2201
2197,f,2201
2200,f,2201
2202,f,2201
2201,f,2201
2203,f,2202
2202,f,2202
2198,f,2202
2199,f,2202
2201,f,2202
2200,f,2202
2208,d,2207
2206,d,2207
2207,d,2207
2205,d,2207
2204,d,2207
2203,d,2207
2205,f,2208
2204,f,2208
2208,f,2208
2207,f,2208
2209,f,2208
2206,f,2208
2206,c,2209
2207,c,2209
2208,c,2209
2205,c,2209
2209,c,2209
2210,c,2209
2207,e,2210
2211,e,2210
2208,e,2210
2210,e,2210
2209,e,2210
2206,e,2210
2211,f,2211
2210,f,2211
2209,f,2211
2208,f,2211
2207,f,2211
2212,f,2211
2209,c,2212
2208,c,2212
2210,c,2212
2213,c,2212
2212,c,2212
2211,c,2212
2213,e,2213
2212,e,2213
2214,e,2213
2211,e,2213
2209,e,2213
2210,e,2213
2211,f,2214
2214,f,2214
2213,f,2214
2215,f,2214
2212,f,2214
2210,f,2214
2212,f,2215
2211,f,2215
2216,f,2215
2215,f,2215
2214,f,2215
2213,f,2215
2216,a,2216
2215,a,2216
2217,a,2216
2213,a,2216
2214,a,2216
2212,a,2216
2214,d,2217
2218,b,2217
2217,d,2217
2214,b,2217
2213,d,2217
2215,b,2217
2215,d,2217
2218,d,2217
2217,b,2217
2216,d,2217
2216,b,2217
2213,b,2217
2217,d,2218
2214,d,2218
2217,f,2218
2219,d,2218
2218,f,2218
2218,c,2218
2217,c,2218
2219,c,2218
2216,c,2218
2216,f,2218
2216,d,2218
2215,f,2218
2215,c,2218
2215,d,2218
2214,f,2218
2214,c,2218
2219,f,2218
2218,d,2218
2219,f,2219
2219,e,2219
2220,f,2219
2220,e,2219
2218,e,2219
2218,f,2219
2215,e,2219
2216,f,2219
2216,e,2219
2217,f,2219
2215,f,2219
2217,e,2219
2218,f,2220
2216,f,2220
2217,f,2220
2219,f,2220
2220,f,2220
2221,f,2220
2220,e,2221
2220,c,2221
2221,c,2221
2221,e,2221
2217,e,2221
2217,c,2221
2222,c,2221
2219,e,2221
2219,c,2221
2222,e,2221
2218,c,2221
2218,e,2221
2222,f,2222
2222,e,2222
2221,e,2222
2221,f,2222
2223,f,2222
2223,e,2222
2220,e,2222
2220,f,2222
2218,f,2222
2218,e,2222
2219,f,2222
2219,e,2222
2223,f,2223
2223,e,2223
2222,e,2223
2222,f,2223
2224,f,2223
2224,e,2223
2220,e,2223
2219,f,2223
2221,e,2223
2221,f,2223
2219,e,2223
2220,f,2223
2221,f,2224
2225,d,2224
2223,f,2224
2223,d,2224
2225,f,2224
2220,d,2224
2220,f,2224
2222,f,2224
2222,d,2224
2221,d,2224
2224,d,2224
2224,f,2224
2221,f,2225
2226,f,2225
2224,f,2225
2225,f,2225
2223,f,2225
2222,f,2225
2224,f,2226
2227,f,2226
2222,f,2226
2225,f,2226
2223,f,2226
2226,f,2226
2227,d,2228
2227,a,2228
2229,a,2228
2229,d,2228
2226,d,2228
2226,a,2228
2225,a,2228
2224,a,2228
2224,d,2228
2228,d,2228
2225,d,2228
2228,a,2228
2229,b,2229
2229,c,2229
2230,b,2229
2228,f,2229
2229,f,2229
2230,f,2229
2230,c,2229
2228,c,2229
2228,d,2229
2228,b,2229
2229,d,2229
2230,d,2229
2225,b,2229
2225,f,2229
2226,f,2229
2226,c,2229
2226,d,2229
2226,b,2229
2227,b,2229
2227,d,2229
2225,c,2229
2227,f,2229
2225,d,2229
2227,c,2229
2226,c,2230
2229,e,2230
2229,f,2230
2229,c,2230
2230,e,2230
2230,f,2230
2230,c,2230
2227,f,2230
2227,e,2230
2231,f,2230
2227,c,2230
2226,e,2230
2226,f,2230
2228,c,2230
2228,f,2230
2231,c,2230
2231,e,2230
2228,e,2230
2231,e,2231
2231,f,2231
2230,f,2231
2231,c,2231
2232,c,2231
2232,f,2231
2232,e,2231
2230,e,2231
2230,c,2231
2227,e,2231
2228,e,2231
2228,f,2231
2228,c,2231
2227,f,2231
2229,f,2231
2229,c,2231
2227,c,2231
2229,e,2231
2231,f,2232
2232,e,2232
2231,a,2232
2232,f,2232
2232,a,2232
2228,a,2232
2228,f,2232
2228,e,2232
2231,e,2232
2233,a,2232
2233,f,2232
2230,e,2232
2230,f,2232
2230,a,2232
2229,a,2232
2229,f,2232
2229,e,2232
2233,e,2232
2234,b,2233
2232,b,2233
2233,b,2233
2232,d,2233
2232,f,2233
2229,d,2233
2234,f,2233
2229,b,2233
2233,d,2233
2230,b,2233
2230,d,2233
2234,d,2233
2230,f,2233
2229,f,2233
2231,b,2233
2231,d,2233
2231,f,2233
2233,f,2233
2235,c,2234
2235,f,2234
2233,f,2234
2233,c,2234
2234,c,2234
2234,f,2234
2232,f,2234
2230,c,2234
2230,f,2234
2231,c,2234
2232,c,2234
2231,f,2234
2232,e,2235
2235,e,2235
2234,e,2235
2233,e,2235
2231,e,2235
2236,e,2235
2236,b,2236
2234,b,2236
2237,b,2236
2233,b,2236
2232,b,2236
2235,b,2236
2238,c,2237
2238,f,2237
2237,f,2237
2236,f,2237
2236,c,2237
2237,c,2237
2233,c,2237
2234,c,2237
2234,f,2237
2233,f,2237
2235,f,2237
2235,c,2237
2234,e,2238
2236,e,2238
2239,e,2238
2235,e,2238
2237,e,2238
2238,e,2238
2240,f,2239
2240,a,2239
2239,f,2239
2235,a,2239
2238,f,2239
2238,a,2239
2239,a,2239
2235,f,2239
2236,a,2239
2236,f,2239
2237,f,2239
2237,a,2239
2236,e,2240
2240,b,2240
2241,b,2240
2241,d,2240
2239,e,2240
2239,d,2240
2239,b,2240
2236,b,2240
2236,d,2240
2240,e,2240
2241,e,2240
2238,e,2240
2238,d,2240
2238,b,2240
2240,d,2240
2237,b,2240
2237,d,2240
2237,e,2240
2241,c,2241
2241,f,2241
2240,f,2241
2240,c,2241
2242,c,2241
2242,f,2241
2238,c,2241
2237,c,2241
2237,f,2241
2239,f,2241
2239,c,2241
2238,f,2241
2239,e,2242
2242,e,2242
2241,e,2242
2240,e,2242
2238,e,2242
2243,e,2242
2244,f,2243
2239,f,2243
2241,f,2243
2243,f,2243
2240,f,2243
2242,f,2243
2243,c,2244
2244,c,2244
2242,c,2244
2241,c,2244
2240,c,2244
2245,c,2244
2242,e,2245
2241,e,2245
2243,e,2245
2246,e,2245
2245,e,2245
2244,e,2245
2246,f,2246
2246,c,2246
2245,f,2246
2247,f,2246
2245,c,2246
2247,c,2246
2244,c,2246
2244,f,2246
2242,c,2246
2242,f,2246
2243,c,2246
2243,f,2246
2244,e,2247
2247,e,2247
2246,e,2247
2245,e,2247
2243,e,2247
2248,e,2247
2245,f,2248
2247,f,2248
2246,f,2248
2249,f,2248
2248,f,2248
2244,f,2248
2249,a,2249
2248,a,2249
2250,a,2249
2245,a,2249
2247,a,2249
2246,a,2249
2250,b,2250
2250,d,2250
2249,d,2250
2249,b,2250
2246,b,2250
2247,b,2250
2251,b,2250
2248,d,2250
2248,b,2250
2246,d,2250
2251,d,2250
2247,d,2250
2251,c,2251
2252,f,2251
2251,f,2251
2250,f,2251
2250,c,2251
2252,c,2251
2249,c,2251
2249,f,2251
2248,f,2251
2248,c,2251
2247,f,2251
2247,c,2251
2253,e,2252
2249,e,2252
2250,e,2252
2252,e,2252
2248,e,2252
2251,e,2252
2253,f,2253
2252,f,2253
2252,a,2253
2254,a,2253
2254,f,2253
2249,a,2253
2249,f,2253
2251,a,2253
2253,a,2253
2250,f,2253
2250,a,2253
2251,f,2253
2254,d,2254
2255,d,2254
2255,b,2254
2253,d,2254
2253,b,2254
2254,b,2254
2250,d,2254
2252,d,2254
2252,b,2254
2250,b,2254
2251,b,2254
2251,d,2254
2252,f,2255
2255,f,2255
2255,c,2255
2256,f,2255
2254,f,2255
2254,c,2255
2251,f,2255
2253,f,2255
2253,c,2255
2252,c,2255
2251,c,2255
2256,c,2255
2252,e,2256
2254,e,2256
2257,e,2256
2256,e,2256
2253,e,2256
2255,e,2256
2257,a,2257
2257,f,2257
2256,f,2257
2256,a,2257
2258,f,2257
2258,a,2257
2255,f,2257
2255,a,2257
2254,f,2257
2253,a,2257
2253,f,2257
2254,a,2257
2258,b,2258
2258,d,2258
2257,d,2258
2257,b,2258
2259,b,2258
2255,d,2258
2256,d,2258
2256,b,2258
2254,b,2258
2254,d,2258
2255,b,2258
2259,d,2258
2258,f,2259
2258,c,2259
2259,c,2259
2259,f,2259
2260,c,2259
2260,f,2259
2255,c,2259
2257,f,2259
2257,c,2259
2255,f,2259
2256,c,2259
2256,f,2259
2259,f,2260
2260,f,2260
2260,e,2260
2259,e,2260
2261,e,2260
2259,c,2260
2256,c,2260
2260,c,2260
2261,c,2260
2258,e,2260
2258,f,2260
2258,c,2260
2256,f,2260
2256,e,2260
2257,c,2260
2257,f,2260
2261,f,2260
2257,e,2260
2261,e,2261
2260,e,2261
2260,f,2261
2262,f,2261
2257,f,2261
2259,e,2261
2259,f,2261
2258,e,2261
2258,f,2261
2257,e,2261
2262,e,2261
2261,f,2261
2262,f,2262
2263,f,2262
2261,f,2262
2260,f,2262
2258,f,2262
2259,f,2262
2264,e,2263
2263,e,2263
2262,e,2263
2260,e,2263
2261,e,2263
2259,e,2263
2265,f,2264
2262,f,2264
2264,f,2264
2260,f,2264
2261,f,2264
2263,f,2264
2264,d,2265
2266,d,2265
2265,d,2265
2262,d,2265
2261,d,2265
2263,d,2265
2266,b,2266
2267,b,2266
2265,f,2266
2265,b,2266
2267,f,2266
2266,f,2266
2264,b,2266
2262,b,2266
2264,f,2266
2263,b,2266
2263,f,2266
2262,f,2266
2264,c,2267
2267,a,2267
2267,c,2267
2267,f,2267
2266,f,2267
2266,c,2267
2266,a,2267
2263,a,2267
2268,a,2267
2268,f,2267
2265,f,2267
2265,c,2267
2265,a,2267
2263,c,2267
2263,f,2267
2264,f,2267
2268,c,2267
2264,a,2267
2267,e,2268
2267,d,2268
2268,b,2268
2267,b,2268
2268,d,2268
2268,e,2268
2269,e,2268
2269,b,2268
2265,e,2268
2264,d,2268
2266,e,2268
2266,d,2268
2266,b,2268
2264,e,2268
2269,d,2268
2265,b,2268
2265,d,2268
2264,b,2268
2268,c,2269
2270,c,2269
2270,f,2269
2269,c,2269
2268,f,2269
2267,f,2269
2267,c,2269
2265,c,2269
2265,f,2269
2266,c,2269
2266,f,2269
2269,f,2269
2269,b,2270
2269,f,2270
2271,e,2270
2271,f,2270
2270,b,2270
2270,f,2270
2270,e,2270
2269,e,2270
2271,b,2270
2266,f,2270
2266,e,2270
2266,b,2270
2268,e,2270
2268,f,2270
2268,b,2270
2267,b,2270
2267,f,2270
2267,e,2270
2271,c,2271
2271,f,2271
2270,f,2271
2270,c,2271
2267,c,2271
2267,f,2271
2272,c,2271
2272,f,2271
2269,f,2271
2269,c,2271
2268,c,2271
2268,f,2271
2272,b,2272
2272,f,2272
2272,e,2272
2273,b,2272
2271,e,2272
2271,f,2272
2271,b,2272
2273,f,2272
2273,e,2272
2268,e,2272
2268,f,2272
2268,b,2272
2269,b,2272
2270,e,2272
2270,f,2272
2270,b,2272
2269,f,2272
2269,e,2272
2269,c,2273
2273,c,2273
2273,f,2273
2274,b,2273
2272,f,2273
2272,c,2273
2272,b,2273
2269,b,2273
2273,b,2273
2274,c,2273
2274,f,2273
2270,f,2273
2271,f,2273
2271,c,2273
2271,b,2273
2269,f,2273
2270,c,2273
2270,b,2273
2275,c,2274
2275,e,2274
2273,e,2274
2273,f,2274
2274,e,2274
2274,f,2274
2273,c,2274
2275,f,2274
2274,c,2274
2272,e,2274
2272,f,2274
2270,c,2274
2270,f,2274
2270,e,2274
2271,c,2274
2271,f,2274
2272,c,2274
2271,e,2274
2274,e,2275
2275,e,2275
2276,e,2275
2271,e,2275
2273,e,2275
2272,e,2275
2272,d,2276
2276,c,2276
2272,c,2276
2276,d,2276
2274,d,2276
2274,c,2276
2275,c,2276
2277,c,2276
2277,d,2276
2275,d,2276
2273,c,2276
2273,d,2276
2278,f,2277
2277,e,2277
2278,e,2277
2276,f,2277
2276,e,2277
2277,f,2277
2273,e,2277
2273,f,2277
2275,e,2277
2275,f,2277
2274,f,2277
2274,e,2277
2278,c,2278
2278,f,2278
2275,c,2278
2279,a,2278
2277,f,2278
2277,c,2278
2277,a,2278
2279,c,2278
2274,a,2278
2279,f,2278
2275,f,2278
2276,f,2278
2276,c,2278
2276,a,2278
2274,c,2278
2274,f,2278
2275,a,2278
2278,a,2278
2279,d,2279
2279,e,2279
2280,b,2279
2278,e,2279
2278,d,2279
2280,d,2279
2280,e,2279
2279,b,2279
2278,b,2279
2276,b,2279
2275,d,2279
2275,e,2279
2277,e,2279
2277,d,2279
2275,b,2279
2277,b,2279
2276,d,2279
2276,e,2279
2281,c,2280
2281,f,2280
2279,f,2280
2279,c,2280
2276,f,2280
2280,c,2280
2278,f,2280
2278,c,2280
2277,c,2280
2277,f,2280
2276,c,2280
2280,f,2280
2281,e,2281
2282,e,2281
2280,e,2281
2277,e,2281
2279,e,2281
2278,e,2281
2280,f,2282
2279,f,2282
2282,f,2282
2281,f,2282
2278,f,2282
2283,f,2282
2285,d,2284
2284,c,2284
2284,d,2284
2283,c,2284
2285,c,2284
2282,c,2284
2283,d,2284
2280,d,2284
2281,c,2284
2282,d,2284
2280,c,2284
2281,d,2284
2282,f,2285
2286,f,2285
2285,e,2285
2285,f,2285
2284,e,2285
2286,e,2285
2284,f,2285
2283,e,2285
2283,f,2285
2281,f,2285
2281,e,2285
2282,e,2285
2283,f,2286
2284,f,2286
2282,f,2286
2285,f,2286
2287,f,2286
2286,f,2286
2287,f,2287
2286,f,2287
2288,f,2287
2285,f,2287
2284,f,2287
2283,f,2287
2286,a,2289
2287,a,2289
2290,a,2289
2288,a,2289
2285,a,2289
2289,a,2289
2291,d,2290
2291,b,2290
2290,e,2290
2289,b,2290
2291,e,2290
2290,b,2290
2289,e,2290
2289,d,2290
2290,d,2290
2288,e,2290
2288,d,2290
2288,b,2290
2286,b,2290
2286,d,2290
2287,e,2290
2287,d,2290
2287,b,2290
2286,e,2290
2292,f,2291
2292,c,2291
2291,f,2291
2291,c,2291
2290,f,2291
2290,c,2291
2288,c,2291
2289,f,2291
2289,c,2291
2288,f,2291
2287,c,2291
2287,f,2291
2289,e,2292
2293,e,2292
2292,e,2292
2288,e,2292
2290,e,2292
2291,e,2292
2290,f,2293
2292,f,2293
2293,f,2293
2294,f,2293
2289,f,2293
2291,f,2293
2298,b,2298
2296,b,2298
2297,b,2298
2299,b,2298
2295,b,2298
2294,b,2298
2295,f,2299
2299,c,2299
2299,f,2299
2298,f,2299
2298,c,2299
2298,a,2299
2299,a,2299
2300,a,2299
2300,c,2299
2300,f,2299
2295,c,2299
2295,a,2299
2296,a,2299
2297,c,2299
2296,c,2299
2297,a,2299
2296,f,2299
2297,f,2299
2300,f,2300
2299,a,2300
2299,b,2300
2301,e,2300
2301,f,2300
2299,d,2300
2299,f,2300
2299,e,2300
2301,b,2300
2301,a,2300
2300,a,2300
2300,d,2300
2301,d,2300
2300,b,2300
2300,e,2300
2296,b,2300
2296,f,2300
2296,d,2300
2297,e,2300
2296,a,2300
2298,a,2300
2298,b,2300
2298,d,2300
2298,f,2300
2298,e,2300
2297,a,2300
2297,b,2300
2297,d,2300
2297,f,2300
2296,e,2300
2302,b,2301
2300,b,2301
2300,a,2301
2298,b,2301
2300,c,2301
2298,d,2301
2301,a,2301
2301,b,2301
2301,d,2301
2301,c,2301
2301,f,2301
2302,f,2301
2302,c,2301
2302,a,2301
2300,f,2301
2297,a,2301
2300,d,2301
2299,b,2301
2298,c,2301
2298,f,2301
2298,a,2301
2297,f,2301
2297,c,2301
2297,d,2301
2299,a,2301
2297,b,2301
2299,d,2301
2302,d,2301
2299,f,2301
2299,c,2301
2298,f,2302
2298,c,2302
2298,d,2302
2301,b,2302
2301,d,2302
2301,c,2302
2301,f,2302
2301,e,2302
2302,f,2302
2302,c,2302
2302,d,2302
2302,b,2302
2298,b,2302
2303,e,2302
2302,e,2302
2299,e,2302
2298,e,2302
2303,f,2302
2299,c,2302
2299,d,2302
2299,b,2302
2300,b,2302
2300,d,2302
2300,c,2302
2300,f,2302
2303,b,2302
2299,f,2302
2300,e,2302
2303,d,2302
2303,c,2302
2303,a,2303
2303,c,2303
2304,a,2303
2304,c,2303
2304,f,2303
2302,e,2303
2302,f,2303
2302,a,2303
2302,c,2303
2303,e,2303
2300,e,2303
2299,a,2303
2299,c,2303
2299,f,2303
2301,e,2303
2301,f,2303
2301,c,2303
2301,a,2303
2299,e,2303
2300,a,2303
2303,f,2303
2300,c,2303
2304,e,2303
2300,f,2303
2303,d,2304
2304,b,2304
2303,e,2304
2305,e,2304
2305,d,2304
2305,b,2304
2304,e,2304
2304,f,2304
2304,d,2304
2303,f,2304
2305,f,2304
2302,e,2304
2300,f,2304
2300,e,2304
2301,b,2304
2301,d,2304
2301,f,2304
2300,d,2304
2302,b,2304
2301,e,2304
2302,f,2304
2303,b,2304
2302,d,2304
2300,b,2304
2301,c,2305
2303,c,2305
2304,c,2305
2306,c,2305
2302,c,2305
2305,c,2305
2306,e,2306
2307,e,2306
2305,e,2306
2302,e,2306
2304,e,2306
2303,e,2306
2304,f,2307
2305,f,2307
2303,f,2307
2306,f,2307
2307,f,2307
2308,f,2307
2305,c,2309
2306,c,2309
2307,c,2309
2310,c,2309
2309,c,2309
2308,c,2309
2310,e,2310
2311,e,2310
2309,e,2310
2308,e,2310
2306,e,2310
2307,e,2310
2308,c,2311
2312,c,2311
2311,f,2311
2311,c,2311
2310,f,2311
2310,c,2311
2312,f,2311
2309,f,2311
2309,c,2311
2308,f,2311
2307,c,2311
2307,f,2311
2309,e,2312
2313,e,2312
2308,e,2312
2312,e,2312
2311,e,2312
2310,e,2312
2311,f,2313
2314,f,2313
2310,f,2313
2312,f,2313
2313,f,2313
2309,f,2313
2316,c,2315
2315,c,2315
2313,c,2315
2313,b,2315
2314,c,2315
2312,c,2315
2312,b,2315
2316,b,2315
2315,b,2315
2311,c,2315
2311,b,2315
2314,b,2315
2315,c,2316
2317,f,2316
2315,e,2316
2316,c,2316
2316,f,2316
2316,e,2316
2317,e,2316
2315,f,2316
2314,e,2316
2317,c,2316
2312,c,2316
2313,e,2316
2314,f,2316
2313,f,2316
2313,c,2316
2312,e,2316
2314,c,2316
2312,f,2316
2318,d,2317
2318,b,2317
2313,a,2317
2316,a,2317
2316,d,2317
2316,f,2317
2316,e,2317
2318,a,2317
2317,e,2317
2317,f,2317
2317,d,2317
2317,b,2317
2317,a,2317
2316,b,2317
2318,e,2317
2314,a,2317
2318,f,2317
2314,b,2317
2314,d,2317
2315,e,2317
2315,f,2317
2315,d,2317
2315,b,2317
2315,a,2317
2313,b,2317
2313,d,2317
2313,f,2317
2313,e,2317
2314,f,2317
2314,e,2317
2319,f,2318
2317,b,2318
2318,d,2318
2317,c,2318
2317,f,2318
2319,c,2318
2318,b,2318
2318,f,2318
2318,c,2318
2317,d,2318
2319,b,2318
2319,d,2318
2315,c,2318
2315,d,2318
2315,b,2318
2314,d,2318
2314,c,2318
2316,f,2318
2316,c,2318
2316,d,2318
2314,b,2318
2314,f,2318
2315,f,2318
2316,b,2318
2318,d,2319
2318,c,2319
2318,f,2319
2318,e,2319
2320,f,2319
2320,c,2319
2319,d,2319
2319,c,2319
2319,f,2319
2320,e,2319
2320,d,2319
2315,d,2319
2315,c,2319
2316,e,2319
2316,f,2319
2316,c,2319
2316,d,2319
2317,d,2319
2319,e,2319
2317,c,2319
2317,e,2319
2315,e,2319
2315,f,2319
2317,f,2319
2321,f,2320
2320,e,2320
2320,f,2320
2321,e,2320
2319,e,2320
2316,e,2320
2318,e,2320
2318,f,2320
2317,e,2320
2317,f,2320
2316,f,2320
2319,f,2320
2319,f,2321
2318,f,2321
2317,f,2321
2320,f,2321
2321,f,2321
2322,f,2321
2328,b,2328
2329,b,2328
2327,b,2328
2326,b,2328
2324,b,2328
2325,b,2328
2326,c,2329
2326,f,2329
2325,f,2329
2325,c,2329
2327,c,2329
2327,f,2329
2330,f,2329
2328,c,2329
2328,f,2329
2330,c,2329
2329,f,2329
2329,c,2329
2330,e,2330
2329,e,2330
2328,e,2330
2327,e,2330
2326,e,2330
2331,e,2330
2328,f,2331
2332,f,2331
2329,f,2331
2327,f,2331
2330,f,2331
2331,f,2331
2328,d,2332
2329,d,2332
2332,d,2332
2331,d,2332
2330,d,2332
2333,d,2332
2330,f,2333
2332,f,2333
2333,b,2333
2333,f,2333
2332,b,2333
2334,f,2333
2334,b,2333
2331,f,2333
2331,b,2333
2329,b,2333
2329,f,2333
2330,b,2333
2331,c,2334
2334,c,2334
2334,f,2334
2333,f,2334
2333,c,2334
2335,c,2334
2335,f,2334
2332,f,2334
2332,c,2334
2330,c,2334
2330,f,2334
2331,f,2334
2335,e,2335
2334,e,2335
2336,e,2335
2331,e,2335
2333,e,2335
2332,e,2335
2333,f,2336
2337,f,2336
2337,c,2336
2336,f,2336
2335,f,2336
2335,c,2336
2336,c,2336
2332,f,2336
2333,c,2336
2334,c,2336
2332,c,2336
2334,f,2336
2338,e,2337
2333,e,2337
2336,e,2337
2335,e,2337
2334,e,2337
2337,e,2337
2338,f,2338
2337,f,2338
2336,f,2338
2339,f,2338
2334,f,2338
2335,f,2338
2340,f,2339
2336,f,2339
2339,f,2339
2335,f,2339
2337,f,2339
2338,f,2339
2340,a,2340
2336,a,2340
2341,a,2340
2337,a,2340
2339,a,2340
2338,a,2340
2340,d,2341
2340,b,2341
2341,b,2341
2341,d,2341
2339,d,2341
2342,b,2341
2342,d,2341
2337,b,2341
2337,d,2341
2338,d,2341
2338,b,2341
2339,b,2341
2339,c,2342
2342,c,2342
2342,f,2342
2342,e,2342
2341,e,2342
2341,f,2342
2341,c,2342
2343,c,2342
2343,e,2342
2343,f,2342
2340,e,2342
2339,f,2342
2339,e,2342
2338,f,2342
2338,c,2342
2338,e,2342
2340,c,2342
2340,f,2342
2342,f,2343
2343,a,2343
2343,c,2343
2343,f,2343
2343,e,2343
2342,a,2343
2344,e,2343
2342,e,2343
2342,c,2343
2344,f,2343
2344,a,2343
2344,c,2343
2339,a,2343
2340,f,2343
2340,c,2343
2340,a,2343
2339,e,2343
2341,e,2343
2341,f,2343
2341,c,2343
2341,a,2343
2340,e,2343
2339,f,2343
2339,c,2343
2341,e,2344
2343,e,2344
2343,d,2344
2343,f,2344
2344,e,2344
2344,f,2344
2344,d,2344
2344,b,2344
2343,b,2344
2345,b,2344
2345,d,2344
2345,f,2344
2341,d,2344
2341,b,2344
2340,e,2344
2340,f,2344
2341,f,2344
2342,b,2344
2342,d,2344
2340,b,2344
2342,e,2344
2345,e,2344
2342,f,2344
2340,d,2344
2345,c,2345
2345,b,2345
2345,a,2345
2344,b,2345
2344,a,2345
2344,c,2345
2344,f,2345
2345,f,2345
2346,a,2345
2346,b,2345
2346,f,2345
2346,c,2345
2342,c,2345
2342,b,2345
2342,a,2345
2341,a,2345
2341,b,2345
2341,c,2345
2341,f,2345
2343,f,2345
2343,c,2345
2343,b,2345
2343,a,2345
2342,f,2345
2347,d,2346
2345,b,2346
2345,d,2346
2345,c,2346
2347,c,2346
2345,e,2346
2347,e,2346
2347,f,2346
2347,b,2346
2346,b,2346
2346,d,2346
2346,c,2346
2345,f,2346
2342,b,2346
2342,d,2346
2342,c,2346
2343,e,2346
2343,f,2346
2343,c,2346
2343,d,2346
2343,b,2346
2346,f,2346
2342,f,2346
2344,b,2346
2344,d,2346
2342,e,2346
2344,f,2346
2344,e,2346
2344,c,2346
2346,e,2346
2348,c,2347
2348,b,2347
2346,e,2347
2346,f,2347
2346,c,2347
2347,e,2347
2347,f,2347
2347,c,2347
2346,b,2347
2347,b,2347
2348,f,2347
2348,e,2347
2343,f,2347
2344,f,2347
2343,e,2347
2343,b,2347
2344,b,2347
2344,c,2347
2345,e,2347
2343,c,2347
2345,f,2347
2345,c,2347
2345,b,2347
2344,e,2347
2348,e,2348
2348,c,2348
2347,e,2348
2347,c,2348
2349,c,2348
2344,c,2348
2344,e,2348
2346,e,2348
2346,c,2348
2345,c,2348
2345,e,2348
2349,e,2348
2347,e,2349
2350,e,2349
2346,e,2349
2348,e,2349
2349,e,2349
2345,e,2349
2349,f,2350
2351,f,2350
2350,f,2350
2348,f,2350
2347,f,2350
2346,f,2350
2347,f,2351
2349,f,2351
2350,f,2351
2351,f,2351
2352,f,2351
2348,f,2351
2357,e,2357
2356,e,2357
2355,e,2357
2358,e,2357
2353,e,2357
2354,e,2357
2354,f,2358
2358,a,2358
2356,f,2358
2356,a,2358
2359,f,2358
2354,a,2358
2357,f,2358
2358,f,2358
2355,f,2358
2355,a,2358
2357,a,2358
2359,a,2358
2358,a,2359
2358,d,2359
2358,c,2359
2358,f,2359
2359,d,2359
2359,b,2359
2359,c,2359
2359,f,2359
2360,b,2359
2360,d,2359
2360,c,2359
2360,f,2359
2359,a,2359
2360,a,2359
2358,b,2359
2355,a,2359
2355,d,2359
2355,b,2359
2356,f,2359
2357,a,2359
2357,b,2359
2357,d,2359
2355,c,2359
2357,c,2359
2356,a,2359
2356,b,2359
2356,d,2359
2356,c,2359
2357,f,2359
2355,f,2359
2359,d,2360
2359,b,2360
2359,f,2360
2359,e,2360
2359,c,2360
2357,b,2360
2360,d,2360
2360,c,2360
2360,f,2360
2360,e,2360
2361,b,2360
2361,d,2360
2361,c,2360
2361,f,2360
2360,b,2360
2356,b,2360
2361,e,2360
2356,f,2360
2356,c,2360
2358,b,2360
2358,d,2360
2358,c,2360
2356,d,2360
2358,f,2360
2358,e,2360
2356,e,2360
2357,d,2360
2357,c,2360
2357,f,2360
2357,e,2360
2357,a,2361
2361,a,2361
2357,e,2361
2361,e,2361
2357,f,2361
2360,a,2361
2360,c,2361
2360,f,2361
2362,f,2361
2362,c,2361
2362,a,2361
2357,c,2361
2360,e,2361
2362,e,2361
2361,f,2361
2358,e,2361
2359,e,2361
2359,f,2361
2359,c,2361
2359,a,2361
2358,f,2361
2361,c,2361
2358,c,2361
2358,a,2361
2363,e,2362
2363,f,2362
2363,d,2362
2362,b,2362
2361,d,2362
2361,e,2362
2363,b,2362
2362,e,2362
2362,f,2362
2362,d,2362
2361,b,2362
2361,f,2362
2358,e,2362
2360,e,2362
2360,f,2362
2358,f,2362
2358,d,2362
2360,d,2362
2360,b,2362
2358,b,2362
2359,b,2362
2359,e,2362
2359,f,2362
2359,d,2362
2360,f,2363
2364,c,2363
2363,f,2363
2363,c,2363
2362,f,2363
2364,f,2363
2359,c,2363
2362,c,2363
2361,c,2363
2361,f,2363
2359,f,2363
2360,c,2363
2361,e,2364
2363,e,2364
2364,e,2364
2362,e,2364
2360,e,2364
2365,e,2364
2364,c,2365
2361,c,2365
2366,c,2365
2362,c,2365
2363,c,2365
2365,c,2365
2365,e,2366
2365,c,2366
2366,c,2366
2366,e,2366
2364,e,2366
2367,e,2366
2362,e,2366
2367,c,2366
2363,e,2366
2363,c,2366
2362,c,2366
2364,c,2366
2368,b,2367
2366,e,2367
2366,f,2367
2366,b,2367
2368,f,2367
2367,e,2367
2367,f,2367
2368,e,2367
2367,b,2367
2364,f,2367
2363,b,2367
2365,e,2367
2365,f,2367
2365,b,2367
2363,f,2367
2363,e,2367
2364,e,2367
2364,b,2367
2367,d,2368
2367,c,2368
2368,d,2368
2368,c,2368
2369,f,2368
2369,d,2368
2368,f,2368
2367,f,2368
2369,c,2368
2364,c,2368
2365,f,2368
2364,d,2368
2366,f,2368
2366,c,2368
2364,f,2368
2366,d,2368
2365,d,2368
2365,c,2368
2370,f,2369
2370,e,2369
2368,e,2369
2368,f,2369
2366,e,2369
2365,f,2369
2365,e,2369
2367,e,2369
2367,f,2369
2366,f,2369
2369,f,2369
2369,e,2369
2370,f,2370
2371,f,2370
2366,f,2370
2368,f,2370
2367,f,2370
2369,f,2370
2369,c,2372
2368,c,2372
2370,c,2372
2373,c,2372
2371,c,2372
2372,c,2372
2374,e,2373
2374,d,2373
2372,d,2373
2373,e,2373
2373,d,2373
2372,e,2373
2370,d,2373
2371,e,2373
2371,d,2373
2369,d,2373
2369,e,2373
2370,e,2373
2371,f,2374
2374,f,2374
2373,f,2374
2375,f,2374
2372,f,2374
2370,f,2374
2375,c,2375
2371,c,2375
2376,c,2375
2372,c,2375
2374,c,2375
2373,c,2375
2377,f,2376
2376,e,2376
2376,f,2376
2375,e,2376
2377,e,2376
2375,f,2376
2374,f,2376
2372,f,2376
2373,f,2376
2373,e,2376
2372,e,2376
2374,e,2376
2377,e,2377
2373,e,2377
2375,f,2377
2375,e,2377
2378,e,2377
2378,f,2377
2374,e,2377
2377,f,2377
2373,f,2377
2374,f,2377
2376,e,2377
2376,f,2377
2378,b,2378
2377,b,2378
2378,f,2378
2377,f,2378
2374,b,2378
2379,b,2378
2376,f,2378
2376,b,2378
2374,f,2378
2379,f,2378
2375,b,2378
2375,f,2378
2379,a,2379
2379,c,2379
2379,f,2379
2378,f,2379
2378,c,2379
2378,a,2379
2380,a,2379
2376,c,2379
2376,f,2379
2375,f,2379
2376,a,2379
2380,f,2379
2375,c,2379
2375,a,2379
2380,c,2379
2377,c,2379
2377,f,2379
2377,a,2379
2379,e,2380
2380,d,2380
2379,d,2380
2379,b,2380
2381,e,2380
2380,e,2380
2381,b,2380
2381,d,2380
2380,b,2380
2378,e,2380
2376,d,2380
2377,d,2380
2377,b,2380
2376,e,2380
2378,d,2380
2378,b,2380
2376,b,2380
2377,e,2380
2380,c,2381
2380,f,2381
2380,e,2381
2381,c,2381
2381,f,2381
2381,e,2381
2382,e,2381
2382,c,2381
2377,c,2381
2382,f,2381
2377,e,2381
2379,e,2381
2379,f,2381
2378,e,2381
2378,f,2381
2378,c,2381
2379,c,2381
2377,f,2381
2378,c,2382
2382,c,2382
2382,f,2382
2382,e,2382
2378,e,2382
2381,e,2382
2381,f,2382
2381,c,2382
2378,f,2382
2383,f,2382
2383,e,2382
2380,e,2382
2380,f,2382
2380,c,2382
2379,c,2382
2379,f,2382
2379,e,2382
2383,c,2382
2383,f,2383
2383,e,2383
2382,e,2383
2384,e,2383
2384,f,2383
2382,f,2383
2379,f,2383
2379,e,2383
2381,e,2383
2381,f,2383
2380,f,2383
2380,e,2383
2385,f,2384
2385,b,2384
2383,f,2384
2383,b,2384
2380,b,2384
2380,f,2384
2382,f,2384
2382,b,2384
2381,b,2384
2381,f,2384
2384,b,2384
2384,f,2384
2385,c,2385
2385,f,2385
2386,c,2385
2386,f,2385
2381,f,2385
2384,f,2385
2381,c,2385
2383,f,2385
2383,c,2385
2382,f,2385
2382,c,2385
2384,c,2385
2383,e,2386
2384,e,2386
2382,e,2386
2385,e,2386
2386,e,2386
2387,e,2386
2391,b,2391
2390,b,2391
2389,b,2391
2392,b,2391
2388,b,2391
2387,b,2391
2392,f,2392
2391,f,2392
2391,c,2392
2392,c,2392
2393,c,2392
2393,f,2392
2388,f,2392
2390,f,2392
2390,c,2392
2389,f,2392
2389,c,2392
2388,c,2392
2392,e,2393
2393,e,2393
2394,e,2393
2390,e,2393
2391,e,2393
2389,e,2393
2395,f,2394
2394,f,2394
2394,e,2394
2393,e,2394
2393,f,2394
2393,a,2394
2390,a,2394
2390,f,2394
2395,a,2394
2394,a,2394
2391,e,2394
2392,e,2394
2392,f,2394
2392,a,2394
2390,e,2394
2391,a,2394
2391,f,2394
2395,e,2394
2395,b,2395
2395,d,2395
2394,f,2395
2394,d,2395
2394,b,2395
2395,f,2395
2396,b,2395
2391,b,2395
2396,f,2395
2396,d,2395
2391,d,2395
2391,f,2395
2392,b,2395
2392,d,2395
2392,f,2395
2393,f,2395
2393,b,2395
2393,d,2395
2393,c,2396
2396,c,2396
2396,f,2396
2395,f,2396
2395,c,2396
2394,f,2396
2392,c,2396
2392,f,2396
2397,c,2396
2397,f,2396
2394,c,2396
2393,f,2396
2398,e,2397
2396,e,2397
2397,e,2397
2395,e,2397
2393,e,2397
2394,e,2397
2395,f,2398
2396,f,2398
2399,f,2398
2394,f,2398
2397,f,2398
2398,f,2398
2399,c,2399
2395,c,2399
2397,c,2399
2396,c,2399
2400,c,2399
2398,c,2399
2399,e,2400
2400,c,2400
2400,e,2400
2401,c,2400
2398,e,2400
2398,c,2400
2399,c,2400
2396,c,2400
2397,c,2400
2401,e,2400
2397,e,2400
2396,e,2400
2397,f,2401
2402,f,2401
2402,c,2401
2400,a,2401
2400,b,2401
2400,c,2401
2400,f,2401
2400,e,2401
2402,b,2401
2402,a,2401
2401,e,2401
2401,f,2401
2401,c,2401
2401,b,2401
2402,e,2401
2397,e,2401
2401,a,2401
2397,a,2401
2398,a,2401
2398,b,2401
2399,e,2401
2399,f,2401
2399,c,2401
2399,b,2401
2399,a,2401
2397,b,2401
2397,c,2401
2398,c,2401
2398,f,2401
2398,e,2401
2401,b,2402
2402,c,2402
2401,d,2402
2401,c,2402
2403,c,2402
2403,e,2402
2403,f,2402
2402,f,2402
2403,d,2402
2403,b,2402
2402,e,2402
2402,d,2402
2401,e,2402
2402,b,2402
2401,f,2402
2398,d,2402
2398,b,2402
2398,c,2402
2398,f,2402
2398,e,2402
2399,b,2402
2399,d,2402
2399,c,2402
2399,f,2402
2400,b,2402
2400,d,2402
2399,e,2402
2400,e,2402
2400,c,2402
2400,f,2402
2402,f,2403
2403,c,2403
2400,e,2403
2400,f,2403
2400,c,2403
2404,c,2403
2404,f,2403
2404,e,2403
2402,e,2403
2403,e,2403
2401,c,2403
2403,f,2403
2399,c,2403
2399,f,2403
2399,e,2403
2401,f,2403
2401,e,2403
2402,c,2403
2405,f,2404
2405,e,2404
2403,e,2404
2403,f,2404
2404,f,2404
2404,e,2404
2400,f,2404
2401,f,2404
2401,e,2404
2402,f,2404
2402,e,2404
2400,e,2404
2405,f,2405
2401,f,2405
2403,f,2405
2404,f,2405
2406,f,2405
2402,f,2405
2406,c,2406
2405,c,2406
2407,c,2406
2402,c,2406
2404,c,2406
2403,c,2406
2404,e,2407
2405,e,2407
2408,e,2407
2407,e,2407
2406,e,2407
2403,e,2407
2409,f,2408
2409,a,2408
2408,a,2408
2407,f,2408
2407,a,2408
2408,f,2408
2406,f,2408
2404,a,2408
2406,a,2408
2404,f,2408
2405,a,2408
2405,f,2408
2410,e,2409
2410,d,2409
2410,b,2409
2406,b,2409
2409,e,2409
2409,d,2409
2409,b,2409
2408,e,2409
2408,d,2409
2408,b,2409
2406,d,2409
2407,b,2409
2405,e,2409
2405,d,2409
2405,b,2409
2406,e,2409
2407,d,2409
2407,e,2409
2408,f,2410
2411,f,2410
2411,c,2410
2406,c,2410
2409,c,2410
2409,f,2410
2410,f,2410
2410,c,2410
2407,c,2410
2406,f,2410
2408,c,2410
2407,f,2410
2411,e,2411
2410,e,2411
2412,e,2411
2409,e,2411
2408,e,2411
2407,e,2411
2410,f,2412
2413,f,2412
2412,f,2412
2411,f,2412
2408,f,2412
2409,f,2412
2413,b,2413
2412,b,2413
2409,b,2413
2411,b,2413
2414,b,2413
2410,b,2413
2411,f,2414
2414,f,2414
2415,c,2414
2413,f,2414
2413,c,2414
2415,f,2414
2412,f,2414
2412,c,2414
2410,c,2414
2410,f,2414
2411,c,2414
2414,c,2414
2415,e,2415
2414,e,2415
2416,e,2415
2411,e,2415
2412,e,2415
2413,e,2415
2413,f,2416
2417,f,2416
2415,f,2416
2416,f,2416
2414,f,2416
2412,f,2416
2414,e,2417
2415,e,2417
2413,e,2417
2418,e,2417
2416,e,2417
2417,e,2417
2418,f,2418
2417,f,2418
2414,f,2418
2415,f,2418
2416,f,2418
2419,f,2418
2421,e,2421
2419,e,2421
2420,e,2421
2422,e,2421
2417,e,2421
2418,e,2421
2418,b,2422
2422,b,2422
2422,f,2422
2421,f,2422
2421,b,2422
2421,a,2422
2423,a,2422
2423,b,2422
2423,f,2422
2418,f,2422
2419,b,2422
2418,a,2422
2420,b,2422
2419,a,2422
2420,a,2422
2422,a,2422
2420,f,2422
2419,f,2422
2423,f,2423
2422,b,2423
2422,d,2423
2424,c,2423
2422,c,2423
2424,d,2423
2424,b,2423
2423,b,2423
2423,c,2423
2424,f,2423
2423,d,2423
2422,f,2423
2420,b,2423
2420,c,2423
2420,f,2423
2421,f,2423
2421,c,2423
2421,d,2423
2421,b,2423
2419,f,2423
2420,d,2423
2419,b,2423
2419,d,2423
2419,c,2423
2423,d,2424
2423,c,2424
2423,f,2424
2423,e,2424
2421,e,2424
2424,f,2424
2424,e,2424
2425,d,2424
2425,c,2424
2425,f,2424
2425,e,2424
2421,f,2424
2424,d,2424
2424,c,2424
2420,c,2424
2420,f,2424
2420,d,2424
2421,c,2424
2422,e,2424
2422,f,2424
2422,c,2424
2422,d,2424
2421,d,2424
2420,e,2424
2426,e,2425
2426,f,2425
2425,e,2425
2421,f,2425
2421,e,2425
2424,e,2425
2425,f,2425
2424,f,2425
2423,f,2425
2422,f,2425
2422,e,2425
2423,e,2425
2424,f,2426
2427,f,2426
2426,f,2426
2425,f,2426
2422,f,2426
2423,f,2426
2423,a,2427
2427,a,2427
2424,a,2427
2426,a,2427
2428,a,2427
2425,a,2427
2428,b,2428
2428,d,2428
2427,d,2428
2427,b,2428
2425,b,2428
2429,d,2428
2429,b,2428
2425,d,2428
2426,d,2428
2426,b,2428
2424,b,2428
2424,d,2428
2430,f,2429
2428,f,2429
2430,c,2429
2428,c,2429
2429,c,2429
2429,f,2429
2425,f,2429
2426,c,2429
2426,f,2429
2427,f,2429
2427,c,2429
2425,c,2429
2431,a,2430
2426,a,2430
2426,d,2430
2427,e,2430
2431,d,2430
2431,e,2430
2429,e,2430
2430,e,2430
2428,e,2430
2428,d,2430
2428,a,2430
2426,e,2430
2427,a,2430
2427,d,2430
2430,d,2430
2430,a,2430
2429,a,2430
2429,d,2430
2430,b,2431
2430,d,2431
2427,b,2431
2431,b,2431
2431,d,2431
2431,f,2431
2432,f,2431
2430,f,2431
2432,d,2431
2432,b,2431
2427,d,2431
2427,f,2431
2429,f,2431
2429,d,2431
2429,b,2431
2428,b,2431
2428,d,2431
2428,f,2431
2428,c,2432
2431,c,2432
2431,d,2432
2428,d,2432
2432,c,2432
2432,d,2432
2433,c,2432
2428,f,2432
2431,f,2432
2433,f,2432
2430,f,2432
2430,c,2432
2430,d,2432
2429,d,2432
2429,c,2432
2429,f,2432
2433,d,2432
2432,f,2432
2434,e,2433
2432,f,2433
2433,e,2433
2432,e,2433
2433,d,2433
2432,d,2433
2433,f,2433
2430,e,2433
2434,d,2433
2429,d,2433
2431,e,2433
2431,f,2433
2431,d,2433
2429,f,2433
2429,e,2433
2434,f,2433
2430,d,2433
2430,f,2433
2434,a,2434
2434,f,2434
2433,f,2434
2433,a,2434
2430,a,2434
2435,a,2434
2435,f,2434
2432,f,2434
2432,a,2434
2430,f,2434
2431,a,2434
2431,f,2434
2434,d,2435
2436,d,2435
2434,b,2435
2435,d,2435
2436,b,2435
2435,b,2435
2433,d,2435
2433,b,2435
2431,b,2435
2431,d,2435
2432,d,2435
2432,b,2435
2433,f,2436
2437,f,2436
2437,c,2436
2436,f,2436
2435,f,2436
2435,c,2436
2436,c,2436
2434,f,2436
2434,c,2436
2432,f,2436
2433,c,2436
2432,c,2436
2434,e,2437
2435,e,2437
2433,e,2437
2436,e,2437
2438,e,2437
2437,e,2437
2434,f,2438
2439,f,2438
2438,f,2438
2437,f,2438
2435,f,2438
2436,f,2438
2440,e,2442
2443,e,2442
2443,f,2442
2443,a,2442
2442,e,2442
2442,f,2442
2442,a,2442
2441,e,2442
2441,a,2442
2440,f,2442
2441,f,2442
2438,f,2442
2439,a,2442
2440,a,2442
2438,e,2442
2439,f,2442
2438,a,2442
2439,e,2442
2443,d,2443
2443,c,2443
2443,f,2443
2444,b,2443
2442,f,2443
2442,c,2443
2444,c,2443
2442,b,2443
2444,d,2443
2443,b,2443
2439,f,2443
2442,d,2443
2444,f,2443
2439,d,2443
2440,d,2443
2440,c,2443
2441,b,2443
2441,d,2443
2439,b,2443
2441,f,2443
2440,b,2443
2439,c,2443
2441,c,2443
2440,f,2443
2444,c,2444
2444,f,2444
2444,e,2444
2443,e,2444
2443,f,2444
2443,c,2444
2445,f,2444
2440,f,2444
2441,e,2444
2445,e,2444
2442,e,2444
2442,f,2444
2442,c,2444
2441,c,2444
2441,f,2444
2445,c,2444
2440,c,2444
2440,e,2444
2444,e,2445
2445,e,2445
2444,f,2445
2442,f,2445
2446,e,2445
2443,e,2445
2443,f,2445
2442,e,2445
2441,e,2445
2441,f,2445
2446,f,2445
2445,f,2445
2446,f,2446
2445,f,2446
2447,f,2446
2444,f,2446
2442,f,2446
2443,f,2446
2447,e,2447
2446,e,2447
2448,e,2447
2444,e,2447
2443,e,2447
2445,e,2447
2450,d,2449
2448,d,2449
2445,d,2449
2446,d,2449
2447,d,2449
2449,d,2449
2447,f,2450
2448,f,2450
2446,f,2450
2449,f,2450
2450,f,2450
2451,f,2450
2452,b,2454
2453,c,2454
2453,b,2454
2455,b,2454
2455,c,2454
2452,c,2454
2450,b,2454
2451,c,2454
2451,b,2454
2450,c,2454
2454,c,2454
2454,b,2454
2456,f,2455
2455,f,2455
2455,c,2455
2454,e,2455
2456,e,2455
2454,f,2455
2454,c,2455
2455,e,2455
2456,c,2455
2452,e,2455
2451,c,2455
2453,e,2455
2453,f,2455
2453,c,2455
2451,f,2455
2451,e,2455
2452,c,2455
2452,f,2455
2457,f,2456
2457,e,2456
2455,e,2456
2455,f,2456
2456,e,2456
2452,f,2456
2453,e,2456
2454,e,2456
2454,f,2456
2452,e,2456
2453,f,2456
2456,f,2456
2458,f,2457
2457,f,2457
2456,f,2457
2453,f,2457
2454,f,2457
2455,f,2457
2459,e,2458
2458,e,2458
2457,e,2458
2454,e,2458
2456,e,2458
2455,e,2458
2455,f,2459
2457,f,2459
2456,f,2459
2458,f,2459
2460,f,2459
2459,f,2459
2461,a,2463
2463,a,2463
2464,a,2463
2462,a,2463
2460,a,2463
2459,a,2463
2463,d,2464
2463,b,2464
2462,d,2464
2464,b,2464
2464,d,2464
2460,b,2464
2465,d,2464
2465,b,2464
2460,d,2464
2461,d,2464
2461,b,2464
2462,b,2464
2465,a,2465
2465,c,2465
2465,f,2465
2464,f,2465
2464,c,2465
2464,a,2465
2466,a,2465
2466,c,2465
2461,f,2465
2466,f,2465
2463,f,2465
2463,c,2465
2463,a,2465
2461,a,2465
2461,c,2465
2462,a,2465
2462,c,2465
2462,f,2465
2465,b,2466
2466,d,2466
2465,e,2466
2466,b,2466
2467,d,2466
2466,e,2466
2465,d,2466
2467,e,2466
2467,b,2466
2464,e,2466
2464,d,2466
2464,b,2466
2462,b,2466
2462,d,2466
2463,e,2466
2463,d,2466
2463,b,2466
2462,e,2466
2464,f,2467
2468,f,2467
2468,c,2467
2467,c,2467
2466,f,2467
2466,c,2467
2467,f,2467
2463,f,2467
2463,c,2467
2465,f,2467
2465,c,2467
2464,c,2467
2466,e,2468
2464,e,2468
2465,e,2468
2469,e,2468
2467,e,2468
2468,e,2468
2470,f,2469
2468,f,2469
2469,f,2469
2465,f,2469
2466,f,2469
2467,f,2469
2473,f,2474
2474,f,2474
2475,f,2474
2472,f,2474
2471,f,2474
2470,f,2474
2475,b,2475
2476,a,2475
2475,a,2475
2474,f,2475
2474,b,2475
2474,a,2475
2473,f,2475
2475,f,2475
2473,b,2475
2476,f,2475
2473,a,2475
2471,a,2475
2472,b,2475
2472,a,2475
2471,f,2475
2471,b,2475
2472,f,2475
2476,b,2475
2475,b,2476
2475,d,2476
2472,f,2476
2475,f,2476
2477,b,2476
2476,f,2476
2476,c,2476
2476,d,2476
2476,b,2476
2477,d,2476
2475,c,2476
2477,c,2476
2472,c,2476
2473,b,2476
2473,d,2476
2474,f,2476
2474,c,2476
2474,d,2476
2474,b,2476
2472,b,2476
2472,d,2476
2473,c,2476
2477,f,2476
2473,f,2476
2478,e,2477
2477,c,2477
2476,f,2477
2476,e,2477
2478,c,2477
2477,e,2477
2477,f,2477
2476,c,2477
2478,f,2477
2475,f,2477
2474,e,2477
2473,c,2477
2475,e,2477
2473,f,2477
2473,e,2477
2475,c,2477
2474,c,2477
2474,f,2477
2478,f,2478
2478,c,2478
2479,f,2478
2479,e,2478
2477,e,2478
2477,f,2478
2477,c,2478
2479,c,2478
2474,c,2478
2474,f,2478
2474,e,2478
2476,e,2478
2476,f,2478
2476,c,2478
2475,c,2478
2475,f,2478
2475,e,2478
2478,e,2478
2479,e,2479
2480,f,2479
2479,f,2479
2480,e,2479
2475,e,2479
2475,f,2479
2478,e,2479
2478,f,2479
2477,e,2479
2477,f,2479
2476,e,2479
2476,f,2479
2478,c,2481
2481,c,2481
2480,c,2481
2482,c,2481
2479,c,2481
2477,c,2481
2479,e,2482
2482,e,2482
2481,e,2482
2481,a,2482
2478,a,2482
2483,a,2482
2483,e,2482
2479,a,2482
2480,a,2482
2478,e,2482
2482,a,2482
2480,e,2482
2483,e,2483
2484,e,2483
2482,b,2483
2482,d,2483
2482,c,2483
2482,f,2483
2484,f,2483
2484,d,2483
2482,e,2483
2484,b,2483
2483,b,2483
2483,c,2483
2483,f,2483
2484,c,2483
2483,d,2483
2479,b,2483
2479,e,2483
2480,c,2483
2480,d,2483
2480,b,2483
2480,f,2483
2481,b,2483
2481,d,2483
2480,e,2483
2481,f,2483
2481,e,2483
2479,f,2483
2479,c,2483
2479,d,2483
2481,c,2483
2485,f,2484
2485,e,2484
2483,e,2484
2483,f,2484
2483,c,2484
2484,c,2484
2485,c,2484
2480,c,2484
2480,f,2484
2481,f,2484
2481,c,2484
2480,e,2484
2484,f,2484
2482,f,2484
2482,c,2484
2482,e,2484
2481,e,2484
2484,e,2484
2486,d,2485
2484,e,2485
2485,e,2485
2485,f,2485
2486,f,2485
2484,f,2485
2486,e,2485
2485,d,2485
2481,d,2485
2481,f,2485
2481,e,2485
2482,d,2485
2482,f,2485
2483,e,2485
2483,f,2485
2483,d,2485
2484,d,2485
2482,e,2485
2482,f,2486
2487,f,2486
2486,f,2486
2483,f,2486
2484,f,2486
2485,f,2486
2487,d,2488
2489,d,2488
2485,d,2488
2488,d,2488
2486,d,2488
2484,d,2488
2488,f,2489
2489,f,2489
2490,f,2489
2485,f,2489
2487,f,2489
2486,f,2489
2487,a,2491
2491,d,2491
2491,a,2491
2487,d,2491
2490,d,2491
2490,a,2491
2492,d,2491
2492,a,2491
2489,a,2491
2488,a,2491
2488,d,2491
2489,d,2491
2489,b,2492
2492,b,2492
2492,d,2492
2492,f,2492
2491,f,2492
2491,d,2492
2491,b,2492
2493,b,2492
2493,d,2492
2493,f,2492
2490,d,2492
2489,d,2492
2490,f,2492
2488,b,2492
2489,f,2492
2490,b,2492
2488,d,2492
2488,f,2492
2494,f,2493
2492,d,2493
2493,d,2493
2494,c,2493
2493,c,2493
2492,f,2493
2493,f,2493
2492,c,2493
2494,d,2493
2489,f,2493
2491,c,2493
2489,d,2493
2490,f,2493
2490,d,2493
2491,f,2493
2489,c,2493
2491,d,2493
2490,c,2493
2490,f,2494
2490,c,2494
2490,a,2494
2495,f,2494
2493,c,2494
2493,f,2494
2493,e,2494
2493,a,2494
2495,e,2494
2494,e,2494
2492,a,2494
2494,a,2494
2491,e,2494
2491,f,2494
2491,c,2494
2491,a,2494
2490,e,2494
2495,c,2494
2495,a,2494
2492,f,2494
2492,e,2494
2494,c,2494
2494,f,2494
2492,c,2494
2494,f,2495
2494,d,2495
2494,b,2495
2491,d,2495
2495,d,2495
2495,f,2495
2495,e,2495
2496,b,2495
2496,d,2495
2496,f,2495
2496,e,2495
2495,b,2495
2491,b,2495
2494,e,2495
2492,d,2495
2493,b,2495
2492,e,2495
2492,f,2495
2493,d,2495
2493,f,2495
2493,e,2495
2492,b,2495
2491,f,2495
2491,e,2495
2496,c,2496
2495,c,2496
2496,d,2496
2495,b,2496
2496,b,2496
2492,b,2496
2492,d,2496
2492,c,2496
2492,f,2496
2496,f,2496
2495,d,2496
2495,f,2496
2497,c,2496
2497,f,2496
2497,b,2496
2497,d,2496
2494,f,2496
2494,c,2496
2494,d,2496
2494,b,2496
2493,f,2496
2493,c,2496
2493,b,2496
2493,d,2496
2497,b,2497
2496,e,2497
2496,f,2497
2497,e,2497
2498,b,2497
2496,b,2497
2496,c,2497
2493,f,2497
2498,f,2497
2493,c,2497
2493,b,2497
2497,c,2497
2494,b,2497
2494,c,2497
2494,f,2497
2498,c,2497
2494,e,2497
2493,e,2497
2495,b,2497
2495,c,2497
2495,f,2497
2495,e,2497
2498,e,2497
2497,f,2497
2498,e,2498
2499,e,2498
2497,e,2498
2497,c,2498
2497,d,2498
2498,d,2498
2498,c,2498
2494,c,2498
2495,c,2498
2494,d,2498
2499,d,2498
2494,e,2498
2495,d,2498
2495,e,2498
2499,c,2498
2496,c,2498
2496,e,2498
2496,d,2498
2495,e,2499
2500,e,2499
2497,e,2499
2498,e,2499
2499,e,2499
2496,e,2499
2501,f,2500
2500,f,2500
2499,f,2500
2496,f,2500
2498,f,2500
2497,f,2500
2498,e,2501
2499,e,2501
2497,e,2501
2500,e,2501
2502,e,2501
2501,e,2501
2502,f,2502
2498,f,2502
2503,f,2502
2500,f,2502
2499,f,2502
2501,f,2502
2503,c,2505
2504,c,2505
2505,c,2505
2506,c,2505
2502,c,2505
2501,c,2505
2503,e,2506
2504,e,2506
2507,e,2506
2505,e,2506
2506,e,2506
2502,e,2506
2508,f,2507
2507,e,2507
2507,f,2507
2506,e,2507
2508,e,2507
2506,f,2507
2503,f,2507
2505,e,2507
2505,f,2507
2503,e,2507
2504,f,2507
2504,e,2507
2508,a,2508
2508,f,2508
2507,f,2508
2507,a,2508
2505,a,2508
2505,f,2508
2509,f,2508
2506,f,2508
2506,a,2508
2504,a,2508
2504,f,2508
2509,a,2508
2508,b,2509
2509,b,2509
2509,d,2509
2510,d,2509
2508,d,2509
2510,b,2509
2507,d,2509
2507,b,2509
2505,b,2509
2505,d,2509
2506,b,2509
2506,d,2509
2507,c,2510
2510,c,2510
2509,f,2510
2509,c,2510
2507,f,2510
2511,c,2510
2511,f,2510
2508,f,2510
2508,c,2510
2506,c,2510
2506,f,2510
2510,f,2510
2512,e,2511
2510,e,2511
2511,e,2511
2509,e,2511
2507,e,2511
2508,e,2511
2513,f,2512
2512,f,2512
2513,b,2512
2513,d,2512
2511,f,2512
2511,d,2512
2511,b,2512
2508,b,2512
2512,b,2512
2512,d,2512
2510,f,2512
2510,d,2512
2510,b,2512
2508,d,2512
2508,f,2512
2509,b,2512
2509,d,2512
2509,f,2512
2513,f,2513
2512,f,2513
2512,c,2513
2513,c,2513
2509,c,2513
2511,f,2513
2514,c,2513
2511,c,2513
2510,f,2513
2510,c,2513
2509,f,2513
2514,f,2513
2511,e,2514
2512,e,2514
2510,e,2514
2513,e,2514
2514,e,2514
2515,e,2514
2516,f,2515
2514,f,2515
2515,f,2515
2512,f,2515
2511,f,2515
2513,f,2515
2517,d,2517
2516,d,2517
2518,d,2517
2515,d,2517
2513,d,2517
2514,d,2517
2515,a,2518
2518,f,2518
2518,a,2518
2519,f,2518
2517,f,2518
2517,a,2518
2516,f,2518
2519,a,2518
2514,a,2518
2515,f,2518
2514,f,2518
2516,a,2518
2520,b,2519
2520,a,2519
2515,a,2519
2518,a,2519
2516,a,2519
2518,d,2519
2518,f,2519
2519,f,2519
2519,d,2519
2519,b,2519
2519,a,2519
2518,b,2519
2520,f,2519
2520,d,2519
2517,f,2519
2515,b,2519
2515,d,2519
2517,d,2519
2516,b,2519
2517,b,2519
2517,a,2519
2515,f,2519
2516,d,2519
2516,f,2519
2521,c,2520
2519,b,2520
2519,d,2520
2520,d,2520
2519,f,2520
2520,b,2520
2521,b,2520
2520,f,2520
2521,f,2520
2519,c,2520
2521,d,2520
2520,c,2520
2516,f,2520
2516,b,2520
2516,d,2520
2518,f,2520
2518,c,2520
2518,d,2520
2518,b,2520
2516,c,2520
2517,b,2520
2517,d,2520
2517,c,2520
2517,f,2520
2521,e,2521
2520,e,2521
2520,f,2521
2520,c,2521
2517,c,2521
2517,f,2521
2518,e,2521
2518,f,2521
2518,c,2521
2519,c,2521
2521,c,2521
2519,f,2521
2521,f,2521
2522,e,2521
2522,f,2521
2522,c,2521
2517,e,2521
2519,e,2521
2521,e,2522
2521,f,2522
2523,f,2522
2523,e,2522
2518,f,2522
2520,e,2522
2520,f,2522
2522,f,2522
2519,e,2522
2519,f,2522
2518,e,2522
2522,e,2522
2523,f,2523
2524,f,2523
2520,f,2523
2521,f,2523
2519,f,2523
2522,f,2523
2522,d,2525
2521,d,2525
2526,d,2525
2523,d,2525
2524,d,2525
2525,d,2525
2527,f,2526
2526,f,2526
2522,f,2526
2524,f,2526
2525,f,2526
2523,f,2526
2526,b,2530
2531,b,2530
2527,b,2530
2530,b,2530
2529,b,2530
2528,b,2530
2531,c,2531
2531,f,2531
2532,a,2531
2529,f,2531
2530,f,2531
2530,c,2531
2530,a,2531
2532,c,2531
2532,f,2531
2529,c,2531
2528,a,2531
2527,a,2531
2527,c,2531
2527,f,2531
2529,a,2531
2528,c,2531
2531,a,2531
2528,f,2531
2533,d,2532
2533,e,2532
2533,b,2532
2531,e,2532
2531,d,2532
2531,b,2532
2532,b,2532
2532,d,2532
2532,e,2532
2528,d,2532
2529,e,2532
2528,b,2532
2530,e,2532
2530,d,2532
2528,e,2532
2530,b,2532
2529,b,2532
2529,d,2532
2534,c,2533
2534,f,2533
2532,f,2533
2532,c,2533
2530,f,2533
2529,c,2533
2529,f,2533
2531,f,2533
2531,c,2533
2530,c,2533
2533,c,2533
2533,f,2533
2534,e,2534
2535,e,2534
2530,e,2534
2533,e,2534
2532,e,2534
2531,e,2534
2533,f,2535
2532,f,2535
2531,f,2535
2534,f,2535
2535,f,2535
2536,f,2535
2535,f,2539
2536,f,2539
2539,f,2539
2538,f,2539
2537,f,2539
2540,f,2539
2539,c,2540
2539,e,2540
2541,c,2540
2540,c,2540
2540,e,2540
2541,a,2540
2541,e,2540
2540,a,2540
2538,e,2540
2539,a,2540
2538,a,2540
2536,a,2540
2536,c,2540
2536,e,2540
2537,a,2540
2537,c,2540
2537,e,2540
2538,c,2540
2537,e,2541
2538,b,2541
2538,d,2541
2538,f,2541
2541,f,2541
2541,e,2541
2540,e,2541
2540,f,2541
2540,d,2541
2540,b,2541
2541,b,2541
2538,e,2541
2537,b,2541
2542,d,2541
2542,f,2541
2542,e,2541
2539,e,2541
2539,f,2541
2539,d,2541
2539,b,2541
2537,d,2541
2537,f,2541
2542,b,2541
2541,d,2541
2543,c,2542
2541,f,2542
2541,c,2542
2540,f,2542
2542,c,2542
2540,c,2542
2538,c,2542
2538,f,2542
2539,f,2542
2539,c,2542
2543,f,2542
2542,f,2542
2543,e,2543
2542,e,2543
2544,e,2543
2541,e,2543
2540,e,2543
2539,e,2543
2542,f,2544
2540,f,2544
2543,f,2544
2545,f,2544
2544,f,2544
2541,f,2544
2545,f,2547
2544,f,2547
2543,f,2547
2547,f,2547
2546,f,2547
2548,f,2547
2547,a,2548
2547,e,2548
2547,c,2548
2549,a,2548
2548,c,2548
2548,e,2548
2549,c,2548
2549,e,2548
2548,a,2548
2546,e,2548
2546,c,2548
2544,c,2548
2545,a,2548
2544,e,2548
2544,a,2548
2545,c,2548
2546,a,2548
2545,e,2548
2549,d,2549
2549,e,2549
2550,d,2549
2550,f,2549
2548,e,2549
2548,f,2549
2548,d,2549
2548,b,2549
2550,e,2549
2549,f,2549
2549,b,2549
2546,b,2549
2550,b,2549
2546,d,2549
2546,f,2549
2546,e,2549
2545,b,2549
2545,e,2549
2545,d,2549
2547,b,2549
2545,f,2549
2547,e,2549
2547,f,2549
2547,d,2549
2549,c,2550
2547,f,2550
2547,c,2550
2551,c,2550
2549,f,2550
2550,f,2550
2546,c,2550
2546,f,2550
2550,c,2550
2548,c,2550
2551,f,2550
2548,f,2550
2550,e,2551
2552,e,2551
2551,e,2551
2547,e,2551
2549,e,2551
2548,e,2551
2550,f,2552
2552,f,2552
2548,f,2552
2551,f,2552
2553,f,2552
2549,f,2552
2555,d,2554
2554,e,2554
2554,d,2554
2553,e,2554
2553,d,2554
2552,e,2554
2555,e,2554
2552,d,2554
2550,d,2554
2550,e,2554
2551,d,2554
2551,e,2554
2555,b,2555
2555,f,2555
2551,f,2555
2554,f,2555
2554,b,2555
2554,a,2555
2556,a,2555
2556,b,2555
2556,f,2555
2555,a,2555
2552,a,2555
2552,b,2555
2553,f,2555
2553,b,2555
2553,a,2555
2551,a,2555
2551,b,2555
2552,f,2555
2556,d,2556
2555,b,2556
2555,d,2556
2557,f,2556
2557,d,2556
2557,c,2556
2556,c,2556
2557,b,2556
2556,f,2556
2555,f,2556
2556,b,2556
2555,c,2556
2552,b,2556
2553,d,2556
2553,b,2556
2552,f,2556
2552,c,2556
2552,d,2556
2553,c,2556
2554,b,2556
2553,f,2556
2554,c,2556
2554,f,2556
2554,d,2556
2557,c,2557
2557,f,2557
2556,e,2557
2556,f,2557
2557,e,2557
2558,e,2557
2556,c,2557
2558,c,2557
2553,f,2557
2553,e,2557
2558,f,2557
2554,e,2557
2554,f,2557
2554,c,2557
2555,c,2557
2555,f,2557
2555,e,2557
2553,c,2557
2558,f,2558
2558,e,2558
2557,e,2558
2557,f,2558
2555,f,2558
2554,f,2558
2559,f,2558
2559,e,2558
2556,e,2558
2556,f,2558
2555,e,2558
2554,e,2558
2559,b,2559
2559,c,2559
2560,c,2559
2558,b,2559
2560,b,2559
2559,f,2559
2558,f,2559
2558,c,2559
2560,f,2559
2555,f,2559
2556,c,2559
2556,f,2559
2557,f,2559
2557,c,2559
2557,b,2559
2555,c,2559
2556,b,2559
2555,b,2559
2559,f,2560
2557,e,2560
2560,e,2560
2561,c,2560
2561,f,2560
2561,e,2560
2560,c,2560
2560,f,2560
2559,e,2560
2556,c,2560
2557,f,2560
2557,c,2560
2556,e,2560
2559,c,2560
2558,c,2560
2558,f,2560
2556,f,2560
2558,e,2560
2558,e,2561
2560,e,2561
2562,e,2561
2559,e,2561
2557,e,2561
2561,e,2561
2564,c,2563
2563,e,2563
2563,c,2563
2562,e,2563
2562,c,2563
2564,e,2563
2561,e,2563
2559,c,2563
2559,e,2563
2561,c,2563
2560,c,2563
2560,e,2563
2561,c,2564
2565,e,2564
2564,e,2564
2564,f,2564
2564,c,2564
2565,f,2564
2563,f,2564
2563,c,2564
2563,e,2564
2565,c,2564
2561,f,2564
2562,e,2564
2562,f,2564
2562,c,2564
2560,c,2564
2560,f,2564
2561,e,2564
2560,e,2564
2565,f,2565
2565,e,2565
2564,e,2565
2564,f,2565
2561,f,2565
2561,e,2565
2566,e,2565
2562,e,2565
2563,e,2565
2563,f,2565
2562,f,2565
2566,f,2565
2566,a,2566
2566,f,2566
2565,a,2566
2567,a,2566
2567,f,2566
2565,f,2566
2563,a,2566
2562,a,2566
2564,f,2566
2564,a,2566
2563,f,2566
2562,f,2566
2567,b,2567
2567,d,2567
2566,d,2567
2566,b,2567
2563,b,2567
2563,d,2567
2568,b,2567
2565,d,2567
2565,b,2567
2564,b,2567
2564,d,2567
2568,d,2567
2567,f,2568
2567,c,2568
2568,d,2568
2568,c,2568
2568,f,2568
2567,d,2568
2569,d,2568
2564,c,2568
2569,f,2568
2564,d,2568
2566,f,2568
2566,c,2568
2566,d,2568
2569,c,2568
2565,d,2568
2565,c,2568
2564,f,2568
2565,f,2568
2566,e,2569
2569,f,2569
2569,e,2569
2568,e,2569
2568,f,2569
2565,f,2569
2570,e,2569
2567,e,2569
2567,f,2569
2565,e,2569
2566,f,2569
2570,f,2569
2570,c,2570
2569,f,2570
2569,c,2570
2571,f,2570
2570,f,2570
2571,c,2570
2566,c,2570
2568,f,2570
2568,c,2570
2566,f,2570
2567,c,2570
2567,f,2570
2572,e,2571
2571,e,2571
2570,e,2571
2568,e,2571
2569,e,2571
2567,e,2571
2573,f,2572
2570,f,2572
2568,f,2572
2572,f,2572
2569,f,2572
2571,f,2572
2573,f,2573
2572,f,2573
2572,c,2573
2574,c,2573
2574,f,2573
2569,f,2573
2571,c,2573
2573,c,2573
2570,f,2573
2570,c,2573
2569,c,2573
2571,f,2573
2574,f,2574
2575,f,2574
2575,e,2574
2573,e,2574
2573,f,2574
2574,e,2574
2572,f,2574
2570,f,2574
2572,e,2574
2570,e,2574
2571,f,2574
2571,e,2574
2572,e,2575
2575,e,2575
2575,f,2575
2574,f,2575
2574,e,2575
2571,e,2575
2573,e,2575
2573,f,2575
2576,f,2575
2572,f,2575
2571,f,2575
2576,e,2575
2573,f,2576
2572,f,2576
2574,f,2576
2575,f,2576
2577,f,2576
2576,f,2576
2578,a,2578
2579,a,2578
2577,a,2578
2576,a,2578
2575,a,2578
2574,a,2578
2575,d,2579
2580,f,2579
2575,f,2579
2580,b,2579
2579,f,2579
2579,d,2579
2579,b,2579
2578,f,2579
2578,d,2579
2578,b,2579
2580,d,2579
2575,b,2579
2576,d,2579
2577,f,2579
2577,d,2579
2577,b,2579
2576,f,2579
2576,b,2579
2580,f,2580
2577,f,2580
2579,f,2580
2579,c,2580
2576,c,2580
2580,c,2580
2581,c,2580
2581,f,2580
2578,f,2580
2578,c,2580
2577,c,2580
2576,f,2580
2581,e,2581
2580,e,2581
2577,e,2581
2582,e,2581
2579,e,2581
2578,e,2581
2582,f,2582
2580,f,2582
2583,f,2582
2578,f,2582
2581,f,2582
2579,f,2582
2584,d,2583
2582,d,2583
2583,d,2583
2580,d,2583
2581,d,2583
2579,d,2583
2581,f,2584
2582,f,2584
2580,f,2584
2583,f,2584
2584,f,2584
2585,f,2584
2582,f,2585
2583,f,2585
2581,f,2585
2585,f,2585
2584,f,2585
2586,f,2585
2587,d,2587
2586,d,2587
2588,d,2587
2585,d,2587
2584,d,2587
2583,d,2587
2584,f,2588
2585,f,2588
2588,f,2588
2586,f,2588
2587,f,2588
2589,f,2588
2592,e,2591
2592,c,2591
2592,a,2591
2589,a,2591
2591,e,2591
2591,c,2591
2591,a,2591
2590,e,2591
2590,c,2591
2589,e,2591
2589,c,2591
2590,a,2591
2587,a,2591
2587,c,2591
2587,e,2591
2588,e,2591
2588,c,2591
2588,a,2591
2588,f,2592
2588,e,2592
2591,b,2592
2591,d,2592
2591,f,2592
2593,d,2592
2591,e,2592
2592,e,2592
2592,f,2592
2592,c,2592
2591,c,2592
2593,c,2592
2593,b,2592
2590,f,2592
2588,c,2592
2589,b,2592
2589,d,2592
2589,c,2592
2589,f,2592
2589,e,2592
2590,e,2592
2593,e,2592
2592,d,2592
2592,b,2592
2588,d,2592
2588,b,2592
2590,b,2592
2590,d,2592
2590,c,2592
2593,f,2592
2592,e,2593
2592,f,2593
2592,c,2593
2594,f,2593
2594,c,2593
2593,c,2593
2590,f,2593
2591,e,2593
2591,f,2593
2591,c,2593
2590,e,2593
2593,f,2593
2590,c,2593
2589,e,2593
2589,f,2593
2589,c,2593
2594,e,2593
2593,e,2593
2594,f,2594
2594,e,2594
2595,f,2594
2595,e,2594
2593,e,2594
2591,e,2594
2592,e,2594
2592,f,2594
2593,f,2594
2591,f,2594
2590,e,2594
2590,f,2594
2592,f,2595
2593,f,2595
2596,f,2595
2591,f,2595
2594,f,2595
2595,f,2595
2595,c,2597
2594,c,2597
2596,c,2597
2593,c,2597
2598,c,2597
2597,c,2597
2598,e,2598
2597,e,2598
2595,e,2598
2596,e,2598
2594,e,2598
2599,e,2598
2595,f,2599
2597,f,2599
2600,f,2599
2599,f,2599
2598,f,2599
2596,f,2599
2601,d,2600
2600,d,2600
2599,d,2600
2598,d,2600
2596,d,2600
2597,d,2600
2602,f,2601
2601,f,2601
2600,f,2601
2598,f,2601
2597,f,2601
2599,f,2601
2600,a,2603
2603,a,2603
2604,a,2603
2602,a,2603
2599,a,2603
2601,a,2603
2601,b,2604
2604,b,2604
2604,d,2604
2603,d,2604
2603,b,2604
2600,b,2604
2605,b,2604
2602,b,2604
2600,d,2604
2605,d,2604
2601,d,2604
2602,d,2604
2604,f,2605
2604,c,2605
2605,f,2605
2605,c,2605
2606,c,2605
2603,f,2605
2603,c,2605
2606,f,2605
2602,f,2605
2602,c,2605
2601,f,2605
2601,c,2605
2604,e,2606
2607,e,2606
2605,e,2606
2606,e,2606
2603,e,2606
2602,e,2606
2606,f,2607
2608,f,2607
2607,f,2607
2605,f,2607
2604,f,2607
2603,f,2607
2605,b,2608
2604,b,2608
2606,b,2608
2609,b,2608
2607,b,2608
2608,b,2608
2605,c,2609
2610,c,2609
2608,f,2609
2608,c,2609
2610,f,2609
2607,c,2609
2607,f,2609
2609,c,2609
2605,f,2609
2606,f,2609
2606,c,2609
2609,f,2609
2611,e,2610
2609,e,2610
2610,e,2610
2608,e,2610
2607,e,2610
2606,e,2610
2609,f,2611
2607,f,2611
2610,f,2611
2611,f,2611
2612,f,2611
2608,f,2611
2613,c,2615
2616,a,2615
2615,c,2615
2615,a,2615
2614,c,2615
2614,a,2615
2613,a,2615
2611,c,2615
2616,c,2615
2612,c,2615
2611,a,2615
2612,a,2615
2612,d,2616
2616,d,2616
2616,e,2616
2617,b,2616
2615,e,2616
2615,d,2616
2615,b,2616
2612,e,2616
2617,d,2616
2614,e,2616
2614,d,2616
2614,b,2616
2612,b,2616
2613,e,2616
2613,d,2616
2613,b,2616
2617,e,2616
2616,b,2616
2617,c,2617
2618,f,2617
2618,c,2617
2616,f,2617
2616,c,2617
2617,f,2617
2615,f,2617
2613,f,2617
2614,c,2617
2614,f,2617
2615,c,2617
2613,c,2617
2614,e,2618
2619,e,2618
2617,e,2618
2618,e,2618
2616,e,2618
2615,e,2618
2620,d,2619
2620,f,2619
2618,f,2619
2618,d,2619
2619,d,2619
2615,d,2619
2619,f,2619
2616,d,2619
2617,f,2619
2615,f,2619
2617,d,2619
2616,f,2619
2621,f,2620
2620,f,2620
2619,f,2620
2617,f,2620
2618,f,2620
2616,f,2620
2619,a,2622
2621,f,2622
2621,a,2622
2623,a,2622
2623,f,2622
2622,f,2622
2620,f,2622
2622,a,2622
2618,a,2622
2618,f,2622
2619,f,2622
2620,a,2622
2623,e,2623
2623,b,2623
2624,b,2623
2624,d,2623
2622,e,2623
2622,f,2623
2624,f,2623
2624,e,2623
2622,d,2623
2622,b,2623
2623,f,2623
2623,d,2623
2620,f,2623
2620,d,2623
2620,b,2623
2621,e,2623
2621,f,2623
2621,d,2623
2621,b,2623
2620,e,2623
2619,b,2623
2619,d,2623
2619,f,2623
2619,e,2623
2623,a,2624
2623,c,2624
2623,f,2624
2621,c,2624
2624,f,2624
2621,a,2624
2625,c,2624
2625,f,2624
2624,c,2624
2624,a,2624
2625,a,2624
2620,a,2624
2620,f,2624
2620,c,2624
2622,c,2624
2622,f,2624
2622,a,2624
2621,f,2624
2621,d,2625
2625,b,2625
2625,d,2625
2625,e,2625
2624,e,2625
2624,d,2625
2624,b,2625
2623,b,2625
2623,d,2625
2621,b,2625
2622,e,2625
2622,d,2625
2622,b,2625
2626,b,2625
2626,d,2625
2626,e,2625
2623,e,2625
2621,e,2625
2626,f,2626
2625,f,2626
2625,c,2626
2626,c,2626
2627,c,2626
2627,f,2626
2624,f,2626
2624,c,2626
2622,f,2626
2622,c,2626
2623,c,2626
2623,f,2626
2627,e,2627
2626,e,2627
2624,e,2627
2628,e,2627
2625,e,2627
2623,e,2627
2628,a,2628
2627,a,2628
2627,f,2628
2628,f,2628
2629,a,2628
2626,f,2628
2626,a,2628
2629,f,2628
2625,f,2628
2624,a,2628
2624,f,2628
2625,a,2628
2626,d,2629
2629,b,2629
2629,d,2629
2628,d,2629
2628,b,2629
2630,b,2629
2630,d,2629
2625,b,2629
2627,d,2629
2627,b,2629
2625,d,2629
2626,b,2629
2630,c,2630
2629,f,2630
2630,f,2630
2631,b,2630
2629,c,2630
2629,b,2630
2631,c,2630
2631,f,2630
2630,b,2630
2626,b,2630
2626,c,2630
2627,f,2630
2627,c,2630
2627,b,2630
2628,b,2630
2628,c,2630
2626,f,2630
2628,f,2630
2632,f,2631
2627,f,2631
2630,f,2631
2630,c,2631
2632,c,2631
2631,f,2631
2631,c,2631
2627,c,2631
2630,e,2631
2631,e,2631
2628,c,2631
2628,e,2631
2628,f,2631
2627,e,2631
2629,c,2631
2632,e,2631
2629,e,2631
2629,f,2631
2633,f,2632
2632,a,2632
2633,a,2632
2628,a,2632
2631,e,2632
2631,f,2632
2631,a,2632
2632,e,2632
2633,e,2632
2632,f,2632
2628,f,2632
2630,a,2632
2628,e,2632
2629,e,2632
2629,f,2632
2630,f,2632
2630,e,2632
2629,a,2632
2631,d,2633
2634,d,2633
2633,b,2633
2633,d,2633
2633,f,2633
2632,d,2633
2632,b,2633
2634,f,2633
2631,b,2633
2629,b,2633
2629,f,2633
2630,f,2633
2630,d,2633
2630,b,2633
2634,b,2633
2631,f,2633
2629,d,2633
2632,f,2633
2633,f,2634
2633,c,2634
2635,c,2634
2634,f,2634
2630,f,2634
2632,f,2634
2632,c,2634
2631,f,2634
2631,c,2634
2630,c,2634
2635,f,2634
2634,c,2634
2635,b,2635
2635,e,2635
2636,e,2635
2636,b,2635
2634,e,2635
2634,b,2635
2631,e,2635
2633,e,2635
2631,b,2635
2633,b,2635
2632,b,2635
2632,e,2635
2633,c,2636
2636,c,2636
2637,c,2636
2635,c,2636
2634,c,2636
2632,c,2636
2633,e,2637
2635,e,2637
2634,e,2637
2636,e,2637
2638,e,2637
2637,e,2637
2638,f,2638
2639,f,2638
2636,f,2638
2637,f,2638
2635,f,2638
2634,f,2638
2641,b,2645
2642,b,2645
2643,b,2645
2646,b,2645
2644,b,2645
2645,b,2645
2647,f,2646
2647,c,2646
2646,c,2646
2645,f,2646
2645,c,2646
2646,f,2646
2644,c,2646
2644,f,2646
2642,c,2646
2642,f,2646
2643,f,2646
2643,c,2646
2644,d,2647
2648,e,2647
2648,d,2647
2647,d,2647
2646,e,2647
2646,d,2647
2647,e,2647
2645,e,2647
2645,d,2647
2643,d,2647
2643,e,2647
2644,e,2647
2645,f,2648
2649,f,2648
2648,f,2648
2644,f,2648
2646,f,2648
2647,f,2648
2651,a,2650
2649,a,2650
2646,a,2650
2648,a,2650
2650,a,2650
2647,a,2650
2649,c,2651
2650,b,2651
2652,c,2651
2650,c,2651
2651,b,2651
2651,d,2651
2651,c,2651
2650,d,2651
2649,d,2651
2652,b,2651
2652,d,2651
2648,d,2651
2648,c,2651
2648,b,2651
2647,c,2651
2647,d,2651
2649,b,2651
2647,b,2651
2651,f,2652
2651,c,2652
2653,e,2652
2652,e,2652
2652,f,2652
2652,c,2652
2652,a,2652
2653,a,2652
2653,c,2652
2653,f,2652
2651,e,2652
2651,a,2652
2648,e,2652
2649,a,2652
2649,c,2652
2650,e,2652
2650,f,2652
2650,c,2652
2650,a,2652
2648,a,2652
2648,c,2652
2648,f,2652
2649,f,2652
2649,e,2652
2653,b,2653
2654,e,2653
2652,a,2653
2652,d,2653
2654,d,2653
2652,e,2653
2654,f,2653
2653,d,2653
2654,b,2653
2654,a,2653
2653,e,2653
2653,f,2653
2652,f,2653
2653,a,2653
2652,b,2653
2649,d,2653
2649,f,2653
2649,e,2653
2650,a,2653
2650,b,2653
2650,d,2653
2650,f,2653
2650,e,2653
2649,b,2653
2651,a,2653
2651,b,2653
2649,a,2653
2651,e,2653
2651,f,2653
2651,d,2653
2651,d,2654
2651,f,2654
2653,b,2654
2653,d,2654
2651,b,2654
2651,c,2654
2655,d,2654
2655,b,2654
2654,f,2654
2654,c,2654
2654,d,2654
2654,b,2654
2653,f,2654
2653,c,2654
2650,c,2654
2650,d,2654
2650,f,2654
2655,c,2654
2655,f,2654
2652,b,2654
2652,d,2654
2652,c,2654
2652,f,2654
2650,b,2654
2656,e,2655
2656,f,2655
2654,b,2655
2654,f,2655
2654,e,2655
2656,b,2655
2655,e,2655
2655,f,2655
2655,c,2655
2655,b,2655
2654,c,2655
2656,c,2655
2651,e,2655
2651,b,2655
2652,c,2655
2653,b,2655
2653,c,2655
2651,f,2655
2652,b,2655
2652,f,2655
2651,c,2655
2652,e,2655
2653,f,2655
2653,e,2655
2655,e,2656
2655,f,2656
2656,f,2656
2656,e,2656
2657,e,2656
2657,f,2656
2656,c,2656
2657,c,2656
2655,c,2656
2652,f,2656
2652,e,2656
2653,e,2656
2653,f,2656
2653,c,2656
2654,c,2656
2654,f,2656
2654,e,2656
2652,c,2656
2653,f,2657
2657,f,2657
2656,e,2657
2656,f,2657
2653,e,2657
2657,e,2657
2658,f,2657
2655,e,2657
2655,f,2657
2654,e,2657
2658,e,2657
2654,f,2657
2657,b,2658
2657,c,2658
2658,b,2658
2658,c,2658
2659,b,2658
2656,c,2658
2656,b,2658
2655,c,2658
2659,c,2658
2654,b,2658
2654,c,2658
2655,b,2658
2656,e,2659
2659,c,2659
2659,e,2659
2658,e,2659
2658,c,2659
2660,c,2659
2657,e,2659
2657,c,2659
2655,c,2659
2655,e,2659
2656,c,2659
2660,e,2659
2661,f,2660
2660,f,2660
2660,e,2660
2659,f,2660
2659,e,2660
2661,e,2660
2658,e,2660
2658,f,2660
2656,e,2660
2657,f,2660
2656,f,2660
2657,e,2660
2658,f,2661
2662,f,2661
2662,c,2661
2661,c,2661
2660,f,2661
2660,c,2661
2661,f,2661
2659,f,2661
2659,c,2661
2657,c,2661
2658,c,2661
2657,f,2661
2662,e,2662
2659,e,2662
2660,e,2662
2658,e,2662
2663,e,2662
2661,e,2662
2664,f,2663
2663,f,2663
2662,f,2663
2659,f,2663
2661,f,2663
2660,f,2663
2661,c,2664
2662,c,2664
2660,c,2664
2663,c,2664
2664,c,2664
2665,c,2664
2662,e,2665
2664,e,2665
2663,e,2665
2666,e,2665
2665,e,2665
2661,e,2665
2667,f,2666
2666,f,2666
2665,f,2666
2664,f,2666
2662,f,2666
2663,f,2666
2664,c,2667
2668,c,2667
2668,b,2667
2667,c,2667
2664,b,2667
2666,c,2667
2666,b,2667
2663,b,2667
2667,b,2667
2663,c,2667
2665,c,2667
2665,b,2667
2669,c,2668
2664,e,2668
2669,f,2668
2668,e,2668
2667,e,2668
2664,f,2668
2668,f,2668
2665,e,2668
2668,c,2668
2666,e,2668
2666,f,2668
2666,c,2668
2665,c,2668
2665,f,2668
2664,c,2668
2669,e,2668
2667,c,2668
2667,f,2668
2668,f,2669
2668,e,2669
2669,e,2669
2669,f,2669
2669,b,2669
2668,b,2669
2670,b,2669
2665,b,2669
2670,e,2669
2665,f,2669
2665,e,2669
2666,b,2669
2666,f,2669
2670,f,2669
2666,e,2669
2667,b,2669
2667,e,2669
2667,f,2669
2671,f,2670
2670,e,2670
2669,e,2670
2669,f,2670
2669,c,2670
2671,e,2670
2670,c,2670
2671,c,2670
2670,f,2670
2666,c,2670
2668,e,2670
2668,f,2670
2668,c,2670
2666,f,2670
2666,e,2670
2667,c,2670
2667,f,2670
2667,e,2670
2670,e,2671
2671,e,2671
2671,f,2671
2672,f,2671
2670,f,2671
2667,f,2671
2672,e,2671
2669,f,2671
2669,e,2671
2668,e,2671
2668,f,2671
2667,e,2671
2672,b,2672
2672,d,2672
2672,f,2672
2671,f,2672
2671,d,2672
2671,b,2672
2668,b,2672
2673,b,2672
2668,f,2672
2673,f,2672
2670,f,2672
2670,d,2672
2670,b,2672
2669,b,2672
2669,d,2672
2669,f,2672
2673,d,2672
2668,d,2672
2673,c,2673
2673,f,2673
2672,f,2673
2672,c,2673
2674,f,2673
2674,c,2673
2669,c,2673
2671,f,2673
2671,c,2673
2669,f,2673
2670,c,2673
2670,f,2673
2675,e,2674
2675,b,2674
2674,e,2674
2674,b,2674
2673,e,2674
2673,b,2674
2671,e,2674
2670,e,2674
2671,b,2674
2672,b,2674
2670,b,2674
2672,e,2674
2671,c,2675
2675,c,2675
2674,c,2675
2672,c,2675
2676,c,2675
2673,c,2675
2677,a,2676
2675,a,2676
2677,d,2676
2677,e,2676
2675,d,2676
2675,e,2676
2673,a,2676
2672,d,2676
2674,e,2676
2674,a,2676
2673,d,2676
2673,e,2676
2676,e,2676
2676,a,2676
2672,a,2676
2676,d,2676
2674,d,2676
2672,e,2676
2676,b,2677
2678,e,2677
2676,d,2677
2676,f,2677
2678,b,2677
2678,d,2677
2677,b,2677
2677,d,2677
2678,f,2677
2677,e,2677
2676,e,2677
2677,f,2677
2675,e,2677
2673,f,2677
2673,b,2677
2675,f,2677
2675,d,2677
2675,b,2677
2673,e,2677
2674,b,2677
2674,d,2677
2674,f,2677
2673,d,2677
2674,e,2677
2679,c,2678
2678,c,2678
2677,f,2678
2678,f,2678
2677,c,2678
2679,f,2678
2676,f,2678
2676,c,2678
2675,c,2678
2675,f,2678
2674,c,2678
2674,f,2678
2678,a,2679
2678,e,2679
2679,e,2679
2679,a,2679
2675,a,2679
2677,e,2679
2677,a,2679
2675,e,2679
2680,a,2679
2680,e,2679
2676,e,2679
2676,a,2679
2679,b,2680
2679,f,2680
2681,d,2680
2680,b,2680
2681,b,2680
2679,d,2680
2681,f,2680
2680,f,2680
2678,f,2680
2678,d,2680
2678,b,2680
2677,f,2680
2677,d,2680
2677,b,2680
2676,f,2680
2676,d,2680
2676,b,2680
2680,d,2680
2681,f,2681
2682,c,2681
2682,f,2681
2680,f,2681
2681,c,2681
2679,f,2681
2678,c,2681
2679,c,2681
2678,f,2681
2680,c,2681
2677,c,2681
2677,f,2681
2680,e,2682
2683,e,2682
2679,e,2682
2678,e,2682
2681,e,2682
2682,e,2682
2679,f,2683
2683,f,2683
2682,f,2683
2684,f,2683
2681,f,2683
2680,f,2683
2681,b,2684
2682,b,2684
2685,b,2684
2680,b,2684
2683,b,2684
2684,b,2684
2686,f,2685
2685,f,2685
2685,c,2685
2684,c,2685
2686,c,2685
2684,f,2685
2683,f,2685
2683,c,2685
2681,c,2685
2681,f,2685
2682,f,2685
2682,c,2685
2683,e,2686
2686,e,2686
2685,e,2686
2687,e,2686
2684,e,2686
2682,e,2686
2685,f,2687
2684,f,2687
2686,f,2687
2683,f,2687
2687,f,2687
2688,f,2687
2690,f,2689
2689,f,2689
2688,f,2689
2687,f,2689
2686,f,2689
2685,f,2689
2688,b,2691
2689,b,2691
2692,b,2691
2690,b,2691
2687,b,2691
2691,b,2691
2693,f,2692
2693,c,2692
2691,c,2692
2692,f,2692
2692,c,2692
2691,f,2692
2690,c,2692
2690,f,2692
2688,c,2692
2688,f,2692
2689,c,2692
2689,f,2692
2690,e,2693
2690,b,2693
2693,e,2693
2693,b,2693
2694,e,2693
2692,b,2693
2689,b,2693
2692,e,2693
2691,b,2693
2689,e,2693
2691,e,2693
2694,b,2693
2692,c,2694
2692,f,2694
2695,f,2694
2695,c,2694
2694,c,2694
2690,c,2694
2694,f,2694
2691,f,2694
2691,c,2694
2690,f,2694
2693,c,2694
2693,f,2694
2696,b,2695
2694,b,2695
2694,e,2695
2695,b,2695
2695,e,2695
2693,e,2695
2692,e,2695
2696,e,2695
2693,b,2695
2691,b,2695
2691,e,2695
2692,b,2695
2696,f,2696
2697,c,2696
2695,f,2696
2695,c,2696
2697,f,2696
2696,c,2696
2694,f,2696
2694,c,2696
2692,c,2696
2692,f,2696
2693,c,2696
2693,f,2696
2697,f,2697
2698,f,2697
2697,e,2697
2696,e,2697
2696,f,2697
2696,d,2697
2698,e,2697
2697,d,2697
2698,d,2697
2693,d,2697
2694,e,2697
2694,d,2697
2694,f,2697
2693,f,2697
2695,d,2697
2693,e,2697
2695,f,2697
2695,e,2697
2694,f,2698
2696,f,2698
2697,f,2698
2699,f,2698
2698,f,2698
2695,f,2698
2700,c,2699
2699,c,2699
2695,c,2699
2698,c,2699
2696,c,2699
2697,c,2699
2701,e,2700
2698,e,2700
2700,e,2700
2696,e,2700
2697,e,2700
2699,e,2700
2701,f,2701
2700,f,2701
2700,a,2701
2702,a,2701
2699,a,2701
2697,f,2701
2702,f,2701
2698,f,2701
2698,a,2701
2701,a,2701
2697,a,2701
2699,f,2701
2701,d,2702
2701,b,2702
2702,b,2702
2702,d,2702
2703,b,2702
2700,d,2702
2700,b,2702
2699,d,2702
2703,d,2702
2698,b,2702
2698,d,2702
2699,b,2702
2704,c,2703
2703,c,2703
2703,f,2703
2702,f,2703
2702,c,2703
2700,f,2703
2699,f,2703
2701,f,2703
2701,c,2703
2699,c,2703
2700,c,2703
2704,f,2703
2703,e,2704
2703,b,2704
2703,a,2704
2704,a,2704
2704,b,2704
2705,e,2704
2705,a,2704
2705,b,2704
2704,e,2704
2701,e,2704
2701,a,2704
2700,e,2704
2702,e,2704
2702,b,2704
2702,a,2704
2700,b,2704
2701,b,2704
2700,a,2704
2704,b,2705
2704,c,2705
2704,f,2705
2702,c,2705
2705,c,2705
2705,f,2705
2706,b,2705
2706,d,2705
2706,c,2705
2706,f,2705
2705,b,2705
2705,d,2705
2704,d,2705
2701,f,2705
2702,d,2705
2702,f,2705
2701,d,2705
2701,b,2705
2703,b,2705
2703,f,2705
2703,c,2705
2703,d,2705
2701,c,2705
2702,b,2705
2705,c,2706
2707,f,2706
2705,e,2706
2706,e,2706
2702,e,2706
2702,f,2706
2702,c,2706
2705,f,2706
2707,c,2706
2706,f,2706
2704,e,2706
2704,f,2706
2704,c,2706
2706,c,2706
2703,c,2706
2703,f,2706
2703,e,2706
2707,e,2706
2707,f,2707
2707,e,2707
2706,e,2707
2706,f,2707
2708,e,2707
2708,f,2707
2703,f,2707
2705,e,2707
2703,e,2707
2705,f,2707
2704,f,2707
2704,e,2707
2709,f,2708
2708,f,2708
2707,f,2708
2705,f,2708
2704,f,2708
2706,f,2708
2707,b,2709
2705,b,2709
2710,b,2709
2706,b,2709
2708,b,2709
2709,b,2709
2708,f,2710
2710,f,2710
2711,c,2710
2709,f,2710
2709,c,2710
2710,c,2710
2708,c,2710
2706,c,2710
2707,f,2710
2707,c,2710
2706,f,2710
2711,f,2710
2711,e,2711
2710,e,2711
2712,e,2711
2709,e,2711
2708,e,2711
2707,e,2711
2709,f,2712
2710,f,2712
2708,f,2712
2711,f,2712
2712,f,2712
2713,f,2712
2710,c,2713
2714,c,2713
2711,c,2713
2709,c,2713
2712,c,2713
2713,c,2713
2715,e,2714
2713,e,2714
2714,e,2714
2712,e,2714
2711,e,2714
2710,e,2714
2714,f,2715
2715,f,2715
2716,f,2715
2711,f,2715
2713,f,2715
2712,f,2715
2714,b,2717
2717,b,2717
2713,b,2717
2716,b,2717
2718,b,2717
2715,b,2717
2715,d,2718
2718,c,2718
2718,f,2718
2719,d,2718
2717,f,2718
2717,c,2718
2717,d,2718
2714,d,2718
2719,c,2718
2719,f,2718
2716,f,2718
2714,c,2718
2716,d,2718
2714,f,2718
2718,d,2718
2715,f,2718
2715,c,2718
2716,c,2718
2719,f,2719
2720,e,2719
2720,f,2719
2718,e,2719
2718,f,2719
2719,e,2719
2715,f,2719
2715,e,2719
2717,e,2719
2716,f,2719
2716,e,2719
2717,f,2719
2720,b,2720
2720,f,2720
2719,b,2720
2716,b,2720
2719,f,2720
2721,b,2720
2721,f,2720
2718,f,2720
2718,b,2720
2717,b,2720
2717,f,2720
2716,f,2720
2722,c,2721
2720,f,2721
2720,c,2721
2717,f,2721
2717,c,2721
2719,f,2721
2719,c,2721
2721,c,2721
2718,f,2721
2718,c,2721
2722,f,2721
2721,f,2721
2722,e,2722
2723,e,2722
2721,e,2722
2720,e,2722
2719,e,2722
2718,e,2722
2721,f,2723
2719,f,2723
2722,f,2723
2723,f,2723
2724,f,2723
2720,f,2723
2728,b,2729
2730,b,2729
2727,b,2729
2726,b,2729
2725,b,2729
2729,b,2729
2731,c,2730
2730,c,2730
2729,f,2730
2731,f,2730
2729,c,2730
2730,f,2730
2728,f,2730
2728,c,2730
2727,f,2730
2727,c,2730
2726,f,2730
2726,c,2730
2728,e,2731
2727,e,2731
2729,e,2731
2730,e,2731
2732,e,2731
2731,e,2731
2732,f,2732
2728,f,2732
2730,f,2732
2729,f,2732
2731,f,2732
2733,f,2732
2736,d,2735
2733,d,2735
2734,d,2735
2735,d,2735
2732,d,2735
2731,d,2735
2733,f,2736
2734,f,2736
2735,f,2736
2736,f,2736
2737,f,2736
2732,f,2736
2741,e,2740
2740,e,2740
2738,e,2740
2739,e,2740
2737,e,2740
2736,e,2740
2738,f,2741
2739,f,2741
2740,f,2741
2737,f,2741
2741,f,2741
2742,f,2741
2738,f,2742
2739,f,2742
2740,f,2742
2741,f,2742
2742,f,2742
2743,f,2742
2745,b,2746
2746,b,2746
2744,b,2746
2747,b,2746
2743,b,2746
2742,b,2746
2743,c,2747
2747,f,2747
2747,c,2747
2746,f,2747
2746,c,2747
2748,c,2747
2748,f,2747
2745,f,2747
2745,c,2747
2744,f,2747
2744,c,2747
2743,f,2747
2749,e,2748
2747,e,2748
2748,e,2748
2749,c,2748
2747,c,2748
2748,c,2748
2746,c,2748
2744,c,2748
2746,e,2748
2744,e,2748
2745,c,2748
2745,e,2748
2750,e,2749
2750,f,2749
2749,e,2749
2749,f,2749
2748,e,2749
2748,f,2749
2746,e,2749
2746,f,2749
2745,e,2749
2747,e,2749
2747,f,2749
2745,f,2749
2751,f,2750
2747,f,2750
2748,f,2750
2750,f,2750
2746,f,2750
2749,f,2750
2751,e,2751
2750,e,2751
2750,b,2751
2752,b,2751
2752,e,2751
2747,e,2751
2749,b,2751
2751,b,2751
2748,e,2751
2748,b,2751
2747,b,2751
2749,e,2751
2752,f,2752
2752,c,2752
2753,c,2752
2753,f,2752
2753,e,2752
2751,e,2752
2751,f,2752
2751,c,2752
2752,e,2752
2750,f,2752
2750,e,2752
2748,c,2752
2750,c,2752
2748,f,2752
2748,e,2752
2749,c,2752
2749,f,2752
2749,e,2752
2752,f,2753
2753,e,2753
2753,f,2753
2752,e,2753
2754,f,2753
2749,e,2753
2750,e,2753
2750,f,2753
2754,e,2753
2751,f,2753
2751,e,2753
2749,f,2753
2754,d,2754
2753,f,2754
2753,d,2754
2754,f,2754
2755,d,2754
2755,f,2754
2752,f,2754
2752,d,2754
2751,d,2754
2750,f,2754
2751,f,2754
2750,d,2754
2755,f,2755
2754,f,2755
2756,f,2755
2751,f,2755
2752,f,2755
2753,f,2755
2756,a,2756
2755,d,2756
2755,a,2756
2752,a,2756
2757,f,2756
2756,d,2756
2757,a,2756
2755,f,2756
2757,d,2756
2754,d,2756
2754,a,2756
2752,d,2756
2752,f,2756
2753,a,2756
2753,d,2756
2753,f,2756
2756,f,2756
2754,f,2756
2756,f,2757
2756,d,2757
2753,b,2757
2757,f,2757
2758,b,2757
2758,d,2757
2758,f,2757
2757,d,2757
2757,b,2757
2756,b,2757
2754,d,2757
2753,f,2757
2754,b,2757
2755,f,2757
2755,d,2757
2755,b,2757
2753,d,2757
2754,f,2757
2758,c,2758
2757,c,2758
2757,d,2758
2759,c,2758
2754,c,2758
2759,d,2758
2756,c,2758
2756,d,2758
2755,d,2758
2755,c,2758
2754,d,2758
2758,d,2758
2760,e,2759
2758,e,2759
2755,e,2759
2757,e,2759
2756,e,2759
2759,e,2759
2761,f,2760
2760,f,2760
2757,f,2760
2758,f,2760
2756,f,2760
2759,f,2760
2768,d,2767
2767,d,2767
2765,d,2767
2766,d,2767
2764,d,2767
2763,d,2767
2765,f,2768
2768,f,2768
2764,f,2768
2769,f,2768
2766,f,2768
2767,f,2768
2767,f,2770
2766,f,2770
2768,f,2770
2769,f,2770
2770,f,2770
2771,f,2770
2774,d,2773
2769,d,2773
2770,d,2773
2771,d,2773
2772,d,2773
2773,d,2773
2775,f,2774
2774,f,2774
2771,f,2774
2772,f,2774
2770,f,2774
2773,f,2774
2774,b,2778
2775,b,2778
2776,b,2778
2779,b,2778
2777,b,2778
2778,b,2778
2778,c,2779
2780,c,2779
2779,f,2779
2779,c,2779
2778,f,2779
2780,f,2779
2777,c,2779
2777,f,2779
2775,c,2779
2776,f,2779
2776,c,2779
2775,f,2779
2777,e,2780
2780,e,2780
2779,e,2780
2781,e,2780
2778,e,2780
2776,e,2780
2781,f,2781
2782,f,2781
2780,f,2781
2777,f,2781
2778,f,2781
2779,f,2781
2782,a,2783
2784,a,2783
2781,a,2783
2780,a,2783
2783,a,2783
2779,a,2783
2785,d,2784
2784,c,2784
2784,d,2784
2784,b,2784
2785,c,2784
2783,c,2784
2783,b,2784
2785,b,2784
2782,c,2784
2783,d,2784
2780,b,2784
2781,b,2784
2780,c,2784
2780,d,2784
2781,d,2784
2781,c,2784
2782,d,2784
2782,b,2784
2785,e,2785
2785,f,2785
2786,c,2785
2786,f,2785
2786,e,2785
2784,e,2785
2784,f,2785
2784,c,2785
2782,c,2785
2785,c,2785
2781,c,2785
2783,e,2785
2782,f,2785
2783,f,2785
2783,c,2785
2781,f,2785
2782,e,2785
2781,e,2785
2782,f,2786
2782,e,2786
2786,e,2786
2787,f,2786
2785,e,2786
2785,f,2786
2786,f,2786
2784,e,2786
2784,f,2786
2783,f,2786
2783,e,2786
2787,e,2786
2788,f,2787
2786,f,2787
2787,f,2787
2783,f,2787
2784,f,2787
2785,f,2787
2785,e,2788
2786,e,2788
2789,e,2788
2787,e,2788
2788,e,2788
2784,e,2788
2790,f,2789
2788,f,2789
2789,f,2789
2787,f,2789
2786,f,2789
2785,f,2789
2790,c,2791
2792,c,2791
2791,c,2791
2789,c,2791
2788,c,2791
2787,c,2791
2789,c,2792
2788,e,2792
2793,c,2792
2792,e,2792
2792,c,2792
2791,e,2792
2791,c,2792
2793,e,2792
2790,e,2792
2790,c,2792
2789,e,2792
2788,c,2792
2792,e,2793
2790,e,2793
2793,e,2793
2793,f,2793
2789,f,2793
2794,e,2793
2792,f,2793
2794,f,2793
2791,e,2793
2791,f,2793
2790,f,2793
2789,e,2793
2792,f,2794
2795,f,2794
2791,f,2794
2793,f,2794
2794,f,2794
2790,f,2794
2795,f,2795
2796,c,2795
2795,c,2795
2794,f,2795
2796,f,2795
2794,c,2795
2793,f,2795
2793,c,2795
2791,c,2795
2791,f,2795
2792,c,2795
2792,f,2795
2793,e,2796
2796,e,2796
2795,e,2796
2794,e,2796
2792,e,2796
2797,e,2796
2793,f,2797
2795,f,2797
2798,f,2797
2797,f,2797
2794,f,2797
2796,f,2797
2799,b,2798
2797,b,2798
2798,b,2798
2796,b,2798
2795,b,2798
2794,b,2798
2796,f,2799
2800,c,2799
2800,f,2799
2798,f,2799
2798,c,2799
2799,c,2799
2799,f,2799
2797,f,2799
2797,c,2799
2795,c,2799
2795,f,2799
2796,c,2799
2801,e,2800
2800,e,2800
2796,e,2800
2799,e,2800
2797,e,2800
2798,e,2800
2801,f,2801
2802,f,2801
2800,f,2801
2799,f,2801
2798,f,2801
2797,f,2801
2800,f,2803
2799,f,2803
2801,f,2803
2804,f,2803
2803,f,2803
2802,f,2803
2804,e,2804
2803,e,2804
2802,e,2804
2805,e,2804
2800,e,2804
2801,e,2804
2802,b,2805
2805,d,2805
2805,f,2805
2804,f,2805
2804,d,2805
2804,b,2805
2806,b,2805
2801,f,2805
2806,f,2805
2806,d,2805
2803,f,2805
2803,d,2805
2803,b,2805
2805,b,2805
2801,d,2805
2802,f,2805
2802,d,2805
2801,b,2805
2805,f,2806
2805,c,2806
2806,f,2806
2807,c,2806
2807,f,2806
2806,c,2806
2804,c,2806
2802,c,2806
2804,f,2806
2802,f,2806
2803,c,2806
2803,f,2806
2807,d,2807
2807,c,2807
2807,e,2807
2806,e,2807
2804,e,2807
2806,d,2807
2806,b,2807
2803,b,2807
2803,d,2807
2807,b,2807
2806,c,2807
2808,d,2807
2808,e,2807
2804,c,2807
2804,d,2807
2804,b,2807
2808,b,2807
2803,c,2807
2803,e,2807
2805,d,2807
2805,c,2807
2805,e,2807
2808,c,2807
2805,b,2807
2807,f,2808
2807,c,2808
2807,e,2808
2808,c,2808
2809,c,2808
2804,c,2808
2809,f,2808
2804,f,2808
2804,e,2808
2805,c,2808
2805,f,2808
2805,e,2808
2808,f,2808
2808,e,2808
2806,c,2808
2806,f,2808
2806,e,2808
2809,e,2808
2809,e,2809
2808,f,2809
2810,e,2809
2810,f,2809
2808,e,2809
2809,f,2809
2807,e,2809
2807,f,2809
2806,e,2809
2806,f,2809
2805,e,2809
2805,f,2809
2808,f,2810
2806,f,2810
2809,f,2810
2807,f,2810
2810,f,2810
2811,f,2810
2813,c,2813
2812,c,2813
2811,c,2813
2814,c,2813
2810,c,2813
2809,c,2813
2811,e,2814
2810,e,2814
2815,e,2814
2813,e,2814
2814,e,2814
2812,e,2814
2813,f,2815
2814,f,2815
2815,f,2815
2816,f,2815
2811,f,2815
2812,f,2815
2820,c,2821
2819,c,2821
2820,b,2821
2822,b,2821
2822,c,2821
2819,b,2821
2818,b,2821
2818,c,2821
2817,c,2821
2817,b,2821
2821,c,2821
2821,b,2821
2823,f,2822
2823,e,2822
2822,e,2822
2822,f,2822
2822,c,2822
2821,e,2822
2821,f,2822
2823,c,2822
2821,c,2822
2820,e,2822
2820,f,2822
2820,c,2822
2818,c,2822
2818,f,2822
2818,e,2822
2819,e,2822
2819,f,2822
2819,c,2822
2822,f,2823
2824,e,2823
2824,f,2823
2823,e,2823
2823,f,2823
2822,e,2823
2820,e,2823
2819,f,2823
2819,e,2823
2821,e,2823
2821,f,2823
2820,f,2823
2822,f,2824
2821,f,2824
2823,f,2824
2824,f,2824
2825,f,2824
2820,f,2824
2836,f,2835
2835,f,2835
2834,f,2835
2833,f,2835
2831,f,2835
2832,f,2835
2836,c,2840
2836,f,2840
2837,c,2840
2837,f,2840
2841,f,2840
2838,c,2840
2838,f,2840
2841,c,2840
2839,c,2840
2839,f,2840
2840,f,2840
2840,c,2840
2841,e,2841
2840,e,2841
2839,e,2841
2838,e,2841
2837,e,2841
2842,e,2841
2839,f,2842
2838,f,2842
2840,f,2842
2841,f,2842
2843,f,2842
2842,f,2842
2843,f,2843
2844,f,2843
2840,f,2843
2841,f,2843
2839,f,2843
2842,f,2843
2852,e,2853
2852,a,2853
2854,a,2853
2854,e,2853
2853,e,2853
2851,a,2853
2851,e,2853
2850,e,2853
2850,a,2853
2849,e,2853
2849,a,2853
2853,a,2853
2855,d,2854
2854,d,2854
2854,b,2854
2853,f,2854
2853,d,2854
2855,f,2854
2853,b,2854
2855,b,2854
2854,f,2854
2850,d,2854
2850,b,2854
2851,f,2854
2851,d,2854
2851,b,2854
2852,f,2854
2852,d,2854
2852,b,2854
2850,f,2854
2854,c,2855
2852,f,2855
2851,c,2855
2855,e,2855
2855,f,2855
2855,c,2855
2854,f,2855
2854,e,2855
2852,c,2855
2851,e,2855
2856,f,2855
2856,e,2855
2852,e,2855
2853,e,2855
2853,f,2855
2853,c,2855
2851,f,2855
2856,c,2855
2857,f,2856
2857,d,2856
2855,f,2856
2856,f,2856
2855,d,2856
2856,d,2856
2856,e,2856
2855,e,2856
2857,e,2856
2854,e,2856
2854,f,2856
2854,d,2856
2852,f,2856
2852,e,2856
2853,d,2856
2853,f,2856
2853,e,2856
2852,d,2856
2853,b,2857
2856,f,2857
2856,c,2857
2856,b,2857
2857,c,2857
2858,b,2857
2857,b,2857
2858,f,2857
2857,f,2857
2855,f,2857
2855,c,2857
2855,b,2857
2853,c,2857
2853,f,2857
2854,b,2857
2854,c,2857
2854,f,2857
2858,c,2857
2857,c,2858
2859,e,2858
2857,e,2858
2859,c,2858
2858,c,2858
2858,f,2858
2857,f,2858
2858,e,2858
2859,f,2858
2854,f,2858
2856,e,2858
2856,f,2858
2856,c,2858
2854,e,2858
2855,c,2858
2855,f,2858
2854,c,2858
2855,e,2858
2859,f,2859
2859,e,2859
2858,e,2859
2858,f,2859
2856,e,2859
2860,f,2859
2860,e,2859
2857,e,2859
2857,f,2859
2856,f,2859
2855,e,2859
2855,f,2859
2860,e,2860
2859,e,2860
2856,e,2860
2861,e,2860
2858,e,2860
2857,e,2860
2860,e,2861
2860,b,2861
2858,e,2861
2858,b,2861
2859,b,2861
2859,e,2861
2862,e,2861
2862,b,2861
2857,b,2861
2857,e,2861
2861,e,2861
2861,b,2861
2861,f,2862
2861,c,2862
2862,c,2862
2862,d,2862
2863,f,2862
2861,d,2862
2862,f,2862
2860,c,2862
2863,d,2862
2858,d,2862
2859,c,2862
2859,d,2862
2863,c,2862
2858,f,2862
2860,d,2862
2859,f,2862
2860,f,2862
2858,c,2862
2864,b,2863
2864,a,2863
2862,b,2863
2862,f,2863
2862,e,2863
2863,e,2863
2863,f,2863
2863,b,2863
2863,a,2863
2862,a,2863
2864,e,2863
2860,a,2863
2859,e,2863
2860,b,2863
2860,f,2863
2860,e,2863
2859,f,2863
2859,b,2863
2859,a,2863
2864,f,2863
2861,b,2863
2861,f,2863
2861,e,2863
2861,a,2863
2865,f,2864
2864,b,2864
2864,f,2864
2863,c,2864
2863,d,2864
2863,b,2864
2865,d,2864
2865,c,2864
2863,f,2864
2864,c,2864
2864,d,2864
2865,b,2864
2860,b,2864
2860,d,2864
2860,c,2864
2860,f,2864
2861,b,2864
2861,d,2864
2861,c,2864
2862,b,2864
2861,f,2864
2862,c,2864
2862,f,2864
2862,d,2864
2861,e,2865
2865,d,2865
2865,e,2865
2862,e,2865
2862,f,2865
2866,d,2865
2866,c,2865
2866,f,2865
2866,e,2865
2864,e,2865
2864,f,2865
2864,c,2865
2864,d,2865
2862,c,2865
2865,c,2865
2863,d,2865
2863,c,2865
2863,f,2865
2863,e,2865
2862,d,2865
2865,f,2865
2861,f,2865
2861,c,2865
2861,d,2865
2867,e,2866
2866,e,2866
2865,e,2866
2866,f,2866
2865,f,2866
2867,f,2866
2862,e,2866
2862,f,2866
2863,f,2866
2863,e,2866
2864,f,2866
2864,e,2866
2868,f,2867
2867,f,2867
2867,d,2867
2863,d,2867
2866,f,2867
2866,d,2867
2863,f,2867
2868,d,2867
2864,f,2867
2865,d,2867
2865,f,2867
2864,d,2867
2868,c,2868
2868,e,2868
2864,e,2868
2867,e,2868
2867,c,2868
2865,c,2868
2865,e,2868
2869,c,2868
2869,e,2868
2866,e,2868
2864,c,2868
2866,c,2868
2869,c,2869
2870,e,2869
2870,c,2869
2869,e,2869
2868,e,2869
2868,c,2869
2867,e,2869
2867,c,2869
2865,e,2869
2866,c,2869
2866,e,2869
2865,c,2869
2866,f,2870
2870,e,2870
2871,f,2870
2871,e,2870
2869,e,2870
2869,f,2870
2870,f,2870
2868,e,2870
2868,f,2870
2866,e,2870
2867,f,2870
2867,e,2870
2871,f,2871
2867,f,2871
2872,f,2871
2870,f,2871
2870,b,2871
2871,b,2871
2867,b,2871
2872,b,2871
2868,b,2871
2869,f,2871
2869,b,2871
2868,f,2871
2872,c,2872
2872,f,2872
2873,c,2872
2871,f,2872
2871,c,2872
2868,c,2872
2868,f,2872
2870,f,2872
2870,c,2872
2869,c,2872
2869,f,2872
2873,f,2872
2874,e,2873
2872,e,2873
2869,e,2873
2873,e,2873
2871,e,2873
2870,e,2873
2874,f,2874
2871,f,2874
2872,f,2874
2875,f,2874
2870,f,2874
2873,f,2874
2875,e,2875
2875,a,2875
2874,e,2875
2874,a,2875
2871,e,2875
2871,a,2875
2876,a,2875
2873,a,2875
2876,e,2875
2872,a,2875
2872,e,2875
2873,e,2875
2876,b,2876
2876,d,2876
2876,f,2876
2875,f,2876
2875,d,2876
2875,b,2876
2872,b,2876
2877,b,2876
2873,b,2876
2874,f,2876
2874,d,2876
2874,b,2876
2872,d,2876
2872,f,2876
2873,f,2876
2873,d,2876
2877,f,2876
2877,d,2876
2876,f,2877
2877,c,2877
2876,c,2877
2877,f,2877
2878,f,2877
2878,c,2877
2873,f,2877
2873,c,2877
2874,f,2877
2875,c,2877
2874,c,2877
2875,f,2877
2875,a,2878
2874,e,2878
2876,a,2878
2876,e,2878
2875,e,2878
2877,e,2878
2879,e,2878
2879,a,2878
2877,a,2878
2878,a,2878
2874,a,2878
2878,e,2878
2878,a,2879
2880,f,2879
2879,f,2879
2878,d,2879
2880,a,2879
2879,a,2879
2879,b,2879
2879,d,2879
2880,d,2879
2880,b,2879
2878,b,2879
2878,f,2879
2877,d,2879
2876,d,2879
2876,b,2879
2876,a,2879
2875,f,2879
2877,f,2879
2877,b,2879
2877,a,2879
2876,f,2879
2875,a,2879
2875,b,2879
2875,d,2879
2879,b,2880
2879,d,2880
2879,c,2880
2879,f,2880
2877,f,2880
2880,c,2880
2880,f,2880
2881,b,2880
2881,d,2880
2881,c,2880
2881,f,2880
2880,d,2880
2880,b,2880
2877,c,2880
2878,c,2880
2877,d,2880
2876,b,2880
2878,f,2880
2877,b,2880
2876,f,2880
2876,c,2880
2876,d,2880
2878,b,2880
2878,d,2880
2881,e,2881
2880,e,2881
2880,f,2881
2880,c,2881
2877,e,2881
2877,f,2881
2882,c,2881
2882,f,2881
2882,e,2881
2877,c,2881
2879,e,2881
2879,f,2881
2879,c,2881
2878,c,2881
2878,f,2881
2878,e,2881
2881,f,2881
2881,c,2881
2878,e,2882
2882,f,2882
2882,e,2882
2881,f,2882
2881,e,2882
2883,f,2882
2880,e,2882
2880,f,2882
2883,e,2882
2878,f,2882
2879,f,2882
2879,e,2882
2880,f,2883
2883,a,2883
2883,f,2883
2882,f,2883
2882,a,2883
2879,a,2883
2879,f,2883
2884,a,2883
2884,f,2883
2881,f,2883
2881,a,2883
2880,a,2883
2884,b,2884
2884,d,2884
2883,d,2884
2883,b,2884
2885,b,2884
2885,d,2884
2881,b,2884
2880,b,2884
2880,d,2884
2882,d,2884
2882,b,2884
2881,d,2884
2881,d,2885
2886,d,2885
2886,c,2885
2884,c,2885
2884,d,2885
2885,d,2885
2885,c,2885
2883,c,2885
2883,d,2885
2882,d,2885
2882,c,2885
2881,c,2885
2886,e,2886
2886,f,2886
2887,f,2886
2887,e,2886
2882,e,2886
2882,f,2886
2885,e,2886
2885,f,2886
2884,e,2886
2884,f,2886
2883,f,2886
2883,e,2886
2884,f,2887
2888,f,2887
2887,f,2887
2885,f,2887
2883,f,2887
2886,f,2887
2889,e,2889
2888,e,2889
2886,e,2889
2885,e,2889
2887,e,2889
2890,e,2889
2887,f,2890
2890,f,2890
2888,f,2890
2891,f,2890
2886,f,2890
2889,f,2890
2892,d,2891
2891,d,2891
2890,d,2891
2887,d,2891
2889,d,2891
2888,d,2891
2893,b,2892
2889,f,2892
2891,f,2892
2891,b,2892
2888,b,2892
2892,f,2892
2892,b,2892
2890,f,2892
2890,b,2892
2888,f,2892
2889,b,2892
2893,f,2892
2893,c,2893
2893,f,2893
2892,f,2893
2892,c,2893
2889,c,2893
2894,c,2893
2894,f,2893
2891,f,2893
2891,c,2893
2889,f,2893
2890,c,2893
2890,f,2893
2893,e,2894
2891,e,2894
2892,e,2894
2895,e,2894
2894,e,2894
2890,e,2894
2894,b,2895
2894,f,2895
2896,f,2895
2895,f,2895
2896,b,2895
2895,b,2895
2893,f,2895
2893,b,2895
2891,b,2895
2891,f,2895
2892,b,2895
2892,f,2895
2893,c,2896
2897,f,2896
2893,d,2896
2896,f,2896
2896,c,2896
2896,d,2896
2895,f,2896
2897,c,2896
2895,d,2896
2895,c,2896
2894,d,2896
2893,f,2896
2892,f,2896
2892,c,2896
2892,d,2896
2897,d,2896
2894,f,2896
2894,c,2896
2895,f,2897
2895,e,2897
2894,e,2897
2898,e,2897
2898,f,2897
2897,f,2897
2897,e,2897
2894,f,2897
2893,e,2897
2896,f,2897
2896,e,2897
2893,f,2897
2898,f,2898
2899,d,2898
2897,f,2898
2898,d,2898
2897,d,2898
2899,f,2898
2896,f,2898
2894,f,2898
2896,d,2898
2895,d,2898
2895,f,2898
2894,d,2898
2899,c,2899
2899,f,2899
2898,c,2899
2900,f,2899
2898,f,2899
2900,c,2899
2897,f,2899
2897,c,2899
2895,f,2899
2896,c,2899
2896,f,2899
2895,c,2899
2900,e,2900
2899,e,2900
2899,c,2900
2901,c,2900
2896,c,2900
2898,e,2900
2898,c,2900
2896,e,2900
2897,e,2900
2897,c,2900
2901,e,2900
2900,c,2900
2901,e,2901
2902,e,2901
2900,e,2901
2899,e,2901
2898,e,2901
2897,e,2901
2900,f,2902
2898,f,2902
2901,f,2902
2902,f,2902
2903,f,2902
2899,f,2902
2904,a,2907
2905,d,2907
2905,a,2907
2907,a,2907
2906,d,2907
2903,d,2907
2904,d,2907
2908,a,2907
2906,a,2907
2903,a,2907
2907,d,2907
2908,d,2907
2908,d,2908
2907,a,2908
2907,b,2908
2908,f,2908
2907,f,2908
2908,a,2908
2908,b,2908
2909,a,2908
2909,b,2908
2907,d,2908
2909,d,2908
2909,f,2908
2906,f,2908
2904,a,2908
2904,b,2908
2905,d,2908
2906,d,2908
2905,b,2908
2905,a,2908
2906,b,2908
2906,a,2908
2904,f,2908
2905,f,2908
2904,d,2908
2908,b,2909
2906,b,2909
2908,c,2909
2909,f,2909
2909,c,2909
2909,d,2909
2909,b,2909
2908,d,2909
2908,f,2909
2910,b,2909
2910,c,2909
2910,f,2909
2906,d,2909
2907,f,2909
2907,c,2909
2907,d,2909
2907,b,2909
2905,b,2909
2905,d,2909
2905,c,2909
2910,d,2909
2906,c,2909
2906,f,2909
2905,f,2909
2910,e,2910
2909,e,2910
2909,c,2910
2909,f,2910
2910,c,2910
2910,f,2910
2911,e,2910
2907,c,2910
2911,c,2910
2906,c,2910
2908,e,2910
2908,f,2910
2908,c,2910
2906,f,2910
2906,e,2910
2911,f,2910
2907,f,2910
2907,e,2910
2911,f,2911
2911,e,2911
2910,e,2911
2910,f,2911
2912,e,2911
2907,e,2911
2909,e,2911
2909,f,2911
2908,f,2911
2908,e,2911
2912,f,2911
2907,f,2911
2911,c,2912
2911,f,2912
2912,f,2912
2912,c,2912
2910,f,2912
2910,c,2912
2909,f,2912
2909,c,2912
2908,f,2912
2908,c,2912
2913,f,2912
2913,c,2912
2910,e,2913
2909,e,2913
2911,e,2913
2914,e,2913
2912,e,2913
2913,e,2913
2913,d,2914
2915,d,2914
2914,d,2914
2912,d,2914
2911,d,2914
2910,d,2914
2912,f,2915
2913,f,2915
2911,f,2915
2914,f,2915
2915,f,2915
2916,f,2915
2918,d,2918
2919,d,2918
2917,d,2918
2916,d,2918
2915,d,2918
2914,d,2918
2916,f,2919
2915,f,2919
2917,f,2919
2920,f,2919
2919,f,2919
2918,f,2919
2920,c,2920
2920,a,2920
2919,c,2920
2919,a,2920
2921,c,2920
2921,a,2920
2918,a,2920
2916,a,2920
2917,c,2920
2916,c,2920
2917,a,2920
2918,c,2920
2918,b,2921
2921,b,2921
2921,d,2921
2921,e,2921
2920,e,2921
2920,d,2921
2920,b,2921
2922,b,2921
2922,e,2921
2922,d,2921
2918,e,2921
2919,e,2921
2918,d,2921
2919,d,2921
2919,b,2921
2917,b,2921
2917,d,2921
2917,e,2921
2923,c,2922
2923,b,2922
2921,b,2922
2922,c,2922
2921,c,2922
2922,b,2922
2921,f,2922
2923,f,2922
2922,f,2922
2920,c,2922
2919,f,2922
2918,b,2922
2918,f,2922
2919,b,2922
2919,c,2922
2918,c,2922
2920,f,2922
2920,b,2922
2919,e,2923
2924,e,2923
2920,e,2923
2922,e,2923
2922,f,2923
2922,c,2923
2920,f,2923
2920,c,2923
2923,e,2923
2919,f,2923
2924,f,2923
2923,c,2923
2923,f,2923
2921,e,2923
2921,f,2923
2921,c,2923
2919,c,2923
2924,c,2923
2920,f,2924
2924,e,2924
2925,f,2924
2925,e,2924
2924,f,2924
2923,e,2924
2922,e,2924
2920,e,2924
2922,f,2924
2921,e,2924
2921,f,2924
2923,f,2924
2923,f,2925
2922,f,2925
2921,f,2925
2924,f,2925
2925,f,2925
2926,f,2925
2926,e,2928
2928,e,2928
2927,e,2928
2929,e,2928
2925,e,2928
2924,e,2928
2925,d,2929
2929,f,2929
2930,d,2929
2928,f,2929
2928,d,2929
2930,f,2929
2925,f,2929
2929,d,2929
2927,f,2929
2927,d,2929
2926,f,2929
2926,d,2929
2931,c,2930
2931,f,2930
2929,f,2930
2929,c,2930
2930,f,2930
2930,c,2930
2927,c,2930
2928,f,2930
2928,c,2930
2927,f,2930
2926,c,2930
2926,f,2930
2932,e,2931
2928,e,2931
2929,e,2931
2931,e,2931
2927,e,2931
2930,e,2931
2932,f,2932
2931,f,2932
2931,c,2932
2933,c,2932
2933,f,2932
2928,c,2932
2930,f,2932
2932,c,2932
2928,f,2932
2929,f,2932
2929,c,2932
2930,c,2932
2932,e,2933
2934,f,2933
2934,e,2933
2932,f,2933
2933,e,2933
2933,f,2933
2931,e,2933
2931,f,2933
2929,f,2933
2929,e,2933
2930,f,2933
2930,e,2933
2931,e,2934
2935,e,2934
2935,f,2934
2934,e,2934
2933,e,2934
2933,f,2934
2934,f,2934
2931,f,2934
2932,f,2934
2932,e,2934
2930,e,2934
2930,f,2934
2934,f,2935
2931,f,2935
2932,f,2935
2936,f,2935
2933,f,2935
2935,f,2935
2935,a,2936
2935,f,2936
2937,f,2936
2937,e,2936
2935,e,2936
2937,a,2936
2936,e,2936
2936,f,2936
2934,e,2936
2936,a,2936
2934,a,2936
2932,e,2936
2932,f,2936
2932,a,2936
2933,a,2936
2934,f,2936
2933,e,2936
2933,f,2936
2938,f,2937
2938,e,2937
2938,d,2937
2938,b,2937
2937,b,2937
2937,d,2937
2936,e,2937
2936,f,2937
2936,c,2937
2936,d,2937
2936,b,2937
2937,c,2937
2937,f,2937
2938,c,2937
2937,e,2937
2934,b,2937
2933,c,2937
2934,f,2937
2934,e,2937
2935,b,2937
2933,e,2937
2933,f,2937
2934,c,2937
2933,d,2937
2934,d,2937
2935,d,2937
2935,c,2937
2935,f,2937
2935,e,2937
2933,b,2937
2938,c,2938
2937,e,2938
2939,e,2938
2938,e,2938
2935,e,2938
2937,c,2938
2939,c,2938
2934,e,2938
2935,c,2938
2936,c,2938
2936,e,2938
2934,c,2938
2939,e,2939
2938,e,2939
2936,e,2939
2935,e,2939
2940,e,2939
2937,e,2939
2939,c,2940
2941,f,2940
2939,f,2940
2940,a,2940
2940,c,2940
2940,f,2940
2939,a,2940
2941,a,2940
2941,c,2940
2937,f,2940
2936,a,2940
2936,f,2940
2936,c,2940
2937,a,2940
2938,a,2940
2937,c,2940
2938,f,2940
2938,c,2940
2942,b,2941
2942,d,2941
2941,d,2941
2941,b,2941
2942,e,2941
2938,d,2941
2940,e,2941
2940,d,2941
2940,b,2941
2941,e,2941
2938,e,2941
2937,b,2941
2937,d,2941
2939,b,2941
2939,d,2941
2938,b,2941
2939,e,2941
2937,e,2941
2938,c,2942
2939,c,2942
2943,f,2942
2940,f,2942
2940,c,2942
2939,f,2942
2941,c,2942
2941,f,2942
2942,f,2942
2942,c,2942
2938,f,2942
2943,c,2942
2943,e,2943
2942,e,2943
2944,e,2943
2941,e,2943
2940,e,2943
2939,e,2943
2945,f,2944
2941,f,2944
2941,a,2944
2944,a,2944
2942,a,2944
2942,f,2944
2940,f,2944
2945,a,2944
2943,f,2944
2943,a,2944
2944,f,2944
2940,a,2944
2945,b,2945
2945,d,2945
2944,b,2945
2944,d,2945
2942,b,2945
2946,b,2945
2943,d,2945
2943,b,2945
2946,d,2945
2941,b,2945
2941,d,2945
2942,d,2945
2946,a,2946
2946,c,2946
2946,f,2946
2945,f,2946
2945,c,2946
2945,a,2946
2947,a,2946
2947,c,2946
2943,a,2946
2943,c,2946
2942,f,2946
2943,f,2946
2942,c,2946
2942,a,2946
2944,a,2946
2947,f,2946
2944,f,2946
2944,c,2946
2946,d,2947
2946,e,2947
2947,a,2947
2947,e,2947
2948,a,2947
2948,e,2947
2946,a,2947
2948,b,2947
2948,d,2947
2947,d,2947
2947,b,2947
2946,b,2947
2943,a,2947
2944,e,2947
2944,d,2947
2944,b,2947
2944,a,2947
2943,e,2947
2945,a,2947
2945,b,2947
2943,b,2947
2945,e,2947
2943,d,2947
2945,d,2947
2949,b,2948
2944,b,2948
2947,f,2948
2947,c,2948
2947,d,2948
2947,b,2948
2945,f,2948
2948,f,2948
2948,d,2948
2948,b,2948
2949,d,2948
2948,c,2948
2949,f,2948
2945,c,2948
2945,d,2948
2945,b,2948
2949,c,2948
2944,c,2948
2946,b,2948
2944,f,2948
2946,c,2948
2946,f,2948
2946,d,2948
2944,d,2948
2950,c,2949
2949,e,2949
2948,e,2949
2948,f,2949
2948,c,2949
2949,f,2949
2949,c,2949
2950,f,2949
2950,e,2949
2945,c,2949
2947,c,2949
2947,e,2949
2945,f,2949
2945,e,2949
2946,c,2949
2947,f,2949
2946,e,2949
2946,f,2949
2946,e,2950
2946,f,2950
2946,a,2950
2949,e,2950
2950,a,2950
2950,f,2950
2950,e,2950
2951,e,2950
2949,a,2950
2949,f,2950
2951,a,2950
2948,a,2950
2948,e,2950
2948,f,2950
2951,f,2950
2947,e,2950
2947,f,2950
2947,a,2950
2947,d,2951
2951,b,2951
2951,d,2951
2951,f,2951
2950,f,2951
2950,d,2951
2950,b,2951
2947,b,2951
2947,f,2951
2949,b,2951
2952,b,2951
2952,d,2951
2952,f,2951
2948,f,2951
2948,d,2951
2949,f,2951
2949,d,2951
2948,b,2951
2953,e,2952
2952,e,2952
2951,f,2952
2951,e,2952
2952,f,2952
2952,c,2952
2951,c,2952
2953,c,2952
2953,f,2952
2948,e,2952
2949,f,2952
2949,e,2952
2950,e,2952
2950,f,2952
2950,c,2952
2949,c,2952
2948,c,2952
2948,f,2952
2952,f,2953
2952,e,2953
2950,e,2953
2953,e,2953
2954,c,2953
2954,f,2953
2953,f,2953
2953,c,2953
2952,c,2953
2949,c,2953
2950,f,2953
2950,c,2953
2949,e,2953
2954,e,2953
2951,f,2953
2951,c,2953
2951,e,2953
2949,f,2953
2951,e,2954
2953,e,2954
2950,e,2954
2955,e,2954
2952,e,2954
2954,e,2954
2957,d,2956
2955,d,2956
2956,d,2956
2953,d,2956
2952,d,2956
2954,d,2956
2954,f,2957
2957,e,2957
2957,f,2957
2956,e,2957
2958,e,2957
2956,f,2957
2955,e,2957
2955,f,2957
2953,f,2957
2953,e,2957
2954,e,2957
2958,f,2957
2956,f,2958
2959,f,2958
2958,f,2958
2954,f,2958
2957,f,2958
2955,f,2958
2960,b,2959
2958,b,2959
2959,b,2959
2957,b,2959
2956,b,2959
2955,b,2959
2960,c,2960
2957,f,2960
2957,c,2960
2956,f,2960
2956,c,2960
2958,c,2960
2958,f,2960
2960,f,2960
2961,f,2960
2961,c,2960
2959,c,2960
2959,f,2960
2960,c,2961
2957,c,2961
2961,e,2961
2960,e,2961
2961,c,2961
2962,e,2961
2957,e,2961
2959,e,2961
2959,c,2961
2958,c,2961
2958,e,2961
2962,c,2961
2958,e,2962
2961,e,2962
2961,f,2962
2958,f,2962
2963,f,2962
2963,e,2962
2960,e,2962
2960,f,2962
2959,f,2962
2959,e,2962
2962,e,2962
2962,f,2962
2963,f,2963
2964,f,2963
2962,f,2963
2961,f,2963
2959,f,2963
2960,f,2963
2961,e,2964
2965,e,2964
2963,e,2964
2964,e,2964
2960,e,2964
2962,e,2964
2962,f,2965
2961,f,2965
2964,f,2965
2965,f,2965
2966,f,2965
2963,f,2965
2963,c,2967
2964,c,2967
2965,c,2967
2968,c,2967
2966,c,2967
2967,c,2967
2968,e,2968
2969,e,2968
2967,e,2968
2966,e,2968
2965,e,2968
2964,e,2968
2965,f,2969
2967,f,2969
2968,f,2969
2969,f,2969
2966,f,2969
2970,f,2969
2971,c,2972
2973,c,2972
2970,c,2972
2972,c,2972
2969,c,2972
2968,c,2972
2973,e,2973
2973,f,2973
2972,f,2973
2972,e,2973
2974,f,2973
2974,e,2973
2969,f,2973
2971,e,2973
2971,f,2973
2970,e,2973
2970,f,2973
2969,e,2973
2974,f,2974
2971,f,2974
2975,f,2974
2973,f,2974
2970,f,2974
2972,f,2974
2975,e,2977
2976,e,2977
2976,f,2977
2978,e,2977
2977,e,2977
2977,f,2977
2978,f,2977
2974,e,2977
2974,f,2977
2973,f,2977
2973,e,2977
2975,f,2977
2974,f,2978
2978,a,2978
2978,f,2978
2977,f,2978
2977,a,2978
2979,a,2978
2979,f,2978
2976,f,2978
2976,a,2978
2975,f,2978
2974,a,2978
2975,a,2978
2978,d,2979
2978,b,2979
2979,d,2979
2980,b,2979
2979,b,2979
2980,d,2979
2977,d,2979
2977,b,2979
2975,b,2979
2975,d,2979
2976,b,2979
2976,d,2979
2979,f,2980
2981,f,2980
2977,f,2980
2980,f,2980
2980,c,2980
2980,a,2980
2981,c,2980
2979,c,2980
2979,a,2980
2976,a,2980
2981,a,2980
2976,c,2980
2978,f,2980
2978,c,2980
2978,a,2980
2977,c,2980
2977,a,2980
2976,f,2980
2977,d,2981
2981,b,2981
2981,d,2981
2981,e,2981
2977,e,2981
2980,e,2981
2980,d,2981
2980,b,2981
2977,b,2981
2982,d,2981
2982,e,2981
2979,e,2981
2979,d,2981
2979,b,2981
2978,b,2981
2978,d,2981
2978,e,2981
2982,b,2981
2983,c,2982
2982,c,2982
2982,f,2982
2981,c,2982
2983,f,2982
2981,f,2982
2978,f,2982
2980,f,2982
2980,c,2982
2979,c,2982
2979,f,2982
2978,c,2982
2983,f,2983
2983,e,2983
2982,e,2983
2982,f,2983
2979,f,2983
2979,e,2983
2984,f,2983
2984,e,2983
2981,e,2983
2981,f,2983
2980,f,2983
2980,e,2983
2984,d,2984
2984,f,2984
2985,b,2984
2985,d,2984
2983,f,2984
2983,d,2984
2983,b,2984
2985,f,2984
2984,b,2984
2980,f,2984
2980,d,2984
2980,b,2984
2981,b,2984
2982,f,2984
2982,d,2984
2982,b,2984
2981,d,2984
2981,f,2984
2981,f,2985
2985,d,2985
2986,d,2985
2986,c,2985
2984,f,2985
2984,c,2985
2984,d,2985
2981,d,2985
2985,f,2985
2985,c,2985
2986,f,2985
2983,f,2985
2983,c,2985
2983,d,2985
2982,d,2985
2982,c,2985
2982,f,2985
2981,c,2985
2987,f,2986
2986,f,2986
2986,e,2986
2985,e,2986
2987,e,2986
2983,f,2986
2985,f,2986
2982,e,2986
2984,e,2986
2984,f,2986
2982,f,2986
2983,e,2986
2988,f,2987
2986,f,2987
2984,f,2987
2985,f,2987
2983,f,2987
2987,f,2987
2989,a,2989
2988,d,2989
2988,a,2989
2989,d,2989
2990,a,2989
2987,d,2989
2990,d,2989
2986,d,2989
2986,a,2989
2985,a,2989
2985,d,2989
2987,a,2989
2986,f,2990
2990,b,2990
2990,d,2990
2990,f,2990
2989,f,2990
2989,d,2990
2989,b,2990
2991,b,2990
2988,f,2990
2988,d,2990
2988,b,2990
2986,b,2990
2991,f,2990
2986,d,2990
2987,d,2990
2987,b,2990
2991,d,2990
2987,f,2990
2991,f,2991
2991,c,2991
2990,f,2991
2990,c,2991
2988,f,2991
2992,f,2991
2987,c,2991
2987,f,2991
2988,c,2991
2992,c,2991
2989,c,2991
2989,f,2991
2988,e,2992
2993,e,2992
2989,e,2992
2991,e,2992
2992,e,2992
2990,e,2992
2993,c,2993
2992,f,2993
2993,f,2993
2994,f,2993
2992,c,2993
2994,c,2993
2990,f,2993
2989,c,2993
2989,f,2993
2990,c,2993
2991,f,2993
2991,c,2993
2990,a,2994
2994,e,2994
2995,a,2994
2993,a,2994
2995,e,2994
2992,a,2994
2990,e,2994
2991,a,2994
2991,e,2994
2994,a,2994
2992,e,2994
2993,e,2994
2994,b,2995
2994,d,2995
2991,d,2995
2995,d,2995
2996,b,2995
2995,b,2995
2994,f,2995
2996,d,2995
2993,d,2995
2993,f,2995
2991,b,2995
2993,b,2995
2992,f,2995
2992,d,2995
2992,b,2995
2991,f,2995
2996,f,2995
2995,f,2995
2996,c,2996
2996,f,2996
2997,c,2996
2997,f,2996
2995,f,2996
2995,c,2996
2992,c,2996
2992,f,2996
2993,c,2996
2994,f,2996
2994,c,2996
2993,f,2996
2994,e,2997
2997,e,2997
2996,e,2997
2995,e,2997
2993,e,2997
2998,e,2997
2997,f,2998
2996,f,2998
2994,f,2998
2999,f,2998
2995,f,2998
2998,f,2998
3000,a,2999
2998,a,2999
2999,a,2999
2995,a,2999
2997,a,2999
2996,a,2999
3001,d,3000
3001,b,3000
3000,d,3000
3000,b,3000
2997,b,3000
2999,d,3000
2999,b,3000
2996,b,3000
2997,d,3000
2998,d,3000
2996,d,3000
2998,b,3000
2997,f,3001
2997,c,3001
3001,c,3001
3000,f,3001
3000,c,3001
3001,f,3001
3002,c,3001
2999,f,3001
2999,c,3001
2998,c,3001
2998,f,3001
3002,f,3001
3003,a,3002
3001,e,3002
3002,e,3002
3002,a,3002
3001,a,3002
3003,e,3002
2998,a,3002
2998,e,3002
3000,a,3002
2999,e,3002
2999,a,3002
3000,e,3002
3003,d,3003
3002,f,3003
3003,f,3003
3004,f,3003
3004,b,3003
3004,d,3003
3002,d,3003
3002,b,3003
3003,b,3003
3001,d,3003
2999,f,3003
2999,b,3003
3001,f,3003
3001,b,3003
3000,b,3003
3000,d,3003
3000,f,3003
2999,d,3003
3004,a,3004
3004,c,3004
3004,f,3004
3003,f,3004
3005,f,3004
3003,a,3004
3000,a,3004
3000,c,3004
3003,c,3004
3002,f,3004
3002,c,3004
3002,a,3004
3000,f,3004
3005,a,3004
3001,a,3004
3001,c,3004
3001,f,3004
3005,c,3004
3004,e,3005
3005,e,3005
3005,d,3005
3004,b,3005
3004,d,3005
3001,d,3005
3003,e,3005
3003,d,3005
3003,b,3005
3006,b,3005
3006,d,3005
3002,e,3005
3002,d,3005
3002,b,3005
3006,e,3005
3001,e,3005
3001,b,3005
3005,b,3005
3006,f,3006
3007,c,3006
3005,f,3006
3005,c,3006
3003,f,3006
3004,f,3006
3004,c,3006
3003,c,3006
3002,f,3006
3002,c,3006
3007,f,3006
3006,c,3006
3007,e,3007
3008,e,3007
3006,e,3007
3003,e,3007
3005,e,3007
3004,e,3007
3005,f,3008
3006,f,3008
3004,f,3008
3007,f,3008
3008,f,3008
3009,f,3008
3006,c,3009
3005,c,3009
3007,c,3009
3010,c,3009
3008,c,3009
3009,c,3009
3011,e,3010
3010,e,3010
3009,e,3010
3008,e,3010
3006,e,3010
3007,e,3010
3012,f,3011
3009,f,3011
3007,f,3011
3010,f,3011
3011,f,3011
3008,f,3011
3013,e,3013
3011,e,3013
3014,e,3013
3010,e,3013
3009,e,3013
3012,e,3013
3013,f,3014
3013,b,3014
3014,f,3014
3012,f,3014
3014,b,3014
3015,b,3014
3015,f,3014
3011,f,3014
3011,b,3014
3010,b,3014
3010,f,3014
3012,b,3014
3011,c,3015
3015,b,3015
3015,c,3015
3015,f,3015
3014,f,3015
3014,c,3015
3014,b,3015
3016,b,3015
3016,c,3015
3016,f,3015
3013,f,3015
3013,c,3015
3013,b,3015
3011,b,3015
3012,f,3015
3012,c,3015
3012,b,3015
3011,f,3015
3016,f,3016
3017,e,3016
3017,c,3016
3017,f,3016
3015,e,3016
3015,f,3016
3015,c,3016
3016,c,3016
3016,e,3016
3012,c,3016
3014,e,3016
3014,f,3016
3014,c,3016
3012,e,3016
3013,c,3016
3013,f,3016
3012,f,3016
3013,e,3016
3017,f,3017
3017,e,3017
3018,f,3017
3016,e,3017
3016,f,3017
3013,f,3017
3018,e,3017
3015,e,3017
3015,f,3017
3014,f,3017
3014,e,3017
3013,e,3017
3018,d,3018
3018,f,3018
3017,f,3018
3017,d,3018
3014,d,3018
3019,d,3018
3019,f,3018
3016,f,3018
3015,d,3018
3014,f,3018
3016,d,3018
3015,f,3018
3016,f,3019
3019,f,3019
3017,f,3019
3018,f,3019
3020,f,3019
3015,f,3019
3021,a,3020
3020,d,3020
3021,d,3020
3020,a,3020
3019,d,3020
3019,a,3020
3016,a,3020
3018,d,3020
3018,a,3020
3017,a,3020
3017,d,3020
3016,d,3020
3021,b,3021
3021,d,3021
3020,d,3021
3020,b,3021
3017,b,3021
3018,d,3021
3022,d,3021
3019,d,3021
3019,b,3021
3017,d,3021
3018,b,3021
3022,b,3021
3022,c,3022
3021,f,3022
3021,c,3022
3022,f,3022
3018,c,3022
3020,f,3022
3023,f,3022
3020,c,3022
3019,f,3022
3019,c,3022
3018,f,3022
3023,c,3022
3020,e,3023
3021,e,3023
3019,e,3023
3022,e,3023
3023,e,3023
3024,e,3023
3023,f,3024
3024,f,3024
3021,f,3024
3025,f,3024
3022,f,3024
3020,f,3024
3024,f,3025
3022,f,3025
3021,f,3025
3023,f,3025
3025,f,3025
3026,f,3025
3025,a,3026
3025,d,3026
3027,a,3026
3027,d,3026
3026,d,3026
3026,e,3026
3027,e,3026
3025,e,3026
3026,a,3026
3022,d,3026
3022,e,3026
3023,d,3026
3023,a,3026
3024,a,3026
3023,e,3026
3024,e,3026
3024,d,3026
3022,a,3026
3026,f,3027
3027,d,3027
3027,b,3027
3026,d,3027
3026,b,3027
3026,a,3027
3027,a,3027
3027,f,3027
3023,a,3027
3024,a,3027
3023,d,3027
3024,b,3027
3024,d,3027
3024,f,3027
3028,f,3027
3028,d,3027
3025,f,3027
3025,d,3027
3025,b,3027
3025,a,3027
3023,b,3027
3023,f,3027
3028,a,3027
3028,b,3027
3027,b,3028
3028,f,3028
3027,d,3028
3027,c,3028
3027,f,3028
3028,b,3028
3029,b,3028
3028,c,3028
3029,d,3028
3026,b,3028
3029,f,3028
3024,b,3028
3024,d,3028
3024,c,3028
3024,f,3028
3025,b,3028
3025,d,3028
3029,c,3028
3025,f,3028
3025,c,3028
3026,d,3028
3026,c,3028
3026,f,3028
3028,d,3028
3030,f,3029
3030,c,3029
3028,e,3029
3028,f,3029
3028,c,3029
3029,e,3029
3029,f,3029
3029,c,3029
3030,e,3029
3025,f,3029
3025,e,3029
3027,e,3029
3026,c,3029
3026,f,3029
3026,e,3029
3027,f,3029
3027,c,3029
3025,c,3029
3030,f,3030
3030,e,3030
3031,f,3030
3029,e,3030
3029,f,3030
3026,f,3030
3026,e,3030
3028,e,3030
3028,f,3030
3027,f,3030
3027,e,3030
3031,e,3030
3031,c,3031
3031,f,3031
3032,c,3031
3032,f,3031
3027,f,3031
3030,c,3031
3027,c,3031
3030,f,3031
3028,c,3031
3028,f,3031
3029,c,3031
3029,f,3031
3031,c,3032
3033,e,3032
3032,e,3032
3032,c,3032
3032,a,3032
3031,e,3032
3031,a,3032
3028,a,3032
3028,c,3032
3028,e,3032
3033,c,3032
3033,a,3032
3030,e,3032
3030,c,3032
3030,a,3032
3029,e,3032
3029,c,3032
3029,a,3032
3034,e,3033
3033,b,3033
3033,d,3033
3033,e,3033
3032,e,3033
3032,d,3033
3032,b,3033
3029,b,3033
3030,e,3033
3034,b,3033
3031,e,3033
3031,d,3033
3031,b,3033
3029,e,3033
3030,b,3033
3030,d,3033
3034,d,3033
3029,d,3033
3033,c,3034
3033,f,3034
3030,c,3034
3035,f,3034
3032,f,3034
3032,c,3034
3031,f,3034
3031,c,3034
3030,f,3034
3034,c,3034
3035,c,3034
3034,f,3034
3035,e,3035
3036,e,3035
3034,e,3035
3033,e,3035
3032,e,3035
3031,e,3035
3034,f,3036
3037,f,3036
3036,f,3036
3033,f,3036
3035,f,3036
3032,f,3036
3039,e,3038
3038,e,3038
3037,e,3038
3034,e,3038
3035,e,3038
3036,e,3038
3036,f,3039
3037,d,3039
3037,f,3039
3040,f,3039
3035,f,3039
3038,d,3039
3038,f,3039
3036,d,3039
3035,d,3039
3039,d,3039
3039,f,3039
3040,d,3039
3041,f,3040
3040,f,3040
3038,f,3040
3037,f,3040
3036,f,3040
3039,f,3040
3045,d,3044
3044,d,3044
3042,d,3044
3043,d,3044
3041,d,3044
3040,d,3044
3046,f,3045
3041,f,3045
3044,f,3045
3042,f,3045
3045,f,3045
3043,f,3045
3047,d,3047
3046,d,3047
3046,b,3047
3047,b,3047
3048,b,3047
3048,d,3047
3043,d,3047
3043,b,3047
3045,b,3047
3044,d,3047
3044,b,3047
3045,d,3047
3049,f,3048
3047,f,3048
3047,c,3048
3048,f,3048
3049,c,3048
3048,c,3048
3046,c,3048
3046,f,3048
3044,c,3048
3045,f,3048
3045,c,3048
3044,f,3048
3046,e,3049
3050,e,3049
3050,f,3049
3050,d,3049
3046,d,3049
3049,e,3049
3049,f,3049
3049,d,3049
3048,e,3049
3048,f,3049
3046,f,3049
3045,d,3049
3048,d,3049
3047,e,3049
3047,f,3049
3047,d,3049
3045,f,3049
3045,e,3049
3048,f,3050
3051,f,3050
3047,f,3050
3049,f,3050
3050,f,3050
3046,f,3050
3052,d,3051
3051,d,3051
3050,d,3051
3049,d,3051
3047,d,3051
3048,d,3051
3050,f,3052
3049,f,3052
3052,f,3052
3048,f,3052
3051,f,3052
3053,f,3052
3052,a,3053
3053,a,3053
3054,a,3053
3049,a,3053
3050,a,3053
3051,a,3053
3054,a,3054
3054,d,3054
3053,d,3054
3053,b,3054
3053,a,3054
3055,a,3054
3055,b,3054
3055,d,3054
3054,b,3054
3052,d,3054
3050,a,3054
3051,a,3054
3050,d,3054
3050,b,3054
3051,b,3054
3052,a,3054
3051,d,3054
3052,b,3054
3055,c,3055
3055,b,3055
3055,f,3055
3054,f,3055
3056,d,3055
3054,d,3055
3054,b,3055
3056,f,3055
3056,b,3055
3055,d,3055
3052,b,3055
3054,c,3055
3051,c,3055
3052,d,3055
3052,c,3055
3052,f,3055
3051,f,3055
3051,d,3055
3051,b,3055
3056,c,3055
3053,d,3055
3053,c,3055
3053,f,3055
3053,b,3055
3053,e,3056
3053,f,3056
3056,c,3056
3056,f,3056
3056,e,3056
3053,c,3056
3055,e,3056
3055,f,3056
3055,c,3056
3052,c,3056
3052,f,3056
3057,c,3056
3057,f,3056
3057,e,3056
3054,e,3056
3054,f,3056
3054,c,3056
3052,e,3056
3058,e,3057
3056,e,3057
3057,f,3057
3057,e,3057
3058,f,3057
3056,f,3057
3055,e,3057
3055,f,3057
3053,f,3057
3053,e,3057
3054,f,3057
3054,e,3057
3057,b,3058
3058,f,3058
3058,b,3058
3057,f,3058
3059,f,3058
3054,b,3058
3059,b,3058
3055,f,3058
3055,b,3058
3056,b,3058
3056,f,3058
3054,f,3058
3060,f,3059
3055,f,3059
3059,c,3059
3058,f,3059
3058,c,3059
3059,f,3059
3060,c,3059
3057,f,3059
3057,c,3059
3056,c,3059
3056,f,3059
3055,c,3059
3059,e,3060
3060,e,3060
3060,b,3060
3059,b,3060
3058,e,3060
3061,b,3060
3058,b,3060
3056,b,3060
3057,e,3060
3056,e,3060
3061,e,3060
3057,b,3060
3061,a,3061
3061,c,3061
3060,c,3061
3060,a,3061
3062,c,3061
3062,a,3061
3059,c,3061
3059,a,3061
3057,a,3061
3057,c,3061
3058,a,3061
3058,c,3061
3063,d,3062
3061,e,3062
3061,d,3062
3062,d,3062
3063,e,3062
3061,b,3062
3062,e,3062
3062,b,3062
3063,b,3062
3060,b,3062
3059,e,3062
3058,b,3062
3058,d,3062
3060,e,3062
3060,d,3062
3058,e,3062
3059,b,3062
3059,d,3062
3063,e,3063
3064,c,3063
3064,e,3063
3062,e,3063
3062,f,3063
3062,c,3063
3063,c,3063
3064,f,3063
3061,e,3063
3061,f,3063
3061,c,3063
3059,f,3063
3059,e,3063
3060,c,3063
3060,f,3063
3060,e,3063
3059,c,3063
3063,f,3063
3064,e,3064
3065,f,3064
3065,e,3064
3064,f,3064
3063,e,3064
3063,f,3064
3060,e,3064
3060,f,3064
3061,f,3064
3062,e,3064
3062,f,3064
3061,e,3064
3063,f,3065
3065,f,3065
3062,f,3065
3061,f,3065
3064,f,3065
3066,f,3065
3062,d,3066
3066,d,3066
3065,d,3066
3065,b,3066
3067,b,3066
3064,d,3066
3064,b,3066
3063,d,3066
3063,b,3066
3062,b,3066
3067,d,3066
3066,b,3066
3067,c,3067
3067,f,3067
3068,c,3067
3068,f,3067
3066,f,3067
3066,c,3067
3065,f,3067
3065,c,3067
3064,f,3067
3064,c,3067
3063,f,3067
3063,c,3067
3065,e,3068
3066,e,3068
3064,e,3068
3069,e,3068
3067,e,3068
3068,e,3068
3069,f,3069
3068,f,3069
3067,f,3069
3066,f,3069
3065,f,3069
3070,f,3069
3073,d,3072
3071,d,3072
3072,d,3072
3068,d,3072
3069,d,3072
3070,d,3072
3070,f,3073
3069,f,3073
3071,f,3073
3072,f,3073
3073,f,3073
3074,f,3073
3077,e,3076
3074,e,3076
3076,e,3076
3073,e,3076
3072,e,3076
3075,e,3076
3078,e,3077
3077,f,3077
3076,e,3077
3076,f,3077
3078,f,3077
3077,e,3077
3073,f,3077
3075,f,3077
3075,e,3077
3073,e,3077
3074,f,3077
3074,e,3077
3079,e,3078
3079,f,3078
3078,e,3078
3078,f,3078
3077,e,3078
3077,f,3078
3075,f,3078
3075,e,3078
3076,e,3078
3076,f,3078
3074,e,3078
3074,f,3078
3080,a,3079
3075,a,3079
3079,a,3079
3078,f,3079
3078,a,3079
3075,f,3079
3080,f,3079
3079,f,3079
3077,f,3079
3077,a,3079
3076,a,3079
3076,f,3079
3079,b,3080
3079,d,3080
3080,d,3080
3080,b,3080
3081,b,3080
3081,d,3080
3076,b,3080
3078,d,3080
3076,d,3080
3077,d,3080
3077,b,3080
3078,b,3080
3081,f,3081
3081,e,3081
3082,c,3081
3082,f,3081
3082,e,3081
3080,e,3081
3080,f,3081
3080,c,3081
3081,c,3081
3077,c,3081
3079,e,3081
3079,f,3081
3079,c,3081
3077,f,3081
3077,e,3081
3078,c,3081
3078,f,3081
3078,e,3081
3081,f,3082
3082,e,3082
3082,f,3082
3081,e,3082
3083,e,3082
3083,f,3082
3078,e,3082
3079,e,3082
3079,f,3082
3080,f,3082
3080,e,3082
3078,f,3082
3083,a,3083
3083,f,3083
3082,f,3083
3082,a,3083
3079,a,3083
3084,a,3083
3084,f,3083
3081,f,3083
3081,a,3083
3080,a,3083
3080,f,3083
3079,f,3083
3083,b,3084
3084,d,3084
3084,b,3084
3083,d,3084
3082,b,3084
3085,b,3084
3082,d,3084
3085,d,3084
3080,b,3084
3080,d,3084
3081,b,3084
3081,d,3084
3085,c,3085
3085,f,3085
3084,f,3085
3084,c,3085
3086,c,3085
3086,f,3085
3081,c,3085
3083,f,3085
3083,c,3085
3081,f,3085
3082,c,3085
3082,f,3085
3087,c,3086
3085,e,3086
3086,c,3086
3087,e,3086
3085,c,3086
3085,b,3086
3086,e,3086
3086,b,3086
3087,b,3086
3083,c,3086
3082,b,3086
3084,e,3086
3084,c,3086
3084,b,3086
3082,c,3086
3082,e,3086
3083,b,3086
3083,e,3086
3083,c,3087
3087,c,3087
3087,f,3087
3088,c,3087
3088,f,3087
3086,e,3087
3086,f,3087
3086,c,3087
3087,e,3087
3083,f,3087
3088,e,3087
3085,e,3087
3085,f,3087
3085,c,3087
3083,e,3087
3084,c,3087
3084,f,3087
3084,e,3087
3088,f,3088
3088,e,3088
3087,f,3088
3089,e,3088
3089,f,3088
3087,e,3088
3086,e,3088
3086,f,3088
3085,e,3088
3085,f,3088
3084,e,3088
3084,f,3088
3087,f,3089
3090,f,3089
3085,f,3089
3088,f,3089
3086,f,3089
3089,f,3089
3092,e,3091
3089,e,3091
3088,e,3091
3090,e,3091
3087,e,3091
3091,e,3091
3091,f,3092
3092,f,3092
3093,f,3092
3090,f,3092
3089,f,3092
3088,f,3092
3092,a,3093
3091,a,3093
3094,a,3093
3093,a,3093
3090,a,3093
3089,a,3093
3094,d,3094
3094,b,3094
3093,d,3094
3093,b,3094
3091,d,3094
3095,b,3094
3090,b,3094
3090,d,3094
3091,b,3094
3092,d,3094
3095,d,3094
3092,b,3094
3091,c,3095
3093,c,3095
3093,f,3095
3096,f,3095
3096,c,3095
3092,f,3095
3094,c,3095
3094,f,3095
3095,f,3095
3095,c,3095
3091,f,3095
3092,c,3095
3095,e,3096
3093,e,3096
3094,e,3096
3092,e,3096
3097,e,3096
3096,e,3096
3097,f,3097
3096,f,3097
3098,f,3097
3094,f,3097
3093,f,3097
3095,f,3097
3098,d,3102
3099,d,3102
3100,d,3102
3103,d,3102
3101,d,3102
3102,d,3102
3104,f,3103
3103,f,3103
3102,f,3103
3101,f,3103
3100,f,3103
3099,f,3103
3102,b,3105
3103,b,3105
3106,b,3105
3104,b,3105
3101,b,3105
3105,b,3105
3107,c,3106
3106,f,3106
3106,c,3106
3105,f,3106
3105,c,3106
3107,f,3106
3102,c,3106
3104,f,3106
3104,c,3106
3102,f,3106
3103,c,3106
3103,f,3106
3106,e,3107
3107,e,3107
3108,e,3107
3105,e,3107
3103,e,3107
3104,e,3107
3107,f,3108
3108,f,3108
3109,f,3108
3107,a,3108
3108,a,3108
3104,a,3108
3109,a,3108
3104,f,3108
3106,f,3108
3106,a,3108
3105,a,3108
3105,f,3108
3109,b,3109
3109,d,3109
3108,d,3109
3108,b,3109
3105,b,3109
3110,b,3109
3110,d,3109
3107,d,3109
3107,b,3109
3105,d,3109
3106,b,3109
3106,d,3109
3109,f,3110
3110,c,3110
3109,c,3110
3110,f,3110
3111,c,3110
3111,f,3110
3108,f,3110
3106,f,3110
3108,c,3110
3107,c,3110
3107,f,3110
3106,c,3110
3111,c,3111
3111,e,3111
3110,e,3111
3110,c,3111
3112,c,3111
3107,c,3111
3112,e,3111
3109,e,3111
3109,c,3111
3107,e,3111
3108,c,3111
3108,e,3111
3108,e,3112
3113,f,3112
3113,e,3112
3111,e,3112
3111,f,3112
3112,f,3112
3108,f,3112
3112,e,3112
3109,e,3112
3110,e,3112
3110,f,3112
3109,f,3112
3113,a,3113
3113,c,3113
3113,f,3113
3112,f,3113
3112,c,3113
3112,a,3113
3109,a,3113
3109,c,3113
3109,f,3113
3114,a,3113
3114,c,3113
3111,f,3113
3111,c,3113
3111,a,3113
3110,a,3113
3110,c,3113
3110,f,3113
3114,f,3113
3114,b,3114
3113,e,3114
3114,d,3114
3114,e,3114
3113,d,3114
3113,b,3114
3115,e,3114
3110,d,3114
3110,e,3114
3115,b,3114
3110,b,3114
3111,b,3114
3112,e,3114
3112,d,3114
3112,b,3114
3115,d,3114
3111,d,3114
3111,e,3114
3114,c,3115
3114,b,3115
3111,b,3115
3111,c,3115
3111,f,3115
3115,c,3115
3116,f,3115
3116,c,3115
3114,f,3115
3115,b,3115
3113,f,3115
3113,c,3115
3113,b,3115
3112,b,3115
3112,c,3115
3112,f,3115
3116,b,3115
3115,f,3115
3116,f,3116
3115,f,3116
3116,e,3116
3116,c,3116
3117,e,3116
3115,c,3116
3115,e,3116
3117,f,3116
3117,c,3116
3112,c,3116
3112,f,3116
3112,e,3116
3114,e,3116
3114,f,3116
3114,c,3116
3113,c,3116
3113,f,3116
3113,e,3116
3113,f,3117
3118,f,3117
3118,e,3117
3117,e,3117
3116,f,3117
3117,f,3117
3115,e,3117
3115,f,3117
3113,e,3117
3114,f,3117
3114,e,3117
3116,e,3117
3117,d,3118
3117,a,3118
3119,d,3118
3118,a,3118
3118,d,3118
3118,f,3118
3119,f,3118
3119,a,3118
3117,f,3118
3114,d,3118
3114,f,3118
3115,f,3118
3115,d,3118
3115,a,3118
3116,a,3118
3116,d,3118
3114,a,3118
3116,f,3118
3120,b,3119
3115,d,3119
3118,d,3119
3118,b,3119
3119,f,3119
3119,d,3119
3119,b,3119
3115,b,3119
3118,f,3119
3120,d,3119
3116,b,3119
3116,f,3119
3116,d,3119
3117,f,3119
3117,d,3119
3117,b,3119
3115,f,3119
3120,f,3119
3121,f,3120
3119,a,3120
3120,c,3120
3119,f,3120
3121,c,3120
3121,a,3120
3120,f,3120
3119,c,3120
3116,f,3120
3120,a,3120
3118,a,3120
3116,a,3120
3116,c,3120
3117,f,3120
3117,a,3120
3118,c,3120
3117,c,3120
3118,f,3120
3119,b,3121
3121,b,3121
3121,d,3121
3118,e,3121
3120,e,3121
3120,d,3121
3120,b,3121
3118,d,3121
3122,b,3121
3117,b,3121
3117,e,3121
3118,b,3121
3122,d,3121
3122,e,3121
3119,e,3121
3119,d,3121
3117,d,3121
3121,e,3121
3122,d,3122
3122,c,3122
3121,c,3122
3121,d,3122
3123,d,3122
3123,c,3122
3118,c,3122
3119,d,3122
3120,c,3122
3120,d,3122
3119,c,3122
3118,d,3122
3123,b,3123
3123,f,3123
3123,e,3123
3122,e,3123
3122,b,3123
3119,b,3123
3119,f,3123
3119,e,3123
3122,f,3123
3124,b,3123
3124,f,3123
3121,e,3123
3121,f,3123
3121,b,3123
3120,b,3123
3120,f,3123
3120,e,3123
3124,e,3123
3124,f,3124
3123,f,3124
3123,c,3124
3125,c,3124
3120,c,3124
3122,f,3124
3122,c,3124
3120,f,3124
3121,f,3124
3121,c,3124
3125,f,3124
3124,c,3124
3125,d,3125
3125,e,3125
3126,d,3125
3124,d,3125
3126,e,3125
3124,e,3125
3123,e,3125
3123,d,3125
3122,e,3125
3122,d,3125
3121,e,3125
3121,d,3125
3123,f,3126
3124,f,3126
3122,f,3126
3125,f,3126
3127,f,3126
3126,f,3126
3128,f,3128
3127,f,3128
3126,f,3128
3129,f,3128
3124,f,3128
3125,f,3128
3126,f,3129
3129,e,3129
3128,e,3129
3128,f,3129
3130,f,3129
3125,e,3129
3130,e,3129
3127,e,3129
3127,f,3129
3125,f,3129
3129,f,3129
3126,e,3129
3129,e,3130
3129,f,3130
3130,e,3130
3131,f,3130
3130,f,3130
3131,e,3130
3128,e,3130
3128,f,3130
3126,f,3130
3127,e,3130
3127,f,3130
3126,e,3130
3128,e,3131
3128,f,3131
3132,e,3131
3132,f,3131
3132,d,3131
3131,e,3131
3131,d,3131
3130,e,3131
3130,f,3131
3131,f,3131
3127,d,3131
3129,e,3131
3130,d,3131
3129,f,3131
3128,d,3131
3129,d,3131
3127,e,3131
3127,f,3131
3128,f,3132
3133,f,3132
3132,f,3132
3131,f,3132
3129,f,3132
3130,f,3132
3131,d,3135
3134,f,3135
3134,d,3135
3136,d,3135
3133,f,3135
3131,f,3135
3133,d,3135
3132,f,3135
3132,d,3135
3135,f,3135
3136,f,3135
3135,d,3135
3136,a,3136
3135,f,3136
3135,a,3136
3136,f,3136
3133,a,3136
3137,a,3136
3134,f,3136
3134,a,3136
3137,f,3136
3132,a,3136
3132,f,3136
3133,f,3136
3137,b,3137
3137,d,3137
3136,d,3137
3136,b,3137
3134,b,3137
3138,d,3137
3134,d,3137
3133,d,3137
3133,b,3137
3135,b,3137
3135,d,3137
3138,b,3137
3137,c,3138
3137,f,3138
3138,c,3138
3138,b,3138
3138,f,3138
3139,b,3138
3137,b,3138
3139,d,3138
3139,f,3138
3139,c,3138
3137,d,3138
3138,d,3138
3136,c,3138
3135,c,3138
3135,d,3138
3135,b,3138
3134,f,3138
3136,f,3138
3136,d,3138
3136,b,3138
3135,f,3138
3134,b,3138
3134,d,3138
3134,c,3138
3138,d,3139
3138,c,3139
3138,f,3139
3138,e,3139
3136,e,3139
3139,f,3139
3139,e,3139
3140,c,3139
3140,f,3139
3140,e,3139
3136,f,3139
3139,c,3139
3139,d,3139
3140,d,3139
3136,c,3139
3135,c,3139
3136,d,3139
3137,d,3139
3137,c,3139
3137,f,3139
3135,d,3139
3135,f,3139
3135,e,3139
3137,e,3139
3136,f,3140
3139,e,3140
3139,f,3140
3140,c,3140
3140,f,3140
3140,e,3140
3141,e,3140
3141,f,3140
3136,e,3140
3139,c,3140
3141,c,3140
3138,e,3140
3137,e,3140
3137,f,3140
3137,c,3140
3138,c,3140
3138,f,3140
3136,c,3140
3137,f,3141
3141,f,3141
3140,e,3141
3140,f,3141
3137,e,3141
3141,e,3141
3142,e,3141
3139,e,3141
3139,f,3141
3138,e,3141
3142,f,3141
3138,f,3141
3141,f,3142
3141,e,3142
3143,f,3142
3142,e,3142
3142,f,3142
3140,e,3142
3140,f,3142
3139,e,3142
3139,f,3142
3138,e,3142
3138,f,3142
3143,e,3142
3143,d,3143
3143,f,3143
3144,d,3143
3142,f,3143
3142,d,3143
3144,f,3143
3140,f,3143
3139,d,3143
3141,f,3143
3139,f,3143
3141,d,3143
3140,d,3143
3145,c,3144
3144,c,3144
3143,c,3144
3141,c,3144
3140,c,3144
3142,c,3144
3141,e,3145
3142,e,3145
3144,e,3145
3145,e,3145
3146,e,3145
3143,e,3145
3143,f,3146
3142,f,3146
3144,f,3146
3145,f,3146
3146,f,3146
3147,f,3146
3149,a,3150
3150,a,3150
3151,a,3150
3148,a,3150
3147,a,3150
3146,a,3150
3147,d,3151
3151,e,3151
3150,e,3151
3150,d,3151
3150,b,3151
3152,b,3151
3152,d,3151
3151,d,3151
3152,e,3151
3149,d,3151
3149,b,3151
3147,b,3151
3147,e,3151
3148,e,3151
3148,d,3151
3148,b,3151
3149,e,3151
3151,b,3151
3152,c,3152
3152,f,3152
3151,f,3152
3151,c,3152
3153,c,3152
3148,c,3152
3148,f,3152
3149,c,3152
3150,f,3152
3150,c,3152
3149,f,3152
3153,f,3152
3152,c,3153
3149,c,3153
3154,c,3153
3149,e,3153
3153,e,3153
3151,e,3153
3151,c,3153
3150,c,3153
3150,e,3153
3153,c,3153
3152,e,3153
3154,e,3153
3154,e,3154
3154,f,3154
3155,e,3154
3153,f,3154
3155,f,3154
3153,e,3154
3150,e,3154
3152,e,3154
3152,f,3154
3151,f,3154
3151,e,3154
3150,f,3154
3154,f,3155
3151,f,3155
3155,f,3155
3153,f,3155
3152,f,3155
3156,f,3155
3156,d,3156
3155,d,3156
3157,a,3156
3157,d,3156
3155,a,3156
3152,d,3156
3156,a,3156
3152,a,3156
3153,a,3156
3153,d,3156
3154,d,3156
3154,a,3156
3154,c,3157
3153,c,3157
3153,d,3157
3153,b,3157
3156,b,3157
3156,d,3157
3156,f,3157
3158,d,3157
3158,b,3157
3157,f,3157
3157,c,3157
3156,c,3157
3154,d,3157
3158,c,3157
3154,b,3157
3154,f,3157
3158,f,3157
3157,b,3157
3153,f,3157
3157,d,3157
3155,d,3157
3155,c,3157
3155,f,3157
3155,b,3157
3157,e,3158
3157,f,3158
3159,e,3158
3158,e,3158
3159,c,3158
3159,f,3158
3158,f,3158
3158,c,3158
3157,c,3158
3155,e,3158
3154,e,3158
3155,c,3158
3155,f,3158
3154,f,3158
3156,c,3158
3154,c,3158
3156,f,3158
3156,e,3158
3160,e,3159
3157,e,3159
3155,e,3159
3155,f,3159
3157,f,3159
3156,f,3159
3158,f,3159
3158,e,3159
3160,f,3159
3159,e,3159
3159,f,3159
3156,e,3159
3159,f,3160
3160,f,3160
3161,f,3160
3156,f,3160
3158,f,3160
3157,f,3160
3158,d,3161
3159,d,3161
3162,d,3161
3157,d,3161
3160,d,3161
3161,d,3161
3158,f,3162
3163,f,3162
3163,a,3162
3162,a,3162
3161,f,3162
3161,a,3162
3162,f,3162
3158,a,3162
3159,f,3162
3160,f,3162
3160,a,3162
3159,a,3162
3160,d,3163
3159,b,3163
3159,d,3163
3163,d,3163
3164,d,3163
3162,b,3163
3161,d,3163
3161,b,3163
3160,b,3163
3163,b,3163
3164,b,3163
3162,d,3163
3160,c,3164
3164,c,3164
3164,f,3164
3163,c,3164
3163,f,3164
3165,f,3164
3161,f,3164
3162,f,3164
3162,c,3164
3160,f,3164
3165,c,3164
3161,c,3164
3165,c,3165
3165,e,3165
3164,e,3165
3164,c,3165
3162,e,3165
3166,e,3165
3163,e,3165
3163,c,3165
3161,c,3165
3161,e,3165
3162,c,3165
3166,c,3165
3167,e,3166
3166,e,3166
3165,e,3166
3165,f,3166
3167,f,3166
3166,f,3166
3164,e,3166
3164,f,3166
3163,e,3166
3163,f,3166
3162,f,3166
3162,e,3166
3164,f,3167
3165,f,3167
3163,f,3167
3168,f,3167
3166,f,3167
3167,f,3167
3169,f,3168
3168,f,3168
3167,f,3168
3164,f,3168
3166,f,3168
3165,f,3168
3166,a,3169
3167,a,3169
3168,a,3169
3165,a,3169
3170,a,3169
3169,a,3169
3166,d,3170
3171,b,3170
3170,f,3170
3169,b,3170
3169,d,3170
3169,f,3170
3170,d,3170
3170,b,3170
3171,d,3170
3171,f,3170
3168,f,3170
3166,f,3170
3168,d,3170
3168,b,3170
3166,b,3170
3167,b,3170
3167,d,3170
3167,f,3170
3172,a,3171
3171,c,3171
3171,d,3171
3172,d,3171
3170,a,3171
3170,d,3171
3170,c,3171
3170,f,3171
3171,a,3171
3171,f,3171
3169,f,3171
3172,f,3171
3172,c,3171
3167,a,3171
3168,c,3171
3168,d,3171
3168,a,3171
3167,f,3171
3169,c,3171
3169,d,3171
3169,a,3171
3167,c,3171
3167,d,3171
3168,f,3171
3171,b,3172
3171,d,3172
3171,e,3172
3171,f,3172
3173,b,3172
3172,e,3172
3172,f,3172
3172,c,3172
3172,d,3172
3172,b,3172
3171,c,3172
3169,b,3172
3169,d,3172
3173,f,3172
3169,c,3172
3169,f,3172
3169,e,3172
3168,e,3172
3173,c,3172
3168,c,3172
3168,d,3172
3168,b,3172
3168,f,3172
3170,d,3172
3170,c,3172
3170,f,3172
3170,e,3172
3173,e,3172
3170,b,3172
3173,d,3172
3172,e,3173
3172,f,3173
3172,c,3173
3173,e,3173
3174,c,3173
3174,f,3173
3173,f,3173
3173,c,3173
3174,e,3173
3169,c,3173
3171,e,3173
3171,f,3173
3169,e,3173
3170,c,3173
3170,f,3173
3170,e,3173
3171,c,3173
3169,f,3173
3174,a,3174
3174,f,3174
3174,e,3174
3173,e,3174
3173,a,3174
3170,a,3174
3170,f,3174
3173,f,3174
3175,a,3174
3175,f,3174
3172,e,3174
3172,f,3174
3172,a,3174
3171,a,3174
3171,f,3174
3171,e,3174
3175,e,3174
3170,e,3174
3175,f,3175
3174,f,3175
3174,d,3175
3174,b,3175
3176,b,3175
3171,d,3175
3176,f,3175
3173,f,3175
3173,d,3175
3173,b,3175
3175,b,3175
3171,f,3175
3172,f,3175
3172,d,3175
3172,b,3175
3171,b,3175
3176,d,3175
3175,d,3175
3176,c,3176
3175,c,3176
3177,c,3176
3172,c,3176
3174,c,3176
3173,c,3176
3174,e,3177
3177,e,3177
3176,e,3177
3178,e,3177
3175,e,3177
3173,e,3177
3176,f,3178
3174,f,3178
3175,f,3178
3177,f,3178
3178,f,3178
3179,f,3178
3180,d,3183
3184,d,3183
3181,d,3183
3183,d,3183
3179,d,3183
3182,d,3183
3184,f,3184
3183,f,3184
3185,c,3184
3184,c,3184
3185,f,3184
3183,c,3184
3182,f,3184
3182,c,3184
3180,c,3184
3180,f,3184
3181,c,3184
3181,f,3184
3182,c,3185
3185,e,3185
3185,c,3185
3186,c,3185
3184,e,3185
3184,c,3185
3186,e,3185
3183,e,3185
3183,c,3185
3181,c,3185
3181,e,3185
3182,e,3185
3187,c,3186
3186,c,3186
3186,f,3186
3186,e,3186
3185,e,3186
3185,f,3186
3185,c,3186
3182,c,3186
3182,f,3186
3184,c,3186
3187,f,3186
3187,e,3186
3184,e,3186
3184,f,3186
3182,e,3186
3183,c,3186
3183,f,3186
3183,e,3186
3188,e,3187
3187,f,3187
3186,e,3187
3186,f,3187
3188,f,3187
3187,e,3187
3185,e,3187
3185,f,3187
3183,f,3187
3184,e,3187
3184,f,3187
3183,e,3187
3185,e,3188
3189,e,3188
3189,f,3188
3188,e,3188
3188,f,3188
3187,f,3188
3187,e,3188
3184,e,3188
3186,e,3188
3186,f,3188
3185,f,3188
3184,f,3188
3187,f,3189
3185,f,3189
3186,f,3189
3188,f,3189
3189,f,3189
3190,f,3189
3194,b,3195
3195,b,3195
3193,b,3195
3196,b,3195
3192,b,3195
3191,b,3195
3192,c,3196
3196,f,3196
3196,c,3196
3192,f,3196
3197,f,3196
3195,c,3196
3195,f,3196
3194,f,3196
3194,c,3196
3193,f,3196
3193,c,3196
3197,c,3196
3194,e,3197
3195,e,3197
3198,e,3197
3193,e,3197
3196,e,3197
3197,e,3197
3199,f,3198
3197,f,3198
3198,f,3198
3196,f,3198
3195,f,3198
3194,f,3198
3196,b,3199
3197,b,3199
3200,b,3199
3199,b,3199
3195,b,3199
3198,b,3199
3200,f,3200
3200,c,3200
3201,c,3200
3199,f,3200
3199,c,3200
3199,b,3200
3201,b,3200
3201,f,3200
3197,b,3200
3197,f,3200
3196,b,3200
3196,c,3200
3196,f,3200
3197,c,3200
3198,f,3200
3200,b,3200
3198,b,3200
3198,c,3200
3202,f,3201
3201,e,3201
3200,e,3201
3200,f,3201
3200,c,3201
3201,c,3201
3201,f,3201
3202,c,3201
3202,e,3201
3198,c,3201
3198,e,3201
3197,f,3201
3199,e,3201
3199,f,3201
3199,c,3201
3197,e,3201
3197,c,3201
3198,f,3201
3202,e,3202
3203,f,3202
3203,e,3202
3201,e,3202
3201,f,3202
3199,e,3202
3198,e,3202
3200,e,3202
3200,f,3202
3199,f,3202
3198,f,3202
3202,f,3202
3203,f,3203
3204,f,3203
3199,f,3203
3202,f,3203
3200,f,3203
3201,f,3203
3205,c,3204
3202,c,3204
3204,c,3204
3201,c,3204
3200,c,3204
3203,c,3204
3205,e,3205
3204,e,3205
3204,b,3205
3206,b,3205
3206,e,3205
3201,e,3205
3203,b,3205
3202,e,3205
3202,b,3205
3201,b,3205
3205,b,3205
3203,e,3205
3206,f,3206
3206,c,3206
3206,e,3206
3205,e,3206
3205,f,3206
3207,c,3206
3207,f,3206
3205,c,3206
3207,e,3206
3203,e,3206
3203,c,3206
3202,e,3206
3202,c,3206
3204,e,3206
3204,f,3206
3204,c,3206
3202,f,3206
3203,f,3206
3206,c,3207
3206,f,3207
3204,e,3207
3208,f,3207
3204,f,3207
3207,c,3207
3206,e,3207
3208,c,3207
3203,c,3207
3208,e,3207
3205,e,3207
3205,f,3207
3205,c,3207
3203,f,3207
3203,e,3207
3204,c,3207
3207,f,3207
3207,e,3207
3208,f,3208
3208,e,3208
3207,e,3208
3209,f,3208
3209,e,3208
3207,f,3208
3206,e,3208
3206,f,3208
3205,e,3208
3205,f,3208
3204,e,3208
3204,f,3208
3206,f,3209
3207,f,3209
3205,f,3209
3208,f,3209
3209,f,3209
3210,f,3209
3212,b,3212
3211,b,3212
3210,b,3212
3213,b,3212
3208,b,3212
3209,b,3212
3213,f,3213
3212,f,3213
3212,c,3213
3214,c,3213
3214,f,3213
3209,c,3213
3211,f,3213
3211,c,3213
3210,f,3213
3210,c,3213
3213,c,3213
3209,f,3213
3213,e,3214
3215,e,3214
3214,e,3214
3211,e,3214
3212,e,3214
3210,e,3214
3216,f,3215
3211,b,3215
3211,d,3215
3214,d,3215
3214,f,3215
3215,f,3215
3212,f,3215
3215,d,3215
3213,f,3215
3213,d,3215
3213,b,3215
3211,f,3215
3212,b,3215
3212,d,3215
3215,b,3215
3216,b,3215
3216,d,3215
3214,b,3215
3215,f,3216
3215,c,3216
3217,a,3216
3216,f,3216
3216,c,3216
3216,a,3216
3215,a,3216
3217,c,3216
3212,a,3216
3213,f,3216
3212,c,3216
3212,f,3216
3213,a,3216
3213,c,3216
3217,f,3216
3214,c,3216
3214,a,3216
3214,f,3216
3218,e,3217
3218,b,3217
3216,e,3217
3216,d,3217
3216,b,3217
3217,e,3217
3217,d,3217
3218,d,3217
3217,b,3217
3213,e,3217
3215,b,3217
3213,b,3217
3215,e,3217
3215,d,3217
3214,b,3217
3214,d,3217
3214,e,3217
3213,d,3217
3218,c,3218
3218,f,3218
3217,f,3218
3219,c,3218
3214,c,3218
3217,c,3218
3219,f,3218
3216,f,3218
3216,c,3218
3215,c,3218
3215,f,3218
3214,f,3218
3218,c,3219
3218,e,3219
3219,c,3219
3219,e,3219
3215,c,3219
3217,e,3219
3217,c,3219
3220,c,3219
3220,e,3219
3216,e,3219
3216,c,3219
3215,e,3219
3219,f,3220
3219,e,3220
3221,f,3220
3221,e,3220
3220,e,3220
3218,e,3220
3218,f,3220
3220,f,3220
3217,e,3220
3217,f,3220
3216,e,3220
3216,f,3220
3221,e,3221
3222,e,3221
3220,e,3221
3220,f,3221
3221,f,3221
3222,f,3221
3217,e,3221
3219,e,3221
3217,f,3221
3219,f,3221
3218,e,3221
3218,f,3221
3222,f,3222
3219,f,3222
3223,f,3222
3218,f,3222
3220,f,3222
3221,f,3222
3221,e,3224
3220,e,3224
3222,e,3224
3225,e,3224
3224,e,3224
3223,e,3224
3225,f,3225
3224,f,3225
3226,f,3225
3223,f,3225
3222,f,3225
3221,f,3225
3226,d,3226
3222,d,3226
3224,d,3226
3227,d,3226
3225,d,3226
3223,d,3226
3228,f,3227
3227,e,3227
3227,f,3227
3226,e,3227
3228,e,3227
3226,f,3227
3225,e,3227
3223,e,3227
3223,f,3227
3224,e,3227
3224,f,3227
3225,f,3227
3224,f,3228
3226,f,3228
3227,f,3228
3229,f,3228
3225,f,3228
3228,f,3228
3229,f,3230
3229,b,3230
3228,f,3230
3230,f,3230
3230,b,3230
3231,b,3230
3227,f,3230
3227,b,3230
3226,f,3230
3231,f,3230
3226,b,3230
3228,b,3230
3227,f,3231
3231,c,3231
3231,f,3231
3230,f,3231
3230,c,3231
3232,f,3231
3229,f,3231
3229,c,3231
3228,f,3231
3227,c,3231
3232,c,3231
3228,c,3231
3231,e,3232
3232,e,3232
3233,e,3232
3228,e,3232
3230,e,3232
3229,e,3232
3232,e,3233
3233,f,3233
3233,e,3233
3232,f,3233
3232,d,3233
3229,d,3233
3229,f,3233
3233,d,3233
3234,e,3233
3234,f,3233
3231,e,3233
3231,f,3233
3231,d,3233
3229,e,3233
3230,d,3233
3230,f,3233
3230,e,3233
3234,d,3233
3235,b,3234
3233,f,3234
3233,b,3234
3234,f,3234
3230,f,3234
3232,f,3234
3232,b,3234
3230,b,3234
3231,f,3234
3231,b,3234
3235,f,3234
3234,b,3234
3235,c,3235
3235,f,3235
3236,f,3235
3234,f,3235
3234,c,3235
3236,c,3235
3231,f,3235
3233,f,3235
3231,c,3235
3232,c,3235
3233,c,3235
3232,f,3235
3233,e,3236
3236,e,3236
3235,e,3236
3234,e,3236
3232,e,3236
3237,e,3236
3233,f,3237
3236,f,3237
3235,f,3237
3238,f,3237
3234,f,3237
3237,f,3237
3238,b,3238
3237,b,3238
3239,b,3238
3234,b,3238
3236,b,3238
3235,b,3238
3240,f,3239
3240,c,3239
3236,c,3239
3239,f,3239
3239,c,3239
3238,f,3239
3238,c,3239
3235,c,3239
3236,f,3239
3235,f,3239
3237,c,3239
3237,f,3239
3240,e,3240
3237,e,3240
3238,e,3240
3239,e,3240
3241,e,3240
3236,e,3240
3237,e,3241
3237,f,3241
3241,c,3241
3241,f,3241
3241,e,3241
3242,e,3241
3240,f,3241
3240,e,3241
3240,c,3241
3242,c,3241
3238,e,3241
3238,f,3241
3238,c,3241
3239,c,3241
3239,f,3241
3242,f,3241
3239,e,3241
3237,c,3241
3242,f,3242
3238,a,3242
3241,e,3242
3241,f,3242
3241,a,3242
3242,a,3242
3242,e,3242
3243,a,3242
3239,f,3242
3243,e,3242
3239,e,3242
3239,a,3242
3238,f,3242
3240,a,3242
3238,e,3242
3240,e,3242
3240,f,3242
3243,f,3242
3243,d,3243
3243,b,3243
3242,d,3243
3242,b,3243
3244,f,3243
3243,f,3243
3244,b,3243
3242,f,3243
3244,d,3243
3240,f,3243
3241,f,3243
3241,d,3243
3241,b,3243
3239,b,3243
3239,d,3243
3239,f,3243
3240,b,3243
3240,d,3243
3244,c,3244
3244,d,3244
3245,c,3244
3245,f,3244
3243,f,3244
3243,c,3244
3243,d,3244
3245,d,3244
3240,d,3244
3240,c,3244
3242,f,3244
3242,c,3244
3242,d,3244
3240,f,3244
3241,d,3244
3241,c,3244
3241,f,3244
3244,f,3244
3246,f,3245
3246,e,3245
3241,e,3245
3245,e,3245
3245,f,3245
3241,f,3245
3244,f,3245
3242,e,3245
3243,e,3245
3243,f,3245
3244,e,3245
3242,f,3245
3244,f,3246
3246,f,3246
3243,f,3246
3245,f,3246
3247,f,3246
3242,f,3246
3246,d,3248
3245,d,3248
3249,d,3248
3244,d,3248
3247,d,3248
3248,d,3248
3248,c,3249
3248,f,3249
3249,f,3249
3250,c,3249
3250,f,3249
3246,c,3249
3247,c,3249
3246,f,3249
3245,f,3249
3245,c,3249
3247,f,3249
3249,c,3249
3249,e,3250
3251,e,3250
3250,e,3250
3248,e,3250
3247,e,3250
3246,e,3250
3249,f,3251
3247,f,3251
3250,f,3251
3248,f,3251
3251,f,3251
3252,f,3251
3254,b,3254
3253,b,3254
3252,b,3254
3255,b,3254
3251,b,3254
3250,b,3254
3251,c,3255
3255,c,3255
3252,f,3255
3253,c,3255
3253,f,3255
3256,f,3255
3256,c,3255
3255,f,3255
3254,c,3255
3254,f,3255
3251,f,3255
3252,c,3255
3256,e,3256
3257,e,3256
3255,e,3256
3252,e,3256
3253,e,3256
3254,e,3256
3254,f,3257
3256,a,3257
3253,a,3257
3254,d,3257
3257,a,3257
3257,f,3257
3258,a,3257
3255,f,3257
3255,d,3257
3255,a,3257
3253,d,3257
3253,f,3257
3254,a,3257
3258,d,3257
3258,f,3257
3257,d,3257
3256,d,3257
3256,f,3257
3257,b,3258
3259,d,3258
3257,f,3258
3259,b,3258
3258,b,3258
3257,d,3258
3258,d,3258
3256,b,3258
3256,f,3258
3256,d,3258
3255,f,3258
3255,d,3258
3255,b,3258
3254,f,3258
3254,d,3258
3254,b,3258
3259,f,3258
3258,f,3258
3259,c,3259
3259,f,3259
3260,c,3259
3260,f,3259
3258,f,3259
3258,c,3259
3255,c,3259
3255,f,3259
3257,f,3259
3257,c,3259
3256,f,3259
3256,c,3259
3257,e,3260
3261,e,3260
3259,e,3260
3260,e,3260
3256,e,3260
3258,e,3260
3259,f,3261
3262,f,3261
3258,f,3261
3257,f,3261
3260,f,3261
3261,f,3261
3264,f,3263
3261,f,3263
3263,f,3263
3260,f,3263
3262,f,3263
3259,f,3263
3263,f,3264
3263,c,3264
3264,f,3264
3264,c,3264
3261,f,3264
3265,c,3264
3260,c,3264
3262,c,3264
3260,f,3264
3265,f,3264
3261,c,3264
3262,f,3264
3264,e,3265
3265,e,3265
3262,e,3265
3266,e,3265
3263,e,3265
3261,e,3265
3266,d,3266
3266,f,3266
3265,d,3266
3265,f,3266
3263,d,3266
3267,d,3266
3264,f,3266
3264,d,3266
3263,f,3266
3262,d,3266
3262,f,3266
3267,f,3266
3267,a,3267
3267,f,3267
3266,f,3267
3266,a,3267
3268,a,3267
3264,f,3267
3265,f,3267
3265,a,3267
3263,a,3267
3263,f,3267
3264,a,3267
3268,f,3267
3268,b,3268
3268,d,3268
3267,d,3268
3267,b,3268
3269,b,3268
3269,d,3268
3265,d,3268
3264,d,3268
3264,b,3268
3266,b,3268
3266,d,3268
3265,b,3268
3266,f,3269
3267,c,3269
3267,f,3269
3270,f,3269
3269,c,3269
3268,f,3269
3268,c,3269
3269,f,3269
3265,f,3269
3265,c,3269
3266,c,3269
3270,c,3269
3271,b,3270
3269,b,3270
3269,f,3270
3269,e,3270
3270,e,3270
3270,f,3270
3270,b,3270
3271,f,3270
3271,e,3270
3266,f,3270
3267,e,3270
3266,b,3270
3267,b,3270
3267,f,3270
3268,f,3270
3266,e,3270
3268,e,3270
3268,b,3270
3272,c,3271
3272,f,3271
3272,e,3271
3271,c,3271
3270,e,3271
3270,f,3271
3270,c,3271
3271,e,3271
3271,f,3271
3269,c,3271
3267,f,3271
3267,e,3271
3268,f,3271
3268,e,3271
3269,e,3271
3269,f,3271
3268,c,3271
3267,c,3271
3268,a,3272
3268,f,3272
3268,e,3272
3271,f,3272
3271,e,3272
3272,e,3272
3272,f,3272
3271,a,3272
3273,a,3272
3270,e,3272
3270,f,3272
3270,a,3272
3273,f,3272
3269,a,3272
3269,f,3272
3269,e,3272
3273,e,3272
3272,a,3272
3269,f,3273
3272,b,3273
3274,b,3273
3272,d,3273
3272,f,3273
3269,d,3273
3274,a,3273
3273,f,3273
3273,a,3273
3272,a,3273
3274,d,3273
3271,b,3273
3270,f,3273
3269,b,3273
3269,a,3273
3270,a,3273
3270,b,3273
3270,d,3273
3274,f,3273
3273,d,3273
3271,a,3273
3273,b,3273
3271,d,3273
3271,f,3273
3275,b,3274
3275,d,3274
3275,c,3274
3273,f,3274
3273,c,3274
3273,d,3274
3273,b,3274
3275,f,3274
3274,c,3274
3274,d,3274
3274,f,3274
3274,b,3274
3272,b,3274
3272,f,3274
3272,c,3274
3270,b,3274
3270,d,3274
3270,c,3274
3272,d,3274
3270,f,3274
3271,b,3274
3271,f,3274
3271,c,3274
3271,d,3274
3272,e,3275
3275,e,3275
3275,c,3275
3276,e,3275
3274,e,3275
3274,c,3275
3271,e,3275
3272,c,3275
3273,c,3275
3273,e,3275
3271,c,3275
3276,c,3275
3277,e,3276
3276,e,3276
3273,e,3276
3274,e,3276
3272,e,3276
3275,e,3276
3276,e,3277
3276,f,3277
3277,f,3277
3278,f,3277
3278,e,3277
3278,c,3277
3277,c,3277
3276,c,3277
3277,e,3277
3275,c,3277
3274,c,3277
3275,e,3277
3273,e,3277
3273,f,3277
3274,f,3277
3275,f,3277
3274,e,3277
3273,c,3277
3278,a,3278
3278,d,3278
3278,f,3278
3278,e,3278
3277,e,3278
3279,f,3278
3277,d,3278
3277,a,3278
3279,a,3278
3279,d,3278
3275,a,3278
3277,f,3278
3279,e,3278
3275,e,3278
3274,f,3278
3274,a,3278
3276,a,3278
3276,d,3278
3276,f,3278
3274,d,3278
3275,f,3278
3275,d,3278
3276,e,3278
3274,e,3278
3279,c,3279
3279,d,3279
3279,b,3279
3279,f,3279
3278,f,3279
3278,c,3279
3278,d,3279
3278,b,3279
3275,b,3279
3275,d,3279
3275,c,3279
3276,f,3279
3276,c,3279
3280,f,3279
3280,b,3279
3280,d,3279
3277,f,3279
3277,c,3279
3277,d,3279
3275,f,3279
3280,c,3279
3277,b,3279
3276,b,3279
3276,d,3279
3280,c,3280
3279,f,3280
3281,c,3280
3281,f,3280
3279,c,3280
3279,e,3280
3277,e,3280
3278,e,3280
3278,f,3280
3278,c,3280
3280,f,3280
3277,f,3280
3277,c,3280
3276,e,3280
3276,f,3280
3276,c,3280
3281,e,3280
3280,e,3280
3281,f,3281
3281,e,3281
3282,f,3281
3282,e,3281
3280,e,3281
3279,e,3281
3280,f,3281
3279,f,3281
3278,e,3281
3278,f,3281
3277,e,3281
3277,f,3281
3279,f,3282
3280,f,3282
3278,f,3282
3281,f,3282
3283,f,3282
3282,f,3282
3284,c,3284
3282,c,3284
3281,c,3284
3280,c,3284
3285,c,3284
3283,c,3284
3285,e,3285
3284,e,3285
3283,e,3285
3286,e,3285
3281,e,3285
3282,e,3285
3286,f,3286
3285,f,3286
3285,b,3286
3287,b,3286
3286,b,3286
3283,b,3286
3284,f,3286
3284,b,3286
3282,b,3286
3282,f,3286
3283,f,3286
3287,f,3286
3288,f,3287
3287,f,3287
3288,c,3287
3286,f,3287
3286,c,3287
3287,c,3287
3284,f,3287
3284,c,3287
3285,f,3287
3285,c,3287
3283,c,3287
3283,f,3287
3288,f,3288
3288,e,3288
3287,e,3288
3287,f,3288
3285,e,3288
3284,f,3288
3284,e,3288
3289,e,3288
3286,e,3288
3286,f,3288
3285,f,3288
3289,f,3288
3290,f,3289
3289,f,3289
3287,f,3289
3286,f,3289
3285,f,3289
3288,f,3289
3294,f,3293
3293,f,3293
3293,b,3293
3292,f,3293
3294,b,3293
3291,f,3293
3292,b,3293
3289,b,3293
3289,f,3293
3290,f,3293
3290,b,3293
3291,b,3293
3290,f,3294
3294,c,3294
3293,f,3294
3293,c,3294
3294,f,3294
3295,c,3294
3292,f,3294
3292,c,3294
3290,c,3294
3291,f,3294
3291,c,3294
3295,f,3294
3294,e,3295
3294,c,3295
3295,c,3295
3295,e,3295
3296,e,3295
3296,c,3295
3292,e,3295
3291,e,3295
3291,c,3295
3293,e,3295
3293,c,3295
3292,c,3295
3295,a,3296
3295,f,3296
3293,e,3296
3297,f,3296
3297,e,3296
3295,e,3296
3296,e,3296
3297,a,3296
3294,a,3296
3292,a,3296
3292,f,3296
3292,e,3296
3293,a,3296
3296,f,3296
3296,a,3296
3293,f,3296
3294,e,3296
3294,f,3296
3298,a,3297
3298,f,3297
3296,b,3297
3296,d,3297
3296,f,3297
3296,e,3297
3297,a,3297
3297,b,3297
3297,d,3297
3297,f,3297
3297,e,3297
3296,a,3297
3298,e,3297
3295,b,3297
3298,d,3297
3293,f,3297
3293,e,3297
3295,a,3297
3295,d,3297
3295,f,3297
3295,e,3297
3293,d,3297
3294,a,3297
3294,d,3297
3294,f,3297
3294,e,3297
3293,b,3297
3293,a,3297
3298,b,3297
3294,b,3297
3297,a,3298
3297,f,3298
3297,d,3298
3297,c,3298
3299,b,3298
3299,a,3298
3298,f,3298
3298,c,3298
3298,d,3298
3298,b,3298
3298,a,3298
3297,b,3298
3295,b,3298
3295,d,3298
3299,f,3298
3295,c,3298
3295,f,3298
3295,a,3298
3299,c,3298
3294,c,3298
3294,d,3298
3294,b,3298
3294,a,3298
3296,a,3298
3294,f,3298
3296,d,3298
3296,b,3298
3299,d,3298
3296,c,3298
3296,f,3298
3299,e,3299
3299,b,3299
3299,d,3299
3300,e,3299
3300,f,3299
3300,c,3299
3300,d,3299
3300,b,3299
3298,d,3299
3298,c,3299
3298,f,3299
3298,e,3299
3299,f,3299
3299,c,3299
3298,b,3299
3297,b,3299
3296,f,3299
3295,b,3299
3295,d,3299
3295,c,3299
3295,f,3299
3295,e,3299
3297,e,3299
3297,f,3299
3297,c,3299
3297,d,3299
3296,e,3299
3296,c,3299
3296,d,3299
3296,b,3299
3300,e,3300
3299,a,3300
3301,a,3300
3299,f,3300
3299,e,3300
3301,f,3300
3301,c,3300
3300,a,3300
3299,c,3300
3296,a,3300
3296,c,3300
3296,f,3300
3297,e,3300
3297,f,3300
3297,c,3300
3297,a,3300
3300,c,3300
3298,c,3300
3298,f,3300
3298,e,3300
3298,a,3300
3301,e,3300
3296,e,3300
3300,f,3300
3302,b,3301
3301,e,3301
3301,f,3301
3300,e,3301
3300,f,3301
3300,d,3301
3300,b,3301
3301,d,3301
3301,b,3301
3302,f,3301
3302,e,3301
3302,d,3301
3297,f,3301
3297,d,3301
3297,b,3301
3299,e,3301
3298,b,3301
3298,d,3301
3299,f,3301
3299,d,3301
3299,b,3301
3297,e,3301
3298,e,3301
3298,f,3301
3302,d,3302
3303,d,3302
3303,c,3302
3301,c,3302
3301,d,3302
3298,c,3302
3300,c,3302
3300,d,3302
3299,d,3302
3299,c,3302
3298,d,3302
3302,c,3302
3302,e,3303
3303,e,3303
3304,e,3303
3299,e,3303
3300,e,3303
3301,e,3303
3302,f,3304
3305,f,3304
3303,f,3304
3304,f,3304
3301,f,3304
3300,f,3304
3303,e,3306
3305,e,3306
3302,e,3306
3306,e,3306
3304,e,3306
3307,e,3306
3306,b,3307
3306,c,3307
3307,b,3307
3307,c,3307
3307,f,3307
3308,b,3307
3308,f,3307
3306,f,3307
3305,f,3307
3308,c,3307
3305,c,3307
3303,b,3307
3305,b,3307
3303,f,3307
3304,b,3307
3304,c,3307
3304,f,3307
3303,c,3307
3308,c,3308
3308,f,3308
3308,e,3308
3307,e,3308
3307,f,3308
3307,c,3308
3305,c,3308
3309,f,3308
3309,e,3308
3306,e,3308
3306,f,3308
3306,c,3308
3304,c,3308
3304,f,3308
3304,e,3308
3305,e,3308
3305,f,3308
3309,c,3308
3308,e,3309
3308,f,3309
3309,f,3309
3309,e,3309
3310,e,3309
3310,f,3309
3305,f,3309
3305,e,3309
3306,f,3309
3307,e,3309
3307,f,3309
3306,e,3309
3311,b,3310
3309,b,3310
3306,b,3310
3310,e,3310
3311,f,3310
3311,e,3310
3306,f,3310
3310,f,3310
3308,e,3310
3308,f,3310
3308,b,3310
3306,e,3310
3307,b,3310
3307,f,3310
3307,e,3310
3310,b,3310
3309,f,3310
3309,e,3310
3310,a,3311
3312,f,3311
3310,f,3311
3312,c,3311
3311,c,3311
3311,f,3311
3310,c,3311
3312,a,3311
3311,a,3311
3307,c,3311
3308,c,3311
3308,a,3311
3308,f,3311
3309,a,3311
3307,f,3311
3309,f,3311
3307,a,3311
3309,c,3311
3312,e,3312
3312,d,3312
3311,e,3312
3311,d,3312
3311,b,3312
3313,d,3312
3312,b,3312
3313,b,3312
3308,d,3312
3313,e,3312
3310,e,3312
3310,d,3312
3310,b,3312
3308,e,3312
3309,b,3312
3309,d,3312
3309,e,3312
3308,b,3312
3309,e,3313
3313,e,3313
3314,c,3313
3314,e,3313
3312,e,3313
3312,c,3313
3309,c,3313
3313,c,3313
3310,e,3313
3311,e,3313
3311,c,3313
3310,c,3313
3314,f,3314
3314,e,3314
3313,e,3314
3313,f,3314
3313,b,3314
3310,b,3314
3310,f,3314
3310,e,3314
3314,b,3314
3315,f,3314
3315,e,3314
3312,e,3314
3312,f,3314
3312,b,3314
3311,b,3314
3311,f,3314
3311,e,3314
3315,b,3314
3314,c,3315
3315,c,3315
3315,f,3315
3311,f,3315
3314,f,3315
3311,c,3315
3316,c,3315
3312,f,3315
3312,c,3315
3313,c,3315
3313,f,3315
3316,f,3315
3315,d,3316
3316,e,3316
3316,d,3316
3317,b,3316
3315,b,3316
3315,a,3316
3316,b,3316
3316,a,3316
3312,a,3316
3312,b,3316
3312,d,3316
3317,a,3316
3315,e,3316
3313,e,3316
3317,d,3316
3313,b,3316
3314,e,3316
3314,d,3316
3314,b,3316
3314,a,3316
3312,e,3316
3313,a,3316
3317,e,3316
3313,d,3316
3318,f,3317
3318,d,3317
3318,b,3317
3316,b,3317
3317,b,3317
3316,c,3317
3316,f,3317
3317,f,3317
3317,c,3317
3317,d,3317
3316,d,3317
3318,c,3317
3313,d,3317
3314,f,3317
3314,d,3317
3314,b,3317
3313,b,3317
3313,c,3317
3315,f,3317
3315,c,3317
3315,d,3317
3315,b,3317
3313,f,3317
3314,c,3317
3317,d,3318
3317,c,3318
3317,f,3318
3314,d,3318
3319,e,3318
3319,f,3318
3319,c,3318
3318,d,3318
3318,c,3318
3317,e,3318
3319,d,3318
3318,e,3318
3314,c,3318
3315,e,3318
3315,f,3318
3315,c,3318
3315,d,3318
3316,d,3318
3318,f,3318
3316,f,3318
3316,c,3318
3314,e,3318
3314,f,3318
3316,e,3318
3315,e,3319
3318,e,3319
3320,e,3319
3320,f,3319
3319,f,3319
3318,f,3319
3315,f,3319
3319,e,3319
3316,e,3319
3316,f,3319
3317,e,3319
3317,f,3319
3316,f,3320
3316,c,3320
3321,c,3320
3319,f,3320
3319,c,3320
3321,f,3320
3320,f,3320
3317,c,3320
3317,f,3320
3318,f,3320
3318,c,3320
3320,c,3320
3321,e,3321
3320,e,3321
3317,e,3321
3322,e,3321
3319,e,3321
3318,e,3321
3320,f,3322
3319,f,3322
3318,f,3322
3321,f,3322
3323,f,3322
3322,f,3322
3323,f,3324
3323,b,3324
3322,f,3324
3322,b,3324
3325,b,3324
3325,f,3324
3321,f,3324
3321,b,3324
3320,f,3324
3320,b,3324
3324,f,3324
3324,b,3324
3325,c,3325
3324,f,3325
3324,c,3325
3325,f,3325
3323,c,3325
3326,c,3325
3323,f,3325
3322,f,3325
3322,c,3325
3321,f,3325
3321,c,3325
3326,f,3325
3323,e,3326
3322,e,3326
3324,e,3326
3326,e,3326
3327,e,3326
3325,e,3326
3326,b,3327
3327,f,3327
3328,b,3327
3327,b,3327
3328,f,3327
3326,f,3327
3324,b,3327
3323,b,3327
3325,f,3327
3325,b,3327
3323,f,3327
3324,f,3327
3325,f,3328
3329,c,3328
3329,f,3328
3327,f,3328
3327,c,3328
3324,c,3328
3326,f,3328
3326,c,3328
3324,f,3328
3325,c,3328
3328,c,3328
3328,f,3328
3329,e,3329
3325,e,3329
3328,e,3329
3330,e,3329
3327,e,3329
3326,e,3329
3328,f,3330
3327,f,3330
3326,f,3330
3329,f,3330
3331,f,3330
3330,f,3330
3332,a,3332
3331,b,3332
3331,a,3332
3330,b,3332
3330,a,3332
3332,b,3332
3333,b,3332
3328,a,3332
3333,a,3332
3328,b,3332
3329,a,3332
3329,b,3332
3329,f,3333
3334,f,3333
3334,c,3333
3332,b,3333
3332,d,3333
3332,c,3333
3332,f,3333
3332,e,3333
3334,d,3333
3334,b,3333
3333,e,3333
3333,f,3333
3333,c,3333
3333,d,3333
3333,b,3333
3334,e,3333
3329,e,3333
3330,d,3333
3330,e,3333
3329,c,3333
3331,e,3333
3331,f,3333
3331,c,3333
3331,d,3333
3331,b,3333
3329,d,3333
3330,b,3333
3329,b,3333
3330,c,3333
3330,f,3333
3333,c,3334
3333,f,3334
3334,b,3334
3334,f,3334
3335,e,3334
3335,f,3334
3335,c,3334
3335,b,3334
3334,e,3334
3333,e,3334
3334,c,3334
3333,b,3334
3330,b,3334
3332,b,3334
3332,c,3334
3331,e,3334
3331,f,3334
3331,c,3334
3331,b,3334
3330,c,3334
3332,e,3334
3330,e,3334
3330,f,3334
3332,f,3334
3336,f,3335
3331,c,3335
3334,f,3335
3334,c,3335
3335,e,3335
3335,f,3335
3335,c,3335
3334,e,3335
3336,c,3335
3336,e,3335
3332,e,3335
3332,f,3335
3332,c,3335
3331,e,3335
3333,c,3335
3331,f,3335
3333,e,3335
3333,f,3335
3337,b,3336
3335,f,3336
3335,b,3336
3336,e,3336
3337,f,3336
3336,f,3336
3336,b,3336
3337,e,3336
3335,e,3336
3332,f,3336
3332,e,3336
3333,b,3336
3334,e,3336
3334,f,3336
3333,f,3336
3333,e,3336
3334,b,3336
3332,b,3336
3333,f,3337
3337,f,3337
3336,f,3337
3336,c,3337
3333,c,3337
3337,c,3337
3338,f,3337
3335,f,3337
3335,c,3337
3334,c,3337
3334,f,3337
3338,c,3337
3338,b,3338
3338,e,3338
3334,e,3338
3337,e,3338
3337,b,3338
3334,b,3338
3336,e,3338
3339,e,3338
3336,b,3338
3335,e,3338
3335,b,3338
3339,b,3338
3336,c,3339
3337,c,3339
3339,c,3339
3335,c,3339
3338,c,3339
3340,c,3339
3339,e,3340
3340,e,3340
3337,e,3340
3341,e,3340
3338,e,3340
3336,e,3340
3341,f,3341
3340,f,3341
3340,a,3341
3341,a,3341
3342,a,3341
3338,f,3341
3342,f,3341
3339,f,3341
3339,a,3341
3337,a,3341
3337,f,3341
3338,a,3341
3341,d,3342
3341,b,3342
3342,d,3342
3342,b,3342
3343,b,3342
3343,d,3342
3339,b,3342
3338,d,3342
3340,d,3342
3340,b,3342
3339,d,3342
3338,b,3342
3340,f,3343
3342,a,3343
3342,c,3343
3342,f,3343
3343,a,3343
3343,f,3343
3344,a,3343
3344,c,3343
3344,f,3343
3343,c,3343
3339,a,3343
3340,c,3343
3341,f,3343
3341,c,3343
3340,a,3343
3341,a,3343
3339,f,3343
3339,c,3343
3343,e,3344
3345,e,3344
3344,e,3344
3344,d,3344
3344,b,3344
3340,b,3344
3340,d,3344
3340,e,3344
3343,d,3344
3343,b,3344
3345,b,3344
3342,e,3344
3345,d,3344
3341,e,3344
3341,d,3344
3341,b,3344
3342,b,3344
3342,d,3344
3345,c,3345
3345,f,3345
3344,f,3345
3344,c,3345
3341,c,3345
3342,c,3345
3346,c,3345
3346,f,3345
3343,f,3345
3343,c,3345
3341,f,3345
3342,f,3345
3345,e,3346
3346,c,3346
3345,c,3346
3346,e,3346
3347,c,3346
3347,e,3346
3344,e,3346
3344,c,3346
3342,c,3346
3342,e,3346
3343,c,3346
3343,e,3346
3346,f,3347
3347,e,3347
3347,f,3347
3346,e,3347
3348,e,3347
3348,f,3347
3345,e,3347
3344,e,3347
3344,f,3347
3343,e,3347
3343,f,3347
3345,f,3347
3344,f,3348
3348,c,3348
3348,f,3348
3347,f,3348
3347,c,3348
3344,c,3348
3349,f,3348
3346,f,3348
3346,c,3348
3345,c,3348
3345,f,3348
3349,c,3348
3349,e,3349
3348,e,3349
3347,e,3349
3350,e,3349
3345,e,3349
3346,e,3349
3350,f,3350
3349,f,3350
3349,a,3350
3346,a,3350
3351,f,3350
3351,a,3350
3348,f,3350
3348,a,3350
3346,f,3350
3350,a,3350
3347,a,3350
3347,f,3350
3351,b,3351
3352,b,3351
3350,f,3351
3352,f,3351
3350,d,3351
3350,b,3351
3352,d,3351
3351,d,3351
3351,f,3351
3349,f,3351
3349,d,3351
3349,b,3351
3347,b,3351
3347,d,3351
3348,f,3351
3348,d,3351
3348,b,3351
3347,f,3351
3349,f,3352
3353,c,3352
3352,f,3352
3352,c,3352
3351,f,3352
3353,f,3352
3351,c,3352
3350,f,3352
3350,c,3352
3348,f,3352
3349,c,3352
3348,c,3352
3351,e,3353
3350,e,3353
3354,e,3353
3352,e,3353
3349,e,3353
3353,e,3353
3355,f,3354
3354,f,3354
3353,f,3354
3352,f,3354
3351,f,3354
3350,f,3354
3353,c,3356
3356,c,3356
3352,c,3356
3355,c,3356
3354,c,3356
3357,c,3356
3357,e,3357
3355,e,3357
3358,e,3357
3353,e,3357
3356,e,3357
3354,e,3357
3359,f,3358
3359,b,3358
3358,f,3358
3358,b,3358
3357,f,3358
3357,b,3358
3354,b,3358
3354,f,3358
3356,f,3358
3356,b,3358
3355,b,3358
3355,f,3358
3360,c,3359
3360,f,3359
3358,f,3359
3358,c,3359
3355,c,3359
3356,f,3359
3357,f,3359
3357,c,3359
3355,f,3359
3356,c,3359
3359,c,3359
3359,f,3359
3361,e,3360
3360,e,3360
3359,e,3360
3356,e,3360
3358,e,3360
3357,e,3360
3359,f,3361
3358,f,3361
3360,f,3361
3357,f,3361
3361,f,3361
3362,f,3361
3364,a,3365
3365,a,3365
3366,a,3365
3363,a,3365
3362,a,3365
3361,a,3365
3363,b,3366
3363,d,3366
3367,d,3366
3367,b,3366
3362,b,3366
3364,b,3366
3364,d,3366
3365,b,3366
3365,d,3366
3362,d,3366
3366,d,3366
3366,b,3366
3368,c,3367
3366,f,3367
3366,c,3367
3365,c,3367
3365,f,3367
3367,c,3367
3364,f,3367
3364,c,3367
3363,f,3367
3363,c,3367
3368,f,3367
3367,f,3367
3369,e,3368
3368,e,3368
3367,e,3368
3364,e,3368
3366,e,3368
3365,e,3368
3367,f,3369
3370,f,3369
3366,f,3369
3369,f,3369
3365,f,3369
3368,f,3369
3368,d,3371
3370,d,3371
3367,d,3371
3371,d,3371
3369,d,3371
3372,d,3371
3371,a,3372
3371,b,3372
3371,f,3372
3372,b,3372
3372,f,3372
3373,f,3372
3373,a,3372
3373,b,3372
3372,a,3372
3370,f,3372
3368,f,3372
3368,b,3372
3369,b,3372
3369,a,3372
3370,b,3372
3370,a,3372
3368,a,3372
3369,f,3372
3372,b,3373
3372,d,3373
3372,c,3373
3370,b,3373
3373,b,3373
3373,d,3373
3373,c,3373
3373,f,3373
3374,f,3373
3374,c,3373
3374,d,3373
3369,b,3373
3372,f,3373
3369,c,3373
3370,d,3373
3370,c,3373
3370,f,3373
3369,f,3373
3369,d,3373
3371,b,3373
3374,b,3373
3371,c,3373
3371,f,3373
3371,d,3373
3371,e,3374
3374,c,3374
3374,f,3374
3374,e,3374
3373,e,3374
3373,f,3374
3373,c,3374
3371,f,3374
3370,c,3374
3370,e,3374
3370,f,3374
3371,c,3374
3375,c,3374
3375,f,3374
3375,e,3374
3372,e,3374
3372,f,3374
3372,c,3374
3376,a,3375
3375,a,3375
3374,e,3375
3374,f,3375
3374,a,3375
3375,f,3375
3376,f,3375
3376,e,3375
3375,e,3375
3372,a,3375
3371,f,3375
3371,e,3375
3372,f,3375
3372,e,3375
3373,e,3375
3373,f,3375
3373,a,3375
3371,a,3375
3375,d,3376
3375,b,3376
3372,b,3376
3372,d,3376
3372,f,3376
3376,f,3376
3376,d,3376
3377,b,3376
3377,d,3376
3377,f,3376
3374,f,3376
3374,d,3376
3374,b,3376
3373,b,3376
3373,d,3376
3373,f,3376
3376,b,3376
3375,f,3376
3376,a,3377
3378,c,3377
3376,d,3377
3373,c,3377
3378,d,3377
3373,f,3377
3378,a,3377
3377,a,3377
3377,d,3377
3376,c,3377
3376,f,3377
3375,d,3377
3374,f,3377
3373,d,3377
3373,a,3377
3374,a,3377
3374,d,3377
3374,c,3377
3378,f,3377
3377,f,3377
3375,a,3377
3377,c,3377
3375,c,3377
3375,f,3377
3379,d,3378
3379,e,3378
3377,e,3378
3377,d,3378
3377,b,3378
3378,e,3378
3378,d,3378
3379,b,3378
3378,b,3378
3376,d,3378
3376,b,3378
3374,e,3378
3375,b,3378
3375,d,3378
3375,e,3378
3374,b,3378
3376,e,3378
3374,d,3378
3378,c,3379
3375,c,3379
3380,c,3379
3379,c,3379
3377,c,3379
3376,c,3379
3379,b,3380
3379,e,3380
3380,e,3380
3381,b,3380
3381,e,3380
3376,b,3380
3376,e,3380
3378,b,3380
3380,b,3380
3377,e,3380
3377,b,3380
3378,e,3380
3381,d,3381
3381,f,3381
3382,d,3381
3382,f,3381
3382,c,3381
3380,f,3381
3380,c,3381
3380,d,3381
3381,c,3381
3377,c,3381
3377,d,3381
3379,f,3381
3379,c,3381
3379,d,3381
3378,d,3381
3378,c,3381
3378,f,3381
3377,f,3381
3382,f,3382
3382,e,3382
3383,f,3382
3383,e,3382
3381,e,3382
3381,f,3382
3378,f,3382
3380,e,3382
3380,f,3382
3379,f,3382
3379,e,3382
3378,e,3382
3383,a,3383
3383,f,3383
3384,a,3383
3384,f,3383
3382,a,3383
3379,f,3383
3379,a,3383
3382,f,3383
3380,a,3383
3380,f,3383
3381,f,3383
3381,a,3383
3383,d,3384
3384,d,3384
3384,b,3384
3385,b,3384
3383,b,3384
3380,b,3384
3380,d,3384
3385,d,3384
3382,d,3384
3381,d,3384
3382,b,3384
3381,b,3384
3382,f,3385
3385,c,3385
3385,f,3385
3384,f,3385
3384,c,3385
3386,f,3385
3381,f,3385
3383,f,3385
3383,c,3385
3382,c,3385
3386,c,3385
3381,c,3385
3385,e,3386
3383,e,3386
3384,e,3386
3382,e,3386
3387,e,3386
3386,e,3386
3387,f,3387
3386,f,3387
3388,f,3387
3384,f,3387
3383,f,3387
3385,f,3387
3387,a,3391
3388,a,3391
3389,a,3391
3392,a,3391
3391,a,3391
3390,a,3391
3393,d,3392
3393,b,3392
3392,b,3392
3391,d,3392
3391,b,3392
3390,d,3392
3392,d,3392
3388,b,3392
3390,b,3392
3388,d,3392
3389,b,3392
3389,d,3392
3390,b,3393
3394,c,3393
3394,b,3393
3393,f,3393
3393,c,3393
3393,b,3393
3394,f,3393
3392,c,3393
3392,b,3393
3392,f,3393
3389,f,3393
3390,c,3393
3390,f,3393
3391,f,3393
3391,c,3393
3391,b,3393
3389,b,3393
3389,c,3393
3394,f,3394
3394,e,3394
3393,e,3394
3393,f,3394
3393,c,3394
3390,c,3394
3390,f,3394
3390,e,3394
3395,f,3394
3391,e,3394
3392,e,3394
3392,f,3394
3392,c,3394
3391,c,3394
3391,f,3394
3395,c,3394
3395,e,3394
3394,c,3394
3396,f,3395
3395,e,3395
3394,e,3395
3394,f,3395
3392,e,3395
3393,e,3395
3393,f,3395
3392,f,3395
3391,e,3395
3391,f,3395
3396,e,3395
3395,f,3395
3396,f,3396
3397,f,3396
3395,f,3396
3392,f,3396
3394,f,3396
3393,f,3396
3394,d,3397
3395,d,3397
3393,d,3397
3396,d,3397
3398,d,3397
3397,d,3397
3394,f,3398
3398,f,3398
3399,f,3398
3396,f,3398
3395,f,3398
3397,f,3398
3404,a,3403
3401,c,3403
3404,e,3403
3403,e,3403
3403,c,3403
3403,b,3403
3403,a,3403
3402,e,3403
3402,c,3403
3402,b,3403
3402,a,3403
3401,e,3403
3401,b,3403
3404,c,3403
3401,a,3403
3404,b,3403
3399,a,3403
3400,a,3403
3399,e,3403
3399,c,3403
3400,b,3403
3400,c,3403
3400,e,3403
3399,b,3403
3405,c,3404
3405,d,3404
3405,b,3404
3400,e,3404
3403,d,3404
3403,c,3404
3403,f,3404
3403,e,3404
3404,e,3404
3404,f,3404
3404,c,3404
3404,d,3404
3404,b,3404
3405,f,3404
3403,b,3404
3405,e,3404
3400,b,3404
3400,f,3404
3400,c,3404
3402,e,3404
3402,f,3404
3402,c,3404
3402,d,3404
3402,b,3404
3401,e,3404
3400,d,3404
3401,b,3404
3401,d,3404
3401,c,3404
3401,f,3404
3405,d,3405
3404,a,3405
3406,e,3405
3406,f,3405
3404,f,3405
3404,e,3405
3405,a,3405
3406,c,3405
3406,d,3405
3406,a,3405
3405,f,3405
3405,c,3405
3404,c,3405
3405,e,3405
3404,d,3405
3402,e,3405
3402,d,3405
3402,a,3405
3401,e,3405
3402,c,3405
3401,c,3405
3403,a,3405
3403,d,3405
3401,f,3405
3403,f,3405
3403,e,3405
3401,d,3405
3401,a,3405
3403,c,3405
3402,f,3405
3407,b,3406
3407,f,3406
3407,e,3406
3405,e,3406
3405,f,3406
3405,d,3406
3405,b,3406
3406,b,3406
3406,d,3406
3407,d,3406
3402,b,3406
3403,e,3406
3403,f,3406
3403,d,3406
3403,b,3406
3404,b,3406
3404,d,3406
3406,f,3406
3404,e,3406
3404,f,3406
3402,e,3406
3402,f,3406
3402,d,3406
3406,e,3406
3407,c,3407
3406,f,3407
3408,f,3407
3408,c,3407
3407,f,3407
3406,c,3407
3403,f,3407
3403,c,3407
3405,c,3407
3405,f,3407
3404,c,3407
3404,f,3407
3405,e,3408
3409,e,3408
3405,f,3408
3406,f,3408
3404,f,3408
3404,e,3408
3407,f,3408
3407,e,3408
3409,f,3408
3408,e,3408
3408,f,3408
3406,e,3408
3410,f,3409
3408,f,3409
3405,f,3409
3409,f,3409
3406,f,3409
3407,f,3409
3410,d,3410
3407,d,3410
3408,d,3410
3411,d,3410
3409,d,3410
3406,d,3410
3411,d,3411
3411,b,3411
3410,d,3411
3410,b,3411
3407,d,3411
3407,b,3411
3412,b,3411
3409,d,3411
3409,b,3411
3412,d,3411
3408,b,3411
3408,d,3411
3412,c,3412
3412,f,3412
3411,f,3412
3411,c,3412
3408,c,3412
3408,f,3412
3413,c,3412
3409,f,3412
3410,f,3412
3410,c,3412
3409,c,3412
3413,f,3412
3412,e,3413
3412,c,3413
3413,a,3413
3413,c,3413
3414,e,3413
3413,e,3413
3414,a,3413
3414,c,3413
3412,a,3413
3409,c,3413
3410,a,3413
3409,e,3413
3409,a,3413
3410,e,3413
3411,a,3413
3410,c,3413
3411,e,3413
3411,c,3413
3414,e,3414
3414,f,3414
3415,b,3414
3414,b,3414
3415,d,3414
3413,e,3414
3413,f,3414
3413,d,3414
3413,b,3414
3415,f,3414
3415,e,3414
3414,d,3414
3411,f,3414
3411,b,3414
3411,e,3414
3410,b,3414
3410,e,3414
3410,f,3414
3410,d,3414
3412,b,3414
3412,d,3414
3411,d,3414
3412,f,3414
3412,e,3414
3415,c,3415
3412,f,3415
3411,c,3415
3411,f,3415
3412,c,3415
3416,c,3415
3416,f,3415
3414,f,3415
3414,c,3415
3413,c,3415
3413,f,3415
3415,f,3415
3416,e,3416
3417,e,3416
3415,e,3416
3412,e,3416
3414,e,3416
3413,e,3416
3415,f,3417
3414,f,3417
3416,f,3417
3417,f,3417
3413,f,3417
3418,f,3417
3421,e,3420
3421,f,3420
3420,e,3420
3420,f,3420
3419,e,3420
3419,f,3420
3418,f,3420
3417,e,3420
3417,f,3420
3416,e,3420
3416,f,3420
3418,e,3420
3418,f,3421
3422,f,3421
3417,f,3421
3419,f,3421
3421,f,3421
3420,f,3421
3422,a,3422
3421,a,3422
3423,a,3422
3420,a,3422
3419,a,3422
3418,a,3422
3420,b,3423
3424,d,3423
3424,b,3423
3423,b,3423
3422,d,3423
3419,d,3423
3419,b,3423
3421,b,3423
3421,d,3423
3422,b,3423
3420,d,3423
3423,d,3423
3425,b,3424
3423,d,3424
3423,c,3424
3423,f,3424
3425,d,3424
3425,c,3424
3424,f,3424
3424,b,3424
3423,b,3424
3425,f,3424
3424,c,3424
3421,d,3424
3420,b,3424
3422,f,3424
3422,c,3424
3422,d,3424
3422,b,3424
3420,d,3424
3420,c,3424
3421,f,3424
3421,c,3424
3420,f,3424
3421,b,3424
3424,d,3424
3424,c,3425
3425,f,3425
3424,e,3425
3425,e,3425
3426,e,3425
3426,f,3425
3425,c,3425
3424,f,3425
3426,c,3425
3421,e,3425
3422,e,3425
3421,c,3425
3423,e,3425
3421,f,3425
3423,f,3425
3423,c,3425
3422,c,3425
3422,f,3425
3427,f,3426
3427,e,3426
3425,e,3426
3425,f,3426
3423,e,3426
3422,f,3426
3422,e,3426
3424,e,3426
3424,f,3426
3423,f,3426
3426,f,3426
3426,e,3426
3428,f,3427
3426,f,3427
3427,f,3427
3423,f,3427
3425,f,3427
3424,f,3427
3426,c,3429
3430,c,3429
3428,c,3429
3429,c,3429
3427,c,3429
3425,c,3429
3431,e,3430
3428,e,3430
3430,e,3430
3426,e,3430
3429,e,3430
3427,e,3430
3431,f,3431
3430,f,3431
3430,c,3431
3432,c,3431
3432,f,3431
3427,c,3431
3429,c,3431
3428,f,3431
3428,c,3431
3431,c,3431
3427,f,3431
3429,f,3431
3432,f,3432
3433,f,3432
3433,e,3432
3431,e,3432
3431,f,3432
3432,e,3432
3429,e,3432
3428,e,3432
3430,e,3432
3430,f,3432
3429,f,3432
3428,f,3432
3433,b,3433
3433,f,3433
3432,b,3433
3429,b,3433
3429,f,3433
3432,f,3433
3434,f,3433
3431,f,3433
3431,b,3433
3430,b,3433
3430,f,3433
3434,b,3433
3433,f,3434
3433,c,3434
3435,c,3434
3430,c,3434
3432,f,3434
3432,c,3434
3430,f,3434
3434,c,3434
3431,f,3434
3431,c,3434
3435,f,3434
3434,f,3434
3435,e,3435
3436,e,3435
3434,e,3435
3431,e,3435
3433,e,3435
3432,e,3435
3434,f,3436
3432,f,3436
3435,f,3436
3436,f,3436
3437,f,3436
3433,f,3436
3441,c,3442
3443,c,3442
3440,c,3442
3439,c,3442
3438,c,3442
3442,c,3442
3444,f,3443
3443,f,3443
3442,e,3443
3444,e,3443
3443,e,3443
3442,f,3443
3441,e,3443
3441,f,3443
3440,e,3443
3440,f,3443
3439,e,3443
3439,f,3443
3445,f,3444
3441,f,3444
3444,f,3444
3443,f,3444
3442,f,3444
3440,f,3444
3444,e,3447
3445,e,3447
3448,e,3447
3446,e,3447
3443,e,3447
3447,e,3447
3447,c,3448
3449,f,3448
3449,c,3448
3448,f,3448
3448,c,3448
3447,f,3448
3444,c,3448
3444,f,3448
3446,f,3448
3446,c,3448
3445,f,3448
3445,c,3448
3446,e,3449
3447,e,3449
3450,e,3449
3449,e,3449
3445,e,3449
3448,e,3449
3449,b,3450
3449,f,3450
3446,f,3450
3451,f,3450
3446,b,3450
3451,b,3450
3450,f,3450
3450,b,3450
3448,b,3450
3448,f,3450
3447,b,3450
3447,f,3450
3451,c,3451
3451,f,3451
3450,f,3451
3450,c,3451
3447,f,3451
3452,c,3451
3447,c,3451
3449,f,3451
3449,c,3451
3448,c,3451
3448,f,3451
3452,f,3451
3452,e,3452
3451,e,3452
3448,e,3452
3453,e,3452
3450,e,3452
3449,e,3452
3450,f,3453
3450,c,3453
3451,c,3453
3451,f,3453
3454,f,3453
3454,c,3453
3453,f,3453
3452,f,3453
3453,c,3453
3449,f,3453
3449,c,3453
3452,c,3453
3455,c,3454
3453,e,3454
3454,e,3454
3454,c,3454
3453,c,3454
3455,e,3454
3452,e,3454
3450,c,3454
3450,e,3454
3451,c,3454
3451,e,3454
3452,c,3454
3451,b,3455
3455,f,3455
3455,e,3455
3454,e,3455
3455,b,3455
3452,e,3455
3456,f,3455
3456,b,3455
3453,e,3455
3453,f,3455
3453,b,3455
3451,f,3455
3451,e,3455
3452,b,3455
3452,f,3455
3456,e,3455
3454,b,3455
3454,f,3455
3457,b,3456
3455,b,3456
3455,c,3456
3455,f,3456
3456,f,3456
3456,c,3456
3456,b,3456
3457,c,3456
3457,f,3456
3452,b,3456
3453,f,3456
3452,c,3456
3452,f,3456
3453,b,3456
3453,c,3456
3454,c,3456
3454,b,3456
3454,f,3456
3458,c,3457
3458,f,3457
3458,e,3457
3457,d,3457
3456,e,3457
3456,f,3457
3456,c,3457
3456,d,3457
3457,e,3457
3457,f,3457
3458,d,3457
3457,c,3457
3454,e,3457
3453,d,3457
3454,f,3457
3454,c,3457
3454,d,3457
3455,d,3457
3455,c,3457
3453,c,3457
3455,e,3457
3453,e,3457
3453,f,3457
3455,f,3457
3458,e,3458
3454,b,3458
3459,f,3458
3457,e,3458
3457,f,3458
3457,b,3458
3458,b,3458
3459,e,3458
3459,b,3458
3458,f,3458
3456,b,3458
3455,e,3458
3455,f,3458
3455,b,3458
3454,e,3458
3456,f,3458
3454,f,3458
3456,e,3458
3460,f,3459
3460,c,3459
3458,f,3459
3458,c,3459
3458,d,3459
3460,d,3459
3459,f,3459
3459,c,3459
3455,f,3459
3459,d,3459
3455,c,3459
3456,c,3459
3457,f,3459
3456,d,3459
3457,c,3459
3457,d,3459
3456,f,3459
3455,d,3459
3461,e,3460
3461,f,3460
3461,c,3460
3460,e,3460
3460,f,3460
3460,c,3460
3459,f,3460
3459,c,3460
3459,e,3460
3456,f,3460
3456,e,3460
3457,e,3460
3457,f,3460
3458,e,3460
3458,f,3460
3458,c,3460
3456,c,3460
3457,c,3460
3462,e,3461
3461,e,3461
3460,e,3461
3457,e,3461
3459,e,3461
3458,e,3461
3466,a,3467
3466,d,3467
3466,c,3467
3467,a,3467
3465,c,3467
3468,a,3467
3468,d,3467
3468,c,3467
3467,d,3467
3465,d,3467
3467,c,3467
3463,a,3467
3463,d,3467
3465,a,3467
3464,c,3467
3463,c,3467
3464,a,3467
3464,d,3467
3464,e,3468
3468,f,3468
3468,e,3468
3469,b,3468
3467,e,3468
3467,f,3468
3467,d,3468
3467,b,3468
3468,b,3468
3469,d,3468
3469,e,3468
3464,f,3468
3465,b,3468
3465,d,3468
3465,f,3468
3465,e,3468
3469,f,3468
3468,d,3468
3464,d,3468
3464,b,3468
3466,b,3468
3466,d,3468
3466,f,3468
3466,e,3468
3468,f,3469
3468,c,3469
3469,c,3469
3469,f,3469
3467,f,3469
3467,c,3469
3465,c,3469
3465,f,3469
3466,c,3469
3466,f,3469
3470,f,3469
3470,c,3469
3466,e,3470
3468,e,3470
3467,e,3470
3469,e,3470
3470,e,3470
3471,e,3470
3470,a,3471
3471,f,3471
3471,a,3471
3472,f,3471
3472,a,3471
3470,f,3471
3467,f,3471
3469,f,3471
3469,a,3471
3468,a,3471
3468,f,3471
3467,a,3471
3472,b,3472
3472,d,3472
3471,d,3472
3473,d,3472
3471,b,3472
3470,d,3472
3470,b,3472
3468,b,3472
3468,d,3472
3469,b,3472
3473,b,3472
3469,d,3472
3472,f,3473
3472,c,3473
3473,f,3473
3469,c,3473
3474,f,3473
3471,f,3473
3471,c,3473
3470,f,3473
3470,c,3473
3469,f,3473
3474,c,3473
3473,c,3473
3474,e,3474
3475,e,3474
3473,e,3474
3472,e,3474
3471,e,3474
3470,e,3474
3473,f,3475
3471,f,3475
3474,f,3475
3475,f,3475
3476,f,3475
3472,f,3475
3479,c,3479
3478,c,3479
3477,c,3479
3480,c,3479
3476,c,3479
3475,c,3479
3476,a,3480
3477,a,3480
3477,e,3480
3480,e,3480
3478,a,3480
3478,e,3480
3476,e,3480
3481,e,3480
3481,a,3480
3479,e,3480
3480,a,3480
3479,a,3480
3480,b,3481
3480,d,3481
3481,b,3481
3481,d,3481
3481,f,3481
3482,f,3481
3480,f,3481
3482,b,3481
3482,d,3481
3478,f,3481
3477,d,3481
3477,f,3481
3478,b,3481
3478,d,3481
3477,b,3481
3479,f,3481
3479,b,3481
3479,d,3481
3479,c,3482
3482,f,3482
3483,c,3482
3481,f,3482
3481,c,3482
3480,c,3482
3482,c,3482
3478,c,3482
3483,f,3482
3480,f,3482
3478,f,3482
3479,f,3482
3482,e,3483
3483,e,3483
3481,e,3483
3480,e,3483
3479,e,3483
3484,e,3483
3481,f,3484
3482,f,3484
3485,f,3484
3484,f,3484
3483,f,3484
3480,f,3484
3485,e,3485
3484,e,3485
3486,e,3485
3481,e,3485
3483,e,3485
3482,e,3485
3483,f,3486
3485,f,3486
3485,d,3486
3486,f,3486
3487,d,3486
3483,d,3486
3487,f,3486
3484,f,3486
3484,d,3486
3486,d,3486
3482,f,3486
3482,d,3486
3486,e,3487
3486,f,3487
3486,a,3487
3487,f,3487
3487,e,3487
3488,a,3487
3487,a,3487
3488,e,3487
3488,f,3487
3484,f,3487
3484,a,3487
3483,e,3487
3483,f,3487
3485,e,3487
3485,a,3487
3484,e,3487
3483,a,3487
3485,f,3487
3489,b,3488
3489,d,3488
3488,e,3488
3487,e,3488
3487,f,3488
3487,d,3488
3487,b,3488
3488,f,3488
3488,d,3488
3488,b,3488
3485,b,3488
3489,f,3488
3484,e,3488
3485,d,3488
3485,f,3488
3485,e,3488
3489,e,3488
3484,f,3488
3484,d,3488
3486,b,3488
3486,d,3488
3486,f,3488
3486,e,3488
3484,b,3488
3488,f,3489
3488,c,3489
3490,c,3489
3490,f,3489
3489,f,3489
3489,c,3489
3486,f,3489
3485,c,3489
3485,f,3489
3487,f,3489
3486,c,3489
3487,c,3489
3486,b,3490
3490,e,3490
3489,b,3490
3489,e,3490
3486,e,3490
3491,b,3490
3488,e,3490
3488,b,3490
3487,b,3490
3487,e,3490
3491,e,3490
3490,b,3490
3487,c,3491
3490,d,3491
3492,c,3491
3490,c,3491
3490,f,3491
3492,d,3491
3492,a,3491
3491,f,3491
3491,a,3491
3490,a,3491
3492,f,3491
3489,f,3491
3491,c,3491
3487,d,3491
3487,a,3491
3487,f,3491
3489,c,3491
3489,d,3491
3489,a,3491
3491,d,3491
3488,a,3491
3488,d,3491
3488,f,3491
3488,c,3491
3491,b,3492
3491,d,3492
3491,f,3492
3492,d,3492
3492,f,3492
3493,f,3492
3493,d,3492
3493,b,3492
3492,e,3492
3492,b,3492
3491,e,3492
3493,e,3492
3488,e,3492
3488,f,3492
3490,e,3492
3490,f,3492
3488,b,3492
3490,d,3492
3490,b,3492
3488,d,3492
3489,e,3492
3489,f,3492
3489,d,3492
3489,b,3492
3494,f,3493
3494,c,3493
3493,f,3493
3493,c,3493
3492,f,3493
3490,f,3493
3489,c,3493
3492,c,3493
3490,c,3493
3489,f,3493
3491,c,3493
3491,f,3493
3490,e,3494
3495,e,3494
3493,e,3494
3494,e,3494
3492,e,3494
3491,e,3494
3493,f,3495
3495,f,3495
3492,f,3495
3496,f,3495
3491,f,3495
3494,f,3495
3495,f,3499
3496,f,3499
3497,f,3499
3500,f,3499
3498,f,3499
3499,f,3499
3501,e,3500
3499,e,3500
3500,e,3500
3496,e,3500
3498,e,3500
3497,e,3500
3498,f,3501
3502,f,3501
3500,f,3501
3497,f,3501
3501,f,3501
3499,f,3501
3503,d,3502
3499,d,3502
3500,d,3502
3502,d,3502
3498,d,3502
3501,d,3502
3503,f,3503
3502,f,3503
3502,b,3503
3504,b,3503
3504,f,3503
3499,b,3503
3499,f,3503
3501,b,3503
3503,b,3503
3500,f,3503
3500,b,3503
3501,f,3503
3504,f,3504
3505,c,3504
3503,f,3504
3503,c,3504
3504,c,3504
3505,f,3504
3502,f,3504
3502,c,3504
3500,f,3504
3501,c,3504
3501,f,3504
3500,c,3504
3501,e,3505
3506,e,3505
3504,e,3505
3505,e,3505
3503,e,3505
3502,e,3505
3506,e,3506
3507,e,3506
3505,e,3506
3505,f,3506
3506,f,3506
3502,f,3506
3507,f,3506
3504,e,3506
3504,f,3506
3503,e,3506
3503,f,3506
3502,e,3506
3504,f,3507
3505,f,3507
3503,f,3507
3506,f,3507
3507,f,3507
3508,f,3507
3511,a,3511
3510,a,3511
3509,a,3511
3512,a,3511
3508,a,3511
3507,a,3511
3508,b,3512
3512,d,3512
3513,b,3512
3511,d,3512
3511,b,3512
3512,b,3512
3513,d,3512
3509,d,3512
3510,d,3512
3510,b,3512
3509,b,3512
3508,d,3512
3513,f,3513
3514,c,3513
3514,f,3513
3512,f,3513
3512,c,3513
3513,c,3513
3510,f,3513
3511,f,3513
3509,c,3513
3511,c,3513
3509,f,3513
3510,c,3513
3515,e,3514
3511,e,3514
3512,e,3514
3514,e,3514
3510,e,3514
3513,e,3514
3515,f,3515
3514,f,3515
3514,d,3515
3516,d,3515
3516,f,3515
3511,d,3515
3511,f,3515
3513,d,3515
3515,d,3515
3512,f,3515
3512,d,3515
3513,f,3515
3516,d,3516
3516,b,3516
3515,f,3516
3517,b,3516
3517,d,3516
3517,f,3516
3515,d,3516
3515,b,3516
3516,f,3516
3513,b,3516
3512,d,3516
3512,f,3516
3513,d,3516
3513,f,3516
3514,f,3516
3514,d,3516
3514,b,3516
3512,b,3516
3518,c,3517
3513,b,3517
3513,c,3517
3517,c,3517
3517,f,3517
3516,f,3517
3514,f,3517
3518,f,3517
3516,b,3517
3515,f,3517
3515,c,3517
3515,b,3517
3513,f,3517
3514,b,3517
3514,c,3517
3518,b,3517
3517,b,3517
3516,c,3517
3517,c,3518
3517,f,3518
3517,e,3518
3518,e,3518
3518,f,3518
3518,c,3518
3519,c,3518
3519,f,3518
3514,c,3518
3516,c,3518
3514,f,3518
3514,e,3518
3516,e,3518
3516,f,3518
3515,c,3518
3515,f,3518
3515,e,3518
3519,e,3518
3518,b,3519
3518,d,3519
3518,f,3519
3519,b,3519
3520,f,3519
3520,d,3519
3520,b,3519
3519,e,3519
3519,f,3519
3519,d,3519
3518,e,3519
3520,e,3519
3517,b,3519
3517,e,3519
3517,f,3519
3517,d,3519
3515,b,3519
3515,d,3519
3515,f,3519
3515,e,3519
3516,b,3519
3516,e,3519
3516,f,3519
3516,d,3519
3519,c,3520
3520,f,3520
3520,c,3520
3519,f,3520
3521,f,3520
3521,c,3520
3516,f,3520
3517,f,3520
3517,c,3520
3518,c,3520
3516,c,3520
3518,f,3520
3522,e,3521
3518,b,3521
3519,e,3521
3519,b,3521
3522,b,3521
3518,e,3521
3520,b,3521
3520,e,3521
3521,e,3521
3521,b,3521
3517,e,3521
3517,b,3521
3522,c,3522
3523,c,3522
3521,c,3522
3518,c,3522
3520,c,3522
3519,c,3522
3520,e,3523
3523,f,3523
3523,e,3523
3522,e,3523
3522,f,3523
3519,f,3523
3519,e,3523
3520,f,3523
3524,f,3523
3524,e,3523
3521,e,3523
3521,f,3523
3520,f,3524
3524,c,3524
3524,f,3524
3523,f,3524
3523,c,3524
3520,c,3524
3525,c,3524
3522,f,3524
3522,c,3524
3525,f,3524
3521,c,3524
3521,f,3524
3525,a,3525
3525,e,3525
3524,e,3525
3524,a,3525
3521,a,3525
3526,e,3525
3526,a,3525
3523,e,3525
3523,a,3525
3521,e,3525
3522,a,3525
3522,e,3525
3527,d,3526
3525,f,3526
3526,d,3526
3526,f,3526
3527,f,3526
3525,d,3526
3525,b,3526
3526,b,3526
3527,b,3526
3522,f,3526
3522,b,3526
3522,d,3526
3524,f,3526
3524,d,3526
3524,b,3526
3523,b,3526
3523,d,3526
3523,f,3526
3523,c,3527
3527,c,3527
3527,e,3527
3528,c,3527
3528,f,3527
3526,e,3527
3526,f,3527
3526,c,3527
3527,f,3527
3523,e,3527
3528,e,3527
3524,e,3527
3524,f,3527
3525,e,3527
3525,f,3527
3525,c,3527
3523,f,3527
3524,c,3527
3528,e,3528
3527,d,3528
3529,f,3528
3527,e,3528
3528,f,3528
3529,e,3528
3528,d,3528
3527,f,3528
3529,d,3528
3525,f,3528
3526,d,3528
3524,d,3528
3526,e,3528
3524,e,3528
3525,d,3528
3525,e,3528
3526,f,3528
3524,f,3528
3528,f,3529
3525,f,3529
3530,f,3529
3527,f,3529
3526,f,3529
3529,f,3529
3529,f,3530
3529,e,3530
3530,e,3530
3526,e,3530
3531,f,3530
3526,f,3530
3528,e,3530
3530,f,3530
3527,e,3530
3527,f,3530
3531,e,3530
3528,f,3530
3530,f,3531
3531,c,3531
3531,f,3531
3532,f,3531
3530,c,3531
3532,c,3531
3529,f,3531
3529,c,3531
3528,f,3531
3528,c,3531
3527,f,3531
3527,c,3531
3529,d,3532
3529,e,3532
3533,e,3532
3533,d,3532
3532,e,3532
3532,d,3532
3531,e,3532
3531,d,3532
3528,d,3532
3530,e,3532
3530,d,3532
3528,e,3532
3538,d,3539
3540,d,3539
3539,f,3539
3539,d,3539
3540,f,3539
3537,f,3539
3538,f,3539
3535,d,3539
3536,f,3539
3537,d,3539
3535,f,3539
3536,d,3539
3541,f,3540
3540,f,3540
3539,f,3540
3537,f,3540
3538,f,3540
3536,f,3540
3542,b,3541
3538,b,3541
3539,b,3541
3541,b,3541
3540,b,3541
3537,b,3541
3542,f,3542
3541,f,3542
3541,c,3542
3543,c,3542
3543,f,3542
3538,c,3542
3538,f,3542
3540,c,3542
3542,c,3542
3539,f,3542
3539,c,3542
3540,f,3542
3544,e,3543
3542,e,3543
3543,e,3543
3539,e,3543
3541,e,3543
3540,e,3543
3544,f,3544
3543,f,3544
3543,c,3544
3540,c,3544
3540,f,3544
3544,c,3544
3545,f,3544
3545,c,3544
3542,f,3544
3542,c,3544
3541,c,3544
3541,f,3544
3545,e,3545
3546,c,3545
3544,e,3545
3544,c,3545
3541,e,3545
3545,c,3545
3546,e,3545
3541,c,3545
3542,c,3545
3543,e,3545
3543,c,3545
3542,e,3545
3542,e,3546
3546,f,3546
3546,e,3546
3547,b,3546
3545,e,3546
3545,f,3546
3545,b,3546
3542,b,3546
3542,f,3546
3547,f,3546
3546,b,3546
3544,e,3546
3544,f,3546
3544,b,3546
3543,b,3546
3543,f,3546
3543,e,3546
3547,e,3546
3548,e,3547
3547,c,3547
3547,f,3547
3547,e,3547
3546,e,3547
3546,f,3547
3546,c,3547
3548,c,3547
3548,f,3547
3544,c,3547
3544,e,3547
3543,c,3547
3544,f,3547
3543,e,3547
3545,c,3547
3543,f,3547
3545,f,3547
3545,e,3547
3547,f,3548
3545,f,3548
3548,f,3548
3548,e,3548
3547,e,3548
3546,e,3548
3545,e,3548
3544,f,3548
3544,e,3548
3546,f,3548
3549,e,3548
3549,f,3548
3545,f,3549
3548,f,3549
3549,f,3549
3550,f,3549
3547,f,3549
3546,f,3549
3550,b,3550
3547,b,3550
3548,b,3550
3551,b,3550
3546,b,3550
3549,b,3550
3552,c,3551
3551,c,3551
3551,a,3551
3550,c,3551
3550,a,3551
3552,f,3551
3551,f,3551
3552,a,3551
3550,f,3551
3547,a,3551
3548,a,3551
3547,f,3551
3547,c,3551
3549,f,3551
3548,c,3551
3548,f,3551
3549,c,3551
3549,a,3551
3552,d,3552
3552,e,3552
3553,b,3552
3551,e,3552
3551,d,3552
3551,b,3552
3553,d,3552
3553,e,3552
3552,b,3552
3549,b,3552
3548,b,3552
3548,e,3552
3548,d,3552
3549,e,3552
3550,b,3552
3549,d,3552
3550,d,3552
3550,e,3552
3551,f,3553
3549,c,3553
3553,c,3553
3553,f,3553
3552,f,3553
3549,f,3553
3550,f,3553
3550,c,3553
3554,c,3553
3554,f,3553
3551,c,3553
3552,c,3553
3553,e,3554
3555,e,3554
3553,f,3554
3554,f,3554
3550,f,3554
3552,e,3554
3552,f,3554
3554,e,3554
3551,e,3554
3551,f,3554
3550,e,3554
3555,f,3554
3555,f,3555
3556,f,3555
3552,f,3555
3553,f,3555
3551,f,3555
3554,f,3555
3558,b,3559
3560,b,3559
3559,b,3559
3557,b,3559
3556,b,3559
3555,b,3559
3557,c,3560
3561,f,3560
3561,c,3560
3560,c,3560
3559,f,3560
3559,c,3560
3556,f,3560
3560,f,3560
3557,f,3560
3558,f,3560
3558,c,3560
3556,c,3560
3562,f,3561
3560,a,3561
3560,f,3561
3560,e,3561
3558,a,3561
3558,f,3561
3557,f,3561
3561,a,3561
3561,f,3561
3561,e,3561
3562,e,3561
3557,a,3561
3557,e,3561
3562,a,3561
3559,f,3561
3558,e,3561
3559,e,3561
3559,a,3561
3562,b,3562
3562,d,3562
3562,f,3562
3561,f,3562
3561,d,3562
3561,b,3562
3558,b,3562
3558,d,3562
3558,f,3562
3560,b,3562
3563,d,3562
3563,f,3562
3560,f,3562
3560,d,3562
3559,b,3562
3559,d,3562
3559,f,3562
3563,b,3562
3564,a,3563
3563,a,3563
3563,c,3563
3563,f,3563
3562,f,3563
3562,c,3563
3564,f,3563
3564,c,3563
3562,a,3563
3559,f,3563
3561,f,3563
3559,a,3563
3561,c,3563
3561,a,3563
3560,a,3563
3560,c,3563
3560,f,3563
3559,c,3563
3563,e,3564
3563,d,3564
3563,b,3564
3560,b,3564
3560,d,3564
3560,e,3564
3565,d,3564
3564,d,3564
3565,e,3564
3564,b,3564
3562,e,3564
3562,d,3564
3562,b,3564
3561,b,3564
3561,d,3564
3561,e,3564
3565,b,3564
3564,e,3564
3564,f,3565
3565,c,3565
3565,f,3565
3564,c,3565
3561,f,3565
3561,c,3565
3566,c,3565
3563,f,3565
3563,c,3565
3566,f,3565
3562,c,3565
3562,f,3565
3566,a,3566
3566,b,3566
3566,e,3566
3565,e,3566
3565,b,3566
3565,a,3566
3562,a,3566
3562,b,3566
3567,b,3566
3567,a,3566
3563,a,3566
3563,e,3566
3564,e,3566
3564,b,3566
3564,a,3566
3562,e,3566
3567,e,3566
3563,b,3566
3568,d,3567
3568,c,3567
3566,b,3567
3568,f,3567
3567,b,3567
3566,c,3567
3567,c,3567
3567,d,3567
3566,f,3567
3568,b,3567
3566,d,3567
3567,f,3567
3565,c,3567
3564,c,3567
3564,b,3567
3563,f,3567
3564,f,3567
3563,c,3567
3565,b,3567
3564,d,3567
3565,f,3567
3563,d,3567
3563,b,3567
3565,d,3567
3569,f,3568
3569,e,3568
3567,e,3568
3567,f,3568
3567,c,3568
3568,c,3568
3569,c,3568
3568,e,3568
3564,c,3568
3564,f,3568
3566,e,3568
3566,f,3568
3566,c,3568
3564,e,3568
3565,c,3568
3565,f,3568
3565,e,3568
3568,f,3568
3569,e,3569
3570,f,3569
3565,e,3569
3569,f,3569
3568,e,3569
3565,f,3569
3570,e,3569
3568,f,3569
3566,f,3569
3567,e,3569
3567,f,3569
3566,e,3569
3570,f,3570
3568,f,3570
3571,f,3570
3567,f,3570
3566,f,3570
3569,f,3570
3571,c,3571
3570,c,3571
3572,c,3571
3568,c,3571
3569,c,3571
3567,c,3571
3569,f,3572
3572,f,3572
3572,e,3572
3571,e,3572
3571,f,3572
3571,d,3572
3568,d,3572
3568,f,3572
3573,d,3572
3569,d,3572
3573,f,3572
3570,e,3572
3570,f,3572
3570,d,3572
3568,e,3572
3572,d,3572
3569,e,3572
3573,e,3572
3573,a,3573
3572,e,3573
3572,f,3573
3573,f,3573
3572,a,3573
3573,e,3573
3574,e,3573
3574,a,3573
3571,f,3573
3570,e,3573
3569,a,3573
3569,f,3573
3569,e,3573
3570,a,3573
3570,f,3573
3574,f,3573
3571,a,3573
3571,e,3573
3570,d,3574
3571,f,3574
3574,b,3574
3574,d,3574
3574,f,3574
3575,b,3574
3573,f,3574
3573,d,3574
3573,b,3574
3571,d,3574
3571,b,3574
3570,b,3574
3575,d,3574
3575,f,3574
3572,f,3574
3572,d,3574
3572,b,3574
3570,f,3574
3576,f,3575
3575,c,3575
3574,f,3575
3574,c,3575
3575,f,3575
3576,c,3575
3571,c,3575
3573,c,3575
3572,c,3575
3572,f,3575
3573,f,3575
3571,f,3575
3574,a,3576
3576,a,3576
3576,e,3576
3575,e,3576
3575,a,3576
3573,e,3576
3573,a,3576
3572,e,3576
3572,a,3576
3577,a,3576
3577,e,3576
3574,e,3576
3577,b,3577
3578,d,3577
3577,d,3577
3577,f,3577
3576,f,3577
3576,d,3577
3576,b,3577
3578,b,3577
3573,f,3577
3573,d,3577
3578,f,3577
3573,b,3577
3574,b,3577
3575,f,3577
3575,d,3577
3575,b,3577
3574,d,3577
3574,f,3577
3574,d,3578
3578,d,3578
3579,d,3578
3579,c,3578
3579,f,3578
3577,f,3578
3577,c,3578
3577,d,3578
3578,f,3578
3574,c,3578
3574,f,3578
3576,f,3578
3576,c,3578
3576,d,3578
3575,d,3578
3575,c,3578
3575,f,3578
3578,c,3578
3579,e,3579
3580,f,3579
3580,e,3579
3575,e,3579
3578,e,3579
3575,f,3579
3579,f,3579
3578,f,3579
3576,f,3579
3576,e,3579
3577,e,3579
3577,f,3579
3578,f,3580
3580,f,3580
3577,f,3580
3576,f,3580
3579,f,3580
3581,f,3580
3581,b,3581
3580,b,3581
3582,b,3581
3579,b,3581
3577,b,3581
3578,b,3581
3581,f,3582
3581,c,3582
3581,d,3582
3582,c,3582
3582,f,3582
3583,d,3582
3582,d,3582
3583,c,3582
3583,f,3582
3578,d,3582
3580,c,3582
3580,d,3582
3579,f,3582
3578,c,3582
3578,f,3582
3579,d,3582
3580,f,3582
3579,c,3582
3580,e,3583
3583,f,3583
3583,e,3583
3582,e,3583
3582,f,3583
3584,f,3583
3581,e,3583
3581,f,3583
3579,f,3583
3579,e,3583
3584,e,3583
3580,f,3583
3584,d,3584
3583,f,3584
3583,d,3584
3585,d,3584
3585,f,3584
3584,f,3584
3582,f,3584
3582,d,3584
3580,d,3584
3580,f,3584
3581,d,3584
3581,f,3584
3582,f,3585
3585,f,3585
3584,f,3585
3583,f,3585
3581,f,3585
3586,f,3585
3586,a,3586
3584,a,3586
3587,a,3586
3582,a,3586
3583,a,3586
3585,a,3586
3588,d,3587
3587,d,3587
3587,b,3587
3586,d,3587
3586,b,3587
3588,b,3587
3585,d,3587
3585,b,3587
3583,d,3587
3583,b,3587
3584,b,3587
3584,d,3587
3585,f,3588
3585,c,3588
3588,f,3588
3588,c,3588
3587,f,3588
3589,f,3588
3587,c,3588
3586,f,3588
3586,c,3588
3584,c,3588
3584,f,3588
3589,c,3588
3586,e,3589
3587,e,3589
3590,e,3589
3588,e,3589
3585,e,3589
3589,e,3589
3591,f,3590
3590,f,3590
3590,c,3590
3589,f,3590
3591,c,3590
3589,c,3590
3586,f,3590
3588,f,3590
3588,c,3590
3586,c,3590
3587,c,3590
3587,f,3590
3592,e,3591
3591,e,3591
3590,e,3591
3588,e,3591
3587,e,3591
3589,e,3591
3593,f,3592
3590,f,3592
3592,f,3592
3588,f,3592
3589,f,3592
3591,f,3592
3592,d,3593
3593,d,3593
3594,d,3593
3589,d,3593
3590,d,3593
3591,d,3593
3595,a,3594
3594,f,3594
3594,b,3594
3594,a,3594
3595,b,3594
3593,e,3594
3593,f,3594
3593,b,3594
3595,f,3594
3595,e,3594
3593,a,3594
3594,e,3594
3590,a,3594
3592,e,3594
3591,e,3594
3591,f,3594
3590,b,3594
3590,f,3594
3590,e,3594
3591,b,3594
3592,f,3594
3592,b,3594
3592,a,3594
3591,a,3594
3594,b,3595
3594,d,3595
3592,b,3595
3594,f,3595
3596,d,3595
3591,b,3595
3595,f,3595
3595,d,3595
3595,b,3595
3594,c,3595
3596,b,3595
3596,c,3595
3595,c,3595
3592,d,3595
3592,c,3595
3593,f,3595
3593,c,3595
3593,d,3595
3593,b,3595
3591,d,3595
3591,c,3595
3591,f,3595
3596,f,3595
3592,f,3595
3597,f,3596
3597,c,3596
3596,c,3596
3595,c,3596
3595,f,3596
3596,e,3596
3596,f,3596
3597,e,3596
3595,e,3596
3592,e,3596
3594,e,3596
3594,f,3596
3594,c,3596
3592,c,3596
3592,f,3596
3593,e,3596
3593,f,3596
3593,c,3596
3594,e,3597
3598,e,3597
3598,f,3597
3597,e,3597
3597,f,3597
3596,e,3597
3593,f,3597
3593,e,3597
3595,e,3597
3595,f,3597
3594,f,3597
3596,f,3597
3599,f,3598
3596,f,3598
3594,f,3598
3595,f,3598
3597,f,3598
3598,f,3598
3602,f,3601
3601,f,3601
3600,f,3601
3597,f,3601
3598,f,3601
3599,f,3601
3607,c,3606
3602,c,3606
3603,c,3606
3604,c,3606
3605,c,3606
3606,c,3606
3603,e,3607
3604,e,3607
3605,e,3607
3606,e,3607
3608,e,3607
3607,e,3607
3609,f,3608
3608,f,3608
3604,f,3608
3606,f,3608
3605,f,3608
3607,f,3608
3613,f,3613
3613,d,3613
3612,f,3613
3611,f,3613
3611,d,3613
3612,d,3613
3614,f,3613
3610,f,3613
3610,d,3613
3609,f,3613
3614,d,3613
3609,d,3613
3614,c,3614
3614,f,3614
3613,f,3614
3613,c,3614
3610,c,3614
3610,f,3614
3612,f,3614
3612,c,3614
3611,f,3614
3611,c,3614
3615,c,3614
3615,f,3614
3616,e,3615
3614,e,3615
3615,e,3615
3613,e,3615
3612,e,3615
3611,e,3615
3613,f,3616
3614,f,3616
3617,f,3616
3612,f,3616
3615,f,3616
3616,f,3616
3617,a,3617
3616,a,3617
3613,a,3617
3618,a,3617
3615,a,3617
3614,a,3617
3615,b,3618
3618,d,3618
3617,d,3618
3617,b,3618
3614,b,3618
3615,d,3618
3619,b,3618
3616,d,3618
3616,b,3618
3614,d,3618
3618,b,3618
3619,d,3618
3619,c,3619
3618,f,3619
3618,c,3619
3620,c,3619
3619,f,3619
3620,f,3619
3617,f,3619
3617,c,3619
3615,c,3619
3615,f,3619
3616,f,3619
3616,c,3619
3617,e,3620
3620,e,3620
3619,e,3620
3621,e,3620
3616,e,3620
3618,e,3620
3619,f,3621
3621,f,3621
3622,f,3621
3618,f,3621
3620,f,3621
3617,f,3621
3623,d,3623
3623,c,3623
3621,c,3623
3621,d,3623
3622,c,3623
3622,d,3623
3624,d,3623
3620,c,3623
3620,d,3623
3619,c,3623
3619,d,3623
3624,c,3623
3624,e,3624
3624,f,3624
3623,e,3624
3623,f,3624
3623,c,3624
3625,f,3624
3623,b,3624
3625,c,3624
3625,b,3624
3625,e,3624
3621,e,3624
3621,b,3624
3624,b,3624
3620,b,3624
3620,c,3624
3620,f,3624
3620,e,3624
3622,e,3624
3621,c,3624
3624,c,3624
3622,b,3624
3622,c,3624
3622,f,3624
3621,f,3624
3626,f,3625
3626,c,3625
3625,e,3625
3624,e,3625
3624,f,3625
3624,c,3625
3625,c,3625
3625,f,3625
3626,e,3625
3622,e,3625
3621,c,3625
3623,e,3625
3623,f,3625
3621,f,3625
3623,c,3625
3621,e,3625
3622,c,3625
3622,f,3625
3627,f,3626
3625,e,3626
3625,f,3626
3623,e,3626
3622,f,3626
3622,e,3626
3627,e,3626
3624,e,3626
3624,f,3626
3623,f,3626
3626,e,3626
3626,f,3626
3628,f,3627
3626,f,3627
3627,f,3627
3625,f,3627
3623,f,3627
3624,f,3627
3625,f,3628
3626,f,3628
3624,f,3628
3627,f,3628
3629,f,3628
3628,f,3628
3630,c,3630
3629,c,3630
3628,c,3630
3631,c,3630
3627,c,3630
3626,c,3630
3628,d,3631
3628,e,3631
3631,e,3631
3627,d,3631
3631,d,3631
3629,d,3631
3629,e,3631
3630,e,3631
3627,e,3631
3632,e,3631
3632,d,3631
3630,d,3631
3631,b,3632
3631,c,3632
3632,b,3632
3632,c,3632
3632,f,3632
3633,c,3632
3633,f,3632
3631,f,3632
3633,b,3632
3630,b,3632
3628,c,3632
3629,f,3632
3629,c,3632
3629,b,3632
3630,f,3632
3630,c,3632
3628,b,3632
3628,f,3632
3632,c,3633
3632,f,3633
3632,e,3633
3629,c,3633
3633,c,3633
3633,f,3633
3633,e,3633
3634,e,3633
3630,e,3633
3629,f,3633
3634,c,3633
3630,f,3633
3630,c,3633
3631,e,3633
3631,f,3633
3634,f,3633
3629,e,3633
3631,c,3633
3630,a,3634
3633,a,3634
3630,e,3634
3634,e,3634
3634,f,3634
3635,a,3634
3635,f,3634
3635,e,3634
3634,a,3634
3632,e,3634
3632,f,3634
3632,a,3634
3631,a,3634
3631,f,3634
3631,e,3634
3630,f,3634
3633,f,3634
3633,e,3634
3635,f,3635
3635,d,3635
3634,f,3635
3635,b,3635
3636,f,3635
3634,b,3635
3634,d,3635
3631,b,3635
3636,b,3635
3632,f,3635
3632,d,3635
3632,b,3635
3631,f,3635
3631,d,3635
3633,d,3635
3633,b,3635
3636,d,3635
3633,f,3635
3632,a,3636
3635,c,3636
3635,a,3636
3635,f,3636
3636,f,3636
3636,c,3636
3636,a,3636
3637,a,3636
3637,c,3636
3633,a,3636
3633,f,3636
3633,c,3636
3634,f,3636
3634,c,3636
3634,a,3636
3632,c,3636
3632,f,3636
3637,f,3636
3638,b,3637
3638,e,3637
3636,b,3637
3636,d,3637
3638,c,3637
3636,e,3637
3637,e,3637
3637,c,3637
3637,d,3637
3637,b,3637
3636,c,3637
3638,d,3637
3633,e,3637
3633,b,3637
3634,c,3637
3634,d,3637
3634,b,3637
3633,d,3637
3635,b,3637
3634,e,3637
3635,c,3637
3635,e,3637
3633,c,3637
3635,d,3637
3639,d,3638
3639,e,3638
3637,e,3638
3637,c,3638
3637,d,3638
3638,e,3638
3638,d,3638
3639,c,3638
3638,c,3638
3634,e,3638
3636,e,3638
3636,c,3638
3636,d,3638
3635,d,3638
3635,c,3638
3635,e,3638
3634,c,3638
3634,d,3638
3639,f,3639
3639,e,3639
3640,f,3639
3640,e,3639
3638,e,3639
3638,f,3639
3635,e,3639
3635,f,3639
3636,e,3639
3637,f,3639
3637,e,3639
3636,f,3639
3640,b,3640
3640,f,3640
3639,f,3640
3639,b,3640
3636,b,3640
3636,f,3640
3637,b,3640
3641,b,3640
3638,f,3640
3638,b,3640
3637,f,3640
3641,f,3640
3640,e,3641
3642,f,3641
3642,c,3641
3640,c,3641
3641,c,3641
3640,f,3641
3637,e,3641
3639,f,3641
3639,e,3641
3641,f,3641
3639,c,3641
3638,e,3641
3638,f,3641
3638,c,3641
3637,c,3641
3637,f,3641
3642,e,3641
3641,e,3641
3642,f,3642
3642,e,3642
3643,f,3642
3643,e,3642
3641,e,3642
3641,f,3642
3640,e,3642
3640,f,3642
3638,f,3642
3639,e,3642
3639,f,3642
3638,e,3642
3640,f,3643
3644,f,3643
3643,f,3643
3639,f,3643
3641,f,3643
3642,f,3643
3644,d,3648
3645,d,3648
3646,d,3648
3647,d,3648
3649,d,3648
3648,d,3648
3648,f,3649
3650,f,3649
3649,f,3649
3647,f,3649
3646,f,3649
3645,f,3649
3648,f,3651
3649,f,3651
3650,f,3651
3651,f,3651
3647,f,3651
3652,f,3651
3652,c,3654
3655,c,3654
3655,b,3654
3654,c,3654
3654,b,3654
3653,c,3654
3653,b,3654
3651,c,3654
3650,b,3654
3650,c,3654
3651,b,3654
3652,b,3654
3651,e,3655
3655,c,3655
3656,c,3655
3656,f,3655
3654,e,3655
3654,f,3655
3654,c,3655
3655,f,3655
3656,e,3655
3653,e,3655
3653,f,3655
3653,c,3655
3651,c,3655
3651,f,3655
3652,e,3655
3652,f,3655
3652,c,3655
3655,e,3655
3656,e,3656
3657,f,3656
3657,e,3656
3655,e,3656
3656,f,3656
3654,e,3656
3655,f,3656
3654,f,3656
3653,e,3656
3653,f,3656
3652,e,3656
3652,f,3656
3654,f,3657
3655,f,3657
3653,f,3657
3656,f,3657
3658,f,3657
3657,f,3657
3660,b,3659
3658,b,3659
3657,b,3659
3659,b,3659
3656,b,3659
3655,b,3659
3657,c,3660
3657,f,3660
3656,c,3660
3658,c,3660
3658,f,3660
3661,f,3660
3661,c,3660
3659,c,3660
3659,f,3660
3656,f,3660
3660,f,3660
3660,c,3660
3662,e,3661
3661,e,3661
3660,e,3661
3659,e,3661
3658,e,3661
3657,e,3661
3658,f,3662
3660,f,3662
3661,f,3662
3659,f,3662
3662,f,3662
3663,f,3662
3661,f,3664
3662,f,3664
3663,f,3664
3664,f,3664
3660,f,3664
3665,f,3664
3666,e,3667
3668,e,3667
3667,e,3667
3664,e,3667
3663,e,3667
3665,e,3667
3665,f,3668
3664,f,3668
3666,f,3668
3667,f,3668
3668,f,3668
3669,f,3668
3667,d,3671
3668,d,3671
3672,d,3671
3669,d,3671
3671,d,3671
3670,d,3671
3672,f,3672
3671,f,3672
3673,f,3672
3670,f,3672
3668,f,3672
3669,f,3672
3672,a,3673
3673,a,3673
3674,a,3673
3669,a,3673
3671,a,3673
3670,a,3673
3674,d,3674
3674,b,3674
3673,f,3674
3673,d,3674
3674,f,3674
3675,f,3674
3675,b,3674
3673,b,3674
3675,d,3674
3672,f,3674
3672,d,3674
3672,b,3674
3670,b,3674
3670,d,3674
3671,f,3674
3671,d,3674
3671,b,3674
3670,f,3674
3672,f,3675
3672,c,3675
3676,f,3675
3676,c,3675
3675,f,3675
3674,f,3675
3675,c,3675
3673,f,3675
3673,c,3675
3674,c,3675
3671,c,3675
3671,f,3675
3674,e,3676
3673,e,3676
3672,e,3676
3675,e,3676
3677,e,3676
3676,e,3676
3673,f,3677
3678,f,3677
3677,f,3677
3676,f,3677
3675,f,3677
3674,f,3677
3676,b,3679
3677,b,3679
3680,b,3679
3678,b,3679
3675,b,3679
3679,b,3679
3681,c,3680
3680,f,3680
3679,c,3680
3680,c,3680
3681,f,3680
3679,f,3680
3677,f,3680
3678,f,3680
3678,c,3680
3676,c,3680
3676,f,3680
3677,c,3680
3678,e,3681
3681,e,3681
3681,c,3681
3682,e,3681
3678,c,3681
3680,c,3681
3680,e,3681
3679,c,3681
3677,e,3681
3677,c,3681
3682,c,3681
3679,e,3681
3680,f,3682
3680,e,3682
3683,e,3682
3683,f,3682
3679,f,3682
3679,e,3682
3678,e,3682
3678,f,3682
3681,f,3682
3681,e,3682
3682,e,3682
3682,f,3682
3683,f,3683
3684,f,3683
3682,f,3683
3679,f,3683
3681,f,3683
3680,f,3683
3684,c,3684
3685,c,3684
3685,e,3684
3683,e,3684
3683,c,3684
3680,c,3684
3680,e,3684
3682,e,3684
3682,c,3684
3681,c,3684
3681,e,3684
3684,e,3684
3684,f,3685
3685,e,3685
3686,f,3685
3686,e,3685
3684,e,3685
3685,f,3685
3681,f,3685
3683,e,3685
3683,f,3685
3681,e,3685
3682,e,3685
3682,f,3685
3683,f,3686
3686,f,3686
3687,f,3686
3685,f,3686
3682,f,3686
3684,f,3686
3687,a,3689
3688,d,3689
3688,a,3689
3687,d,3689
3689,d,3689
3689,a,3689
3686,a,3689
3690,d,3689
3686,d,3689
3690,a,3689
3685,a,3689
3685,d,3689
3690,b,3690
3690,d,3690
3690,f,3690
3691,b,3690
3689,f,3690
3689,d,3690
3689,b,3690
3691,d,3690
3686,f,3690
3686,d,3690
3688,f,3690
3688,d,3690
3688,b,3690
3687,f,3690
3687,d,3690
3687,b,3690
3686,b,3690
3691,f,3690
3691,f,3691
3692,c,3691
3692,f,3691
3690,f,3691
3690,c,3691
3691,c,3691
3688,f,3691
3689,c,3691
3688,c,3691
3687,c,3691
3687,f,3691
3689,f,3691
3690,b,3692
3690,e,3692
3693,b,3692
3689,b,3692
3688,e,3692
3688,b,3692
3689,e,3692
3691,b,3692
3693,e,3692
3692,e,3692
3692,b,3692
3691,e,3692
3693,f,3693
3692,f,3693
3692,c,3693
3689,c,3693
3689,f,3693
3691,f,3693
3691,c,3693
3694,f,3693
3694,c,3693
3690,f,3693
3690,c,3693
3693,c,3693
3693,e,3694
3695,e,3694
3691,e,3694
3692,e,3694
3690,e,3694
3694,e,3694
3696,f,3695
3695,f,3695
3694,f,3695
3693,f,3695
3692,f,3695
3691,f,3695
3699,f,3699
3698,f,3699
3698,b,3699
3700,b,3699
3700,f,3699
3697,f,3699
3697,b,3699
3696,f,3699
3696,b,3699
3695,f,3699
3695,b,3699
3699,b,3699
3700,c,3700
3700,f,3700
3699,f,3700
3699,c,3700
3701,c,3700
3701,f,3700
3697,f,3700
3698,f,3700
3698,c,3700
3696,c,3700
3696,f,3700
3697,c,3700
3700,e,3701
3700,b,3701
3698,e,3701
3702,e,3701
3701,e,3701
3701,b,3701
3699,e,3701
3699,b,3701
3697,b,3701
3697,e,3701
3698,b,3701
3702,b,3701
3701,c,3702
3703,f,3702
3702,c,3702
3702,f,3702
3701,f,3702
3703,c,3702
3700,c,3702
3700,f,3702
3698,c,3702
3698,f,3702
3699,f,3702
3699,c,3702
3704,e,3703
3700,e,3703
3701,e,3703
3703,e,3703
3699,e,3703
3702,e,3703
3704,f,3704
3703,f,3704
3703,b,3704
3705,b,3704
3705,f,3704
3700,b,3704
3700,f,3704
3702,b,3704
3704,b,3704
3701,f,3704
3701,b,3704
3702,f,3704
3705,c,3705
3705,d,3705
3706,d,3705
3706,c,3705
3706,f,3705
3704,f,3705
3704,c,3705
3704,d,3705
3705,f,3705
3701,c,3705
3703,f,3705
3703,c,3705
3703,d,3705
3701,d,3705
3701,f,3705
3702,f,3705
3702,c,3705
3702,d,3705
3703,e,3706
3707,e,3706
3707,f,3706
3706,e,3706
3706,f,3706
3705,e,3706
3702,f,3706
3702,e,3706
3704,e,3706
3704,f,3706
3703,f,3706
3705,f,3706
3703,f,3707
3705,f,3707
3704,f,3707
3706,f,3707
3707,f,3707
3708,f,3707
3708,b,3710
3710,b,3710
3709,b,3710
3711,b,3710
3707,b,3710
3706,b,3710
3707,c,3711
3708,c,3711
3708,f,3711
3709,c,3711
3709,f,3711
3712,f,3711
3712,c,3711
3710,c,3711
3710,f,3711
3711,f,3711
3711,c,3711
3707,f,3711
3713,e,3712
3711,e,3712
3712,e,3712
3708,e,3712
3710,e,3712
3709,e,3712
3713,f,3713
3712,f,3713
3712,b,3713
3709,b,3713
3714,b,3713
3713,b,3713
3714,f,3713
3711,f,3713
3711,b,3713
3709,f,3713
3710,b,3713
3710,f,3713
3714,f,3714
3713,f,3714
3713,c,3714
3714,c,3714
3710,c,3714
3710,f,3714
3715,c,3714
3712,f,3714
3712,c,3714
3715,f,3714
3711,c,3714
3711,f,3714
3715,f,3715
3715,e,3715
3714,e,3715
3714,f,3715
3711,f,3715
3711,e,3715
3716,f,3715
3716,e,3715
3713,e,3715
3713,f,3715
3712,f,3715
3712,e,3715
3717,f,3716
3716,b,3716
3716,f,3716
3715,b,3716
3715,f,3716
3717,b,3716
3714,f,3716
3712,b,3716
3712,f,3716
3714,b,3716
3713,b,3716
3713,f,3716
3717,b,3717
3718,b,3717
3718,c,3717
3718,f,3717
3716,f,3717
3716,c,3717
3716,b,3717
3713,b,3717
3717,c,3717
3713,c,3717
3715,f,3717
3715,c,3717
3715,b,3717
3713,f,3717
3714,b,3717
3714,c,3717
3714,f,3717
3717,f,3717
3718,f,3718
3718,e,3718
3719,c,3718
3719,f,3718
3717,e,3718
3717,f,3718
3719,e,3718
3718,c,3718
3714,f,3718
3714,c,3718
3715,c,3718
3717,c,3718
3715,f,3718
3714,e,3718
3716,c,3718
3715,e,3718
3716,e,3718
3716,f,3718
3715,e,3719
3720,e,3719
3718,e,3719
3717,e,3719
3716,e,3719
3719,e,3719
3722,e,3721
3719,e,3721
3718,e,3721
3717,e,3721
3720,e,3721
3721,e,3721
3723,f,3722
3721,f,3722
3722,f,3722
3720,f,3722
3718,f,3722
3719,f,3722
3722,e,3723
3723,e,3723
3724,e,3723
3721,e,3723
3719,e,3723
3720,e,3723
3721,f,3724
3723,f,3724
3722,f,3724
3725,f,3724
3724,f,3724
3720,f,3724
3725,d,3725
3724,d,3725
3726,d,3725
3721,d,3725
3723,d,3725
3722,d,3725
3726,e,3726
3725,e,3726
3725,f,3726
3722,f,3726
3723,f,3726
3726,f,3726
3723,e,3726
3724,e,3726
3724,f,3726
3722,e,3726
3727,e,3726
3727,f,3726
3726,f,3727
3726,b,3727
3727,b,3727
3727,f,3727
3728,f,3727
3728,b,3727
3723,f,3727
3723,b,3727
3725,f,3727
3725,b,3727
3724,b,3727
3724,f,3727
3725,f,3728
3727,a,3728
3729,f,3728
3728,f,3728
3728,c,3728
3725,c,3728
3724,a,3728
3726,f,3728
3727,c,3728
3726,c,3728
3726,a,3728
3724,c,3728
3724,f,3728
3725,a,3728
3729,a,3728
3729,c,3728
3728,a,3728
3727,f,3728
3728,e,3729
3728,d,3729
3730,d,3729
3729,e,3729
3728,b,3729
3730,b,3729
3726,d,3729
3729,b,3729
3725,b,3729
3725,d,3729
3725,e,3729
3730,e,3729
3726,b,3729
3729,d,3729
3727,b,3729
3727,d,3729
3727,e,3729
3726,e,3729
3731,c,3730
3730,f,3730
3729,f,3730
3729,c,3730
3731,f,3730
3730,c,3730
3727,f,3730
3726,f,3730
3727,c,3730
3726,c,3730
3728,f,3730
3728,c,3730
3731,e,3731
3732,e,3731
3730,e,3731
3727,e,3731
3729,e,3731
3728,e,3731
3733,f,3732
3733,e,3732
3732,f,3732
3728,e,3732
3731,e,3732
3732,e,3732
3731,f,3732
3728,f,3732
3730,e,3732
3730,f,3732
3729,f,3732
3729,e,3732
3732,f,3733
3731,f,3733
3730,f,3733
3729,f,3733
3734,f,3733
3733,f,3733
3735,d,3734
3733,d,3734
3734,d,3734
3732,d,3734
3731,d,3734
3730,d,3734
3735,f,3735
3736,f,3735
3731,f,3735
3733,f,3735
3732,f,3735
3734,f,3735
3740,f,3739
3739,f,3739
3738,c,3739
3739,c,3739
3738,f,3739
3737,f,3739
3740,c,3739
3735,c,3739
3737,c,3739
3736,f,3739
3735,f,3739
3736,c,3739
3736,e,3740
3741,e,3740
3741,d,3740
3740,e,3740
3739,e,3740
3739,d,3740
3740,d,3740
3737,e,3740
3736,d,3740
3738,e,3740
3738,d,3740
3737,d,3740
3741,c,3741
3741,f,3741
3737,c,3741
3740,c,3741
3740,f,3741
3742,c,3741
3739,f,3741
3739,c,3741
3738,c,3741
3738,f,3741
3737,f,3741
3742,f,3741
3743,a,3742
3741,a,3742
3741,b,3742
3741,e,3742
3742,e,3742
3742,b,3742
3742,a,3742
3743,b,3742
3743,e,3742
3738,b,3742
3740,e,3742
3738,e,3742
3739,a,3742
3738,a,3742
3740,b,3742
3740,a,3742
3739,b,3742
3739,e,3742
3742,b,3743
3742,d,3743
3742,c,3743
3743,b,3743
3743,d,3743
3744,c,3743
3744,d,3743
3744,b,3743
3743,f,3743
3743,c,3743
3742,f,3743
3744,f,3743
3741,c,3743
3739,b,3743
3740,d,3743
3740,b,3743
3739,f,3743
3739,c,3743
3739,d,3743
3740,c,3743
3740,f,3743
3741,d,3743
3741,f,3743
3741,b,3743
3744,c,3744
3744,f,3744
3743,e,3744
3743,f,3744
3744,e,3744
3745,e,3744
3743,c,3744
3745,c,3744
3740,f,3744
3741,e,3744
3741,f,3744
3741,c,3744
3745,f,3744
3742,c,3744
3742,f,3744
3740,c,3744
3742,e,3744
3740,e,3744
3746,e,3745
3745,f,3745
3745,e,3745
3744,e,3745
3744,f,3745
3741,e,3745
3743,f,3745
3743,e,3745
3742,f,3745
3746,f,3745
3742,e,3745
3741,f,3745
3747,f,3746
3746,f,3746
3747,b,3746
3745,b,3746
3745,f,3746
3746,b,3746
3742,b,3746
3744,f,3746
3744,b,3746
3743,b,3746
3743,f,3746
3742,f,3746
3747,c,3747
3747,f,3747
3746,f,3747
3746,c,3747
3748,c,3747
3743,c,3747
3745,f,3747
3745,c,3747
3743,f,3747
3744,c,3747
3744,f,3747
3748,f,3747
3748,c,3748
3748,e,3748
3744,e,3748
3747,e,3748
3747,c,3748
3744,c,3748
3749,c,3748
3749,e,3748
3746,e,3748
3746,c,3748
3745,e,3748
3745,c,3748
3747,e,3749
3749,e,3749
3745,e,3749
3748,e,3749
3750,e,3749
3746,e,3749
3750,b,3750
3749,f,3750
3749,b,3750
3750,f,3750
3747,f,3750
3751,b,3750
3748,f,3750
3748,b,3750
3751,f,3750
3746,b,3750
3746,f,3750
3747,b,3750
3751,c,3751
3751,f,3751
3750,f,3751
3750,c,3751
3748,f,3751
3752,f,3751
3749,f,3751
3749,c,3751
3747,c,3751
3747,f,3751
3748,c,3751
3752,c,3751
3753,e,3752
3752,e,3752
3751,e,3752
3748,e,3752
3750,e,3752
3749,e,3752
3753,a,3753
3752,a,3753
3749,a,3753
3753,f,3753
3754,a,3753
3754,f,3753
3751,f,3753
3751,a,3753
3749,f,3753
3750,a,3753
3750,f,3753
3752,f,3753
3753,b,3754
3753,d,3754
3750,b,3754
3755,b,3754
3755,d,3754
3750,d,3754
3754,b,3754
3754,d,3754
3752,d,3754
3752,b,3754
3751,b,3754
3751,d,3754
3753,f,3755
3756,f,3755
3756,c,3755
3752,c,3755
3752,f,3755
3751,f,3755
3751,c,3755
3754,c,3755
3754,f,3755
3755,f,3755
3753,c,3755
3755,c,3755
3756,e,3756
3755,e,3756
3757,e,3756
3752,e,3756
3754,e,3756
3753,e,3756
3758,c,3757
3757,c,3757
3757,f,3757
3758,b,3757
3756,f,3757
3756,c,3757
3756,b,3757
3753,b,3757
3753,c,3757
3758,f,3757
3757,b,3757
3755,f,3757
3755,c,3757
3755,b,3757
3753,f,3757
3754,b,3757
3754,c,3757
3754,f,3757
3758,f,3758
3759,e,3758
3758,e,3758
3757,e,3758
3757,f,3758
3757,c,3758
3759,c,3758
3758,c,3758
3759,f,3758
3756,f,3758
3756,e,3758
3754,c,3758
3754,f,3758
3756,c,3758
3754,e,3758
3755,e,3758
3755,f,3758
3755,c,3758
3756,e,3759
3760,e,3759
3760,f,3759
3759,f,3759
3758,e,3759
3759,e,3759
3755,f,3759
3755,e,3759
3757,e,3759
3757,f,3759
3756,f,3759
3758,f,3759
3758,f,3760
3757,f,3760
3759,f,3760
3761,f,3760
3756,f,3760
3760,f,3760
3763,b,3763
3759,b,3763
3764,b,3763
3762,b,3763
3760,b,3763
3761,b,3763
3765,c,3764
3763,b,3764
3764,f,3764
3763,f,3764
3764,b,3764
3764,c,3764
3765,f,3764
3763,c,3764
3762,c,3764
3762,f,3764
3765,b,3764
3761,b,3764
3760,f,3764
3761,c,3764
3761,f,3764
3760,c,3764
3762,b,3764
3760,b,3764
3764,b,3765
3764,f,3765
3764,e,3765
3765,e,3765
3765,f,3765
3765,c,3765
3765,b,3765
3766,b,3765
3766,c,3765
3764,c,3765
3766,e,3765
3761,e,3765
3766,f,3765
3763,e,3765
3763,f,3765
3763,c,3765
3763,b,3765
3761,b,3765
3761,c,3765
3762,b,3765
3761,f,3765
3762,c,3765
3762,f,3765
3762,e,3765
3767,f,3766
3765,d,3766
3766,c,3766
3765,f,3766
3765,e,3766
3766,d,3766
3767,d,3766
3766,e,3766
3766,f,3766
3765,c,3766
3767,c,3766
3763,e,3766
3764,d,3766
3763,c,3766
3763,d,3766
3762,e,3766
3762,f,3766
3763,f,3766
3764,c,3766
3767,e,3766
3764,e,3766
3762,c,3766
3762,d,3766
3764,f,3766
3767,e,3767
3766,e,3767
3766,f,3767
3766,b,3767
3767,f,3767
3763,b,3767
3767,b,3767
3765,b,3767
3763,e,3767
3768,b,3767
3768,f,3767
3768,e,3767
3765,e,3767
3765,f,3767
3763,f,3767
3764,e,3767
3764,f,3767
3764,b,3767
3769,f,3768
3769,c,3768
3768,f,3768
3767,c,3768
3767,f,3768
3768,c,3768
3768,d,3768
3767,d,3768
3769,d,3768
3766,d,3768
3764,c,3768
3766,f,3768
3766,c,3768
3764,d,3768
3765,f,3768
3765,c,3768
3765,d,3768
3764,f,3768
3770,e,3769
3770,f,3769
3769,e,3769
3769,f,3769
3768,e,3769
3766,e,3769
3765,f,3769
3766,f,3769
3768,f,3769
3767,e,3769
3767,f,3769
3765,e,3769
3766,e,3770
3767,e,3770
3769,e,3770
3768,e,3770
3770,e,3770
3771,e,3770
3769,f,3772
3768,f,3772
3770,f,3772
3771,f,3772
3772,f,3772
3773,f,3772
3780,e,3780
3781,e,3780
3779,e,3780
3777,e,3780
3776,e,3780
3778,e,3780
3778,f,3781
3777,f,3781
3779,f,3781
3780,f,3781
3781,f,3781
3782,f,3781
3784,c,3784
3783,c,3784
3782,c,3784
3785,c,3784
3781,c,3784
3780,c,3784
3781,f,3785
3782,f,3785
3782,e,3785
3785,e,3785
3783,f,3785
3783,e,3785
3781,e,3785
3786,e,3785
3786,f,3785
3785,f,3785
3784,f,3785
3784,e,3785
3785,a,3786
3786,a,3786
3786,f,3786
3787,a,3786
3785,f,3786
3787,f,3786
3782,a,3786
3784,f,3786
3784,a,3786
3782,f,3786
3783,a,3786
3783,f,3786
3786,d,3787
3787,d,3787
3787,b,3787
3788,d,3787
3786,b,3787
3783,b,3787
3788,b,3787
3784,b,3787
3785,b,3787
3785,d,3787
3783,d,3787
3784,d,3787
3784,c,3788
3787,f,3788
3789,c,3788
3789,f,3788
3786,f,3788
3786,c,3788
3784,f,3788
3785,c,3788
3785,f,3788
3788,c,3788
3788,f,3788
3787,c,3788
3789,e,3789
3790,e,3789
3790,d,3789
3788,d,3789
3788,e,3789
3789,d,3789
3785,d,3789
3787,e,3789
3787,d,3789
3785,e,3789
3786,d,3789
3786,e,3789
3790,f,3790
3790,e,3790
3789,e,3790
3789,f,3790
3789,b,3790
3786,b,3790
3791,b,3790
3791,f,3790
3790,b,3790
3791,e,3790
3787,b,3790
3787,f,3790
3786,e,3790
3786,f,3790
3788,b,3790
3787,e,3790
3788,e,3790
3788,f,3790
3792,a,3791
3791,a,3791
3791,f,3791
3790,f,3791
3790,c,3791
3790,a,3791
3792,c,3791
3792,f,3791
3791,c,3791
3787,a,3791
3789,a,3791
3788,c,3791
3787,c,3791
3787,f,3791
3788,a,3791
3789,f,3791
3789,c,3791
3788,f,3791
3791,b,3792
3791,d,3792
3791,f,3792
3788,d,3792
3793,d,3792
3793,b,3792
3792,b,3792
3792,d,3792
3791,e,3792
3788,b,3792
3792,e,3792
3788,f,3792
3792,f,3792
3789,e,3792
3789,f,3792
3789,d,3792
3789,b,3792
3790,d,3792
3790,b,3792
3790,e,3792
3793,e,3792
3793,f,3792
3788,e,3792
3790,f,3792
3794,f,3793
3792,f,3793
3792,c,3793
3793,c,3793
3793,f,3793
3794,c,3793
3789,f,3793
3789,c,3793
3791,f,3793
3791,c,3793
3790,c,3793
3790,f,3793
3795,e,3794
3793,e,3794
3791,e,3794
3792,e,3794
3790,e,3794
3794,e,3794
3792,f,3795
3793,f,3795
3791,f,3795
3794,f,3795
3795,f,3795
3796,f,3795
3797,a,3796
3794,a,3796
3793,a,3796
3796,a,3796
3792,a,3796
3795,a,3796
3796,b,3797
3796,d,3797
3797,d,3797
3796,e,3797
3797,b,3797
3797,c,3797
3797,e,3797
3798,e,3797
3798,c,3797
3796,c,3797
3798,b,3797
3798,d,3797
3795,e,3797
3795,c,3797
3793,b,3797
3793,d,3797
3794,c,3797
3794,d,3797
3795,d,3797
3795,b,3797
3794,b,3797
3793,e,3797
3793,c,3797
3794,e,3797
3795,c,3798
3797,f,3798
3799,c,3798
3798,e,3798
3798,f,3798
3798,c,3798
3797,c,3798
3797,e,3798
3799,f,3798
3795,f,3798
3795,e,3798
3796,e,3798
3796,f,3798
3796,c,3798
3794,c,3798
3794,f,3798
3799,e,3798
3794,e,3798
3800,f,3799
3800,b,3799
3799,e,3799
3799,b,3799
3798,f,3799
3800,e,3799
3799,f,3799
3798,b,3799
3798,e,3799
3796,e,3799
3795,b,3799
3795,f,3799
3797,e,3799
3797,f,3799
3797,b,3799
3795,e,3799
3796,b,3799
3796,f,3799
3796,f,3800
3800,c,3800
3800,e,3800
3801,c,3800
3799,e,3800
3799,f,3800
3799,c,3800
3796,c,3800
3800,f,3800
3796,e,3800
3801,f,3800
3801,e,3800
3798,e,3800
3798,f,3800
3798,c,3800
3797,c,3800
3797,f,3800
3797,e,3800
3801,f,3801
3801,e,3801
3800,e,3801
3800,f,3801
3802,f,3801
3802,e,3801
3797,f,3801
3799,e,3801
3799,f,3801
3797,e,3801
3798,e,3801
3798,f,3801
3799,c,3802
3803,f,3802
3803,c,3802
3802,f,3802
3802,c,3802
3801,f,3802
3799,f,3802
3800,c,3802
3798,c,3802
3798,f,3802
3801,c,3802
3800,f,3802
3805,d,3804
3804,d,3804
3803,d,3804
3801,d,3804
3802,d,3804
3800,d,3804
3803,f,3805
3804,f,3805
3801,f,3805
3805,f,3805
3806,f,3805
3802,f,3805
3809,e,3810
3811,e,3810
3808,e,3810
3810,e,3810
3807,e,3810
3806,e,3810
3808,f,3811
3809,f,3811
3810,f,3811
3811,f,3811
3812,f,3811
3807,f,3811
3811,c,3815
3812,c,3815
3816,c,3815
3813,c,3815
3815,c,3815
3814,c,3815
3816,e,3816
3815,e,3816
3817,e,3816
3814,e,3816
3813,e,3816
3812,e,3816
3814,b,3817
3816,b,3817
3818,b,3817
3818,f,3817
3816,f,3817
3815,f,3817
3813,b,3817
3813,f,3817
3817,f,3817
3814,f,3817
3815,b,3817
3817,b,3817
3817,c,3818
3817,b,3818
3818,b,3818
3818,c,3818
3818,f,3818
3819,b,3818
3819,f,3818
3817,f,3818
3819,c,3818
3814,b,3818
3814,c,3818
3816,f,3818
3816,c,3818
3816,b,3818
3814,f,3818
3815,b,3818
3815,c,3818
3815,f,3818
3815,c,3819
3819,c,3819
3819,f,3819
3820,c,3819
3820,f,3819
3818,e,3819
3818,f,3819
3818,c,3819
3819,e,3819
3815,f,3819
3820,e,3819
3817,e,3819
3817,f,3819
3817,c,3819
3815,e,3819
3816,c,3819
3816,f,3819
3816,e,3819
3820,f,3820
3820,e,3820
3819,e,3820
3821,e,3820
3821,f,3820
3816,e,3820
3818,e,3820
3818,f,3820
3817,e,3820
3817,f,3820
3816,f,3820
3819,f,3820
3818,f,3821
3819,f,3821
3817,f,3821
3820,f,3821
3822,f,3821
3821,f,3821
3822,e,3823
3824,e,3823
3823,e,3823
3820,e,3823
3819,e,3823
3821,e,3823
3824,f,3824
3823,f,3824
3825,f,3824
3822,f,3824
3820,f,3824
3821,f,3824
3822,f,3825
3825,f,3825
3824,f,3825
3826,f,3825
3823,f,3825
3821,f,3825
3823,c,3826
3822,c,3826
3827,c,3826
3826,c,3826
3825,c,3826
3824,c,3826
3828,e,3827
3827,e,3827
3826,e,3827
3824,e,3827
3825,e,3827
3823,e,3827
3826,f,3828
3824,f,3828
3827,f,3828
3828,f,3828
3829,f,3828
3825,f,3828
3833,f,3833
3831,f,3833
3832,f,3833
3829,f,3833
3834,f,3833
3830,f,3833
3837,d,3836
3837,b,3836
3837,f,3836
3836,f,3836
3836,d,3836
3836,b,3836
3835,f,3836
3835,d,3836
3835,b,3836
3834,f,3836
3832,d,3836
3834,b,3836
3832,b,3836
3832,f,3836
3834,d,3836
3833,b,3836
3833,d,3836
3833,f,3836
3838,c,3837
3838,d,3837
3837,f,3837
3837,c,3837
3837,d,3837
3838,f,3837
3836,f,3837
3836,d,3837
3836,c,3837
3833,f,3837
3834,d,3837
3834,c,3837
3835,f,3837
3835,c,3837
3835,d,3837
3833,d,3837
3834,f,3837
3833,c,3837
3838,e,3838
3837,e,3838
3837,f,3838
3834,f,3838
3834,e,3838
3838,f,3838
3839,f,3838
3839,e,3838
3836,e,3838
3836,f,3838
3835,f,3838
3835,e,3838
3839,f,3839
3838,f,3839
3838,d,3839
3840,f,3839
3840,d,3839
3839,d,3839
3837,f,3839
3837,d,3839
3836,f,3839
3836,d,3839
3835,f,3839
3835,d,3839
3841,f,3840
3840,f,3840
3837,f,3840
3839,f,3840
3836,f,3840
3838,f,3840
3842,d,3843
3840,d,3843
3841,d,3843
3844,d,3843
3839,d,3843
3843,d,3843
3844,e,3844
3844,f,3844
3843,e,3844
3843,f,3844
3841,e,3844
3842,f,3844
3845,e,3844
3841,f,3844
3840,e,3844
3840,f,3844
3842,e,3844
3845,f,3844
3842,f,3845
3841,f,3845
3843,f,3845
3846,f,3845
3844,f,3845
3845,f,3845
3846,f,3846
3845,f,3846
3847,f,3846
3844,f,3846
3842,f,3846
3843,f,3846
3847,a,3847
3844,a,3847
3843,a,3847
3845,a,3847
3848,a,3847
3846,a,3847
3847,d,3848
3847,e,3848
3844,e,3848
3847,b,3848
3848,e,3848
3844,d,3848
3849,d,3848
3849,e,3848
3848,b,3848
3848,d,3848
3849,b,3848
3845,d,3848
3845,b,3848
3844,b,3848
3846,e,3848
3846,d,3848
3846,b,3848
3845,e,3848
3849,c,3849
3849,f,3849
3848,f,3849
3848,c,3849
3845,f,3849
3850,f,3849
3850,c,3849
3847,f,3849
3847,c,3849
3846,c,3849
3846,f,3849
3845,c,3849
3849,e,3850
3848,e,3850
3851,e,3850
3846,e,3850
3847,e,3850
3850,e,3850
3850,f,3851
3848,f,3851
3847,f,3851
3849,f,3851
3851,f,3851
3852,f,3851
3853,b,3852
3851,f,3852
3851,a,3852
3851,b,3852
3853,f,3852
3852,f,3852
3852,b,3852
3853,a,3852
3850,f,3852
3852,a,3852
3849,b,3852
3848,a,3852
3848,b,3852
3850,a,3852
3849,f,3852
3850,b,3852
3849,a,3852
3848,f,3852
3854,f,3853
3852,b,3853
3852,d,3853
3852,c,3853
3853,c,3853
3852,f,3853
3854,b,3853
3853,f,3853
3853,b,3853
3853,d,3853
3854,d,3853
3854,c,3853
3851,f,3853
3850,f,3853
3850,b,3853
3849,f,3853
3850,d,3853
3849,c,3853
3851,b,3853
3850,c,3853
3851,c,3853
3849,d,3853
3849,b,3853
3851,d,3853
3855,e,3854
3853,e,3854
3853,f,3854
3853,c,3854
3854,c,3854
3855,f,3854
3855,c,3854
3850,c,3854
3850,f,3854
3852,e,3854
3852,f,3854
3852,c,3854
3850,e,3854
3851,c,3854
3851,f,3854
3851,e,3854
3854,f,3854
3854,e,3854
3855,e,3855
3856,f,3855
3856,e,3855
3855,f,3855
3854,e,3855
3851,f,3855
3851,e,3855
3854,f,3855
3852,f,3855
3852,e,3855
3853,e,3855
3853,f,3855
3857,f,3856
3855,f,3856
3856,f,3856
3853,f,3856
3854,f,3856
3852,f,3856
3855,c,3858
3858,c,3858
3857,c,3858
3854,c,3858
3856,c,3858
3859,c,3858
3857,e,3859
3855,e,3859
3858,e,3859
3860,e,3859
3856,e,3859
3859,e,3859
3860,f,3860
3861,f,3860
3859,f,3860
3857,f,3860
3858,f,3860
3856,f,3860
3859,c,3862
3860,c,3862
3863,c,3862
3861,c,3862
3858,c,3862
3862,c,3862
3864,e,3863
3864,f,3863
3863,e,3863
3863,f,3863
3862,e,3863
3862,f,3863
3859,e,3863
3861,f,3863
3861,e,3863
3859,f,3863
3860,f,3863
3860,e,3863
3861,c,3864
3865,e,3864
3865,f,3864
3865,c,3864
3864,e,3864
3864,f,3864
3863,e,3864
3863,f,3864
3863,c,3864
3864,c,3864
3860,f,3864
3860,c,3864
3860,e,3864
3861,e,3864
3862,c,3864
3861,f,3864
3862,f,3864
3862,e,3864
3863,e,3865
3861,f,3865
3865,f,3865
3862,e,3865
3865,e,3865
3864,e,3865
3864,f,3865
3861,e,3865
3862,f,3865
3866,f,3865
3866,e,3865
3863,f,3865
3865,f,3866
3866,f,3866
3862,f,3866
3867,f,3866
3864,f,3866
3863,f,3866
3864,a,3867
3865,a,3867
3868,a,3867
3867,a,3867
3863,a,3867
3866,a,3867
3868,d,3868
3868,b,3868
3867,d,3868
3867,b,3868
3869,b,3868
3869,d,3868
3866,d,3868
3864,b,3868
3865,b,3868
3865,d,3868
3864,d,3868
3866,b,3868
3865,f,3869
3867,c,3869
3867,f,3869
3870,f,3869
3870,c,3869
3869,c,3869
3865,c,3869
3866,c,3869
3868,c,3869
3868,f,3869
3869,f,3869
3866,f,3869
3869,e,3870
3870,e,3870
3866,e,3870
3871,e,3870
3868,e,3870
3867,e,3870
3871,d,3871
3871,f,3871
3870,f,3871
3870,d,3871
3870,a,3871
3867,a,3871
3872,a,3871
3868,f,3871
3872,f,3871
3872,d,3871
3867,d,3871
3869,f,3871
3869,d,3871
3869,a,3871
3867,f,3871
3868,a,3871
3871,a,3871
3868,d,3871
3873,f,3872
3871,f,3872
3871,d,3872
3871,b,3872
3872,f,3872
3873,b,3872
3872,b,3872
3873,d,3872
3872,d,3872
3870,f,3872
3870,d,3872
3870,b,3872
3868,b,3872
3868,d,3872
3869,f,3872
3869,d,3872
3869,b,3872
3868,f,3872
3870,f,3873
3874,f,3873
3874,c,3873
3873,f,3873
3872,f,3873
3872,c,3873
3873,c,3873
3869,f,3873
3871,f,3873
3869,c,3873
3871,c,3873
3870,c,3873
3872,e,3874
3870,e,3874
3871,e,3874
3875,e,3874
3873,e,3874
3874,e,3874
3876,f,3875
3875,f,3875
3874,f,3875
3873,f,3875
3871,f,3875
3872,f,3875
3874,d,3877
3875,d,3877
3878,d,3877
3876,d,3877
3873,d,3877
3877,d,3877
3879,d,3878
3878,f,3878
3877,d,3878
3879,f,3878
3878,d,3878
3877,f,3878
3875,f,3878
3874,d,3878
3876,f,3878
3876,d,3878
3874,f,3878
3875,d,3878
3880,f,3879
3878,f,3879
3875,f,3879
3879,f,3879
3877,f,3879
3876,f,3879
3880,c,3880
3879,c,3880
3879,e,3880
3880,e,3880
3881,c,3880
3881,e,3880
3876,e,3880
3876,c,3880
3878,c,3880
3877,e,3880
3877,c,3880
3878,e,3880
3881,a,3881
3881,e,3881
3880,e,3881
3882,a,3881
3882,f,3881
3882,e,3881
3880,f,3881
3880,a,3881
3881,f,3881
3878,f,3881
3877,e,3881
3878,e,3881
3878,a,3881
3879,a,3881
3879,f,3881
3877,f,3881
3877,a,3881
3879,e,3881
3882,f,3882
3882,d,3882
3878,d,3882
3881,d,3882
3881,b,3882
3882,b,3882
3883,b,3882
3878,b,3882
3881,f,3882
3883,f,3882
3883,d,3882
3879,f,3882
3879,d,3882
3880,f,3882
3880,d,3882
3880,b,3882
3878,f,3882
3879,b,3882
3884,f,3883
3882,d,3883
3883,c,3883
3883,d,3883
3884,c,3883
3884,d,3883
3883,f,3883
3882,c,3883
3882,f,3883
3879,d,3883
3880,c,3883
3879,c,3883
3880,f,3883
3881,c,3883
3881,f,3883
3881,d,3883
3879,f,3883
3880,d,3883
3884,e,3884
3884,f,3884
3885,a,3884
3883,f,3884
3883,a,3884
3884,a,3884
3880,a,3884
3880,f,3884
3880,e,3884
3883,e,3884
3885,f,3884
3882,f,3884
3881,e,3884
3881,f,3884
3881,a,3884
3882,e,3884
3885,e,3884
3882,a,3884
3886,b,3885
3886,a,3885
3884,a,3885
3885,a,3885
3885,d,3885
3884,b,3885
3885,b,3885
3884,d,3885
3884,f,3885
3885,f,3885
3881,f,3885
3881,d,3885
3886,f,3885
3881,b,3885
3881,a,3885
3882,f,3885
3882,a,3885
3882,d,3885
3883,f,3885
3883,d,3885
3883,b,3885
3883,a,3885
3886,d,3885
3882,b,3885
3885,b,3886
3885,d,3886
3885,c,3886
3886,c,3886
3885,e,3886
3886,e,3886
3886,f,3886
3882,b,3886
3886,d,3886
3886,b,3886
3885,f,3886
3882,d,3886
3883,e,3886
3883,f,3886
3887,e,3886
3883,c,3886
3883,d,3886
3883,b,3886
3882,e,3886
3884,b,3886
3882,c,3886
3882,f,3886
3884,c,3886
3884,f,3886
3884,e,3886
3887,f,3886
3887,c,3886
3887,d,3886
3887,b,3886
3884,d,3886
3886,e,3887
3887,e,3887
3887,c,3887
3886,c,3887
3883,c,3887
3888,c,3887
3885,e,3887
3885,c,3887
3888,e,3887
3883,e,3887
3884,c,3887
3884,e,3887
3888,a,3888
3888,e,3888
3887,e,3888
3887,a,3888
3884,a,3888
3889,a,3888
3884,e,3888
3886,a,3888
3885,e,3888
3886,e,3888
3885,a,3888
3889,e,3888
3890,f,3889
3888,b,3889
3888,d,3889
3888,f,3889
3888,e,3889
3889,e,3889
3889,f,3889
3889,d,3889
3889,b,3889
3890,b,3889
3890,e,3889
3890,d,3889
3885,f,3889
3885,b,3889
3885,d,3889
3885,e,3889
3886,f,3889
3887,e,3889
3887,f,3889
3887,d,3889
3887,b,3889
3886,e,3889
3886,d,3889
3886,b,3889
3890,c,3890
3889,b,3890
3891,c,3890
3889,f,3890
3891,f,3890
3891,b,3890
3889,c,3890
3886,b,3890
3886,c,3890
3886,f,3890
3887,f,3890
3887,c,3890
3887,b,3890
3890,f,3890
3888,b,3890
3890,b,3890
3888,f,3890
3888,c,3890
3892,f,3891
3892,c,3891
3890,e,3891
3890,f,3891
3890,c,3891
3891,e,3891
3891,f,3891
3892,e,3891
3891,c,3891
3887,f,3891
3888,c,3891
3887,e,3891
3887,c,3891
3888,f,3891
3889,e,3891
3889,f,3891
3889,c,3891
3888,e,3891
3893,f,3892
3892,e,3892
3892,f,3892
3893,e,3892
3891,f,3892
3891,e,3892
3888,e,3892
3890,e,3892
3890,f,3892
3889,f,3892
3889,e,3892
3888,f,3892
3891,f,3893
3890,f,3893
3892,f,3893
3894,f,3893
3889,f,3893
3893,f,3893
3894,c,3895
3896,c,3895
3893,c,3895
3895,c,3895
3892,c,3895
3891,c,3895
3896,e,3896
3896,d,3896
3897,e,3896
3895,e,3896
3897,d,3896
3895,d,3896
3894,e,3896
3894,d,3896
3893,e,3896
3893,d,3896
3892,d,3896
3892,e,3896
3895,f,3897
3894,f,3897
3893,f,3897
3896,f,3897
3897,f,3897
3898,f,3897
3900,d,3899
3897,d,3899
3898,d,3899
3896,d,3899
3895,d,3899
3899,d,3899
3899,a,3900
3901,f,3900
3901,e,3900
3898,e,3900
3898,f,3900
3898,a,3900
3901,a,3900
3897,e,3900
3900,e,3900
3900,f,3900
3899,f,3900
3897,f,3900
3897,a,3900
3896,e,3900
3896,f,3900
3896,a,3900
3900,a,3900
3899,e,3900
3900,b,3901
3900,d,3901
3901,d,3901
3901,b,3901
3901,f,3901
3902,d,3901
3902,f,3901
3900,f,3901
3902,b,3901
3899,f,3901
3897,b,3901
3897,d,3901
3897,f,3901
3899,d,3901
3899,b,3901
3898,b,3901
3898,d,3901
3898,f,3901
3898,c,3902
3902,d,3902
3903,d,3902
3903,c,3902
3901,f,3902
3901,c,3902
3901,d,3902
3898,d,3902
3902,f,3902
3898,f,3902
3899,f,3902
3899,c,3902
3899,d,3902
3900,d,3902
3900,c,3902
3902,c,3902
3903,f,3902
3900,f,3902
3903,e,3903
3904,f,3903
3902,e,3903
3902,f,3903
3903,f,3903
3903,d,3903
3904,e,3903
3904,d,3903
3900,f,3903
3901,e,3903
3902,d,3903
3901,f,3903
3901,d,3903
3900,e,3903
3899,d,3903
3900,d,3903
3899,f,3903
3899,e,3903
3901,f,3904
3904,f,3904
3905,f,3904
3903,f,3904
3900,f,3904
3902,f,3904
3904,d,3907
3908,d,3907
3905,d,3907
3907,d,3907
3906,d,3907
3903,d,3907
3908,f,3908
3907,f,3908
3909,f,3908
3905,f,3908
3904,f,3908
3906,f,3908
3905,f,3909
3907,f,3909
3909,f,3909
3908,f,3909
3910,f,3909
3906,f,3909
3910,a,3911
3912,a,3911
3909,a,3911
3911,a,3911
3908,a,3911
3907,a,3911
3913,d,3912
3912,f,3912
3912,d,3912
3912,b,3912
3913,f,3912
3911,f,3912
3911,d,3912
3911,b,3912
3913,b,3912
3910,d,3912
3908,f,3912
3908,d,3912
3910,f,3912
3910,b,3912
3909,b,3912
3909,d,3912
3909,f,3912
3908,b,3912
3913,c,3913
3913,f,3913
3914,f,3913
3912,f,3913
3912,c,3913
3914,c,3913
3910,f,3913
3911,f,3913
3911,c,3913
3909,f,3913
3910,c,3913
3909,c,3913
3914,e,3914
3915,c,3914
3913,e,3914
3913,c,3914
3915,e,3914
3914,c,3914
3910,c,3914
3911,c,3914
3912,c,3914
3910,e,3914
3912,e,3914
3911,e,3914
3913,f,3915
3913,e,3915
3916,e,3915
3916,f,3915
3912,e,3915
3911,e,3915
3911,f,3915
3914,f,3915
3914,e,3915
3915,e,3915
3915,f,3915
3912,f,3915
3916,a,3916
3915,a,3916
3916,f,3916
3915,f,3916
3912,f,3916
3917,a,3916
3914,f,3916
3914,a,3916
3917,f,3916
3912,a,3916
3913,a,3916
3913,f,3916
3917,b,3917
3917,d,3917
3916,d,3917
3916,b,3917
3913,b,3917
3918,b,3917
3918,d,3917
3915,d,3917
3915,b,3917
3913,d,3917
3914,b,3917
3914,d,3917
3918,d,3918
3918,c,3918
3918,f,3918
3917,f,3918
3917,c,3918
3917,d,3918
3919,f,3918
3919,c,3918
3919,d,3918
3914,f,3918
3915,f,3918
3916,f,3918
3916,c,3918
3916,d,3918
3914,d,3918
3914,c,3918
3915,c,3918
3915,d,3918
3919,f,3919
3919,e,3919
3920,e,3919
3918,e,3919
3918,f,3919
3916,e,3919
3915,f,3919
3915,e,3919
3917,e,3919
3917,f,3919
3916,f,3919
3920,f,3919
3920,f,3920
3921,f,3920
3919,f,3920
3918,f,3920
3917,f,3920
3916,f,3920
3924,d,3925
3924,a,3925
3926,a,3925
3926,d,3925
3925,d,3925
3923,a,3925
3923,d,3925
3922,d,3925
3922,a,3925
3921,d,3925
3921,a,3925
3925,a,3925
3927,b,3926
3927,f,3926
3926,d,3926
3927,d,3926
3926,b,3926
3925,f,3926
3925,d,3926
3925,b,3926
3926,f,3926
3923,d,3926
3922,d,3926
3924,f,3926
3924,d,3926
3924,b,3926
3922,f,3926
3923,b,3926
3923,f,3926
3922,b,3926
3927,c,3927
3927,f,3927
3926,f,3927
3926,c,3927
3923,c,3927
3923,f,3927
3928,f,3927
3925,f,3927
3925,c,3927
3924,c,3927
3924,f,3927
3928,c,3927
3928,f,3928
3928,e,3928
3924,f,3928
3927,e,3928
3927,f,3928
3924,e,3928
3929,e,3928
3929,f,3928
3926,e,3928
3925,f,3928
3926,f,3928
3925,e,3928
3930,e,3929
3929,f,3929
3929,e,3929
3928,e,3929
3928,f,3929
3925,f,3929
3925,e,3929
3930,f,3929
3927,e,3929
3927,f,3929
3926,f,3929
3926,e,3929
3929,f,3930
3929,d,3930
3930,d,3930
3930,f,3930
3927,d,3930
3928,f,3930
3926,f,3930
3931,d,3930
3927,f,3930
3926,d,3930
3928,d,3930
3931,f,3930
3929,f,3931
3927,f,3931
3928,f,3931
3930,f,3931
3932,f,3931
3931,f,3931
3934,b,3933
3933,a,3933
3932,b,3933
3932,a,3933
3931,b,3933
3931,a,3933
3934,a,3933
3933,b,3933
3929,a,3933
3930,b,3933
3930,a,3933
3929,b,3933
3930,c,3934
3933,a,3934
3933,b,3934
3933,d,3934
3933,c,3934
3933,f,3934
3934,f,3934
3934,c,3934
3934,d,3934
3934,b,3934
3934,a,3934
3932,f,3934
3932,c,3934
3930,f,3934
3932,b,3934
3930,d,3934
3931,a,3934
3931,b,3934
3931,d,3934
3931,c,3934
3931,f,3934
3935,f,3934
3935,c,3934
3935,d,3934
3935,b,3934
3932,d,3934
3930,b,3934
3935,a,3934
3932,a,3934
3930,a,3934
3934,b,3935
3934,d,3935
3934,c,3935
3934,f,3935
3934,e,3935
3936,b,3935
3936,f,3935
3935,e,3935
3935,f,3935
3935,c,3935
3936,d,3935
3936,c,3935
3936,e,3935
3933,c,3935
3935,d,3935
3932,e,3935
3932,c,3935
3932,d,3935
3932,b,3935
3931,e,3935
3931,f,3935
3933,b,3935
3935,b,3935
3933,f,3935
3933,e,3935
3931,c,3935
3931,d,3935
3931,b,3935
3933,d,3935
3932,f,3935
3935,d,3936
3935,b,3936
3936,d,3936
3935,f,3936
3936,b,3936
3937,e,3936
3937,f,3936
3937,c,3936
3937,d,3936
3937,b,3936
3936,e,3936
3936,f,3936
3936,c,3936
3935,c,3936
3935,e,3936
3934,e,3936
3933,e,3936
3932,e,3936
3933,b,3936
3933,d,3936
3933,c,3936
3933,f,3936
3932,f,3936
3932,d,3936
3934,b,3936
3932,b,3936
3932,c,3936
3934,d,3936
3934,c,3936
3934,f,3936
3937,c,3937
3934,e,3937
3938,c,3937
3938,f,3937
3938,e,3937
3936,e,3937
3936,f,3937
3936,c,3937
3934,c,3937
3937,f,3937
3937,e,3937
3933,c,3937
3933,f,3937
3935,c,3937
3935,f,3937
3935,e,3937
3934,f,3937
3933,e,3937
3934,f,3938
3938,e,3938
3939,f,3938
3939,e,3938
3938,f,3938
3937,e,3938
3936,f,3938
3936,e,3938
3934,e,3938
3935,e,3938
3935,f,3938
3937,f,3938
3937,f,3939
3936,f,3939
3935,f,3939
3938,f,3939
3939,f,3939
3940,f,3939
3942,d,3943
3943,d,3943
3941,d,3943
3944,d,3943
3939,d,3943
3940,d,3943
3940,f,3944
3944,c,3944
3944,f,3944
3945,b,3944
3943,f,3944
3943,c,3944
3943,b,3944
3945,c,3944
3945,f,3944
3940,c,3944
3944,b,3944
3942,f,3944
3942,c,3944
3942,b,3944
3941,f,3944
3941,c,3944
3941,b,3944
3940,b,3944
3945,f,3945
3946,c,3945
3946,f,3945
3946,e,3945
3944,e,3945
3944,f,3945
3944,c,3945
3945,e,3945
3945,c,3945
3941,c,3945
3942,e,3945
3943,e,3945
3943,f,3945
3941,f,3945
3941,e,3945
3943,c,3945
3942,c,3945
3942,f,3945
3946,f,3946
3947,e,3946
3945,e,3946
3945,f,3946
3943,e,3946
3942,f,3946
3942,e,3946
3944,e,3946
3944,f,3946
3943,f,3946
3946,e,3946
3947,f,3946
3947,f,3947
3948,f,3947
3943,f,3947
3946,f,3947
3945,f,3947
3944,f,3947
3947,e,3950
3948,e,3950
3951,e,3950
3949,e,3950
3946,e,3950
3950,e,3950
3950,c,3951
3952,f,3951
3952,c,3951
3951,f,3951
3951,c,3951
3950,f,3951
3948,f,3951
3949,f,3951
3949,c,3951
3948,c,3951
3947,c,3951
3947,f,3951
3949,e,3952
3950,e,3952
3953,e,3952
3948,e,3952
3951,e,3952
3952,e,3952
3953,f,3953
3952,f,3953
3954,f,3953
3951,f,3953
3950,f,3953
3949,f,3953
3951,c,3954
3954,c,3954
3952,c,3954
3955,c,3954
3950,c,3954
3953,c,3954
3955,e,3955
3954,e,3955
3956,e,3955
3952,e,3955
3953,e,3955
3951,e,3955
3954,f,3956
3952,f,3956
3953,f,3956
3955,f,3956
3956,f,3956
3957,f,3956
3960,b,3959
3957,b,3959
3959,b,3959
3958,b,3959
3956,b,3959
3955,b,3959
3960,c,3960
3959,f,3960
3961,f,3960
3960,f,3960
3961,c,3960
3959,c,3960
3957,f,3960
3958,c,3960
3956,c,3960
3958,f,3960
3956,f,3960
3957,c,3960
3961,f,3961
3962,e,3961
3960,e,3961
3960,f,3961
3958,f,3961
3959,e,3961
3959,f,3961
3957,f,3961
3957,e,3961
3958,e,3961
3961,e,3961
3962,f,3961
3962,f,3962
3963,f,3962
3960,f,3962
3959,f,3962
3958,f,3962
3961,f,3962
3966,d,3967
3968,c,3967
3968,d,3967
3967,c,3967
3967,d,3967
3965,c,3967
3966,c,3967
3963,d,3967
3963,c,3967
3965,d,3967
3964,d,3967
3964,c,3967
3964,e,3968
3968,e,3968
3968,f,3968
3967,e,3968
3969,e,3968
3967,f,3968
3969,f,3968
3966,e,3968
3966,f,3968
3965,f,3968
3965,e,3968
3964,f,3968
3966,f,3969
3967,f,3969
3968,f,3969
3970,f,3969
3969,f,3969
3965,f,3969
3971,b,3970
3969,f,3970
3970,b,3970
3970,f,3970
3969,b,3970
3971,f,3970
3968,f,3970
3968,b,3970
3966,f,3970
3967,b,3970
3967,f,3970
3966,b,3970
3968,c,3971
3971,c,3971
3971,f,3971
3972,a,3971
3970,f,3971
3970,c,3971
3970,a,3971
3972,c,3971
3972,f,3971
3968,a,3971
3971,a,3971
3969,f,3971
3969,c,3971
3969,a,3971
3967,a,3971
3967,c,3971
3967,f,3971
3968,f,3971
3972,e,3972
3973,e,3972
3971,b,3972
3971,d,3972
3973,d,3972
3971,e,3972
3973,f,3972
3972,f,3972
3973,b,3972
3971,f,3972
3972,b,3972
3972,d,3972
3968,e,3972
3968,b,3972
3968,d,3972
3968,f,3972
3969,b,3972
3969,d,3972
3969,f,3972
3970,b,3972
3969,e,3972
3970,e,3972
3970,d,3972
3970,f,3972
3971,f,3973
3973,c,3973
3970,f,3973
3970,c,3973
3974,f,3973
3972,f,3973
3972,c,3973
3971,c,3973
3973,f,3973
3969,c,3973
3969,f,3973
3974,c,3973
3974,e,3974
3975,e,3974
3970,e,3974
3972,e,3974
3971,e,3974
3973,e,3974
3978,d,3980
3980,c,3980
3979,c,3980
3979,d,3980
3979,a,3980
3981,a,3980
3981,d,3980
3981,c,3980
3978,c,3980
3978,a,3980
3976,d,3980
3977,d,3980
3976,a,3980
3980,d,3980
3976,c,3980
3977,a,3980
3977,c,3980
3980,a,3980
3981,b,3981
3982,e,3981
3981,c,3981
3982,b,3981
3981,f,3981
3981,e,3981
3982,f,3981
3980,e,3981
3980,f,3981
3980,c,3981
3980,d,3981
3980,b,3981
3982,c,3981
3981,d,3981
3982,d,3981
3977,e,3981
3977,f,3981
3978,c,3981
3978,d,3981
3978,b,3981
3978,e,3981
3979,b,3981
3979,d,3981
3978,f,3981
3979,f,3981
3979,e,3981
3977,c,3981
3977,d,3981
3977,b,3981
3979,c,3981
3983,c,3982
3983,f,3982
3983,e,3982
3981,e,3982
3981,f,3982
3981,c,3982
3982,c,3982
3982,e,3982
3978,c,3982
3978,f,3982
3979,e,3982
3979,f,3982
3979,c,3982
3980,c,3982
3982,f,3982
3980,e,3982
3980,f,3982
3978,e,3982
3983,d,3983
3982,e,3983
3984,d,3983
3983,e,3983
3983,f,3983
3984,e,3983
3984,f,3983
3982,f,3983
3979,f,3983
3979,d,3983
3979,e,3983
3981,e,3983
3981,f,3983
3981,d,3983
3980,d,3983
3980,e,3983
3982,d,3983
3980,f,3983
3984,f,3984
3985,f,3984
3983,f,3984
3981,f,3984
3982,f,3984
3980,f,3984
3987,f,3988
3987,d,3988
3989,d,3988
3986,f,3988
3986,d,3988
3985,f,3988
3985,d,3988
3984,f,3988
3984,d,3988
3988,f,3988
3989,f,3988
3988,d,3988
3988,f,3989
3989,f,3989
3987,f,3989
3986,f,3989
3985,f,3989
3990,f,3989
3992,f,3991
3991,f,3991
3990,e,3991
3990,f,3991
3991,e,3991
3992,e,3991
3989,f,3991
3988,e,3991
3987,f,3991
3987,e,3991
3989,e,3991
3988,f,3991
3989,f,3992
3992,f,3992
3993,f,3992
3991,f,3992
3990,f,3992
3988,f,3992
3990,a,3993
3992,a,3993
3991,a,3993
3994,a,3993
3993,a,3993
3989,a,3993
3994,b,3994
3993,d,3994
3993,b,3994
3994,d,3994
3995,b,3994
3995,d,3994
3992,b,3994
3990,b,3994
3990,d,3994
3991,b,3994
3991,d,3994
3992,d,3994
3992,a,3995
3995,a,3995
3995,c,3995
3995,f,3995
3994,f,3995
3994,c,3995
3994,a,3995
3996,a,3995
3996,c,3995
3996,f,3995
3993,f,3995
3993,c,3995
3993,a,3995
3991,a,3995
3991,c,3995
3991,f,3995
3992,f,3995
3992,c,3995
3996,d,3996
3997,e,3996
3995,e,3996
3995,d,3996
3996,e,3996
3997,b,3996
3996,b,3996
3997,d,3996
3995,b,3996
3992,e,3996
3994,e,3996
3994,d,3996
3994,b,3996
3992,b,3996
3992,d,3996
3993,e,3996
3993,d,3996
3993,b,3996
3997,f,3997
3997,c,3997
3998,f,3997
3996,f,3997
3996,c,3997
3998,c,3997
3994,f,3997
3993,f,3997
3995,f,3997
3995,c,3997
3994,c,3997
3993,c,3997
3996,e,3998
3999,e,3998
3998,e,3998
3995,e,3998
3997,e,3998
3994,e,3998
3999,a,3999
3998,f,3999
3998,a,3999
3999,f,3999
3997,f,3999
4000,a,3999
3997,a,3999
4000,f,3999
3995,a,3999
3995,f,3999
3996,f,3999
3996,a,3999
4000,b,4000
4000,d,4000
3999,d,4000
3999,b,4000
4001,b,4000
4001,d,4000
3997,b,4000
3997,d,4000
3998,d,4000
3998,b,4000
3996,b,4000
3996,d,4000
4002,e,4001
4000,e,4001
4001,e,4001
4002,d,4001
4000,f,4001
4000,c,4001
4000,d,4001
4002,c,4001
4002,f,4001
4001,c,4001
4001,d,4001
4001,f,4001
3997,c,4001
3998,c,4001
3998,d,4001
3997,e,4001
3997,f,4001
3998,f,4001
3997,d,4001
3998,e,4001
3999,c,4001
3999,f,4001
3999,e,4001
3999,d,4001
4001,e,4002
4003,e,4002
4002,f,4002
4002,e,4002
4001,f,4002
4003,f,4002
4000,f,4002
4000,e,4002
3999,f,4002
3998,f,4002
3999,e,4002
3998,e,4002
3999,b,4003
4004,b,4003
4004,f,4003
4002,b,4003
4001,f,4003
4001,b,4003
4000,b,4003
4000,f,4003
4003,f,4003
4003,b,4003
4002,f,4003
3999,f,4003
4005,b,4004
4003,f,4004
4004,b,4004
4004,f,4004
4005,f,4004
4005,c,4004
4003,b,4004
4003,c,4004
4004,c,4004
4001,c,4004
4000,b,4004
4000,c,4004
4000,f,4004
4001,b,4004
4002,f,4004
4002,c,4004
4002,b,4004
4001,f,4004
4002,f,4005
4006,f,4005
4004,a,4005
4004,c,4005
4006,a,4005
4004,e,4005
4006,c,4005
4002,c,4005
4005,a,4005
4005,c,4005
4004,f,4005
4001,a,4005
4006,e,4005
4001,e,4005
4002,e,4005
4002,a,4005
4005,f,4005
4001,f,4005
4001,c,4005
4003,a,4005
4005,e,4005
4003,f,4005
4003,e,4005
4003,c,4005
4006,e,4006
4006,f,4006
4005,f,4006
4005,d,4006
4005,b,4006
4007,b,4006
4007,d,4006
4007,f,4006
4007,e,4006
4006,d,4006
4006,b,4006
4005,e,4006
4003,e,4006
4002,f,4006
4002,e,4006
4003,b,4006
4003,d,4006
4003,f,4006
4002,d,4006
4002,b,4006
4004,d,4006
4004,f,4006
4004,e,4006
4004,b,4006
4008,c,4007
4003,c,4007
4005,c,4007
4006,c,4007
4007,c,4007
4004,c,4007
4004,e,4008
4009,e,4008
4007,e,4008
4008,e,4008
4006,e,4008
4005,e,4008
4007,f,4009
4005,f,4009
4008,f,4009
4009,f,4009
4006,f,4009
4010,f,4009
4012,f,4012
4012,d,4012
4011,f,4012
4011,d,4012
4010,d,4012
4010,f,4012
4009,f,4012
4009,d,4012
4008,f,4012
4008,d,4012
4013,f,4012
4013,d,4012
4010,f,4013
4011,f,4013
4014,f,4013
4012,f,4013
4013,f,4013
4009,f,4013
4015,a,4014
4014,a,4014
4013,a,4014
4010,a,4014
4012,a,4014
4011,a,4014
4016,d,4015
4016,b,4015
4014,d,4015
4014,b,4015
4011,b,4015
4015,d,4015
4015,b,4015
4013,d,4015
4013,b,4015
4011,d,4015
4012,b,4015
4012,d,4015
4017,a,4016
4012,a,4016
4016,c,4016
4016,a,4016
4017,f,4016
4015,f,4016
4015,c,4016
4015,a,4016
4017,c,4016
4016,f,4016
4012,c,4016
4013,f,4016
4012,f,4016
4014,a,4016
4013,a,4016
4014,c,4016
4014,f,4016
4013,c,4016
4014,d,4017
4017,b,4017
4017,d,4017
4017,e,4017
4016,e,4017
4016,d,4017
4016,b,4017
4013,b,4017
4013,d,4017
4014,b,4017
4013,e,4017
4018,b,4017
4018,d,4017
4018,e,4017
4014,e,4017
4015,b,4017
4015,d,4017
4015,e,4017
4019,f,4018
4017,d,4018
4019,e,4018
4018,e,4018
4018,f,4018
4018,c,4018
4018,d,4018
4017,e,4018
4017,c,4018
4017,f,4018
4014,c,4018
4014,d,4018
4014,f,4018
4014,e,4018
4015,d,4018
4015,c,4018
4015,f,4018
4015,e,4018
4019,d,4018
4016,f,4018
4016,e,4018
4016,d,4018
4016,c,4018
4019,c,4018
4016,e,4019
4016,f,4019
4019,f,4019
4019,e,4019
4018,e,4019
4018,f,4019
4017,f,4019
4020,f,4019
4020,e,4019
4017,e,4019
4015,f,4019
4015,e,4019
4020,f,4020
4020,b,4020
4019,b,4020
4019,f,4020
4016,b,4020
4021,b,4020
4018,f,4020
4018,b,4020
4021,f,4020
4016,f,4020
4017,b,4020
4017,f,4020
4021,c,4021
4021,f,4021
4020,f,4021
4020,c,4021
4022,c,4021
4019,f,4021
4019,c,4021
4017,c,4021
4017,f,4021
4018,c,4021
4018,f,4021
4022,f,4021
4022,e,4022
4021,e,4022
4022,a,4022
4023,e,4022
4021,a,4022
4023,a,4022
4019,a,4022
4018,a,4022
4020,e,4022
4020,a,4022
4018,e,4022
4019,e,4022
4019,b,4023
4023,b,4023
4024,b,4023
4024,d,4023
4024,f,4023
4022,f,4023
4022,d,4023
4022,b,4023
4023,d,4023
4023,f,4023
4021,f,4023
4021,d,4023
4021,b,4023
4019,f,4023
4020,b,4023
4020,d,4023
4020,f,4023
4019,d,4023
4024,f,4024
4025,c,4024
4025,f,4024
4024,c,4024
4023,c,4024
4020,f,4024
4023,f,4024
4020,c,4024
4021,c,4024
4021,f,4024
4022,c,4024
4022,f,4024
4025,e,4025
4021,e,4025
4024,e,4025
4023,e,4025
4022,e,4025
4026,e,4025
4022,f,4026
4026,f,4026
4024,f,4026
4027,f,4026
4023,f,4026
4025,f,4026
4026,d,4027
4027,d,4027
4028,d,4027
4025,d,4027
4024,d,4027
4023,d,4027
4025,f,4028
4024,f,4028
4026,f,4028
4029,f,4028
4027,f,4028
4028,f,4028
4029,d,4029
4028,d,4029
4030,d,4029
4026,d,4029
4027,d,4029
4025,d,4029
4027,f,4030
4030,f,4030
4029,f,4030
4026,f,4030
4031,f,4030
4028,f,4030
4032,a,4031
4029,a,4031
4031,a,4031
4028,a,4031
4030,a,4031
4027,a,4031
4032,d,4032
4028,d,4032
4031,d,4032
4031,b,4032
4033,b,4032
4030,d,4032
4032,b,4032
4030,b,4032
4029,d,4032
4029,b,4032
4028,b,4032
4033,d,4032
4032,f,4033
4033,c,4033
4033,f,4033
4032,c,4033
4034,f,4033
4031,c,4033
4031,f,4033
4030,f,4033
4030,c,4033
4029,f,4033
4029,c,4033
4034,c,4033
4031,e,4034
4030,e,4034
4032,e,4034
4035,e,4034
4033,e,4034
4034,e,4034
4036,f,4035
4035,f,4035
4034,f,4035
4033,f,4035
4032,f,4035
4031,f,4035
4037,b,4036
4033,b,4036
4032,b,4036
4034,b,4036
4036,b,4036
4035,b,4036
4037,f,4037
4036,f,4037
4036,c,4037
4038,c,4037
4038,f,4037
4033,c,4037
4035,f,4037
4037,c,4037
4033,f,4037
4034,f,4037
4034,c,4037
4035,c,4037
4038,e,4038
4038,c,4038
4039,e,4038
4037,e,4038
4039,c,4038
4037,c,4038
4034,c,4038
4036,e,4038
4036,c,4038
4034,e,4038
4035,c,4038
4035,e,4038
4038,e,4039
4039,e,4039
4039,f,4039
4038,f,4039
4035,f,4039
4035,e,4039
4040,f,4039
4037,e,4039
4036,e,4039
4036,f,4039
4040,e,4039
4037,f,4039
4040,b,4040
4040,f,4040
4039,f,4040
4039,b,4040
4036,f,4040
4041,f,4040
4038,f,4040
4038,b,4040
4036,b,4040
4037,b,4040
4037,f,4040
4041,b,4040
4040,f,4041
4042,f,4041
4041,c,4041
4040,c,4041
4042,c,4041
4041,f,4041
4039,f,4041
4037,c,4041
4039,c,4041
4037,f,4041
4038,c,4041
4038,f,4041
4042,d,4042
4042,e,4042
4041,d,4042
4041,e,4042
4043,e,4042
4040,e,4042
4040,d,4042
4038,e,4042
4039,d,4042
4039,e,4042
4043,d,4042
4038,d,4042
4039,f,4043
4044,d,4043
4042,f,4043
4042,d,4043
4039,d,4043
4041,f,4043
4041,d,4043
4043,d,4043
4040,f,4043
4040,d,4043
4044,f,4043
4043,f,4043
4044,f,4044
4045,f,4044
4043,f,4044
4042,f,4044
4041,f,4044
4040,f,4044
4043,f,4045
4041,f,4045
4044,f,4045
4045,f,4045
4046,f,4045
4042,f,4045
4050,b,4051
4052,b,4051
4049,b,4051
4048,b,4051
4047,b,4051
4051,b,4051
4053,f,4052
4052,f,4052
4052,c,4052
4051,f,4052
4051,c,4052
4053,c,4052
4049,c,4052
4048,f,4052
4050,f,4052
4050,c,4052
4049,f,4052
4048,c,4052
4053,b,4053
4053,e,4053
4052,e,4053
4052,b,4053
4050,b,4053
4049,b,4053
4050,e,4053
4051,e,4053
4051,b,4053
4049,e,4053
4054,e,4053
4054,b,4053
4054,c,4054
4053,f,4054
4053,c,4054
4054,f,4054
4055,a,4054
4053,a,4054
4055,c,4054
4055,f,4054
4054,a,4054
4050,c,4054
4051,c,4054
4051,a,4054
4052,f,4054
4052,c,4054
4052,a,4054
4050,a,4054
4051,f,4054
4050,f,4054
4054,b,4055
4056,d,4055
4054,e,4055
4054,d,4055
4055,b,4055
4055,d,4055
4055,e,4055
4056,e,4055
4052,e,4055
4051,b,4055
4056,b,4055
4053,b,4055
4053,e,4055
4052,d,4055
4052,b,4055
4051,e,4055
4051,d,4055
4053,d,4055
4052,c,4056
4056,a,4056
4056,c,4056
4056,f,4056
4055,f,4056
4055,c,4056
4055,a,4056
4052,f,4056
4057,a,4056
4054,f,4056
4054,c,4056
4054,a,4056
4053,a,4056
4053,c,4056
4053,f,4056
4057,c,4056
4057,f,4056
4052,a,4056
4056,d,4057
4056,e,4057
4058,b,4057
4057,e,4057
4056,b,4057
4057,d,4057
4057,b,4057
4058,e,4057
4053,b,4057
4053,d,4057
4053,e,4057
4054,b,4057
4058,d,4057
4054,e,4057
4054,d,4057
4055,b,4057
4055,d,4057
4055,e,4057
4057,f,4058
4057,c,4058
4058,f,4058
4058,c,4058
4059,f,4058
4059,c,4058
4055,f,4058
4056,f,4058
4054,c,4058
4054,f,4058
4056,c,4058
4055,c,4058
4056,e,4059
4059,e,4059
4059,d,4059
4060,d,4059
4060,e,4059
4058,e,4059
4058,d,4059
4055,d,4059
4055,e,4059
4057,e,4059
4057,d,4059
4056,d,4059
4059,f,4060
4058,f,4060
4060,f,4060
4057,f,4060
4061,f,4060
4056,f,4060
4060,c,4061
4061,c,4061
4062,c,4061
4059,c,4061
4058,c,4061
4057,c,4061
4062,f,4062
4062,e,4062
4063,c,4062
4061,e,4062
4061,f,4062
4061,c,4062
4062,c,4062
4063,f,4062
4059,c,4062
4063,e,4062
4060,e,4062
4060,f,4062
4060,c,4062
4058,c,4062
4058,f,4062
4058,e,4062
4059,e,4062
4059,f,4062
4063,e,4063
4064,f,4063
4062,e,4063
4062,f,4063
4064,e,4063
4063,f,4063
4059,e,4063
4061,f,4063
4059,f,4063
4061,e,4063
4060,f,4063
4060,e,4063
4064,a,4064
4065,f,4064
4063,f,4064
4063,a,4064
4060,a,4064
4060,f,4064
4065,a,4064
4064,f,4064
4062,f,4064
4062,a,4064
4061,a,4064
4061,f,4064
4064,b,4065
4064,d,4065
4065,d,4065
4065,b,4065
4061,d,4065
4066,b,4065
4061,b,4065
4063,d,4065
4062,d,4065
4062,b,4065
4066,d,4065
4063,b,4065
4066,b,4066
4066,c,4066
4065,f,4066
4066,f,4066
4067,b,4066
4067,c,4066
4067,f,4066
4065,c,4066
4065,b,4066
4064,f,4066
4062,b,4066
4062,c,4066
4062,f,4066
4064,c,4066
4064,b,4066
4063,b,4066
4063,c,4066
4063,f,4066
4063,c,4067
4067,c,4067
4068,c,4067
4068,f,4067
4066,e,4067
4066,f,4067
4066,c,4067
4067,e,4067
4063,f,4067
4068,e,4067
4063,e,4067
4065,e,4067
4065,f,4067
4065,c,4067
4067,f,4067
4064,c,4067
4064,f,4067
4064,e,4067
4068,f,4068
4069,e,4068
4067,e,4068
4069,f,4068
4068,e,4068
4065,f,4068
4067,f,4068
4066,e,4068
4066,f,4068
4065,e,4068
4064,e,4068
4064,f,4068
4066,f,4069
4069,f,4069
4070,f,4069
4068,f,4069
4065,f,4069
4067,f,4069
4072,f,4072
4073,a,4072
4073,f,4072
4070,f,4072
4070,a,4072
4071,a,4072
4069,f,4072
4069,a,4072
4071,f,4072
4068,f,4072
4068,a,4072
4072,a,4072
4074,d,4073
4073,d,4073
4073,b,4073
4072,d,4073
4072,b,4073
4074,b,4073
4070,d,4073
4069,b,4073
4070,b,4073
4071,d,4073
4071,b,4073
4069,d,4073
4073,b,4074
4073,d,4074
4073,c,4074
4073,f,4074
4073,e,4074
4074,b,4074
4074,c,4074
4070,b,4074
4074,f,4074
4074,e,4074
4075,b,4074
4075,d,4074
4075,c,4074
4075,f,4074
4075,e,4074
4074,d,4074
4070,d,4074
4071,b,4074
4070,c,4074
4072,b,4074
4072,d,4074
4070,e,4074
4072,c,4074
4072,f,4074
4070,f,4074
4071,e,4074
4071,f,4074
4071,c,4074
4071,d,4074
4072,e,4074
4071,c,4075
4075,e,4075
4074,e,4075
4074,f,4075
4074,c,4075
4071,e,4075
4071,f,4075
4075,f,4075
4076,c,4075
4076,f,4075
4076,e,4075
4073,e,4075
4073,f,4075
4073,c,4075
4072,c,4075
4072,f,4075
4072,e,4075
4075,c,4075
4076,f,4076
4077,e,4076
4075,e,4076
4075,f,4076
4076,e,4076
4072,f,4076
4077,f,4076
4072,e,4076
4074,e,4076
4073,f,4076
4073,e,4076
4074,f,4076
4073,f,4077
4076,f,4077
4077,f,4077
4078,f,4077
4075,f,4077
4074,f,4077
4079,a,4078
4077,b,4078
4078,a,4078
4078,b,4078
4079,b,4078
4077,a,4078
4075,a,4078
4076,b,4078
4074,a,4078
4074,b,4078
4075,b,4078
4076,a,4078
4080,d,4079
4080,b,4079
4075,a,4079
4079,a,4079
4078,a,4079
4078,b,4079
4076,a,4079
4078,c,4079
4078,f,4079
4080,a,4079
4079,f,4079
4079,c,4079
4079,d,4079
4080,c,4079
4078,d,4079
4080,f,4079
4079,b,4079
4076,f,4079
4076,c,4079
4076,d,4079
4075,f,4079
4075,c,4079
4075,d,4079
4075,b,4079
4077,b,4079
4077,d,4079
4077,c,4079
4077,f,4079
4076,b,4079
4077,a,4079
4079,d,4080
4081,e,4080
4079,b,4080
4079,c,4080
4080,c,4080
4081,f,4080
4079,e,4080
4081,c,4080
4080,f,4080
4081,b,4080
4080,e,4080
4080,b,4080
4080,d,4080
4079,f,4080
4081,d,4080
4078,c,4080
4077,f,4080
4077,e,4080
4077,b,4080
4076,e,4080
4078,b,4080
4077,d,4080
4076,f,4080
4077,c,4080
4078,f,4080
4078,e,4080
4076,c,4080
4076,d,4080
4076,b,4080
4078,d,4080
4081,e,4081
4082,c,4081
4082,e,4081
4080,e,4081
4080,f,4081
4080,c,4081
4082,f,4081
4081,c,4081
4077,c,4081
4077,f,4081
4077,e,4081
4078,e,4081
4078,f,4081
4078,c,4081
4079,c,4081
4079,e,4081
4081,f,4081
4079,f,4081
4081,e,4082
4083,e,4082
4083,f,4082
4082,e,4082
4078,e,4082
4081,f,4082
4078,f,4082
4082,f,4082
4080,e,4082
4080,f,4082
4079,f,4082
4079,e,4082
4081,f,4083
4083,b,4083
4083,f,4083
4084,b,4083
4082,f,4083
4082,b,4083
4079,b,4083
4081,b,4083
4079,f,4083
4080,f,4083
4080,b,4083
4084,f,4083
4084,c,4084
4083,c,4084
4084,f,4084
4085,c,4084
4085,f,4084
4080,f,4084
4083,f,4084
4082,f,4084
4080,c,4084
4081,c,4084
4081,f,4084
4082,c,4084
4084,b,4085
4085,e,4085
4085,b,4085
4084,e,4085
4081,b,4085
4081,e,4085
4086,b,4085
4083,e,4085
4082,e,4085
4082,b,4085
4086,e,4085
4083,b,4085
4087,c,4086
4086,d,4086
4086,c,4086
4085,c,4086
4085,d,4086
4082,d,4086
4084,c,4086
4084,d,4086
4082,c,4086
4083,d,4086
4083,c,4086
4087,d,4086
4086,e,4087
4088,f,4087
4086,f,4087
4083,f,4087
4085,e,4087
4085,f,4087
4084,e,4087
4084,f,4087
4083,e,4087
4087,f,4087
4088,e,4087
4087,e,4087
4089,f,4088
4088,f,4088
4086,f,4088
4085,f,4088
4087,f,4088
4084,f,4088
4093,f,4097
4094,f,4097
4095,f,4097
4096,f,4097
4098,f,4097
4097,f,4097
4095,e,4099
4096,e,4099
4098,e,4099
4097,e,4099
4100,e,4099
4099,e,4099
4100,f,4100
4099,f,4100
4100,d,4100
4099,d,4100
4101,d,4100
4101,f,4100
4098,d,4100
4096,d,4100
4097,f,4100
4096,f,4100
4097,d,4100
4098,f,4100
4101,b,4101
4101,f,4101
4100,f,4101
4100,b,4101
4102,b,4101
4099,f,4101
4099,b,4101
4097,b,4101
4097,f,4101
4098,f,4101
4102,f,4101
4098,b,4101
4102,c,4102
4102,f,4102
4101,f,4102
4101,c,4102
4103,c,4102
4103,f,4102
4100,f,4102
4100,c,4102
4098,c,4102
4098,f,4102
4099,f,4102
4099,c,4102
4100,e,4103
4103,e,4103
4102,e,4103
4101,e,4103
4099,e,4103
4104,e,4103
4104,f,4104
4102,f,4104
4105,f,4104
4101,f,4104
4100,f,4104
4103,f,4104
4104,b,4106
4106,b,4106
4103,b,4106
4105,b,4106
4102,b,4106
4107,b,4106
4107,c,4107
4106,f,4107
4106,c,4107
4107,f,4107
4104,f,4107
4108,c,4107
4105,c,4107
4103,c,4107
4108,f,4107
4103,f,4107
4104,c,4107
4105,f,4107
4108,e,4108
4107,e,4108
4105,e,4108
4106,e,4108
4104,e,4108
4109,e,4108
4108,e,4109
4110,e,4109
4109,e,4109
4108,f,4109
4110,f,4109
4109,f,4109
4106,f,4109
4107,e,4109
4107,f,4109
4105,f,4109
4105,e,4109
4106,e,4109
4107,f,4110
4111,c,4110
4110,f,4110
4110,c,4110
4111,f,4110
4109,f,4110
4109,c,4110
4108,f,4110
4108,c,4110
4106,f,4110
4107,c,4110
4106,c,4110
4107,e,4111
4109,e,4111
4108,e,4111
4110,e,4111
4112,e,4111
4111,e,4111
4113,f,4112
4112,f,4112
4109,f,4112
4110,f,4112
4111,f,4112
4108,f,4112
4111,d,4115
4115,d,4115
4114,d,4115
4113,d,4115
4116,d,4115
4112,d,4115
4113,c,4116
4115,f,4116
4115,c,4116
4112,f,4116
4117,c,4116
4117,f,4116
4116,f,4116
4116,c,4116
4114,f,4116
4114,c,4116
4112,c,4116
4113,f,4116
4116,a,4117
4118,e,4117
4118,a,4117
4117,e,4117
4117,a,4117
4116,e,4117
4113,a,4117
4114,a,4117
4115,a,4117
4115,e,4117
4113,e,4117
4114,e,4117
4117,b,4118
4117,d,4118
4119,f,4118
4118,a,4118
4114,b,4118
4114,a,4118
4117,f,4118
4115,a,4118
4118,d,4118
4118,b,4118
4118,f,4118
4115,b,4118
4116,d,4118
4116,b,4118
4116,a,4118
4114,d,4118
4114,f,4118
4119,a,4118
4119,b,4118
4119,d,4118
4115,f,4118
4115,d,4118
4116,f,4118
4117,a,4118
4120,b,4119
4120,d,4119
4118,c,4119
4118,b,4119
4118,d,4119
4118,f,4119
4120,a,4119
4119,f,4119
4119,c,4119
4120,c,4119
4119,d,4119
4119,b,4119
4118,a,4119
4120,f,4119
4119,a,4119
4116,d,4119
4116,b,4119
4116,c,4119
4116,f,4119
4116,a,4119
4115,f,4119
4115,c,4119
4115,d,4119
4117,b,4119
4117,d,4119
4117,c,4119
4117,f,4119
4115,b,4119
4115,a,4119
4117,a,4119
4119,b,4120
4119,d,4120
4120,d,4120
4119,f,4120
4119,e,4120
4120,b,4120
4121,f,4120
4121,d,4120
4121,b,4120
4120,e,4120
4121,e,4120
4120,c,4120
4119,c,4120
4121,c,4120
4120,f,4120
4117,e,4120
4117,d,4120
4117,b,4120
4116,e,4120
4118,b,4120
4117,f,4120
4116,f,4120
4117,c,4120
4118,c,4120
4118,f,4120
4118,e,4120
4116,c,4120
4116,d,4120
4116,b,4120
4118,d,4120
4121,e,4121
4122,f,4121
4122,e,4121
4120,e,4121
4120,f,4121
4120,c,4121
4122,c,4121
4121,c,4121
4117,c,4121
4117,f,4121
4117,e,4121
4118,e,4121
4118,f,4121
4118,c,4121
4119,c,4121
4119,e,4121
4121,f,4121
4119,f,4121
4121,e,4122
4123,e,4122
4123,f,4122
4122,e,4122
4122,f,4122
4121,f,4122
4118,f,4122
4118,e,4122
4120,f,4122
4119,e,4122
4120,e,4122
4119,f,4122
4121,f,4123
4123,a,4123
4123,f,4123
4122,f,4123
4122,a,4123
4121,a,4123
4119,f,4123
4119,a,4123
4120,f,4123
4120,a,4123
4124,a,4123
4124,f,4123
4123,d,4124
4123,b,4124
4124,b,4124
4124,d,4124
4120,d,4124
4125,b,4124
4122,d,4124
4122,b,4124
4121,d,4124
4121,b,4124
4120,b,4124
4125,d,4124
4122,c,4125
4123,c,4125
4126,c,4125
4121,c,4125
4124,c,4125
4125,c,4125
4126,e,4126
4125,e,4126
4127,e,4126
4124,e,4126
4123,e,4126
4122,e,4126
4124,f,4127
4125,f,4127
4123,f,4127
4126,f,4127
4127,f,4127
4128,f,4127
4125,f,4128
4124,f,4128
4126,f,4128
4129,f,4128
4128,f,4128
4127,f,4128
4130,d,4129
4129,d,4129
4128,d,4129
4127,d,4129
4125,d,4129
4126,d,4129
4127,f,4130
4130,f,4130
4130,b,4130
4127,b,4130
4129,b,4130
4126,b,4130
4129,f,4130
4131,b,4130
4128,f,4130
4128,b,4130
4131,f,4130
4126,f,4130
4131,c,4131
4131,f,4131
4130,f,4131
4130,c,4131
4127,c,4131
4127,f,4131
4132,f,4131
4128,f,4131
4132,c,4131
4129,f,4131
4129,c,4131
4128,c,4131
4132,e,4132
4131,e,4132
4133,e,4132
4130,e,4132
4128,e,4132
4129,e,4132
4134,f,4133
4133,f,4133
4132,f,4133
4132,b,4133
4133,b,4133
4134,b,4133
4129,b,4133
4131,f,4133
4131,b,4133
4129,f,4133
4130,b,4133
4130,f,4133
4134,c,4134
4135,c,4134
4135,e,4134
4133,e,4134
4133,f,4134
4133,c,4134
4135,f,4134
4134,f,4134
4134,e,4134
4131,c,4134
4131,f,4134
4130,e,4134
4132,e,4134
4132,f,4134
4132,c,4134
4130,f,4134
4131,e,4134
4130,c,4134
4132,d,4135
4134,a,4135
4134,d,4135
4134,c,4135
4134,f,4135
4134,e,4135
4135,d,4135
4135,c,4135
4135,f,4135
4135,e,4135
4136,a,4135
4136,d,4135
4132,a,4135
4136,f,4135
4136,e,4135
4135,a,4135
4131,a,4135
4136,c,4135
4131,f,4135
4131,e,4135
4131,c,4135
4132,c,4135
4132,f,4135
4133,e,4135
4133,f,4135
4133,c,4135
4132,e,4135
4131,d,4135
4133,a,4135
4133,d,4135
4135,f,4136
4135,e,4136
4132,d,4136
4137,d,4136
4137,b,4136
4135,d,4136
4132,b,4136
4136,b,4136
4136,d,4136
4136,f,4136
4137,f,4136
4135,b,4136
4137,e,4136
4132,e,4136
4136,e,4136
4134,e,4136
4134,f,4136
4134,d,4136
4134,b,4136
4133,b,4136
4133,d,4136
4133,f,4136
4133,e,4136
4132,f,4136
4137,c,4137
4137,f,4137
4138,c,4137
4138,f,4137
4136,f,4137
4133,f,4137
4136,c,4137
4135,f,4137
4135,c,4137
4133,c,4137
4134,f,4137
4134,c,4137
4136,e,4138
4138,e,4138
4139,e,4138
4137,e,4138
4134,e,4138
4135,e,4138
4140,c,4141
4141,c,4141
4140,a,4141
4139,c,4141
4139,a,4141
4141,a,4141
4142,c,4141
4142,a,4141
4137,a,4141
4138,c,4141
4138,a,4141
4137,c,4141
4138,d,4142
4141,e,4142
4141,d,4142
4141,b,4142
4143,d,4142
4143,e,4142
4138,e,4142
4142,e,4142
4140,e,4142
4140,d,4142
4140,b,4142
4142,d,4142
4142,b,4142
4139,e,4142
4139,d,4142
4139,b,4142
4138,b,4142
4143,b,4142
4142,c,4143
4142,f,4143
4143,c,4143
4143,f,4143
4143,e,4143
4144,c,4143
4144,e,4143
4142,e,4143
4144,f,4143
4140,f,4143
4141,e,4143
4141,f,4143
4139,c,4143
4139,f,4143
4139,e,4143
4141,c,4143
4140,c,4143
4140,e,4143
4143,f,4144
4144,e,4144
4144,f,4144
4143,e,4144
4145,e,4144
4145,f,4144
4140,e,4144
4141,e,4144
4141,f,4144
4142,f,4144
4140,f,4144
4142,e,4144
4141,e,4145
4145,f,4145
4145,e,4145
4144,e,4145
4144,f,4145
4142,f,4145
4146,e,4145
4143,e,4145
4143,f,4145
4142,e,4145
4146,f,4145
4141,f,4145
4146,f,4146
4147,f,4146
4145,f,4146
4142,f,4146
4144,f,4146
4143,f,4146
4143,f,4147
4148,a,4147
4148,f,4147
4146,f,4147
4146,a,4147
4143,a,4147
4147,a,4147
4147,f,4147
4145,f,4147
4145,a,4147
4144,a,4147
4144,f,4147
4148,d,4148
4149,b,4148
4149,d,4148
4147,d,4148
4144,d,4148
4148,b,4148
4144,b,4148
4147,b,4148
4145,b,4148
4146,d,4148
4146,b,4148
4145,d,4148
4146,c,4149
4147,c,4149
4149,c,4149
4145,c,4149
4148,c,4149
4150,c,4149
4149,e,4150
4150,e,4150
4148,e,4150
4146,e,4150
4147,e,4150
4151,e,4150
4150,f,4151
4150,a,4151
4151,a,4151
4152,a,4151
4152,f,4151
4149,f,4151
4151,f,4151
4149,a,4151
4147,a,4151
4148,a,4151
4148,f,4151
4147,f,4151
4152,a,4152
4152,b,4152
4152,d,4152
4152,f,4152
4153,f,4152
4151,f,4152
4151,d,4152
4151,b,4152
4151,a,4152
4150,f,4152
4149,a,4152
4148,b,4152
4149,b,4152
4150,b,4152
4149,d,4152
4149,f,4152
4153,d,4152
4153,b,4152
4150,a,4152
4148,a,4152
4153,a,4152
4150,d,4152
4148,d,4152
4148,f,4152
4153,c,4153
4152,b,4153
4152,d,4153
4152,c,4153
4152,f,4153
4154,b,4153
4153,f,4153
4153,d,4153
4154,d,4153
4151,b,4153
4154,f,4153
4149,b,4153
4149,d,4153
4149,c,4153
4149,f,4153
4150,b,4153
4150,d,4153
4150,c,4153
4154,c,4153
4150,f,4153
4151,d,4153
4151,c,4153
4151,f,4153
4153,b,4153
4155,f,4154
4155,c,4154
4153,f,4154
4153,c,4154
4154,e,4154
4154,f,4154
4154,c,4154
4155,e,4154
4153,e,4154
4152,e,4154
4152,f,4154
4150,c,4154
4150,f,4154
4150,e,4154
4151,c,4154
4152,c,4154
4151,f,4154
4151,e,4154
4154,f,4155
4156,e,4155
4155,e,4155
4155,f,4155
4154,e,4155
4156,f,4155
4151,e,4155
4152,e,4155
4152,f,4155
4153,f,4155
4153,e,4155
4151,f,4155
4155,f,4156
4155,b,4156
4153,b,4156
4153,f,4156
4156,b,4156
4156,f,4156
4157,b,4156
4154,f,4156
4154,b,4156
4152,f,4156
4157,f,4156
4152,b,4156
4156,e,4157
4157,e,4157
4157,c,4157
4156,c,4157
4155,e,4157
4158,c,4157
4155,c,4157
4154,e,4157
4153,c,4157
4153,e,4157
4158,e,4157
4154,c,4157
4158,a,4158
4158,d,4158
4158,e,4158
4159,a,4158
4157,e,4158
4157,d,4158
4157,a,4158
4159,d,4158
4155,d,4158
4155,e,4158
4156,e,4158
4156,d,4158
4156,a,4158
4154,a,4158
4154,d,4158
4154,e,4158
4155,a,4158
4159,e,4158
4159,d,4159
4159,f,4159
4158,f,4159
4158,b,4159
4160,b,4159
4160,d,4159
4160,f,4159
4159,b,4159
4158,d,4159
4155,f,4159
4155,b,4159
4157,f,4159
4157,d,4159
4156,b,4159
4156,d,4159
4156,f,4159
4155,d,4159
4157,b,4159
4160,c,4160
4159,f,4160
4161,f,4160
4156,c,4160
4159,c,4160
4158,f,4160
4158,c,4160
4161,c,4160
4157,c,4160
4157,f,4160
4156,f,4160
4160,f,4160
4160,c,4161
4160,e,4161
4161,e,4161
4157,c,4161
4162,e,4161
4159,e,4161
4159,c,4161
4158,e,4161
4158,c,4161
4157,e,4161
4162,c,4161
4161,c,4161
4162,e,4162
4163,f,4162
4163,e,4162
4161,e,4162
4161,f,4162
4162,f,4162
4160,e,4162
4160,f,4162
4159,e,4162
4158,f,4162
4159,f,4162
4158,e,4162
4160,f,4163
4163,f,4163
4164,f,4163
4162,f,4163
4159,f,4163
4161,f,4163
4166,d,4166
4167,d,4166
4166,b,4166
4165,b,4166
4164,d,4166
4167,b,4166
4165,d,4166
4162,d,4166
4162,b,4166
4163,d,4166
4164,b,4166
4163,b,4166
4167,f,4167
4167,c,4167
4168,c,4167
4166,f,4167
4166,c,4167
4163,f,4167
4165,f,4167
4165,c,4167
4163,c,4167
4164,f,4167
4164,c,4167
4168,f,4167
4169,e,4168
4165,e,4168
4166,e,4168
4164,e,4168
4168,e,4168
4167,e,4168
4169,f,4169
4166,f,4169
4170,f,4169
4167,f,4169
4165,f,4169
4168,f,4169
4171,b,4170
4169,b,4170
4170,b,4170
4168,b,4170
4166,b,4170
4167,b,4170
4171,b,4171
4171,c,4171
4170,f,4171
4170,c,4171
4170,b,4171
4171,f,4171
4169,f,4171
4169,c,4171
4168,b,4171
4167,b,4171
4168,c,4171
4168,f,4171
4172,f,4171
4172,c,4171
4167,c,4171
4167,f,4171
4169,b,4171
4172,b,4171
4173,f,4172
4173,c,4172
4172,f,4172
4171,c,4172
4171,f,4172
4173,e,4172
4173,b,4172
4172,e,4172
4171,b,4172
4171,e,4172
4170,c,4172
4169,c,4172
4168,b,4172
4168,c,4172
4168,f,4172
4168,e,4172
4169,b,4172
4169,f,4172
4169,e,4172
4172,c,4172
4170,b,4172
4172,b,4172
4170,f,4172
4170,e,4172
4174,f,4173
4173,f,4173
4172,e,4173
4172,f,4173
4172,c,4173
4174,c,4173
4174,e,4173
4173,e,4173
4173,c,4173
4169,c,4173
4169,e,4173
4171,e,4173
4171,f,4173
4171,c,4173
4170,c,4173
4169,f,4173
4170,e,4173
4170,f,4173
4174,f,4174
4174,e,4174
4175,f,4174
4173,e,4174
4173,f,4174
4171,e,4174
4175,e,4174
4172,e,4174
4172,f,4174
4171,f,4174
4170,e,4174
4170,f,4174
4175,f,4175
4171,f,4175
4174,f,4175
4176,f,4175
4173,f,4175
4172,f,4175
4173,c,4176
4174,c,4176
4172,c,4176
4175,c,4176
4177,c,4176
4176,c,4176
4173,d,4177
4178,e,4177
4178,d,4177
4173,e,4177
4177,e,4177
4177,d,4177
4176,d,4177
4176,e,4177
4174,d,4177
4174,e,4177
4175,d,4177
4175,e,4177
4175,f,4178
4178,f,4178
4174,f,4178
4177,f,4178
4176,f,4178
4179,f,4178
4175,b,4179
4177,b,4179
4176,b,4179
4179,b,4179
4178,b,4179
4180,b,4179
4180,f,4180
4180,c,4180
4179,f,4180
4179,c,4180
4177,c,4180
4181,c,4180
4178,f,4180
4178,c,4180
4181,f,4180
4177,f,4180
4176,c,4180
4176,f,4180
4180,e,4181
4181,e,4181
4182,e,4181
4178,e,4181
4179,e,4181
4177,e,4181
4181,a,4182
4182,a,4182
4182,f,4182
4181,f,4182
4183,a,4182
4183,f,4182
4180,f,4182
4180,a,4182
4178,f,4182
4179,a,4182
4179,f,4182
4178,a,4182
4180,d,4183
4183,b,4183
4183,d,4183
4183,c,4183
4182,c,4183
4182,d,4183
4182,b,4183
4184,b,4183
4184,d,4183
4184,c,4183
4181,c,4183
4181,d,4183
4181,b,4183
4179,b,4183
4179,d,4183
4179,c,4183
4180,c,4183
4180,b,4183
4184,f,4184
4184,e,4184
4183,e,4184
4183,f,4184
4183,c,4184
4185,f,4184
4185,e,4184
4184,c,4184
4185,c,4184
4182,e,4184
4182,f,4184
4182,c,4184
4180,c,4184
4180,f,4184
4181,e,4184
4181,f,4184
4181,c,4184
4180,e,4184
4182,e,4185
4186,e,4185
4186,f,4185
4185,e,4185
4185,f,4185
4184,e,4185
4184,f,4185
4181,f,4185
4181,e,4185
4183,e,4185
4183,f,4185
4182,f,4185
4184,f,4186
4182,f,4186
4183,f,4186
4185,f,4186
4186,f,4186
4187,f,4186
4188,f,4188
4187,f,4188
4189,f,4188
4185,f,4188
4186,f,4188
4184,f,4188
4192,d,4191
4191,d,4191
4189,d,4191
4190,d,4191
4188,d,4191
4187,d,4191
4189,f,4192
4190,f,4192
4191,f,4192
4192,f,4192
4193,f,4192
4188,f,4192
4196,a,4196
4195,a,4196
4194,a,4196
4197,a,4196
4193,a,4196
4192,a,4196
4193,b,4197
4197,d,4197
4196,d,4197
4196,b,4197
4197,b,4197
4198,b,4197
4198,d,4197
4193,d,4197
4194,b,4197
4195,d,4197
4195,b,4197
4194,d,4197
4198,a,4198
4197,c,4198
4197,a,4198
4199,a,4198
4199,c,4198
4199,f,4198
4198,f,4198
4198,c,4198
4197,f,4198
4194,c,4198
4195,f,4198
4195,c,4198
4195,a,4198
4196,a,4198
4196,c,4198
4196,f,4198
4194,f,4198
4194,a,4198
4199,e,4199
4199,d,4199
4200,b,4199
4198,b,4199
4198,a,4199
4199,b,4199
4199,a,4199
4195,a,4199
4195,b,4199
4200,a,4199
4198,e,4199
4198,d,4199
4196,b,4199
4200,d,4199
4196,a,4199
4196,d,4199
4197,e,4199
4197,d,4199
4197,b,4199
4197,a,4199
4196,e,4199
4195,d,4199
4195,e,4199
4200,e,4199
4201,f,4200
4201,c,4200
4201,d,4200
4200,b,4200
4199,d,4200
4199,c,4200
4199,f,4200
4200,f,4200
4200,c,4200
4199,b,4200
4201,b,4200
4200,d,4200
4196,b,4200
4197,c,4200
4197,d,4200
4197,b,4200
4196,d,4200
4198,b,4200
4197,f,4200
4198,c,4200
4198,f,4200
4196,f,4200
4196,c,4200
4198,d,4200
4201,f,4201
4200,e,4201
4200,f,4201
4200,c,4201
4202,c,4201
4201,c,4201
4201,e,4201
4202,f,4201
4197,e,4201
4202,e,4201
4199,e,4201
4199,f,4201
4199,c,4201
4198,c,4201
4198,f,4201
4198,e,4201
4197,f,4201
4197,c,4201
4202,e,4202
4202,f,4202
4198,e,4202
4201,e,4202
4201,f,4202
4198,f,4202
4203,e,4202
4200,e,4202
4200,f,4202
4203,f,4202
4199,e,4202
4199,f,4202
4202,f,4203
4203,f,4203
4202,d,4203
4204,d,4203
4200,d,4203
4201,f,4203
4201,d,4203
4200,f,4203
4199,f,4203
4199,d,4203
4204,f,4203
4203,d,4203
4204,f,4204
4205,f,4204
4203,f,4204
4201,f,4204
4202,f,4204
4200,f,4204
4202,b,4205
4203,b,4205
4206,b,4205
4201,b,4205
4204,b,4205
4205,b,4205
4206,c,4206
4205,c,4206
4202,c,4206
4207,c,4206
4204,c,4206
4203,c,4206
4204,d,4207
4203,e,4207
4205,d,4207
4205,e,4207
4208,e,4207
4208,d,4207
4203,d,4207
4206,d,4207
4206,e,4207
4207,e,4207
4204,e,4207
4207,d,4207
4208,f,4208
4207,f,4208
4209,f,4208
4206,f,4208
4204,f,4208
4205,f,4208
4206,f,4209
4209,f,4209
4205,f,4209
4208,f,4209
4207,f,4209
4210,f,4209
4207,b,4210
4210,b,4210
4208,b,4210
4211,b,4210
4206,b,4210
4209,b,4210
4212,c,4211
4211,c,4211
4210,f,4211
4210,c,4211
4211,f,4211
4209,c,4211
4209,f,4211
4212,f,4211
4208,f,4211
4208,c,4211
4207,f,4211
4207,c,4211
4209,e,4212
4208,e,4212
4210,e,4212
4211,e,4212
4213,e,4212
4212,e,4212
4213,f,4213
4214,f,4213
4209,f,4213
4211,f,4213
4210,f,4213
4212,f,4213
4218,a,4217
4216,a,4217
4215,a,4217
4217,a,4217
4213,a,4217
4214,a,4217
4214,c,4218
4214,d,4218
4219,d,4218
4219,b,4218
4218,c,4218
4218,d,4218
4218,b,4218
4217,c,4218
4217,d,4218
4217,b,4218
4219,c,4218
4215,c,4218
4215,d,4218
4215,b,4218
4214,b,4218
4216,c,4218
4216,d,4218
4216,b,4218
4218,e,4219
4219,c,4219
4216,f,4219
4218,c,4219
4216,c,4219
4220,c,4219
4220,f,4219
4220,e,4219
4219,f,4219
4219,e,4219
4218,f,4219
4215,f,4219
4216,e,4219
4217,c,4219
4215,c,4219
4217,e,4219
4217,f,4219
4215,e,4219
4217,e,4220
4217,f,4220
4218,e,4220
4218,f,4220
4219,f,4220
4219,e,4220
4221,f,4220
4216,e,4220
4216,f,4220
4220,f,4220
4221,e,4220
4220,e,4220
4221,f,4221
4222,f,4221
4220,f,4221
4219,f,4221
4218,f,4221
4217,f,4221
4220,a,4223
4222,d,4223
4222,a,4223
4223,d,4223
4224,a,4223
4224,d,4223
4219,d,4223
4221,d,4223
4223,a,4223
4219,a,4223
4220,d,4223
4221,a,4223
4224,d,4224
4224,a,4224
4224,f,4224
4225,a,4224
4223,f,4224
4223,d,4224
4223,b,4224
4225,b,4224
4225,d,4224
4225,f,4224
4224,b,4224
4223,a,4224
4220,b,4224
4222,f,4224
4221,f,4224
4221,d,4224
4221,b,4224
4221,a,4224
4220,f,4224
4222,a,4224
4222,b,4224
4220,d,4224
4220,a,4224
4222,d,4224
4224,f,4225
4226,d,4225
4224,d,4225
4224,b,4225
4226,b,4225
4225,f,4225
4225,c,4225
4225,d,4225
4225,b,4225
4221,b,4225
4224,c,4225
4222,b,4225
4226,c,4225
4222,d,4225
4222,c,4225
4223,f,4225
4223,c,4225
4223,d,4225
4223,b,4225
4221,d,4225
4221,c,4225
4221,f,4225
4222,f,4225
4226,f,4225
4227,e,4226
4227,f,4226
4225,b,4226
4226,b,4226
4225,f,4226
4225,e,4226
4227,b,4226
4226,e,4226
4226,f,4226
4225,c,4226
4227,c,4226
4226,c,4226
4222,f,4226
4224,b,4226
4223,f,4226
4223,c,4226
4223,b,4226
4222,e,4226
4222,c,4226
4223,e,4226
4222,b,4226
4224,f,4226
4224,e,4226
4224,c,4226
4227,c,4227
4227,f,4227
4226,e,4227
4226,c,4227
4227,e,4227
4228,c,4227
4228,f,4227
4228,e,4227
4223,c,4227
4226,f,4227
4223,e,4227
4224,e,4227
4224,f,4227
4224,c,4227
4225,c,4227
4225,f,4227
4223,f,4227
4225,e,4227
4226,f,4228
4228,c,4228
4224,f,4228
4224,c,4228
4224,e,4228
4227,e,4228
4227,f,4228
4227,c,4228
4226,c,4228
4225,e,4228
4228,e,4228
4225,f,4228
4229,c,4228
4225,c,4228
4229,f,4228
4229,e,4228
4226,e,4228
4228,f,4228
4230,f,4229
4228,e,4229
4228,f,4229
4228,c,4229
4229,e,4229
4229,c,4229
4229,f,4229
4230,c,4229
4227,f,4229
4227,e,4229
4225,c,4229
4225,f,4229
4225,e,4229
4226,f,4229
4226,e,4229
4226,c,4229
4230,e,4229
4227,c,4229
4227,e,4230
4229,e,4230
4231,e,4230
4228,e,4230
4226,e,4230
4230,e,4230
4232,a,4232
4231,a,4232
4230,a,4232
4233,a,4232
4228,a,4232
4229,a,4232
4230,b,4233
4233,d,4233
4232,d,4233
4232,b,4233
4234,b,4233
4234,d,4233
4229,d,4233
4233,b,4233
4231,d,4233
4231,b,4233
4229,b,4233
4230,d,4233
4235,c,4234
4235,f,4234
4233,f,4234
4233,c,4234
4234,f,4234
4234,c,4234
4230,c,4234
4230,f,4234
4232,f,4234
4232,c,4234
4231,c,4234
4231,f,4234
4235,e,4235
4236,b,4235
4234,e,4235
4234,b,4235
4231,b,4235
4231,e,4235
4235,b,4235
4236,e,4235
4233,e,4235
4233,b,4235
4232,b,4235
4232,e,4235
4236,f,4236
4237,c,4236
4237,f,4236
4235,e,4236
4235,f,4236
4235,c,4236
4237,e,4236
4236,c,4236
4232,e,4236
4236,e,4236
4232,c,4236
4234,e,4236
4234,f,4236
4233,c,4236
4233,f,4236
4232,f,4236
4234,c,4236
4233,e,4236
4233,f,4237
4237,f,4237
4238,e,4237
4236,e,4237
4236,f,4237
4238,f,4237
4237,e,4237
4233,e,4237
4235,e,4237
4235,f,4237
4234,f,4237
4234,e,4237
4238,f,4238
4234,f,4238
4239,f,4238
4236,f,4238
4235,f,4238
4237,f,4238
4245,b,4244
4240,b,4244
4241,b,4244
4242,b,4244
4244,b,4244
4243,b,4244
4245,f,4245
4244,f,4245
4244,c,4245
4246,c,4245
4246,f,4245
4243,f,4245
4243,c,4245
4242,f,4245
4242,c,4245
4241,f,4245
4241,c,4245
4245,c,4245
4246,f,4246
4246,d,4246
4247,f,4246
4247,e,4246
4245,e,4246
4245,f,4246
4245,d,4246
4246,e,4246
4247,d,4246
4244,e,4246
4242,f,4246
4242,e,4246
4242,d,4246
4243,f,4246
4243,e,4246
4243,d,4246
4244,d,4246
4244,f,4246
4245,f,4247
4246,f,4247
4244,f,4247
4248,f,4247
4243,f,4247
4247,f,4247
4249,c,4249
4248,c,4249
4247,c,4249
4246,c,4249
4245,c,4249
4250,c,4249
4246,e,4250
4248,e,4250
4250,e,4250
4251,e,4250
4249,e,4250
4247,e,4250
4251,f,4251
4252,f,4251
4251,c,4251
4250,f,4251
4250,c,4251
4250,a,4251
4252,c,4251
4252,a,4251
4251,a,4251
4247,a,4251
4247,c,4251
4249,f,4251
4249,c,4251
4249,a,4251
4247,f,4251
4248,a,4251
4248,c,4251
4248,f,4251
4249,b,4252
4252,e,4252
4253,b,4252
4253,d,4252
4251,e,4252
4251,d,4252
4251,b,4252
4253,e,4252
4250,e,4252
4250,d,4252
4250,b,4252
4248,b,4252
4248,d,4252
4248,e,4252
4249,e,4252
4249,d,4252
4252,d,4252
4252,b,4252
4253,c,4253
4253,f,4253
4254,c,4253
4252,c,4253
4254,f,4253
4252,f,4253
4251,c,4253
4250,c,4253
4250,f,4253
4249,f,4253
4251,f,4253
4249,c,4253
4252,e,4254
4250,e,4254
4251,e,4254
4253,e,4254
4255,e,4254
4254,e,4254
4255,f,4255
4256,f,4255
4256,e,4255
4254,e,4255
4255,e,4255
4251,e,4255
4254,f,4255
4251,f,4255
4253,e,4255
4253,f,4255
4252,e,4255
4252,f,4255
4254,f,4256
4252,f,4256
4255,f,4256
4253,f,4256
4256,f,4256
4257,f,4256
4259,f,4259
4258,f,4259
4260,f,4259
4256,f,4259
4255,f,4259
4257,f,4259
4262,a,4262
4261,a,4262
4260,a,4262
4263,a,4262
4259,a,4262
4258,a,4262
4259,f,4263
4264,b,4263
4264,d,4263
4264,f,4263
4263,f,4263
4263,d,4263
4263,b,4263
4263,a,4263
4264,a,4263
4262,f,4263
4262,d,4263
4262,b,4263
4262,a,4263
4259,d,4263
4261,a,4263
4260,f,4263
4260,d,4263
4260,b,4263
4261,b,4263
4261,d,4263
4261,f,4263
4260,a,4263
4259,a,4263
4259,b,4263
4264,f,4264
4264,d,4264
4264,b,4264
4265,b,4264
4263,f,4264
4263,c,4264
4263,d,4264
4263,b,4264
4260,b,4264
4264,c,4264
4261,b,4264
4265,d,4264
4265,f,4264
4261,d,4264
4261,c,4264
4261,f,4264
4260,f,4264
4260,c,4264
4265,c,4264
4262,d,4264
4260,d,4264
4262,f,4264
4262,c,4264
4262,b,4264
4265,c,4265
4265,a,4265
4264,a,4265
4265,f,4265
4265,e,4265
4266,a,4265
4266,c,4265
4264,c,4265
4264,f,4265
4264,e,4265
4266,e,4265
4261,a,4265
4261,c,4265
4266,f,4265
4262,e,4265
4262,f,4265
4263,e,4265
4263,f,4265
4263,c,4265
4263,a,4265
4262,c,4265
4262,a,4265
4261,e,4265
4261,f,4265
4267,b,4266
4262,a,4266
4265,a,4266
4265,e,4266
4265,d,4266
4265,f,4266
4262,b,4266
4266,e,4266
4266,f,4266
4266,d,4266
4266,b,4266
4266,a,4266
4265,b,4266
4267,a,4266
4263,d,4266
4267,d,4266
4263,e,4266
4263,f,4266
4263,b,4266
4263,a,4266
4262,e,4266
4262,d,4266
4264,a,4266
4264,b,4266
4262,f,4266
4264,f,4266
4264,e,4266
4267,e,4266
4267,f,4266
4264,d,4266
4268,c,4267
4266,f,4267
4266,c,4267
4266,d,4267
4266,b,4267
4267,c,4267
4268,f,4267
4267,d,4267
4267,b,4267
4268,b,4267
4268,d,4267
4267,f,4267
4264,b,4267
4264,d,4267
4264,c,4267
4265,f,4267
4265,c,4267
4265,d,4267
4265,b,4267
4264,f,4267
4263,c,4267
4263,f,4267
4263,d,4267
4263,b,4267
4265,e,4268
4267,e,4268
4268,c,4268
4268,f,4268
4268,e,4268
4269,d,4268
4269,c,4268
4269,f,4268
4269,e,4268
4268,d,4268
4267,f,4268
4267,d,4268
4266,f,4268
4264,d,4268
4265,f,4268
4265,c,4268
4264,c,4268
4264,f,4268
4264,e,4268
4265,d,4268
4266,d,4268
4266,e,4268
4267,c,4268
4266,c,4268
4269,e,4269
4266,e,4269
4265,e,4269
4267,e,4269
4268,e,4269
4270,e,4269
4271,c,4271
4270,c,4271
4272,c,4271
4269,c,4271
4268,c,4271
4267,c,4271
4269,e,4272
4268,e,4272
4270,e,4272
4271,e,4272
4272,e,4272
4273,e,4272
4269,f,4273
4270,f,4273
4271,f,4273
4272,f,4273
4274,f,4273
4273,f,4273
4274,b,4276
4272,b,4276
4273,b,4276
4275,b,4276
4277,b,4276
4276,b,4276
4277,c,4277
4276,f,4277
4276,c,4277
4277,f,4277
4278,c,4277
4275,c,4277
4274,f,4277
4274,c,4277
4278,f,4277
4273,c,4277
4273,f,4277
4275,f,4277
4275,e,4278
4278,e,4278
4277,e,4278
4279,e,4278
4276,e,4278
4274,e,4278
4279,b,4279
4280,f,4279
4279,f,4279
4278,b,4279
4280,b,4279
4278,f,4279
4276,f,4279
4275,b,4279
4277,f,4279
4277,b,4279
4275,f,4279
4276,b,4279
4281,c,4280
4281,f,4280
4279,f,4280
4279,c,4280
4280,c,4280
4276,c,4280
4278,f,4280
4278,c,4280
4276,f,4280
4277,c,4280
4277,f,4280
4280,f,4280
4281,e,4281
4281,f,4281
4282,f,4281
4281,d,4281
4277,d,4281
4280,e,4281
4280,f,4281
4282,e,4281
4280,d,4281
4282,d,4281
4277,f,4281
4279,e,4281
4279,f,4281
4279,d,4281
4278,e,4281
4278,f,4281
4278,d,4281
4277,e,4281
4283,f,4282
4279,f,4282
4280,f,4282
4278,f,4282
4281,f,4282
4282,f,4282
4284,d,4283
4283,d,4283
4282,d,4283
4279,d,4283
4281,d,4283
4280,d,4283
4282,f,4284
4280,f,4284
4283,f,4284
4284,f,4284
4285,f,4284
4281,f,4284
4290,b,4290
4286,b,4290
4287,b,4290
4289,b,4290
4288,b,4290
4291,b,4290
4290,b,4291
4290,f,4291
4292,c,4291
4291,c,4291
4291,f,4291
4292,b,4291
4292,f,4291
4291,b,4291
4289,f,4291
4290,c,4291
4287,f,4291
4287,b,4291
4289,b,4291
4289,c,4291
4288,b,4291
4288,c,4291
4288,f,4291
4287,c,4291
4292,c,4292
4292,f,4292
4292,e,4292
4291,e,4292
4291,f,4292
4291,c,4292
4288,c,4292
4293,c,4292
4289,c,4292
4293,f,4292
4289,f,4292
4289,e,4292
4290,e,4292
4290,f,4292
4290,c,4292
4288,f,4292
4288,e,4292
4293,e,4292
4294,e,4293
4294,f,4293
4293,f,4293
4292,f,4293
4293,e,4293
4292,e,4293
4292,d,4293
4294,d,4293
4293,d,4293
4290,e,4293
4289,d,4293
4291,e,4293
4291,f,4293
4291,d,4293
4289,f,4293
4289,e,4293
4290,d,4293
4290,f,4293
4294,c,4294
4294,d,4294
4295,c,4294
4295,f,4294
4293,f,4294
4293,c,4294
4293,d,4294
4295,d,4294
4290,d,4294
4290,c,4294
4292,f,4294
4292,c,4294
4292,d,4294
4290,f,4294
4291,d,4294
4291,c,4294
4291,f,4294
4294,f,4294
4295,f,4295
4295,e,4295
4296,f,4295
4296,e,4295
4291,e,4295
4294,e,4295
4291,f,4295
4293,e,4295
4293,f,4295
4292,e,4295
4292,f,4295
4294,f,4295
4294,f,4296
4293,f,4296
4292,f,4296
4295,f,4296
4296,f,4296
4297,f,4296
4300,f,4299
4299,f,4299
4297,f,4299
4298,f,4299
4296,f,4299
4295,f,4299
4297,e,4300
4300,e,4300
4296,e,4300
4299,e,4300
4301,e,4300
4298,e,4300
4298,c,4301
4297,f,4301
4299,f,4301
4302,f,4301
4302,c,4301
4301,c,4301
4297,c,4301
4300,c,4301
4300,f,4301
4301,f,4301
4298,f,4301
4299,c,4301
4302,e,4302
4301,e,4302
4303,e,4302
4300,e,4302
4299,e,4302
4298,e,4302
4300,f,4303
4301,f,4303
4304,f,4303
4299,f,4303
4302,f,4303
4303,f,4303
4305,e,4304
4300,e,4304
4303,e,4304
4304,e,4304
4302,e,4304
4301,e,4304
4304,e,4305
4306,e,4305
4302,f,4305
4303,f,4305
4303,e,4305
4305,e,4305
4305,f,4305
4301,e,4305
4304,f,4305
4306,f,4305
4302,e,4305
4301,f,4305
4305,f,4306
4305,d,4306
4302,d,4306
4304,f,4306
4304,d,4306
4306,f,4306
4303,f,4306
4303,d,4306
4307,d,4306
4302,f,4306
4306,d,4306
4307,f,4306
4306,f,4307
4308,f,4307
4305,f,4307
4304,f,4307
4303,f,4307
4307,f,4307
4307,b,4308
4307,d,4308
4309,b,4308
4308,d,4308
4309,d,4308
4304,d,4308
4306,d,4308
4306,b,4308
4305,d,4308
4305,b,4308
4304,b,4308
4308,b,4308
4309,f,4309
4310,c,4309
4308,f,4309
4308,c,4309
4310,f,4309
4309,c,4309
4305,f,4309
4307,f,4309
4305,c,4309
4307,c,4309
4306,c,4309
4306,f,4309
4307,e,4310
4310,e,4310
4309,e,4310
4308,e,4310
4306,e,4310
4311,e,4310
4311,f,4311
4307,f,4311
4309,f,4311
4312,f,4311
4308,f,4311
4310,f,4311
4312,d,4312
4311,d,4312
4313,d,4312
4308,d,4312
4310,d,4312
4309,d,4312
4313,f,4313
4310,f,4313
4309,e,4313
4311,f,4313
4311,e,4313
4309,f,4313
4312,f,4313
4312,e,4313
4314,e,4313
4310,e,4313
4313,e,4313
4314,f,4313
4315,f,4314
4314,f,4314
4310,f,4314
4312,f,4314
4311,f,4314
4313,f,4314
4314,d,4318
4315,d,4318
4319,d,4318
4316,d,4318
4318,d,4318
4317,d,4318
4319,f,4319
4318,f,4319
4320,f,4319
4315,f,4319
4316,f,4319
4317,f,4319
4317,b,4320
4320,d,4320
4319,d,4320
4319,b,4320
4320,b,4320
4321,b,4320
4321,d,4320
4318,d,4320
4318,b,4320
4316,b,4320
4317,d,4320
4316,d,4320
4321,a,4321
4320,f,4321
4320,c,4321
4321,f,4321
4322,a,4321
4322,c,4321
4322,f,4321
4320,a,4321
4321,c,4321
4319,a,4321
4318,f,4321
4317,a,4321
4317,c,4321
4319,f,4321
4319,c,4321
4317,f,4321
4318,a,4321
4318,c,4321
4322,b,4322
4323,b,4322
4323,d,4322
4323,e,4322
4321,e,4322
4321,d,4322
4321,b,4322
4322,d,4322
4318,b,4322
4320,e,4322
4320,d,4322
4320,b,4322
4318,d,4322
4318,e,4322
4319,b,4322
4319,d,4322
4319,e,4322
4322,e,4322
4323,f,4323
4324,c,4323
4324,f,4323
4323,c,4323
4322,f,4323
4322,c,4323
4319,c,4323
4320,f,4323
4319,f,4323
4321,f,4323
4321,c,4323
4320,c,4323
4322,e,4324
4325,e,4324
4321,e,4324
4320,e,4324
4323,e,4324
4324,e,4324
4325,f,4325
4324,f,4325
4326,f,4325
4323,f,4325
4321,f,4325
4322,f,4325
4326,b,4326
4323,b,4326
4324,b,4326
4327,b,4326
4322,b,4326
4325,b,4326
4328,c,4327
4327,c,4327
4326,f,4327
4326,c,4327
4327,f,4327
4328,f,4327
4323,f,4327
4325,f,4327
4325,c,4327
4323,c,4327
4324,c,4327
4324,f,4327
4327,e,4328
4328,e,4328
4328,f,4328
4325,e,4328
4327,f,4328
4329,e,4328
4329,f,4328
4326,e,4328
4325,f,4328
4324,e,4328
4324,f,4328
4326,f,4328
4325,f,4329
4329,f,4329
4326,f,4329
4327,f,4329
4328,f,4329
4330,f,4329
4331,f,4330
4331,b,4330
4329,f,4330
4330,b,4330
4330,c,4330
4331,c,4330
4329,b,4330
4329,c,4330
4330,f,4330
4326,b,4330
4327,b,4330
4326,f,4330
4326,c,4330
4327,c,4330
4328,b,4330
4327,f,4330
4328,f,4330
4328,c,4330
4331,c,4331
4331,f,4331
4328,c,4331
4330,e,4331
4332,f,4331
4330,c,4331
4331,e,4331
4332,e,4331
4328,f,4331
4330,f,4331
4327,e,4331
4328,e,4331
4327,f,4331
4327,c,4331
4329,c,4331
4332,c,4331
4329,e,4331
4329,f,4331
4329,e,4332
4332,c,4332
4332,f,4332
4332,e,4332
4331,e,4332
4331,f,4332
4331,c,4332
4328,c,4332
4328,e,4332
4328,f,4332
4329,f,4332
4333,f,4332
4333,e,4332
4329,c,4332
4330,e,4332
4330,f,4332
4330,c,4332
4333,c,4332
4334,c,4333
4333,c,4333
4332,e,4333
4332,c,4333
4334,e,4333
4333,e,4333
4329,e,4333
4330,e,4333
4331,e,4333
4331,c,4333
4329,c,4333
4330,c,4333
4330,a,4334
4330,e,4334
4333,e,4334
4335,a,4334
4335,e,4334
4333,a,4334
4332,e,4334
4332,a,4334
4331,a,4334
4331,e,4334
4334,e,4334
4334,a,4334
4334,f,4335
4334,b,4335
4334,d,4335
4331,f,4335
4336,d,4335
4335,b,4335
4335,d,4335
4335,f,4335
4335,e,4335
4334,e,4335
4336,f,4335
4333,b,4335
4333,e,4335
4333,f,4335
4333,d,4335
4331,e,4335
4332,e,4335
4332,f,4335
4332,d,4335
4332,b,4335
4331,b,4335
4331,d,4335
4336,e,4335
4336,b,4335
4336,c,4336
4336,f,4336
4337,c,4336
4337,f,4336
4335,c,4336
4334,f,4336
4334,c,4336
4333,f,4336
4333,c,4336
4335,f,4336
4332,f,4336
4332,c,4336
4341,f,4340
4340,f,4340
4340,d,4340
4339,f,4340
4339,d,4340
4338,f,4340
4341,d,4340
4337,f,4340
4337,d,4340
4336,f,4340
4336,d,4340
4338,d,4340
4338,f,4341
4337,f,4341
4339,f,4341
4340,f,4341
4341,f,4341
4342,f,4341
4345,d,4345
4344,d,4345
4343,d,4345
4342,d,4345
4341,d,4345
4346,d,4345
4343,f,4346
4344,f,4346
4347,f,4346
4346,f,4346
4345,f,4346
4342,f,4346
4348,f,4347
4347,e,4347
4347,f,4347
4346,e,4347
4346,f,4347
4348,e,4347
4345,e,4347
4345,f,4347
4344,e,4347
4344,f,4347
4343,e,4347
4343,f,4347
4349,f,4348
4345,f,4348
4348,f,4348
4346,f,4348
4344,f,4348
4347,f,4348
4350,d,4352
4352,d,4352
4352,c,4352
4351,c,4352
4351,d,4352
4351,a,4352
4353,a,4352
4350,c,4352
4350,a,4352
4353,c,4352
4352,a,4352
4348,a,4352
4348,d,4352
4349,c,4352
4348,c,4352
4349,a,4352
4353,d,4352
4349,d,4352
4352,b,4353
4352,d,4353
4352,f,4353
4354,f,4353
4354,d,4353
4354,b,4353
4353,d,4353
4353,b,4353
4352,e,4353
4354,e,4353
4353,e,4353
4350,f,4353
4351,e,4353
4351,f,4353
4351,d,4353
4351,b,4353
4349,b,4353
4353,f,4353
4350,e,4353
4349,d,4353
4350,d,4353
4349,f,4353
4350,b,4353
4349,e,4353
4354,f,4354
4354,c,4354
4355,c,4354
4353,c,4354
4355,f,4354
4353,f,4354
4352,f,4354
4352,c,4354
4351,f,4354
4351,c,4354
4350,f,4354
4350,c,4354
4353,e,4355
4352,e,4355
4351,e,4355
4354,e,4355
4356,e,4355
4355,e,4355
4354,f,4356
4356,f,4356
4352,f,4356
4357,f,4356
4353,f,4356
4355,f,4356
4357,b,4359
4360,b,4359
4358,b,4359
4355,b,4359
4356,b,4359
4359,b,4359
4360,e,4360
4361,e,4360
4360,c,4360
4359,e,4360
4359,f,4360
4359,c,4360
4360,f,4360
4358,e,4360
4361,f,4360
4361,c,4360
4356,c,4360
4358,c,4360
4357,e,4360
4356,f,4360
4356,e,4360
4357,c,4360
4357,f,4360
4358,f,4360
4361,f,4361
4361,e,4361
4360,e,4361
4360,f,4361
4358,f,4361
4359,e,4361
4359,f,4361
4357,f,4361
4357,e,4361
4358,e,4361
4362,e,4361
4362,f,4361
4361,f,4362
4362,c,4362
4362,f,4362
4361,c,4362
4363,c,4362
4363,f,4362
4360,f,4362
4358,c,4362
4359,c,4362
4359,f,4362
4360,c,4362
4358,f,4362
4360,a,4363
4363,a,4363
4363,b,4363
4363,e,4363
4362,e,4363
4362,b,4363
4362,a,4363
4359,a,4363
4360,b,4363
4364,a,4363
4364,e,4363
4359,b,4363
4361,a,4363
4360,e,4363
4359,e,4363
4361,b,4363
4361,e,4363
4364,b,4363
4365,c,4364
4364,f,4364
4364,c,4364
4364,b,4364
4363,f,4364
4363,c,4364
4363,d,4364
4363,b,4364
4360,d,4364
4364,d,4364
4365,b,4364
4365,d,4364
4365,f,4364
4360,c,4364
4362,d,4364
4360,f,4364
4360,b,4364
4361,f,4364
4361,c,4364
4361,d,4364
4361,b,4364
4362,f,4364
4362,c,4364
4362,b,4364
4364,a,4365
4364,c,4365
4361,f,4365
4361,a,4365
4364,e,4365
4365,e,4365
4365,f,4365
4365,c,4365
4364,f,4365
4361,c,4365
4365,a,4365
4363,c,4365
4362,e,4365
4366,a,4365
4362,a,4365
4363,a,4365
4362,c,4365
4363,f,4365
4362,f,4365
4366,e,4365
4361,e,4365
4366,f,4365
4366,c,4365
4363,e,4365
4366,d,4366
4367,e,4366
4367,f,4366
4366,e,4366
4365,e,4366
4365,d,4366
4365,f,4366
4366,b,4366
4365,b,4366
4366,f,4366
4363,f,4366
4363,e,4366
4367,b,4366
4362,b,4366
4362,d,4366
4362,f,4366
4362,e,4366
4363,b,4366
4363,d,4366
4367,d,4366
4364,d,4366
4364,e,4366
4364,b,4366
4364,f,4366
4364,c,4367
4367,c,4367
4367,f,4367
4366,f,4367
4366,c,4367
4368,c,4367
4365,c,4367
4365,f,4367
4363,c,4367
4363,f,4367
4368,f,4367
4364,f,4367
4369,e,4368
4367,e,4368
4368,e,4368
4366,e,4368
4364,e,4368
4365,e,4368
4366,f,4369
4370,f,4369
4370,d,4369
4369,f,4369
4369,d,4369
4368,d,4369
4368,f,4369
4365,d,4369
4367,f,4369
4367,d,4369
4365,f,4369
4366,d,4369
4368,f,4370
4367,f,4370
4369,f,4370
4370,f,4370
4371,f,4370
4366,f,4370
4379,f,4379
4380,f,4379
4378,f,4379
4377,f,4379
4375,f,4379
4376,f,4379
4382,b,4381
4381,b,4381
4377,b,4381
4380,b,4381
4378,b,4381
4379,b,4381
4379,c,4382
4379,f,4382
4378,f,4382
4378,c,4382
4380,c,4382
4380,f,4382
4383,f,4382
4383,c,4382
4381,c,4382
4381,f,4382
4382,f,4382
4382,c,4382
4383,e,4383
4382,e,4383
4384,e,4383
4381,e,4383
4380,e,4383
4379,e,4383
4384,f,4384
4381,f,4384
4383,f,4384
4385,f,4384
4382,f,4384
4380,f,4384
4383,c,4386
4382,c,4386
4386,c,4386
4385,c,4386
4384,c,4386
4387,c,4386
4386,a,4387
4386,c,4387
4387,e,4387
4387,c,4387
4388,a,4387
4388,c,4387
4388,e,4387
4387,a,4387
4385,e,4387
4386,e,4387
4385,a,4387
4384,a,4387
4385,c,4387
4383,e,4387
4384,c,4387
4383,a,4387
4383,c,4387
4384,e,4387
4388,d,4388
4388,f,4388
4388,e,4388
4387,e,4388
4387,f,4388
4387,d,4388
4389,e,4388
4389,d,4388
4389,f,4388
4388,b,4388
4387,b,4388
4384,f,4388
4385,b,4388
4385,d,4388
4385,f,4388
4385,e,4388
4384,e,4388
4384,d,4388
4389,b,4388
4386,d,4388
4386,e,4388
4384,b,4388
4386,b,4388
4386,f,4388
4386,c,4389
4389,c,4389
4389,f,4389
4388,f,4389
4388,c,4389
4387,f,4389
4385,c,4389
4385,f,4389
4390,c,4389
4390,f,4389
4387,c,4389
4386,f,4389
4390,e,4390
4391,e,4390
4389,e,4390
4388,e,4390
4387,e,4390
4386,e,4390
4388,f,4391
4388,c,4391
4387,f,4391
4389,c,4391
4389,f,4391
4392,f,4391
4391,f,4391
4392,c,4391
4391,c,4391
4390,f,4391
4387,c,4391
4390,c,4391
4388,a,4392
4391,e,4392
4392,e,4392
4392,a,4392
4391,a,4392
4393,a,4392
4390,a,4392
4390,e,4392
4388,e,4392
4389,e,4392
4389,a,4392
4393,e,4392
4393,b,4393
4392,f,4393
4392,d,4393
4392,b,4393
4393,d,4393
4393,f,4393
4394,b,4393
4394,d,4393
4394,f,4393
4389,d,4393
4389,b,4393
4390,d,4393
4390,b,4393
4391,f,4393
4391,d,4393
4391,b,4393
4389,f,4393
4390,f,4393
4393,d,4394
4395,d,4394
4393,f,4394
4394,f,4394
4394,c,4394
4394,d,4394
4393,c,4394
4390,d,4394
4391,f,4394
4395,c,4394
4395,f,4394
4392,f,4394
4392,c,4394
4392,d,4394
4390,c,4394
4391,c,4394
4391,d,4394
4390,f,4394
4396,b,4395
4395,e,4395
4396,e,4395
4394,e,4395
4394,f,4395
4395,f,4395
4395,b,4395
4394,b,4395
4396,f,4395
4393,e,4395
4391,f,4395
4393,f,4395
4393,b,4395
4391,e,4395
4392,b,4395
4392,f,4395
4392,e,4395
4391,b,4395
4396,c,4396
4396,f,4396
4397,c,4396
4395,f,4396
4395,c,4396
4392,c,4396
4397,f,4396
4394,f,4396
4394,c,4396
4393,c,4396
4393,f,4396
4392,f,4396
4397,a,4397
4397,e,4397
4398,a,4397
4398,e,4397
4396,e,4397
4396,a,4397
4393,e,4397
4393,a,4397
4394,a,4397
4394,e,4397
4395,e,4397
4395,a,4397
4394,f,4398
4398,f,4398
4399,b,4398
4397,f,4398
4397,d,4398
4397,b,4398
4394,b,4398
4394,d,4398
4398,d,4398
4399,f,4398
4396,f,4398
4396,d,4398
4396,b,4398
4395,b,4398
4395,d,4398
4395,f,4398
4398,b,4398
4399,d,4398
4399,f,4399
4399,c,4399
4400,f,4399
4398,f,4399
4398,c,4399
4400,c,4399
4397,c,4399
4396,f,4399
4395,f,4399
4396,c,4399
4397,f,4399
4395,c,4399
4396,e,4400
4400,e,4400
4398,e,4400
4397,e,4400
4399,e,4400
4401,e,4400
4401,e,4401
4402,e,4401
4400,e,4401
4400,f,4401
4402,f,4401
4397,f,4401
4401,f,4401
4398,f,4401
4399,e,4401
4399,f,4401
4397,e,4401
4398,e,4401
4399,f,4402
4400,f,4402
4403,f,4402
4402,f,4402
4398,f,4402
4401,f,4402
4403,c,4403
4402,c,4403
4399,c,4403
4404,c,4403
4401,c,4403
4400,c,4403
4404,e,4404
4405,b,4404
4403,e,4404
4403,b,4404
4400,b,4404
4401,e,4404
4405,e,4404
4402,e,4404
4402,b,4404
4400,e,4404
4404,b,4404
4401,b,4404
4405,f,4405
4404,f,4405
4404,c,4405
4406,c,4405
4405,c,4405
4406,f,4405
4402,f,4405
4403,f,4405
4403,c,4405
4401,c,4405
4402,c,4405
4401,f,4405
4407,e,4406
4403,e,4406
4404,e,4406
4406,e,4406
4402,e,4406
4405,e,4406
4407,f,4407
4406,f,4407
4406,b,4407
4408,b,4407
4408,f,4407
4403,b,4407
4403,f,4407
4405,b,4407
4407,b,4407
4404,f,4407
4404,b,4407
4405,f,4407
4408,f,4408
4409,c,4408
4409,f,4408
4407,f,4408
4407,c,4408
4408,c,4408
4404,c,4408
4406,f,4408
4406,c,4408
4405,c,4408
4405,f,4408
4404,f,4408
4405,e,4409
4409,e,4409
4410,b,4409
4408,e,4409
4408,b,4409
4405,b,4409
4409,b,4409
4407,e,4409
4407,b,4409
4406,b,4409
4406,e,4409
4410,e,4409
4410,c,4410
4410,f,4410
4409,f,4410
4409,c,4410
4406,c,4410
4411,c,4410
4406,f,4410
4408,f,4410
4408,c,4410
4407,f,4410
4407,c,4410
4411,f,4410
4409,e,4411
4412,e,4411
4407,e,4411
4410,e,4411
4411,e,4411
4408,e,4411
4413,f,4412
4412,f,4412
4411,f,4412
4409,f,4412
4410,f,4412
4408,f,4412
4414,a,4413
4410,a,4413
4411,a,4413
4412,a,4413
4409,a,4413
4413,a,4413
4415,d,4414
4415,b,4414
4413,b,4414
4413,d,4414
4413,c,4414
4414,c,4414
4414,d,4414
4415,c,4414
4410,c,4414
4410,d,4414
4414,b,4414
4412,d,4414
4412,b,4414
4411,c,4414
4411,d,4414
4411,b,4414
4410,b,4414
4412,c,4414
4415,e,4415
4416,c,4415
4416,f,4415
4416,e,4415
4414,e,4415
4414,f,4415
4414,c,4415
4415,f,4415
4415,c,4415
4411,e,4415
4411,c,4415
4411,f,4415
4412,c,4415
4412,f,4415
4412,e,4415
4413,c,4415
4413,f,4415
4413,e,4415
4414,f,4416
4413,e,4416
4413,f,4416
4417,f,4416
4417,e,4416
4415,e,4416
4415,f,4416
4416,e,4416
4412,f,4416
4412,e,4416
4414,e,4416
4416,f,4416
4417,f,4417
4418,c,4417
4413,f,4417
4416,f,4417
4416,c,4417
4418,f,4417
4417,c,4417
4413,c,4417
4415,f,4417
4415,c,4417
4414,c,4417
4414,f,4417
4419,e,4418
4416,e,4418
4415,e,4418
4418,e,4418
4414,e,4418
4417,e,4418
4418,f,4419
4415,f,4419
4419,f,4419
4416,f,4419
4420,f,4419
4417,f,4419
4420,e,4420
4421,e,4420
4419,e,4420
4416,e,4420
4418,e,4420
4417,e,4420
4419,f,4421
4417,f,4421
4420,f,4421
4421,f,4421
4422,f,4421
4418,f,4421
4419,c,4423
4420,c,4423
4422,c,4423
4421,c,4423
4424,c,4423
4423,c,4423
4424,e,4424
4423,e,4424
4425,e,4424
4422,e,4424
4421,e,4424
4420,e,4424
4426,f,4425
4425,f,4425
4422,f,4425
4424,f,4425
4423,f,4425
4421,f,4425
4433,e,4433
4433,f,4433
4432,e,4433
4434,f,4433
4434,e,4433
4431,e,4433
4432,f,4433
4429,f,4433
4430,e,4433
4429,e,4433
4430,f,4433
4431,f,4433
4430,f,4434
4433,f,4434
4433,c,4434
4435,c,4434
4435,f,4434
4434,f,4434
4432,f,4434
4432,c,4434
4430,c,4434
4431,f,4434
4431,c,4434
4434,c,4434
4434,e,4435
4436,e,4435
4435,e,4435
4434,a,4435
4436,a,4435
4433,a,4435
4435,a,4435
4432,e,4435
4431,e,4435
4431,a,4435
4433,e,4435
4432,a,4435
4436,d,4436
4435,d,4436
4435,f,4436
4436,f,4436
4436,b,4436
4437,b,4436
4437,d,4436
4435,b,4436
4434,f,4436
4434,d,4436
4434,b,4436
4433,f,4436
4433,b,4436
4432,f,4436
4432,d,4436
4432,b,4436
4437,f,4436
4433,d,4436
4437,c,4437
4437,f,4437
4438,c,4437
4438,f,4437
4436,f,4437
4436,c,4437
4435,c,4437
4433,f,4437
4434,c,4437
4433,c,4437
4435,f,4437
4434,f,4437
4436,f,4438
4436,e,4438
4434,f,4438
4435,e,4438
4438,f,4438
4437,e,4438
4437,f,4438
4439,e,4438
4439,f,4438
4434,e,4438
4435,f,4438
4438,e,4438
4440,a,4439
4435,c,4439
4438,a,4439
4438,c,4439
4438,f,4439
4439,f,4439
4439,c,4439
4439,a,4439
4440,c,4439
4440,f,4439
4437,f,4439
4435,a,4439
4436,a,4439
4436,c,4439
4435,f,4439
4437,c,4439
4437,a,4439
4436,f,4439
4440,b,4440
4439,a,4440
4439,b,4440
4441,b,4440
4440,a,4440
4441,a,4440
4440,e,4440
4439,d,4440
4439,e,4440
4440,d,4440
4441,d,4440
4441,e,4440
4436,a,4440
4437,e,4440
4437,b,4440
4437,a,4440
4436,b,4440
4436,d,4440
4438,e,4440
4438,d,4440
4438,b,4440
4438,a,4440
4436,e,4440
4437,d,4440
4440,b,4441
4440,d,4441
4438,f,4441
4440,f,4441
4442,d,4441
4441,f,4441
4441,d,4441
4441,b,4441
4440,c,4441
4442,b,4441
4437,b,4441
4437,d,4441
4438,c,4441
4438,d,4441
4438,b,4441
4437,f,4441
4439,b,4441
4439,d,4441
4437,c,4441
4439,f,4441
4442,f,4441
4442,c,4441
4439,c,4441
4441,c,4441
4442,e,4442
4443,f,4442
4441,e,4442
4441,f,4442
4441,c,4442
4442,f,4442
4442,c,4442
4443,e,4442
4443,c,4442
4438,f,4442
4440,e,4442
4438,c,4442
4440,f,4442
4440,c,4442
4438,e,4442
4439,e,4442
4439,f,4442
4439,c,4442
4440,e,4443
4444,f,4443
4443,e,4443
4443,f,4443
4444,e,4443
4442,e,4443
4439,f,4443
4439,e,4443
4441,e,4443
4441,f,4443
4440,f,4443
4442,f,4443
4442,f,4444
4441,f,4444
4443,f,4444
4440,f,4444
4445,f,4444
4444,f,4444
4447,a,4446
4446,a,4446
4444,a,4446
4445,a,4446
4442,a,4446
4443,a,4446
4444,b,4447
4447,d,4447
4447,b,4447
4443,d,4447
4446,d,4447
4446,b,4447
4448,d,4447
4448,b,4447
4445,d,4447
4445,b,4447
4443,b,4447
4444,d,4447
4445,c,4448
4448,b,4448
4448,c,4448
4448,f,4448
4447,f,4448
4447,c,4448
4447,b,4448
4444,b,4448
4444,c,4448
4449,b,4448
4445,b,4448
4449,c,4448
4446,f,4448
4445,f,4448
4444,f,4448
4446,c,4448
4446,b,4448
4449,f,4448
4450,f,4449
4450,c,4449
4448,b,4449
4450,e,4449
4449,b,4449
4448,f,4449
4449,e,4449
4449,f,4449
4448,e,4449
4449,c,4449
4448,c,4449
4450,b,4449
4447,f,4449
4445,f,4449
4446,e,4449
4446,f,4449
4446,c,4449
4446,b,4449
4445,e,4449
4447,b,4449
4445,c,4449
4447,e,4449
4445,b,4449
4447,c,4449
4446,c,4450
4449,f,4450
4449,c,4450
4450,e,4450
4450,f,4450
4450,c,4450
4449,e,4450
4446,f,4450
4451,f,4450
4451,e,4450
4447,e,4450
4448,e,4450
4448,f,4450
4448,c,4450
4446,e,4450
4451,c,4450
4447,f,4450
4447,c,4450
4452,e,4451
4447,e,4451
4450,e,4451
4450,f,4451
4451,e,4451
4451,f,4451
4451,a,4451
4450,a,4451
4447,f,4451
4452,a,4451
4447,a,4451
4448,a,4451
4449,e,4451
4449,f,4451
4449,a,4451
4448,f,4451
4448,e,4451
4452,f,4451
4453,f,4452
4451,d,4452
4451,b,4452
4448,b,4452
4448,d,4452
4448,f,4452
4453,b,4452
4452,f,4452
4451,f,4452
4452,d,4452
4452,b,4452
4450,f,4452
4450,d,4452
4450,b,4452
4449,b,4452
4449,d,4452
4449,f,4452
4453,d,4452
4454,c,4453
4452,f,4453
4452,c,4453
4453,a,4453
4453,c,4453
4454,f,4453
4452,a,4453
4453,f,4453
4454,a,4453
4449,c,4453
4451,f,4453
4451,c,4453
4451,a,4453
4449,f,4453
4450,a,4453
4450,c,4453
4450,f,4453
4449,a,4453
4454,b,4454
4454,d,4454
4454,e,4454
4453,e,4454
4453,d,4454
4453,b,4454
4450,b,4454
4451,e,4454
4455,d,4454
4455,e,4454
4452,e,4454
4452,d,4454
4452,b,4454
4450,e,4454
4451,b,4454
4451,d,4454
4450,d,4454
4455,b,4454
4455,c,4455
4451,c,4455
4454,c,4455
4456,c,4455
4453,c,4455
4452,c,4455
4457,d,4456
4455,e,4456
4455,f,4456
4455,c,4456
4455,d,4456
4452,d,4456
4452,c,4456
4452,f,4456
4452,e,4456
4456,d,4456
4457,c,4456
4457,e,4456
4456,f,4456
4454,e,4456
4454,f,4456
4454,c,4456
4454,d,4456
4453,d,4456
4453,c,4456
4453,f,4456
4453,e,4456
4456,c,4456
4457,f,4456
4456,e,4456
4457,e,4457
4457,f,4457
4458,e,4457
4456,f,4457
4458,f,4457
4456,e,4457
4453,f,4457
4453,e,4457
4455,e,4457
4455,f,4457
4454,f,4457
4454,e,4457
4459,d,4458
4458,b,4458
4459,b,4458
4459,f,4458
4457,f,4458
4457,d,4458
4457,b,4458
4458,d,4458
4454,b,4458
4454,f,4458
4456,f,4458
4456,d,4458
4456,b,4458
4455,b,4458
4455,d,4458
4455,f,4458
4454,d,4458
4458,f,4458
4459,f,4459
4459,c,4459
4460,c,4459
4460,f,4459
4455,f,4459
4458,f,4459
4455,c,4459
4458,c,4459
4456,c,4459
4456,f,4459
4457,f,4459
4457,c,4459
4460,e,4460
4461,e,4460
4456,e,4460
4459,e,4460
4457,e,4460
4458,e,4460
4460,f,4461
4459,f,4461
4461,f,4461
4458,f,4461
4462,f,4461
4457,f,4461
4461,b,4462
4462,b,4462
4463,b,4462
4460,b,4462
4458,b,4462
4459,b,4462
4460,f,4463
4463,f,4463
4462,f,4463
4462,c,4463
4463,c,4463
4464,c,4463
4460,c,4463
4464,f,4463
4461,f,4463
4461,c,4463
4459,c,4463
4459,f,4463
4464,c,4464
4463,e,4464
4463,c,4464
4463,a,4464
4464,e,4464
4465,c,4464
4464,a,4464
4465,e,4464
4465,a,4464
4461,a,4464
4461,e,4464
4460,e,4464
4462,e,4464
4462,c,4464
4462,a,4464
4461,c,4464
4460,c,4464
4460,a,4464
4464,b,4465
4464,d,4465
4464,f,4465
4462,b,4465
4462,d,4465
4465,f,4465
4465,e,4465
4466,b,4465
4466,d,4465
4466,f,4465
4466,e,4465
4465,b,4465
4465,d,4465
4464,e,4465
4461,e,4465
4461,b,4465
4461,f,4465
4461,d,4465
4462,e,4465
4463,d,4465
4463,f,4465
4463,b,4465
4463,e,4465
4462,f,4465
4467,c,4466
4464,f,4466
4464,c,4466
4467,f,4466
4463,c,4466
4463,f,4466
4465,c,4466
4465,f,4466
4466,f,4466
4466,c,4466
4462,f,4466
4462,c,4466
4466,e,4467
4463,e,4467
4465,e,4467
4464,e,4467
4468,e,4467
4467,e,4467
4468,f,4468
4467,f,4468
4469,f,4468
4465,f,4468
4466,f,4468
4464,f,4468
4467,b,4471
4471,b,4471
4469,b,4471
4470,b,4471
4472,b,4471
4468,b,4471
4472,f,4472
4471,f,4472
4471,c,4472
4468,c,4472
4473,f,4472
4468,f,4472
4470,c,4472
4472,c,4472
4469,f,4472
4469,c,4472
4470,f,4472
4473,c,4472
4474,c,4473
4472,e,4473
4473,c,4473
4474,e,4473
4473,e,4473
4472,c,4473
4471,e,4473
4471,c,4473
4469,c,4473
4469,e,4473
4470,c,4473
4470,e,4473
4471,e,4474
4475,d,4474
4474,e,4474
4474,f,4474
4474,d,4474
4475,f,4474
4473,e,4474
4471,f,4474
4473,d,4474
4473,f,4474
4470,d,4474
4471,d,4474
4470,e,4474
4470,f,4474
4472,d,4474
4475,e,4474
4472,e,4474
4472,f,4474
4473,f,4475
4471,f,4475
4475,f,4475
4475,e,4475
4474,e,4475
4474,f,4475
4471,e,4475
4472,f,4475
4476,f,4475
4476,e,4475
4473,e,4475
4472,e,4475
4476,f,4476
4475,f,4476
4475,d,4476
4476,d,4476
4477,f,4476
4477,d,4476
4472,f,4476
4474,f,4476
4474,d,4476
4472,d,4476
4473,d,4476
4473,f,4476
4477,f,4477
4476,f,4477
4474,f,4477
4478,f,4477
4475,f,4477
4473,f,4477
4477,d,4478
4476,d,4478
4478,d,4478
4479,d,4478
4475,d,4478
4474,d,4478
4479,f,4479
4476,f,4479
4480,f,4479
4475,f,4479
4477,f,4479
4478,f,4479
4479,b,4480
4480,b,4480
4481,b,4480
4476,b,4480
4478,b,4480
4477,b,4480
4481,c,4481
4481,f,4481
4481,e,4481
4480,e,4481
4480,f,4481
4480,c,4481
4482,c,4481
4482,f,4481
4482,e,4481
4479,f,4481
4478,f,4481
4478,e,4481
4479,e,4481
4477,e,4481
4478,c,4481
4477,f,4481
4477,c,4481
4479,c,4481
4483,e,4482
4483,a,4482
4483,f,4482
4481,f,4482
4481,a,4482
4482,a,4482
4481,e,4482
4482,e,4482
4482,f,4482
4478,e,4482
4479,a,4482
4478,f,4482
4479,f,4482
4480,a,4482
4478,a,4482
4480,e,4482
4480,f,4482
4479,e,4482
4483,b,4483
4483,d,4483
4483,f,4483
4482,f,4483
4482,d,4483
4482,b,4483
4484,b,4483
4484,f,4483
4484,d,4483
4479,d,4483
4480,f,4483
4480,d,4483
4480,b,4483
4479,f,4483
4481,b,4483
4479,b,4483
4481,d,4483
4481,f,4483
4480,c,4484
4482,c,4484
4481,c,4484
4481,f,4484
4485,f,4484
4483,c,4484
4483,f,4484
4484,f,4484
4484,c,4484
4485,c,4484
4482,f,4484
4480,f,4484
4486,d,4485
4484,e,4485
4484,d,4485
4482,d,4485
4483,e,4485
4483,d,4485
4482,e,4485
4485,d,4485
4481,e,4485
4481,d,4485
4486,e,4485
4485,e,4485
4486,f,4486
4487,f,4486
4484,f,4486
4483,f,4486
4485,f,4486
4482,f,4486
4485,e,4488
4484,e,4488
4489,e,4488
4486,e,4488
4488,e,4488
4487,e,4488
4489,f,4489
4488,f,4489
4490,f,4489
4486,f,4489
4487,f,4489
4485,f,4489
4487,b,4490
4487,f,4490
4491,b,4490
4490,b,4490
4486,f,4490
4486,b,4490
4488,b,4490
4488,f,4490
4490,f,4490
4491,f,4490
4489,b,4490
4489,f,4490
4492,c,4491
4490,f,4491
4490,c,4491
4491,f,4491
4488,c,4491
4489,f,4491
4489,c,4491
4488,f,4491
4487,f,4491
4487,c,4491
4492,f,4491
4491,c,4491
4492,e,4492
4493,e,4492
4491,e,4492
4489,e,4492
4488,e,4492
4490,e,4492
4494,f,4493
4493,f,4493
4492,f,4493
4489,f,4493
4490,f,4493
4491,f,4493
4490,e,4494
4495,e,4494
4492,e,4494
4491,e,4494
4493,e,4494
4494,e,4494
4496,d,4495
4496,f,4495
4494,f,4495
4494,d,4495
4493,f,4495
4491,f,4495
4493,d,4495
4495,d,4495
4492,f,4495
4492,d,4495
4491,d,4495
4495,f,4495
4497,f,4496
4496,f,4496
4495,f,4496
4492,f,4496
4494,f,4496
4493,f,4496
4498,d,4498
4497,d,4498
4495,d,4498
4494,d,4498
4496,d,4498
4499,d,4498
4496,f,4499
4500,f,4499
4499,f,4499
4497,f,4499
4495,f,4499
4498,f,4499
4500,d,4500
4501,f,4500
4499,f,4500
4499,d,4500
4501,d,4500
4498,f,4500
4498,d,4500
4500,f,4500
4497,f,4500
4497,d,4500
4496,f,4500
4496,d,4500
4501,f,4501
4502,f,4501
4500,f,4501
4499,f,4501
4498,f,4501
4497,f,4501
4506,f,4505
4504,f,4505
4503,f,4505
4505,f,4505
4502,f,4505
4501,f,4505
4503,c,4506
4507,c,4506
4504,c,4506
4506,c,4506
4505,c,4506
4502,c,4506
4508,c,4507
4506,e,4507
4506,c,4507
4508,e,4507
4505,e,4507
4507,c,4507
4504,e,4507
4504,c,4507
4503,e,4507
4503,c,4507
4505,c,4507
4507,e,4507
4508,e,4508
4508,f,4508
4509,f,4508
4509,e,4508
4507,e,4508
4507,f,4508
4506,e,4508
4506,f,4508
4505,e,4508
4505,f,4508
4504,e,4508
4504,f,4508
4510,f,4509
4507,f,4509
4505,f,4509
4508,f,4509
4509,f,4509
4506,f,4509
4514,a,4513
4511,a,4513
4512,a,4513
4510,a,4513
4509,a,4513
4513,a,4513
4515,b,4514
4514,d,4514
4514,b,4514
4513,d,4514
4513,b,4514
4515,d,4514
4511,d,4514
4510,b,4514
4512,d,4514
4512,b,4514
4511,b,4514
4510,d,4514
4515,b,4515
4515,c,4515
4515,f,4515
4514,f,4515
4514,c,4515
4514,b,4515
4516,b,4515
4511,b,4515
4516,c,4515
4512,b,4515
4513,f,4515
4513,c,4515
4513,b,4515
4511,c,4515
4511,f,4515
4512,f,4515
4512,c,4515
4516,f,4515
4516,f,4516
4516,e,4516
4517,f,4516
4515,e,4516
4515,f,4516
4515,c,4516
4517,e,4516
4516,c,4516
4517,c,4516
4514,e,4516
4514,f,4516
4514,c,4516
4512,c,4516
4512,f,4516
4512,e,4516
4513,e,4516
4513,f,4516
4513,c,4516
4514,e,4517
4518,e,4517
4518,f,4517
4517,e,4517
4516,e,4517
4517,f,4517
4513,f,4517
4514,f,4517
4516,f,4517
4515,e,4517
4515,f,4517
4513,e,4517
4515,f,4518
4517,f,4518
4519,f,4518
4514,f,4518
4516,f,4518
4518,f,4518
4518,c,4520
4519,e,4520
4519,c,4520
4521,c,4520
4521,e,4520
4518,e,4520
4520,c,4520
4517,e,4520
4517,c,4520
4516,e,4520
4520,e,4520
4516,c,4520
4521,f,4521
4521,e,4521
4522,f,4521
4520,e,4521
4520,f,4521
4522,e,4521
4518,e,4521
4519,e,4521
4519,f,4521
4517,f,4521
4518,f,4521
4517,e,4521
4519,f,4522
4523,f,4522
4523,d,4522
4522,f,4522
4522,d,4522
4521,d,4522
4521,f,4522
4518,f,4522
4520,f,4522
4520,d,4522
4519,d,4522
4518,d,4522
4519,f,4523
4521,f,4523
4520,f,4523
4522,f,4523
4523,f,4523
4524,f,4523
4524,f,4526
4527,f,4526
4525,f,4526
4526,f,4526
4523,f,4526
4522,f,4526
4524,a,4527
4525,a,4527
4528,a,4527
4526,a,4527
4527,a,4527
4523,a,4527
4529,d,4528
4529,b,4528
4528,b,4528
4527,d,4528
4527,b,4528
4528,d,4528
4524,b,4528
4526,d,4528
4526,b,4528
4525,b,4528
4524,d,4528
4525,d,4528
4526,f,4529
4529,c,4529
4528,f,4529
4528,c,4529
4529,f,4529
4530,c,4529
4530,f,4529
4527,f,4529
4527,c,4529
4525,c,4529
4525,f,4529
4526,c,4529
4530,e,4530
4529,e,4530
4531,e,4530
4528,e,4530
4526,e,4530
4527,e,4530
4528,f,4531
4531,f,4531
4530,f,4531
4530,b,4531
4527,b,4531
4532,b,4531
4529,f,4531
4529,b,4531
4527,f,4531
4531,b,4531
4528,b,4531
4532,f,4531
4533,c,4532
4532,c,4532
4531,f,4532
4531,c,4532
4532,f,4532
4533,f,4532
4530,f,4532
4530,c,4532
4529,f,4532
4529,c,4532
4528,f,4532
4528,c,4532
4530,e,4533
4531,e,4533
4529,e,4533
4532,e,4533
4534,e,4533
4533,e,4533
4535,f,4534
4534,f,4534
4533,f,4534
4530,f,4534
4532,f,4534
4531,f,4534
4536,e,4535
4532,e,4535
4533,e,4535
4535,e,4535
4531,e,4535
4534,e,4535
4536,e,4536
4535,e,4536
4535,f,4536
4532,e,4536
4533,e,4536
4534,e,4536
4536,f,4536
4537,e,4536
4537,f,4536
4533,f,4536
4532,f,4536
4534,f,4536
4536,f,4537
4538,f,4537
4535,f,4537
4534,f,4537
4533,f,4537
4537,f,4537
4537,e,4538
4538,e,4538
4534,e,4538
4536,e,4538
4535,e,4538
4539,e,4538
4536,f,4539
4535,f,4539
4537,f,4539
4540,f,4539
4539,f,4539
4538,f,4539
4540,c,4540
4540,d,4540
4539,c,4540
4539,d,4540
4541,c,4540
4541,d,4540
4536,c,4540
4536,d,4540
4538,c,4540
4538,d,4540
4537,d,4540
4537,c,4540
4538,f,4541
4541,c,4541
4541,e,4541
4542,c,4541
4542,f,4541
4540,e,4541
4540,f,4541
4540,c,4541
4538,c,4541
4537,c,4541
4539,e,4541
4539,f,4541
4539,c,4541
4537,f,4541
4537,e,4541
4538,e,4541
4542,e,4541
4541,f,4541
4542,f,4542
4542,e,4542
4541,e,4542
4541,f,4542
4543,e,4542
4543,f,4542
4538,e,4542
4540,e,4542
4538,f,4542
4539,f,4542
4539,e,4542
4540,f,4542
4540,f,4543
4541,f,4543
4544,f,4543
4542,f,4543
4543,f,4543
4539,f,4543
4540,a,4544
4543,a,4544
4543,d,4544
4544,d,4544
4544,a,4544
4540,d,4544
4545,a,4544
4542,d,4544
4542,a,4544
4541,d,4544
4541,a,4544
4545,d,4544
4545,b,4545
4544,f,4545
4544,d,4545
4544,b,4545
4545,d,4545
4545,f,4545
4546,f,4545
4546,b,4545
4546,d,4545
4541,b,4545
4542,d,4545
4542,b,4545
4543,f,4545
4543,d,4545
4543,b,4545
4541,f,4545
4542,f,4545
4541,d,4545
4543,f,4546
4545,f,4546
4545,c,4546
4546,f,4546
4546,c,4546
4546,a,4546
4545,a,4546
4543,c,4546
4547,a,4546
4547,f,4546
4542,a,4546
4543,a,4546
4544,f,4546
4544,c,4546
4544,a,4546
4542,c,4546
4542,f,4546
4547,c,4546
4547,e,4547
4547,d,4547
4546,e,4547
4546,b,4547
4546,d,4547
4547,b,4547
4548,d,4547
4548,b,4547
4544,d,4547
4548,e,4547
4543,b,4547
4545,e,4547
4545,d,4547
4545,b,4547
4543,d,4547
4543,e,4547
4544,b,4547
4544,e,4547
4544,c,4548
4548,f,4548
4549,c,4548
4547,f,4548
4547,c,4548
4548,c,4548
4544,f,4548
4549,f,4548
4546,f,4548
4546,c,4548
4545,c,4548
4545,f,4548
4549,d,4549
4549,e,4549
4548,e,4549
4550,d,4549
4550,e,4549
4548,d,4549
4547,e,4549
4547,d,4549
4546,e,4549
4546,d,4549
4545,e,4549
4545,d,4549
4547,f,4550
4548,f,4550
4546,f,4550
4549,f,4550
4551,f,4550
4550,f,4550
4552,a,4552
4551,a,4552
4550,a,4552
4553,a,4552
4548,a,4552
4549,a,4552
4553,b,4553
4553,d,4553
4552,d,4553
4552,b,4553
4554,b,4553
4554,d,4553
4550,b,4553
4551,d,4553
4551,b,4553
4549,b,4553
4550,d,4553
4549,d,4553
4554,f,4554
4555,f,4554
4553,c,4554
4554,c,4554
4555,c,4554
4553,f,4554
4552,f,4554
4552,c,4554
4550,c,4554
4551,f,4554
4551,c,4554
4550,f,4554
4552,e,4555
4555,e,4555
4553,e,4555
4554,e,4555
4556,e,4555
4551,e,4555
4555,c,4556
4555,f,4556
4556,f,4556
4557,f,4556
4556,c,4556
4552,f,4556
4552,c,4556
4553,c,4556
4557,c,4556
4554,f,4556
4554,c,4556
4553,f,4556
4553,c,4557
4557,e,4557
4556,c,4557
4556,e,4557
4557,c,4557
4555,e,4557
4558,e,4557
4555,c,4557
4553,e,4557
4554,c,4557
4554,e,4557
4558,c,4557
4558,e,4558
4557,e,4558
4557,f,4558
4559,c,4558
4558,c,4558
4557,c,4558
4558,f,4558
4559,e,4558
4555,f,4558
4554,c,4558
4559,f,4558
4554,e,4558
4556,e,4558
4556,f,4558
4556,c,4558
4554,f,4558
4555,c,4558
4555,e,4558
4558,a,4559
4556,e,4559
4558,e,4559
4559,e,4559
4559,f,4559
4559,a,4559
4558,f,4559
4560,a,4559
4560,f,4559
4556,f,4559
4556,a,4559
4555,e,4559
4560,e,4559
4555,a,4559
4557,a,4559
4555,f,4559
4557,e,4559
4557,f,4559
4561,b,4560
4559,f,4560
4559,d,4560
4560,f,4560
4561,d,4560
4561,f,4560
4560,d,4560
4560,b,4560
4559,b,4560
4556,b,4560
4558,f,4560
4558,d,4560
4556,d,4560
4556,f,4560
4558,b,4560
4557,b,4560
4557,f,4560
4557,d,4560
4558,f,4561
4562,f,4561
4562,c,4561
4561,f,4561
4560,f,4561
4560,c,4561
4561,c,4561
4557,f,4561
4557,c,4561
4558,c,4561
4559,c,4561
4559,f,4561
4558,e,4562
4562,e,4562
4561,e,4562
4563,e,4562
4559,e,4562
4560,e,4562
4561,f,4563
4559,f,4563
4562,f,4563
4560,f,4563
4563,f,4563
4564,f,4563
4567,e,4567
4568,e,4567
4565,e,4567
4564,e,4567
4566,e,4567
4563,e,4567
4568,e,4568
4567,e,4568
4567,f,4568
4569,f,4568
4568,f,4568
4566,e,4568
4565,f,4568
4564,f,4568
4564,e,4568
4569,e,4568
4566,f,4568
4565,e,4568
4566,a,4569
4569,f,4569
4569,e,4569
4570,a,4569
4568,e,4569
4568,f,4569
4568,a,4569
4570,f,4569
4570,e,4569
4569,a,4569
4567,e,4569
4567,f,4569
4567,a,4569
4565,a,4569
4565,f,4569
4565,e,4569
4566,f,4569
4566,e,4569
4571,f,4570
4569,b,4570
4570,d,4570
4569,f,4570
4571,d,4570
4570,b,4570
4570,f,4570
4569,d,4570
4571,b,4570
4567,f,4570
4566,d,4570
4568,f,4570
4568,d,4570
4566,f,4570
4567,b,4570
4568,b,4570
4566,b,4570
4567,d,4570
4571,c,4571
4571,f,4571
4570,f,4571
4570,c,4571
4568,f,4571
4572,c,4571
4572,f,4571
4569,f,4571
4569,c,4571
4568,c,4571
4567,c,4571
4567,f,4571
4572,e,4572
4571,e,4572
4573,e,4572
4570,e,4572
4568,e,4572
4569,e,4572
4573,f,4573
4570,f,4573
4570,b,4573
4571,b,4573
4571,f,4573
4574,f,4573
4574,b,4573
4569,f,4573
4569,b,4573
4572,b,4573
4572,f,4573
4573,b,4573
4574,f,4574
4573,f,4574
4575,c,4574
4573,c,4574
4574,c,4574
4572,f,4574
4572,c,4574
4571,f,4574
4571,c,4574
4570,f,4574
4570,c,4574
4575,f,4574
4572,e,4575
4571,e,4575
4573,e,4575
4574,e,4575
4576,e,4575
4575,e,4575
4576,f,4576
4575,f,4576
4577,f,4576
4573,f,4576
4574,f,4576
4572,f,4576
4575,e,4578
4574,e,4578
4578,e,4578
4577,e,4578
4579,e,4578
4576,e,4578
4576,f,4579
4577,f,4579
4575,f,4579
4578,f,4579
4579,f,4579
4580,f,4579
4577,e,4580
4578,e,4580
4581,e,4580
4579,e,4580
4576,e,4580
4580,e,4580
4582,f,4581
4581,f,4581
4579,f,4581
4578,f,4581
4577,f,4581
4580,f,4581
4583,c,4585
4586,d,4585
4586,c,4585
4585,c,4585
4585,d,4585
4584,d,4585
4583,d,4585
4584,c,4585
4581,d,4585
4581,c,4585
4582,d,4585
4582,c,4585
4582,f,4586
4587,e,4586
4586,e,4586
4586,f,4586
4586,a,4586
4582,e,4586
4585,e,4586
4585,f,4586
4585,a,4586
4587,f,4586
4587,a,4586
4583,a,4586
4583,e,4586
4583,f,4586
4584,e,4586
4584,f,4586
4584,a,4586
4582,a,4586
4583,b,4587
4586,b,4587
4586,d,4587
4586,c,4587
4584,d,4587
4583,d,4587
4587,f,4587
4587,c,4587
4587,d,4587
4587,b,4587
4586,f,4587
4588,b,4587
4588,d,4587
4588,c,4587
4584,c,4587
4584,f,4587
4584,b,4587
4585,b,4587
4583,f,4587
4585,d,4587
4585,f,4587
4583,c,4587
4588,f,4587
4585,c,4587
4588,c,4588
4587,f,4588
4587,c,4588
4588,e,4588
4589,c,4588
4589,f,4588
4589,e,4588
4587,e,4588
4588,f,4588
4584,c,4588
4585,c,4588
4584,e,4588
4584,f,4588
4585,f,4588
4586,c,4588
4585,e,4588
4586,e,4588
4586,f,4588
4589,c,4589
4589,f,4589
4588,e,4589
4588,f,4589
4590,c,4589
4589,e,4589
4590,e,4589
4588,c,4589
4590,f,4589
4585,f,4589
4585,e,4589
4586,e,4589
4586,f,4589
4586,c,4589
4587,e,4589
4587,f,4589
4585,c,4589
4587,c,4589
4590,f,4590
4590,e,4590
4589,e,4590
4589,f,4590
4591,f,4590
4588,e,4590
4588,f,4590
4587,f,4590
4587,e,4590
4586,e,4590
4591,e,4590
4586,f,4590
4591,f,4591
4590,f,4591
4592,f,4591
4589,f,4591
4588,f,4591
4587,f,4591
4589,b,4592
4590,b,4592
4593,b,4592
4588,b,4592
4591,b,4592
4592,b,4592
4589,a,4593
4589,c,4593
4594,a,4593
4593,c,4593
4593,a,4593
4592,c,4593
4592,a,4593
4594,c,4593
4591,c,4593
4591,a,4593
4590,a,4593
4590,c,4593
4591,e,4594
4595,e,4594
4595,d,4594
4595,b,4594
4591,d,4594
4594,e,4594
4594,d,4594
4593,e,4594
4593,d,4594
4593,b,4594
4590,b,4594
4594,b,4594
4590,e,4594
4590,d,4594
4592,b,4594
4592,e,4594
4591,b,4594
4592,d,4594
4591,c,4595
4595,c,4595
4595,f,4595
4594,f,4595
4594,c,4595
4591,f,4595
4596,c,4595
4596,f,4595
4593,f,4595
4593,c,4595
4592,f,4595
4592,c,4595
4596,e,4596
4595,e,4596
4597,e,4596
4594,e,4596
4593,e,4596
4592,e,4596
4594,f,4597
4597,f,4597
4595,f,4597
4598,f,4597
4593,f,4597
4596,f,4597
4598,e,4598
4598,d,4598
4597,e,4598
4597,d,4598
4599,d,4598
4599,e,4598
4594,e,4598
4596,e,4598
4596,d,4598
4595,e,4598
4595,d,4598
4594,d,4598
4597,f,4599
4595,f,4599
4598,f,4599
4599,f,4599
4596,f,4599
4600,f,4599
4602,e,4602
4603,e,4602
4601,e,4602
4600,e,4602
4598,e,4602
4599,e,4602
4600,f,4603
4603,f,4603
4602,f,4603
4604,f,4603
4601,f,4603
4599,f,4603
4605,c,4604
4604,c,4604
4600,c,4604
4603,c,4604
4601,c,4604
4602,c,4604
4606,e,4605
4605,e,4605
4604,e,4605
4601,e,4605
4603,e,4605
4602,e,4605
4603,f,4606
4604,f,4606
4607,f,4606
4606,f,4606
4602,f,4606
4605,f,4606
4607,a,4607
4606,a,4607
4603,a,4607
4608,a,4607
4605,a,4607
4604,a,4607
4605,b,4608
4608,b,4608
4608,d,4608
4607,d,4608
4607,b,4608
4607,a,4608
4604,a,4608
4609,a,4608
4609,b,4608
4609,d,4608
4605,a,4608
4606,a,4608
4605,d,4608
4606,d,4608
4606,b,4608
4608,a,4608
4604,b,4608
4604,d,4608
4609,d,4609
4610,f,4609
4608,b,4609
4608,d,4609
4608,c,4609
4610,d,4609
4610,c,4609
4609,c,4609
4610,b,4609
4609,f,4609
4608,f,4609
4609,b,4609
4607,f,4609
4605,b,4609
4605,d,4609
4605,c,4609
4607,c,4609
4607,d,4609
4607,b,4609
4605,f,4609
4606,b,4609
4606,d,4609
4606,c,4609
4606,f,4609
4611,f,4610
4610,c,4610
4609,e,4610
4609,f,4610
4609,c,4610
4606,c,4610
4606,f,4610
4607,e,4610
4607,f,4610
4607,c,4610
4610,f,4610
4608,c,4610
4611,e,4610
4610,e,4610
4608,f,4610
4608,e,4610
4611,c,4610
4606,e,4610
4610,f,4611
4611,e,4611
4612,f,4611
4612,e,4611
4610,e,4611
4607,e,4611
4609,e,4611
4609,f,4611
4608,e,4611
4608,f,4611
4607,f,4611
4611,f,4611
4613,f,4612
4611,f,4612
4612,f,4612
4608,f,4612
4610,f,4612
4609,f,4612
4610,d,4614
4614,c,4614
4613,c,4614
4613,d,4614
4613,b,4614
4614,d,4614
4615,b,4614
4615,d,4614
4615,c,4614
4610,c,4614
4614,b,4614
4612,d,4614
4612,b,4614
4610,b,4614
4611,c,4614
4611,d,4614
4611,b,4614
4612,c,4614
4615,f,4615
4615,c,4615
4616,c,4615
4616,f,4615
4616,e,4615
4614,e,4615
4614,f,4615
4615,e,4615
4614,c,4615
4611,e,4615
4612,e,4615
4612,f,4615
4612,c,4615
4613,c,4615
4613,e,4615
4613,f,4615
4611,c,4615
4611,f,4615
4615,f,4616
4612,e,4616
4616,e,4616
4615,a,4616
4616,f,4616
4616,a,4616
4612,a,4616
4612,f,4616
4615,e,4616
4617,f,4616
4617,e,4616
4613,f,4616
4613,a,4616
4613,e,4616
4614,f,4616
4614,e,4616
4614,a,4616
4617,a,4616
4617,c,4617
4617,d,4617
4617,b,4617
4618,b,4617
4616,c,4617
4616,d,4617
4616,b,4617
4616,f,4617
4618,d,4617
4618,c,4617
4618,f,4617
4617,f,4617
4613,b,4617
4613,c,4617
4614,f,4617
4614,c,4617
4614,d,4617
4614,b,4617
4615,b,4617
4615,d,4617
4615,c,4617
4613,f,4617
4613,d,4617
4615,f,4617
4618,e,4618
4614,d,4618
4614,a,4618
4618,a,4618
4615,e,4618
4618,d,4618
4617,a,4618
4617,c,4618
4617,f,4618
4617,e,4618
4614,c,4618
4618,c,4618
4618,f,4618
4617,d,4618
4619,a,4618
4619,d,4618
4619,f,4618
4615,c,4618
4615,f,4618
4619,c,4618
4614,e,4618
4614,f,4618
4616,a,4618
4615,d,4618
4616,d,4618
4616,f,4618
4616,e,4618
4619,e,4618
4616,c,4618
4615,a,4618
4619,e,4619
4620,e,4619
4620,f,4619
4618,e,4619
4618,d,4619
4618,f,4619
4619,f,4619
4619,d,4619
4619,b,4619
4618,b,4619
4615,b,4619
4620,b,4619
4617,d,4619
4615,d,4619
4615,f,4619
4615,e,4619
4616,b,4619
4616,d,4619
4617,e,4619
4617,f,4619
4617,b,4619
4616,f,4619
4616,e,4619
4620,d,4619
4616,f,4620
4616,a,4620
4621,a,4620
4616,c,4620
4621,c,4620
4620,f,4620
4619,f,4620
4619,a,4620
4620,c,4620
4620,a,4620
4618,f,4620
4618,c,4620
4618,a,4620
4617,a,4620
4617,c,4620
4617,f,4620
4621,f,4620
4619,c,4620
4620,a,4621
4620,b,4621
4621,e,4621
4620,e,4621
4621,a,4621
4622,e,4621
4621,b,4621
4621,d,4621
4622,d,4621
4622,b,4621
4620,d,4621
4622,a,4621
4618,d,4621
4617,a,4621
4618,b,4621
4618,a,4621
4617,e,4621
4619,e,4621
4619,d,4621
4619,b,4621
4619,a,4621
4618,e,4621
4617,b,4621
4617,d,4621
4621,b,4622
4621,d,4622
4621,c,4622
4622,b,4622
4622,d,4622
4622,c,4622
4623,b,4622
4623,d,4622
4618,b,4622
4623,c,4622
4618,c,4622
4619,c,4622
4619,d,4622
4619,b,4622
4618,d,4622
4620,d,4622
4620,c,4622
4620,b,4622
4621,f,4623
4619,c,4623
4623,c,4623
4623,f,4623
4623,e,4623
4624,c,4623
4622,e,4623
4622,f,4623
4622,c,4623
4621,c,4623
4619,f,4623
4620,e,4623
4620,f,4623
4620,c,4623
4624,e,4623
4619,e,4623
4621,e,4623
4624,f,4623
4625,e,4624
4625,f,4624
4624,d,4624
4623,e,4624
4623,f,4624
4623,d,4624
4624,f,4624
4624,e,4624
4625,d,4624
4622,d,4624
4622,e,4624
4622,f,4624
4620,d,4624
4620,f,4624
4620,e,4624
4621,d,4624
4621,f,4624
4621,e,4624
4624,f,4625
4625,f,4625
4625,d,4625
4624,d,4625
4621,d,4625
4626,d,4625
4626,f,4625
4622,f,4625
4622,d,4625
4623,d,4625
4623,f,4625
4621,f,4625
4623,f,4626
4626,f,4626
4626,e,4626
4625,e,4626
4625,f,4626
4622,f,4626
4627,f,4626
4627,e,4626
4624,e,4626
4624,f,4626
4622,e,4626
4623,e,4626
4627,b,4627
4626,b,4627
4628,b,4627
4627,f,4627
4628,f,4627
4626,f,4627
4625,f,4627
4625,b,4627
4623,b,4627
4623,f,4627
4624,b,4627
4624,f,4627
4625,f,4628
4629,f,4628
4629,c,4628
4628,f,4628
4627,f,4628
4627,c,4628
4628,c,4628
4624,f,4628
4626,c,4628
4624,c,4628
4626,f,4628
4625,c,4628
4627,e,4629
4626,e,4629
4630,e,4629
4628,e,4629
4629,e,4629
4625,e,4629
4630,e,4630
4630,d,4630
4631,e,4630
4629,e,4630
4629,d,4630
4631,d,4630
4626,e,4630
4628,e,4630
4628,d,4630
4627,e,4630
4627,d,4630
4626,d,4630
4629,f,4631
4627,f,4631
4630,f,4631
4631,f,4631
4632,f,4631
4628,f,4631
4634,e,4635
4635,e,4635
4633,e,4635
4636,e,4635
4632,e,4635
4631,e,4635
4633,f,4636
4634,f,4636
4635,f,4636
4636,f,4636
4632,f,4636
4637,f,4636
4641,b,4640
4639,b,4640
4638,b,4640
4640,b,4640
4637,b,4640
4636,b,4640
4637,e,4641
4641,c,4641
4637,f,4641
4642,c,4641
4642,f,4641
4640,e,4641
4640,f,4641
4640,c,4641
4642,e,4641
4641,f,4641
4641,e,4641
4639,e,4641
4639,f,4641
4639,c,4641
4638,e,4641
4638,f,4641
4638,c,4641
4637,c,4641
4642,d,4642
4643,d,4642
4643,f,4642
4643,e,4642
4641,e,4642
4641,f,4642
4642,e,4642
4642,f,4642
4640,e,4642
4639,d,4642
4640,f,4642
4640,d,4642
4639,e,4642
4639,f,4642
4641,d,4642
4638,e,4642
4638,f,4642
4638,d,4642
4640,f,4643
4641,f,4643
4639,f,4643
4642,f,4643
4643,f,4643
4644,f,4643
4652,f,4652
4651,f,4652
4653,f,4652
4649,f,4652
4648,f,4652
4650,f,4652
4656,a,4655
4656,f,4655
4655,f,4655
4655,a,4655
4654,f,4655
4654,a,4655
4653,f,4655
4651,f,4655
4653,a,4655
4651,a,4655
4652,a,4655
4652,f,4655
4653,b,4656
4656,d,4656
4656,b,4656
4657,b,4656
4655,b,4656
4655,d,4656
4657,d,4656
4654,d,4656
4654,b,4656
4652,b,4656
4653,d,4656
4652,d,4656
4657,c,4657
4657,f,4657
4656,f,4657
4656,c,4657
4653,c,4657
4653,f,4657
4658,f,4657
4655,f,4657
4655,c,4657
4654,c,4657
4658,c,4657
4654,f,4657
4659,e,4658
4659,f,4658
4657,f,4658
4657,e,4658
4658,e,4658
4656,e,4658
4656,f,4658
4658,f,4658
4655,e,4658
4655,f,4658
4654,e,4658
4654,f,4658
4659,f,4659
4660,f,4659
4657,f,4659
4655,f,4659
4658,f,4659
4656,f,4659
4661,c,4661
4660,c,4661
4662,c,4661
4658,c,4661
4659,c,4661
4657,c,4661
4660,e,4662
4663,e,4662
4661,e,4662
4658,e,4662
4659,e,4662
4662,e,4662
4663,f,4663
4664,f,4663
4662,f,4663
4661,f,4663
4660,f,4663
4659,f,4663
4662,c,4665
4663,c,4665
4666,c,4665
4664,c,4665
4661,c,4665
4665,c,4665
4667,e,4666
4666,e,4666
4665,e,4666
4663,e,4666
4664,e,4666
4662,e,4666
4667,f,4667
4663,f,4667
4664,f,4667
4666,f,4667
4668,f,4667
4665,f,4667
4668,d,4669
4670,d,4669
4667,d,4669
4665,d,4669
4666,d,4669
4669,d,4669
4670,d,4670
4670,f,4670
4669,f,4670
4671,d,4670
4669,d,4670
4671,f,4670
4668,f,4670
4668,d,4670
4667,f,4670
4667,d,4670
4666,f,4670
4666,d,4670
4667,f,4671
4669,f,4671
4670,f,4671
4671,f,4671
4668,f,4671
4672,f,4671
4674,e,4674
4673,e,4674
4672,e,4674
4675,e,4674
4670,e,4674
4671,e,4674
4671,b,4675
4676,f,4675
4671,f,4675
4674,b,4675
4674,f,4675
4673,f,4675
4673,b,4675
4675,b,4675
4675,f,4675
4672,f,4675
4672,b,4675
4676,b,4675
4675,d,4676
4675,a,4676
4675,c,4676
4676,d,4676
4676,a,4676
4676,c,4676
4676,f,4676
4677,a,4676
4677,d,4676
4677,f,4676
4675,f,4676
4677,c,4676
4672,f,4676
4672,d,4676
4673,f,4676
4673,c,4676
4673,d,4676
4673,a,4676
4674,a,4676
4674,d,4676
4672,c,4676
4674,f,4676
4672,a,4676
4674,c,4676
4677,e,4677
4673,b,4677
4678,b,4677
4676,e,4677
4676,f,4677
4676,d,4677
4676,b,4677
4677,f,4677
4677,d,4677
4677,b,4677
4674,d,4677
4674,f,4677
4678,f,4677
4674,e,4677
4674,b,4677
4673,e,4677
4673,d,4677
4675,b,4677
4675,d,4677
4673,f,4677
4675,e,4677
4678,e,4677
4675,f,4677
4678,d,4677
4678,f,4678
4677,f,4678
4677,c,4678
4678,c,4678
4678,a,4678
4679,a,4678
4679,c,4678
4679,f,4678
4677,a,4678
4674,a,4678
4674,f,4678
4676,f,4678
4676,c,4678
4675,a,4678
4675,c,4678
4675,f,4678
4676,a,4678
4674,c,4678
4679,b,4679
4679,d,4679
4679,e,4679
4678,e,4679
4678,d,4679
4678,b,4679
4675,b,4679
4675,e,4679
4680,b,4679
4680,d,4679
4680,e,4679
4677,e,4679
4677,d,4679
4677,b,4679
4676,b,4679
4676,d,4679
4676,e,4679
4675,d,4679
4680,c,4680
4679,f,4680
4679,c,4680
4680,f,4680
4676,f,4680
4681,c,4680
4681,f,4680
4678,f,4680
4678,c,4680
4676,c,4680
4677,c,4680
4677,f,4680
4678,e,4681
4681,f,4681
4681,e,4681
4680,e,4681
4680,f,4681
4677,f,4681
4677,e,4681
4682,f,4681
4682,e,4681
4679,e,4681
4679,f,4681
4678,f,4681
4681,f,4682
4683,f,4682
4682,f,4682
4680,f,4682
4679,f,4682
4678,f,4682
4684,b,4683
4680,b,4683
4681,b,4683
4682,b,4683
4679,b,4683
4683,b,4683
4680,f,4684
4685,f,4684
4685,c,4684
4683,c,4684
4685,e,4684
4683,f,4684
4683,e,4684
4685,b,4684
4684,e,4684
4684,f,4684
4683,b,4684
4684,b,4684
4682,e,4684
4681,e,4684
4680,c,4684
4680,b,4684
4681,b,4684
4681,c,4684
4681,f,4684
4682,f,4684
4680,e,4684
4684,c,4684
4682,b,4684
4682,c,4684
4686,c,4685
4686,d,4685
4685,e,4685
4684,e,4685
4684,f,4685
4684,c,4685
4684,d,4685
4685,d,4685
4685,c,4685
4686,f,4685
4685,f,4685
4686,e,4685
4681,d,4685
4682,f,4685
4682,e,4685
4683,d,4685
4681,e,4685
4682,c,4685
4681,f,4685
4682,d,4685
4683,c,4685
4683,f,4685
4683,e,4685
4681,c,4685
4686,f,4686
4685,e,4686
4685,f,4686
4686,e,4686
4683,e,4686
4687,f,4686
4682,f,4686
4682,e,4686
4683,f,4686
4684,f,4686
4684,e,4686
4687,e,4686
4687,f,4687
4686,f,4687
4684,f,4687
4688,f,4687
4683,f,4687
4685,f,4687
4687,c,4688
4687,d,4688
4688,c,4688
4689,c,4688
4689,d,4688
4688,d,4688
4684,d,4688
4685,d,4688
4685,c,4688
4686,d,4688
4684,c,4688
4686,c,4688
4685,f,4689
4685,e,4689
4687,f,4689
4687,e,4689
4690,e,4689
4690,f,4689
4689,f,4689
4686,e,4689
4686,f,4689
4689,e,4689
4688,f,4689
4688,e,4689
4689,a,4690
4690,a,4690
4690,f,4690
4689,f,4690
4686,a,4690
4691,a,4690
4691,f,4690
4686,f,4690
4688,f,4690
4688,a,4690
4687,a,4690
4687,f,4690
4692,b,4691
4690,b,4691
4691,b,4691
4692,d,4691
4687,d,4691
4690,d,4691
4689,d,4691
4689,b,4691
4688,b,4691
4688,d,4691
4687,b,4691
4691,d,4691
4691,f,4692
4692,f,4692
4691,c,4692
4692,c,4692
4689,c,4692
4693,c,4692
4690,f,4692
4690,c,4692
4689,f,4692
4693,f,4692
4688,c,4692
4688,f,4692
4690,e,4693
4689,e,4693
4691,e,4693
4693,e,4693
4694,e,4693
4692,e,4693
4695,b,4694
4693,b,4694
4694,f,4694
4694,b,4694
4695,f,4694
4693,f,4694
4691,b,4694
4690,b,4694
4692,f,4694
4692,b,4694
4690,f,4694
4691,f,4694
4695,c,4695
4695,f,4695
4696,b,4695
4694,f,4695
4694,c,4695
4694,b,4695
4691,b,4695
4696,c,4695
4696,f,4695
4695,b,4695
4692,f,4695
4692,c,4695
4693,f,4695
4693,c,4695
4693,b,4695
4691,c,4695
4691,f,4695
4692,b,4695
4696,e,4696
4697,c,4696
4695,f,4696
4695,c,4696
4697,f,4696
4697,e,4696
4696,f,4696
4696,c,4696
4695,e,4696
4692,e,4696
4693,e,4696
4693,f,4696
4692,f,4696
4694,f,4696
4694,c,4696
4692,c,4696
4693,c,4696
4694,e,4696
4697,f,4697
4696,e,4697
4697,d,4697
4696,d,4697
4693,d,4697
4693,f,4697
4693,e,4697
4697,e,4697
4696,f,4697
4698,d,4697
4695,e,4697
4695,f,4697
4695,d,4697
4698,f,4697
4694,d,4697
4694,f,4697
4694,e,4697
4698,e,4697
4699,f,4698
4699,c,4698
4697,f,4698
4697,c,4698
4694,c,4698
4696,f,4698
4696,c,4698
4694,f,4698
4695,f,4698
4695,c,4698
4698,c,4698
4698,f,4698
4699,f,4699
4699,e,4699
4700,d,4699
4700,f,4699
4698,e,4699
4698,f,4699
4700,e,4699
4699,d,4699
4696,f,4699
4698,d,4699
4697,e,4699
4695,d,4699
4695,f,4699
4697,f,4699
4697,d,4699
4696,e,4699
4696,d,4699
4695,e,4699
4700,b,4701
4702,b,4701
4697,b,4701
4701,b,4701
4698,b,4701
4699,b,4701
4702,c,4702
4701,f,4702
4703,c,4702
4703,f,4702
4701,c,4702
4702,f,4702
4700,f,4702
4699,f,4702
4700,c,4702
4698,c,4702
4698,f,4702
4699,c,4702
4703,f,4703
4704,e,4703
4702,e,4703
4702,f,4703
4700,e,4703
4699,f,4703
4701,e,4703
4701,f,4703
4699,e,4703
4703,e,4703
4700,f,4703
4704,f,4703
4704,f,4704
4705,f,4704
4700,f,4704
4703,f,4704
4702,f,4704
4701,f,4704
4707,b,4707
4705,b,4707
4703,b,4707
4706,b,4707
4708,b,4707
4704,b,4707
4708,f,4708
4707,f,4708
4707,c,4708
4709,c,4708
4704,f,4708
4704,c,4708
4706,c,4708
4708,c,4708
4705,f,4708
4705,c,4708
4706,f,4708
4709,f,4708
4709,b,4709
4708,e,4709
4709,e,4709
4710,b,4709
4708,b,4709
4710,e,4709
4705,b,4709
4707,e,4709
4707,b,4709
4705,e,4709
4706,b,4709
4706,e,4709
4710,f,4710
4711,c,4710
4709,f,4710
4709,c,4710
4707,f,4710
4711,f,4710
4708,f,4710
4708,c,4710
4706,f,4710
4707,c,4710
4710,c,4710
4706,c,4710
4711,e,4711
4707,e,4711
4710,e,4711
4712,e,4711
4709,e,4711
4708,e,4711
4709,f,4712
4709,d,4712
4710,d,4712
4710,f,4712
4713,d,4712
4708,f,4712
4708,d,4712
4711,d,4712
4711,f,4712
4713,f,4712
4712,d,4712
4712,f,4712
4709,f,4713
4714,f,4713
4711,f,4713
4710,f,4713
4712,f,4713
4713,f,4713
4714,c,4715
4715,c,4715
4713,c,4715
4716,c,4715
4711,c,4715
4712,c,4715
4716,a,4716
4716,e,4716
4715,e,4716
4715,a,4716
4717,a,4716
4717,e,4716
4712,e,4716
4713,a,4716
4714,a,4716
4712,a,4716
4713,e,4716
4714,e,4716
4717,f,4717
4717,d,4717
4717,a,4717
4718,a,4717
4716,f,4717
4716,b,4717
4718,b,4717
4718,d,4717
4718,f,4717
4716,a,4717
4717,b,4717
4716,d,4717
4714,f,4717
4714,b,4717
4714,a,4717
4715,f,4717
4715,d,4717
4715,b,4717
4715,a,4717
4713,f,4717
4714,d,4717
4713,a,4717
4713,b,4717
4713,d,4717
4717,b,4718
4717,d,4718
4717,c,4718
4717,f,4718
4715,d,4718
4718,c,4718
4718,f,4718
4719,b,4718
4719,d,4718
4719,c,4718
4715,b,4718
4718,d,4718
4718,b,4718
4719,f,4718
4714,d,4718
4715,f,4718
4715,c,4718
4714,f,4718
4714,c,4718
4716,b,4718
4716,c,4718
4716,f,4718
4714,b,4718
4716,d,4718
4717,e,4719
4719,c,4719
4719,f,4719
4719,e,4719
4718,e,4719
4718,f,4719
4718,c,4719
4716,e,4719
4715,e,4719
4716,c,4719
4715,f,4719
4717,c,4719
4717,f,4719
4720,c,4719
4720,f,4719
4720,e,4719
4716,f,4719
4715,c,4719
4719,e,4720
4720,e,4720
4719,f,4720
4721,f,4720
4721,e,4720
4720,f,4720
4718,e,4720
4718,f,4720
4716,e,4720
4716,f,4720
4717,e,4720
4717,f,4720
4718,e,4721
4722,e,4721
4722,f,4721
4722,d,4721
4721,e,4721
4721,f,4721
4721,d,4721
4720,e,4721
4720,d,4721
4720,f,4721
4717,f,4721
4717,e,4721
4719,e,4721
4719,f,4721
4719,d,4721
4717,d,4721
4718,d,4721
4718,f,4721
4721,f,4722
4720,f,4722
4719,f,4722
4722,f,4722
4723,f,4722
4718,f,4722
4729,b,4729
4728,b,4729
4730,b,4729
4727,b,4729
4725,b,4729
4726,b,4729
4727,c,4730
4730,f,4730
4730,c,4730
4731,f,4730
4726,f,4730
4729,f,4730
4729,c,4730
4731,c,4730
4728,f,4730
4728,c,4730
4727,f,4730
4726,c,4730
4729,e,4731
4730,e,4731
4728,e,4731
4727,e,4731
4732,e,4731
4731,e,4731
4732,f,4732
4733,f,4732
4733,b,4732
4732,b,4732
4732,c,4732
4733,c,4732
4731,b,4732
4731,f,4732
4731,c,4732
4730,f,4732
4728,b,4732
4728,c,4732
4729,f,4732
4729,c,4732
4729,b,4732
4728,f,4732
4730,c,4732
4730,b,4732
4732,b,4733
4732,c,4733
4730,b,4733
4732,e,4733
4734,f,4733
4734,b,4733
4733,e,4733
4733,f,4733
4733,c,4733
4732,f,4733
4734,c,4733
4734,e,4733
4729,e,4733
4730,c,4733
4730,f,4733
4730,e,4733
4729,f,4733
4729,c,4733
4733,b,4733
4731,b,4733
4731,c,4733
4731,f,4733
4731,e,4733
4729,b,4733
4734,c,4734
4735,c,4734
4733,e,4734
4733,f,4734
4735,f,4734
4735,e,4734
4734,e,4734
4734,f,4734
4733,c,4734
4730,e,4734
4730,f,4734
4732,e,4734
4731,c,4734
4731,f,4734
4732,f,4734
4732,c,4734
4731,e,4734
4730,c,4734
4735,e,4735
4736,f,4735
4736,e,4735
4734,e,4735
4734,f,4735
4731,f,4735
4733,e,4735
4733,f,4735
4732,f,4735
4732,e,4735
4731,e,4735
4735,f,4735
4736,d,4736
4736,f,4736
4737,d,4736
4735,f,4736
4735,d,4736
4737,f,4736
4732,d,4736
4734,f,4736
4734,d,4736
4733,f,4736
4732,f,4736
4733,d,4736
4734,f,4737
4735,f,4737
4733,f,4737
4736,f,4737
4738,f,4737
4737,f,4737
4734,d,4738
4739,d,4738
4737,d,4738
4736,d,4738
4735,d,4738
4738,d,4738
4739,f,4740
4738,f,4740
4740,f,4740
4741,f,4740
4737,f,4740
4736,f,4740
4738,a,4741
4737,b,4741
4742,b,4741
4742,a,4741
4741,a,4741
4740,b,4741
4740,a,4741
4741,b,4741
4738,b,4741
4739,b,4741
4739,a,4741
4737,a,4741
4739,b,4742
4741,b,4742
4741,d,4742
4741,c,4742
4741,f,4742
4738,d,4742
4742,b,4742
4743,d,4742
4742,d,4742
4742,c,4742
4742,f,4742
4743,f,4742
4743,c,4742
4738,b,4742
4738,c,4742
4743,b,4742
4739,f,4742
4739,d,4742
4739,c,4742
4738,f,4742
4740,f,4742
4740,c,4742
4740,b,4742
4740,d,4742
4739,c,4743
4739,f,4743
4739,e,4743
4742,e,4743
4744,c,4743
4744,f,4743
4741,c,4743
4742,c,4743
4743,e,4743
4743,f,4743
4741,e,4743
4741,f,4743
4740,c,4743
4740,f,4743
4740,e,4743
4743,c,4743
4744,e,4743
4742,f,4743
4743,d,4744
4745,a,4744
4743,e,4744
4744,a,4744
4744,d,4744
4744,f,4744
4745,e,4744
4745,f,4744
4744,e,4744
4745,d,4744
4743,f,4744
4743,a,4744
4740,f,4744
4741,e,4744
4741,f,4744
4741,d,4744
4741,a,4744
4742,a,4744
4742,d,4744
4742,f,4744
4740,e,4744
4740,a,4744
4740,d,4744
4742,e,4744
4745,f,4745
4745,d,4745
4741,b,4745
4744,d,4745
4744,b,4745
4744,a,4745
4746,a,4745
4745,b,4745
4745,a,4745
4741,a,4745
4744,f,4745
4746,b,4745
4746,f,4745
4742,f,4745
4742,d,4745
4743,f,4745
4743,d,4745
4743,b,4745
4743,a,4745
4741,d,4745
4741,f,4745
4746,d,4745
4742,b,4745
4742,a,4745
4747,b,4746
4747,f,4746
4745,f,4746
4745,d,4746
4745,c,4746
4746,f,4746
4746,c,4746
4746,d,4746
4746,b,4746
4745,b,4746
4742,c,4746
4747,c,4746
4742,d,4746
4742,f,4746
4742,b,4746
4747,d,4746
4743,c,4746
4744,f,4746
4744,c,4746
4744,d,4746
4744,b,4746
4743,f,4746
4743,d,4746
4743,b,4746
4746,c,4747
4747,e,4747
4746,e,4747
4748,c,4747
4747,f,4747
4747,c,4747
4746,f,4747
4743,c,4747
4743,f,4747
4743,e,4747
4748,f,4747
4748,e,4747
4744,e,4747
4744,f,4747
4745,e,4747
4745,f,4747
4744,c,4747
4745,c,4747
4749,d,4748
4747,e,4748
4747,d,4748
4748,e,4748
4749,e,4748
4748,d,4748
4748,b,4748
4747,b,4748
4749,b,4748
4745,b,4748
4744,b,4748
4746,e,4748
4746,d,4748
4744,e,4748
4745,d,4748
4745,e,4748
4744,d,4748
4746,b,4748
4749,d,4749
4749,c,4749
4748,c,4749
4748,d,4749
4745,d,4749
4745,c,4749
4750,d,4749
4747,c,4749
4747,d,4749
4746,d,4749
4746,c,4749
4750,c,4749
4751,d,4750
4750,e,4750
4749,e,4750
4749,f,4750
4749,d,4750
4751,f,4750
4746,f,4750
4748,d,4750
4751,e,4750
4748,e,4750
4748,f,4750
4750,d,4750
4747,e,4750
4747,f,4750
4747,d,4750
4746,d,4750
4746,e,4750
4750,f,4750
4751,f,4751
4752,f,4751
4750,f,4751
4749,f,4751
4748,f,4751
4747,f,4751
4753,c,4752
4750,c,4752
4749,c,4752
4752,c,4752
4748,c,4752
4751,c,4752
4753,e,4753
4754,b,4753
4752,e,4753
4752,b,4753
4754,e,4753
4749,b,4753
4749,e,4753
4751,b,4753
4753,b,4753
4750,e,4753
4750,b,4753
4751,e,4753
4754,c,4754
4755,c,4754
4755,f,4754
4753,f,4754
4753,c,4754
4754,f,4754
4751,c,4754
4751,f,4754
4752,f,4754
4752,c,4754
4750,f,4754
4750,c,4754
4756,e,4755
4754,e,4755
4751,e,4755
4755,e,4755
4753,e,4755
4752,e,4755
4757,f,4756
4755,c,4756
4755,f,4756
4757,a,4756
4756,f,4756
4757,c,4756
4756,c,4756
4755,a,4756
4752,f,4756
4752,c,4756
4754,c,4756
4752,a,4756
4753,a,4756
4754,a,4756
4756,a,4756
4753,c,4756
4753,f,4756
4754,f,4756
4756,a,4757
4756,b,4757
4756,f,4757
4758,e,4757
4758,d,4757
4758,b,4757
4756,e,4757
4758,a,4757
4757,a,4757
4757,b,4757
4757,d,4757
4757,f,4757
4758,f,4757
4757,e,4757
4756,d,4757
4754,a,4757
4754,d,4757
4754,b,4757
4753,e,4757
4753,f,4757
4753,d,4757
4754,e,4757
4753,a,4757
4755,a,4757
4753,b,4757
4754,f,4757
4755,d,4757
4755,f,4757
4755,e,4757
4755,b,4757
4759,c,4758
4759,f,4758
4759,d,4758
4757,b,4758
4757,d,4758
4758,b,4758
4755,c,4758
4758,f,4758
4758,c,4758
4758,d,4758
4757,c,4758
4757,f,4758
4755,f,4758
4754,d,4758
4755,d,4758
4755,b,4758
4754,f,4758
4756,b,4758
4754,b,4758
4756,c,4758
4756,f,4758
4756,d,4758
4759,b,4758
4754,c,4758
4755,c,4759
4755,f,4759
4759,c,4759
4759,f,4759
4758,e,4759
4758,f,4759
4758,c,4759
4755,e,4759
4756,c,4759
4760,e,4759
4760,f,4759
4756,e,4759
4756,f,4759
4757,c,4759
4757,f,4759
4759,e,4759
4757,e,4759
4760,c,4759
4759,f,4760
4759,e,4760
4757,f,4760
4761,e,4760
4758,e,4760
4758,f,4760
4757,e,4760
4760,f,4760
4756,e,4760
4756,f,4760
4761,f,4760
4760,e,4760
4761,c,4761
4761,f,4761
4762,c,4761
4760,f,4761
4760,c,4761
4762,f,4761
4759,c,4761
4759,f,4761
4758,f,4761
4758,c,4761
4757,f,4761
4757,c,4761
4760,e,4762
4758,e,4762
4761,e,4762
4759,e,4762
4762,e,4762
4763,e,4762
4765,f,4764
4765,d,4764
4764,d,4764
4763,f,4764
4763,d,4764
4764,f,4764
4760,f,4764
4762,d,4764
4760,d,4764
4762,f,4764
4761,d,4764
4761,f,4764
4766,f,4765
4765,f,4765
4764,f,4765
4762,f,4765
4763,f,4765
4761,f,4765
4767,a,4766
4763,f,4766
4763,a,4766
4764,a,4766
4764,f,4766
4766,a,4766
4766,f,4766
4765,f,4766
4762,a,4766
4767,f,4766
4762,f,4766
4765,a,4766
4766,b,4767
4767,d,4767
4767,b,4767
4766,d,4767
4768,b,4767
4763,d,4767
4765,d,4767
4763,b,4767
4764,d,4767
4764,b,4767
4768,d,4767
4765,b,4767
4768,c,4768
4767,f,4768
4768,f,4768
4769,c,4768
4769,f,4768
4767,c,4768
4765,f,4768
4764,f,4768
4766,f,4768
4766,c,4768
4765,c,4768
4764,c,4768
4769,a,4769
4769,f,4769
4769,e,4769
4768,e,4769
4768,f,4769
4768,a,4769
4770,a,4769
4765,a,4769
4765,f,4769
4770,f,4769
4767,e,4769
4767,f,4769
4767,a,4769
4765,e,4769
4766,a,4769
4766,f,4769
4766,e,4769
4770,e,4769
4770,b,4770
4770,d,4770
4770,f,4770
4769,f,4770
4769,d,4770
4769,b,4770
4771,f,4770
4766,d,4770
4771,b,4770
4771,d,4770
4766,f,4770
4767,b,4770
4767,d,4770
4767,f,4770
4766,b,4770
4768,d,4770
4768,f,4770
4768,b,4770
4768,f,4771
4771,c,4771
4771,f,4771
4770,f,4771
4770,c,4771
4768,c,4771
4769,c,4771
4767,f,4771
4772,c,4771
4772,f,4771
4769,f,4771
4767,c,4771
4773,b,4772
4771,b,4772
4772,b,4772
4772,e,4772
4773,e,4772
4771,e,4772
4770,e,4772
4770,b,4772
4768,b,4772
4768,e,4772
4769,b,4772
4769,e,4772
4770,f,4773
4774,c,4773
4773,f,4773
4773,c,4773
4772,f,4773
4772,c,4773
4774,f,4773
4769,f,4773
4771,c,4773
4771,f,4773
4770,c,4773
4769,c,4773
4770,e,4774
4774,e,4774
4773,e,4774
4771,e,4774
4775,e,4774
4772,e,4774
4775,d,4775
4774,f,4775
4775,f,4775
4774,d,4775
4775,e,4775
4776,e,4775
4774,e,4775
4776,f,4775
4776,d,4775
4773,e,4775
4773,f,4775
4773,d,4775
4771,e,4775
4772,e,4775
4771,f,4775
4771,d,4775
4772,f,4775
4772,d,4775
4773,f,4776
4776,f,4776
4775,f,4776
4777,f,4776
4774,f,4776
4772,f,4776
4776,e,4777
4777,e,4777
4777,d,4777
4776,d,4777
4774,d,4777
4775,e,4777
4775,d,4777
4774,e,4777
4773,e,4777
4773,d,4777
4778,e,4777
4778,d,4777
4775,f,4778
4774,f,4778
4776,f,4778
4779,f,4778
4777,f,4778
4778,f,4778
4779,a,4779
4778,a,4779
4780,a,4779
4775,a,4779
4776,a,4779
4777,a,4779
4781,d,4780
4779,d,4780
4779,b,4780
4776,b,4780
4780,b,4780
4780,d,4780
4781,b,4780
4776,d,4780
4777,d,4780
4778,b,4780
4778,d,4780
4777,b,4780
4782,c,4781
4782,b,4781
4782,a,4781
4781,a,4781
4781,b,4781
4781,c,4781
4780,b,4781
4782,f,4781
4780,f,4781
4777,a,4781
4781,f,4781
4780,a,4781
4780,c,4781
4777,b,4781
4778,f,4781
4777,c,4781
4777,f,4781
4779,f,4781
4779,c,4781
4779,b,4781
4779,a,4781
4778,a,4781
4778,b,4781
4778,c,4781
4781,b,4782
4781,d,4782
4781,c,4782
4781,f,4782
4782,c,4782
4782,f,4782
4783,e,4782
4783,f,4782
4783,c,4782
4783,d,4782
4783,b,4782
4782,b,4782
4782,d,4782
4781,e,4782
4782,e,4782
4780,e,4782
4779,e,4782
4779,d,4782
4779,b,4782
4778,e,4782
4779,c,4782
4778,c,4782
4780,b,4782
4778,f,4782
4780,c,4782
4780,f,4782
4778,d,4782
4778,b,4782
4780,d,4782
4779,f,4782
4784,c,4783
4782,e,4783
4782,f,4783
4782,c,4783
4783,c,4783
4783,e,4783
4779,c,4783
4779,f,4783
4779,e,4783
4783,f,4783
4784,f,4783
4784,e,4783
4780,e,4783
4780,f,4783
4780,c,4783
4781,c,4783
4781,e,4783
4781,f,4783
4783,e,4784
4784,e,4784
4785,e,4784
4784,f,4784
4783,f,4784
4785,f,4784
4782,e,4784
4782,f,4784
4781,e,4784
4781,f,4784
4780,e,4784
4780,f,4784
4782,f,4785
4783,f,4785
4786,f,4785
4781,f,4785
4784,f,4785
4785,f,4785
4787,b,4786
4785,b,4786
4782,b,4786
4786,b,4786
4784,b,4786
4783,b,4786
4784,c,4787
4785,c,4787
4783,c,4787
4786,c,4787
4787,c,4787
4788,c,4787
4785,e,4788
4789,e,4788
4786,e,4788
4788,e,4788
4787,e,4788
4784,e,4788
4789,f,4789
4788,f,4789
4787,f,4789
4786,f,4789
4785,f,4789
4790,f,4789
4787,c,4790
4786,c,4790
4788,c,4790
4791,c,4790
4790,c,4790
4789,c,4790
4791,e,4791
4790,e,4791
4792,e,4791
4789,e,4791
4787,e,4791
4788,e,4791
4789,f,4792
4792,a,4792
4789,a,4792
4792,f,4792
4788,f,4792
4790,a,4792
4790,f,4792
4793,f,4792
4793,a,4792
4791,f,4792
4788,a,4792
4791,a,4792
4789,b,4793
4793,b,4793
4793,d,4793
4792,b,4793
4792,d,4793
4794,b,4793
4791,d,4793
4791,b,4793
4789,d,4793
4794,d,4793
4790,b,4793
4790,d,4793
4791,c,4794
4793,f,4794
4793,c,4794
4795,c,4794
4794,f,4794
4795,f,4794
4792,f,4794
4792,c,4794
4790,c,4794
4790,f,4794
4791,f,4794
4794,c,4794
4794,e,4795
4795,e,4795
4796,e,4795
4793,e,4795
4791,e,4795
4792,e,4795
4797,f,4796
4797,c,4796
4795,f,4796
4795,c,4796
4792,c,4796
4796,f,4796
4796,c,4796
4794,f,4796
4794,c,4796
4792,f,4796
4793,c,4796
4793,f,4796
4798,e,4797
4793,e,4797
4797,c,4797
4796,e,4797
4796,c,4797
4798,c,4797
4797,e,4797
4793,c,4797
4794,e,4797
4794,c,4797
4795,c,4797
4795,e,4797
4798,e,4798
4797,e,4798
4797,f,4798
4794,e,4798
4798,f,4798
4794,f,4798
4796,e,4798
4796,f,4798
4795,f,4798
4795,e,4798
4799,e,4798
4799,f,4798
4799,a,4799
4798,f,4799
4799,f,4799
4798,a,4799
4795,f,4799
4800,a,4799
4796,f,4799
4796,a,4799
4800,f,4799
4797,a,4799
4795,a,4799
4797,f,4799
4797,b,4800
4798,b,4800
4798,d,4800
4797,d,4800
4801,d,4800
4801,b,4800
4800,d,4800
4799,d,4800
4796,d,4800
4796,b,4800
4800,b,4800
4799,b,4800
4801,f,4801
4802,c,4801
4801,c,4801
4802,f,4801
4800,c,4801
4800,f,4801
4799,f,4801
4797,f,4801
4798,f,4801
4799,c,4801
4797,c,4801
4798,c,4801
4798,a,4802
4802,d,4802
4802,e,4802
4801,a,4802
4801,d,4802
4801,e,4802
4802,a,4802
4803,d,4802
4803,a,4802
4800,d,4802
4800,a,4802
4798,d,4802
4798,e,4802
4799,a,4802
4799,d,4802
4799,e,4802
4803,e,4802
4800,e,4802
4804,d,4803
4804,b,4803
4802,d,4803
4804,c,4803
4802,c,4803
4802,f,4803
4803,f,4803
4803,c,4803
4803,d,4803
4803,b,4803
4802,b,4803
4804,f,4803
4799,d,4803
4800,f,4803
4799,c,4803
4799,f,4803
4800,b,4803
4800,d,4803
4800,c,4803
4801,c,4803
4801,f,4803
4799,b,4803
4801,d,4803
4801,b,4803
4804,e,4804
4804,c,4804
4804,f,4804
4805,e,4804
4803,d,4804
4803,c,4804
4803,e,4804
4804,b,4804
4805,f,4804
4805,c,4804
4805,d,4804
4805,b,4804
4803,f,4804
4804,d,4804
4803,b,4804
4801,e,4804
4801,d,4804
4801,b,4804
4800,e,4804
4801,c,4804
4802,b,4804
4802,d,4804
4800,f,4804
4802,f,4804
4802,e,4804
4800,c,4804
4800,d,4804
4800,b,4804
4802,c,4804
4801,f,4804
4806,c,4805
4806,f,4805
4804,e,4805
4804,f,4805
4804,c,4805
4805,e,4805
4805,f,4805
4801,c,4805
4801,f,4805
4801,e,4805
4806,e,4805
4802,e,4805
4802,f,4805
4802,c,4805
4803,e,4805
4803,f,4805
4805,c,4805
4803,c,4805
4807,f,4806
4805,c,4806
4802,e,4806
4805,e,4806
4807,c,4806
4806,e,4806
4806,f,4806
4806,c,4806
4805,f,4806
4802,f,4806
4804,f,4806
4802,c,4806
4803,c,4806
4804,e,4806
4807,e,4806
4804,c,4806
4803,f,4806
4803,e,4806
4808,e,4807
4807,e,4807
4806,e,4807
4806,f,4807
4803,f,4807
4803,e,4807
4805,e,4807
4805,f,4807
4804,f,4807
4804,e,4807
4808,f,4807
4807,f,4807
4807,f,4808
4804,f,4808
4806,f,4808
4805,f,4808
4809,f,4808
4808,f,4808
4811,d,4810
4808,d,4810
4809,d,4810
4810,d,4810
4807,d,4810
4806,d,4810
4811,f,4811
4811,c,4811
4810,f,4811
4810,c,4811
4812,c,4811
4812,f,4811
4809,f,4811
4807,c,4811
4809,c,4811
4807,f,4811
4808,c,4811
4808,f,4811
4809,e,4812
4813,e,4812
4813,a,4812
4809,a,4812
4812,a,4812
4811,e,4812
4811,a,4812
4808,a,4812
4812,e,4812
4810,e,4812
4810,a,4812
4808,e,4812
4814,b,4813
4809,d,4813
4809,f,4813
4813,f,4813
4814,a,4813
4812,d,4813
4812,f,4813
4813,d,4813
4813,b,4813
4810,f,4813
4813,a,4813
4809,b,4813
4812,a,4813
4811,f,4813
4811,d,4813
4811,b,4813
4811,a,4813
4810,a,4813
4810,b,4813
4810,d,4813
4814,f,4813
4814,d,4813
4809,a,4813
4812,b,4813
4815,d,4814
4813,c,4814
4813,d,4814
4815,c,4814
4813,f,4814
4815,b,4814
4814,f,4814
4814,c,4814
4814,d,4814
4814,b,4814
4813,b,4814
4815,f,4814
4810,b,4814
4811,f,4814
4810,d,4814
4810,c,4814
4810,f,4814
4811,b,4814
4811,d,4814
4811,c,4814
4812,c,4814
4812,f,4814
4812,d,4814
4812,b,4814
4816,b,4815
4815,c,4815
4815,f,4815
4815,e,4815
4814,b,4815
4814,d,4815
4814,c,4815
4814,f,4815
4814,e,4815
4815,b,4815
4816,f,4815
4816,c,4815
4816,d,4815
4816,e,4815
4815,d,4815
4811,d,4815
4811,e,4815
4811,f,4815
4811,c,4815
4811,b,4815
4813,e,4815
4813,f,4815
4813,c,4815
4813,d,4815
4812,e,4815
4813,b,4815
4812,f,4815
4812,c,4815
4812,d,4815
4812,b,4815
4817,f,4816
4812,c,4816
4816,f,4816
4815,f,4816
4815,e,4816
4816,c,4816
4817,c,4816
4815,c,4816
4812,f,4816
4816,e,4816
4814,e,4816
4817,e,4816
4813,e,4816
4813,f,4816
4813,c,4816
4814,c,4816
4814,f,4816
4812,e,4816
4817,a,4817
4818,a,4817
4817,f,4817
4817,e,4817
4816,e,4817
4816,f,4817
4816,d,4817
4816,a,4817
4817,d,4817
4818,d,4817
4813,f,4817
4818,e,4817
4813,d,4817
4813,a,4817
4814,a,4817
4814,d,4817
4814,f,4817
4814,e,4817
4818,f,4817
4815,a,4817
4813,e,4817
4815,d,4817
4815,f,4817
4815,e,4817
4819,b,4818
4819,d,4818
4817,f,4818
4817,c,4818
4817,d,4818
4817,b,4818
4819,f,4818
4818,d,4818
4818,b,4818
4818,f,4818
4819,c,4818
4818,c,4818
4814,c,4818
4815,c,4818
4815,d,4818
4815,b,4818
4814,f,4818
4815,f,4818
4816,b,4818
4814,d,4818
4816,c,4818
4816,f,4818
4814,b,4818
4816,d,4818
4818,e,4819
4818,c,4819
4818,b,4819
4819,c,4819
4819,b,4819
4819,e,4819
4815,c,4819
4815,e,4819
4820,b,4819
4820,c,4819
4820,e,4819
4816,e,4819
4817,e,4819
4817,c,4819
4815,b,4819
4816,c,4819
4817,b,4819
4816,b,4819
4816,e,4820
4819,e,4820
4820,e,4820
4820,c,4820
4819,c,4820
4816,c,4820
4821,c,4820
4821,e,4820
4817,c,4820
4817,e,4820
4818,e,4820
4818,c,4820
4820,b,4821
4817,b,4821
4817,f,4821
4817,e,4821
4821,e,4821
4822,b,4821
4822,f,4821
4822,e,4821
4821,f,4821
4819,e,4821
4819,f,4821
4819,b,4821
4818,b,4821
4818,f,4821
4818,e,4821
4821,b,4821
4820,f,4821
4820,e,4821
4821,c,4822
4821,e,4822
4822,f,4822
4822,c,4822
4823,e,4822
4821,f,4822
4822,e,4822
4823,c,4822
4818,c,4822
4819,f,4822
4819,c,4822
4818,e,4822
4820,e,4822
4820,f,4822
4820,c,4822
4819,e,4822
4823,f,4822
4818,f,4822
4824,b,4823
4822,e,4823
4822,f,4823
4823,e,4823
4823,f,4823
4823,b,4823
4822,b,4823
4819,b,4823
4819,f,4823
4824,f,4823
4824,e,4823
4820,e,4823
4821,e,4823
4821,f,4823
4821,b,4823
4819,e,4823
4820,f,4823
4820,b,4823
4824,f,4824
4823,f,4824
4823,c,4824
4825,f,4824
4824,c,4824
4824,d,4824
4823,d,4824
4825,c,4824
4825,d,4824
4821,f,4824
4820,d,4824
4820,c,4824
4822,f,4824
4822,c,4824
4822,d,4824
4820,f,4824
4821,d,4824
4821,c,4824
4826,a,4825
4826,f,4825
4824,f,4825
4824,a,4825
4825,a,4825
4825,f,4825
4821,f,4825
4823,f,4825
4823,a,4825
4822,a,4825
4822,f,4825
4821,a,4825
4826,e,4826
4827,b,4826
4827,d,4826
4827,e,4826
4826,b,4826
4825,e,4826
4825,d,4826
4825,b,4826
4822,e,4826
4822,d,4826
4826,d,4826
4823,b,4826
4823,d,4826
4822,b,4826
4823,e,4826
4824,e,4826
4824,d,4826
4824,b,4826
4826,c,4827
4827,c,4827
4823,c,4827
4828,c,4827
4825,c,4827
4824,c,4827
4827,e,4828
4826,e,4828
4829,e,4828
4828,e,4828
4825,e,4828
4824,e,4828
4828,f,4829
4828,d,4829
4829,f,4829
4829,d,4829
4830,d,4829
4825,d,4829
4827,d,4829
4825,f,4829
4826,f,4829
4830,f,4829
4826,d,4829
4827,f,4829
4827,b,4830
4830,b,4830
4830,f,4830
4829,f,4830
4829,b,4830
4831,b,4830
4831,f,4830
4828,f,4830
4828,b,4830
4826,b,4830
4826,f,4830
4827,f,4830
4831,c,4831
4830,f,4831
4831,f,4831
4830,c,4831
4830,d,4831
4832,d,4831
4832,c,4831
4832,f,4831
4831,d,4831
4829,f,4831
4829,c,4831
4829,d,4831
4827,d,4831
4827,c,4831
4827,f,4831
4828,d,4831
4828,c,4831
4828,f,4831
4831,f,4832
4832,e,4832
4832,f,4832
4831,e,4832
4833,f,4832
4833,e,4832
4828,e,4832
4830,e,4832
4829,e,4832
4830,f,4832
4828,f,4832
4829,f,4832
4833,d,4833
4833,f,4833
4829,f,4833
4832,f,4833
4832,d,4833
4829,d,4833
4834,f,4833
4831,f,4833
4831,d,4833
4830,d,4833
4830,f,4833
4834,d,4833
4834,f,4834
4835,f,4834
4833,f,4834
4832,f,4834
4830,f,4834
4831,f,4834
4832,d,4835
4835,d,4835
4836,d,4835
4834,d,4835
4833,d,4835
4831,d,4835
4832,e,4836
4834,e,4836
4837,e,4836
4833,e,4836
4835,e,4836
4836,e,4836
4838,f,4837
4836,f,4837
4837,f,4837
4834,f,4837
4833,f,4837
4835,f,4837
4840,f,4841
4840,a,4841
4842,a,4841
4842,f,4841
4839,a,4841
4839,f,4841
4838,f,4841
4838,a,4841
4837,f,4841
4837,a,4841
4841,f,4841
4841,a,4841
4843,d,4842
4842,d,4842
4842,b,4842
4841,d,4842
4841,b,4842
4843,b,4842
4838,d,4842
4840,d,4842
4840,b,4842
4838,b,4842
4839,b,4842
4839,d,4842
4840,f,4843
4843,f,4843
4843,c,4843
4842,f,4843
4844,f,4843
4842,c,4843
4839,f,4843
4841,f,4843
4841,c,4843
4840,c,4843
4839,c,4843
4844,c,4843
4841,e,4844
4842,e,4844
4845,e,4844
4844,e,4844
4840,e,4844
4843,e,4844
4845,a,4845
4845,f,4845
4844,f,4845
4844,a,4845
4846,a,4845
4843,f,4845
4843,a,4845
4841,a,4845
4842,f,4845
4841,f,4845
4842,a,4845
4846,f,4845
4843,d,4846
4846,b,4846
4846,d,4846
4845,d,4846
4845,b,4846
4847,b,4846
4847,d,4846
4843,b,4846
4844,d,4846
4844,b,4846
4842,b,4846
4842,d,4846
4847,f,4847
4846,f,4847
4846,b,4847
4848,b,4847
4848,c,4847
4848,f,4847
4847,c,4847
4847,b,4847
4846,c,4847
4843,c,4847
4844,b,4847
4843,f,4847
4843,b,4847
4844,c,4847
4845,b,4847
4845,c,4847
4844,f,4847
4845,f,4847
4848,e,4848
4848,f,4848
4849,b,4848
4848,b,4848
4849,c,4848
4845,c,4848
4849,f,4848
4847,e,4848
4847,f,4848
4847,c,4848
4847,b,4848
4849,e,4848
4848,c,4848
4845,f,4848
4844,c,4848
4845,e,4848
4844,b,4848
4845,b,4848
4844,e,4848
4844,f,4848
4846,b,4848
4846,f,4848
4846,c,4848
4846,e,4848
4847,e,4849
4845,e,4849
4849,c,4849
4849,f,4849
4849,e,4849
4848,e,4849
4848,f,4849
4848,c,4849
4847,f,4849
4846,e,4849
4846,c,4849
4845,f,4849
4847,c,4849
4850,c,4849
4850,f,4849
4850,e,4849
4846,f,4849
4845,c,4849
4849,f,4850
4849,e,4850
4850,f,4850
4850,e,4850
4851,f,4850
4848,e,4850
4848,f,4850
4851,e,4850
4846,e,4850
4846,f,4850
4847,f,4850
4847,e,4850
4848,d,4851
4851,d,4851
4851,f,4851
4850,f,4851
4850,d,4851
4847,d,4851
4852,d,4851
4852,f,4851
4849,f,4851
4849,d,4851
4847,f,4851
4848,f,4851
4853,f,4852
4851,f,4852
4852,f,4852
4849,f,4852
4850,f,4852
4848,f,4852
4853,a,4853
4854,a,4853
4854,d,4853
4852,d,4853
4852,a,4853
4849,a,4853
4849,d,4853
4853,d,4853
4851,d,4853
4851,a,4853
4850,a,4853
4850,d,4853
4853,b,4854
4850,d,4854
4855,b,4854
4855,d,4854
4853,d,4854
4854,d,4854
4854,b,4854
4850,b,4854
4852,b,4854
4851,b,4854
4851,d,4854
4852,d,4854
4855,f,4855
4851,d,4855
4856,d,4855
4854,f,4855
4854,c,4855
4854,d,4855
4851,c,4855
4851,f,4855
4855,c,4855
4856,f,4855
4853,f,4855
4853,c,4855
4853,d,4855
4852,d,4855
4852,c,4855
4852,f,4855
4855,d,4855
4856,c,4855
4857,e,4856
4856,f,4856
4855,f,4856
4856,e,4856
4857,f,4856
4855,e,4856
4854,e,4856
4854,f,4856
4853,e,4856
4853,f,4856
4852,e,4856
4852,f,4856
4854,f,4857
4855,f,4857
4853,f,4857
4856,f,4857
4858,f,4857
4857,f,4857
4854,f,4858
4858,f,4858
4856,f,4858
4855,f,4858
4857,f,4858
4859,f,4858
4860,b,4861
4859,b,4861
4861,b,4861
4862,b,4861
4858,b,4861
4857,b,4861
4858,c,4862
4862,c,4862
4862,f,4862
4861,f,4862
4861,c,4862
4861,b,4862
4862,b,4862
4863,b,4862
4863,c,4862
4863,f,4862
4858,f,4862
4859,f,4862
4860,f,4862
4858,b,4862
4860,c,4862
4860,b,4862
4859,b,4862
4859,c,4862
4863,f,4863
4862,b,4863
4862,c,4863
4862,f,4863
4864,e,4863
4863,e,4863
4864,f,4863
4864,c,4863
4864,b,4863
4863,b,4863
4862,e,4863
4863,c,4863
4859,c,4863
4860,e,4863
4860,b,4863
4860,c,4863
4861,b,4863
4861,c,4863
4859,e,4863
4861,e,4863
4859,f,4863
4859,b,4863
4861,f,4863
4860,f,4863
4865,c,4864
4865,e,4864
4863,e,4864
4863,f,4864
4863,c,4864
4864,c,4864
4865,f,4864
4860,c,4864
4861,e,4864
4861,f,4864
4861,c,4864
4862,c,4864
4864,f,4864
4862,e,4864
4862,f,4864
4860,e,4864
4860,f,4864
4864,e,4864
4866,e,4865
4864,e,4865
4866,f,4865
4865,e,4865
4864,f,4865
4865,f,4865
4861,f,4865
4861,e,4865
4863,e,4865
4863,f,4865
4862,f,4865
4862,e,4865
4864,f,4866
4863,f,4866
4867,f,4866
4862,f,4866
4865,f,4866
4866,f,4866
4863,b,4867
4868,b,4867
4866,b,4867
4867,b,4867
4865,b,4867
4864,b,4867
4865,c,4868
4866,c,4868
4864,c,4868
4867,c,4868
4869,c,4868
4868,c,4868
4865,d,4869
4870,e,4869
4870,d,4869
4869,e,4869
4869,d,4869
4865,e,4869
4868,d,4869
4868,e,4869
4867,e,4869
4867,d,4869
4866,d,4869
4866,e,4869
4871,f,4870
4867,f,4870
4870,f,4870
4866,f,4870
4868,f,4870
4869,f,4870
4873,f,4875
4876,b,4875
4875,f,4875
4875,b,4875
4874,f,4875
4874,b,4875
4873,b,4875
4876,f,4875
4871,b,4875
4872,f,4875
4871,f,4875
4872,b,4875
4872,c,4876
4877,f,4876
4877,c,4876
4877,a,4876
4876,f,4876
4876,c,4876
4876,a,4876
4875,f,4876
4875,c,4876
4875,a,4876
4872,f,4876
4872,a,4876
4873,a,4876
4873,c,4876
4873,f,4876
4874,f,4876
4874,c,4876
4874,a,4876
4873,b,4877
4876,b,4877
4876,d,4877
4876,f,4877
4874,f,4877
4874,d,4877
4877,e,4877
4873,d,4877
4877,b,4877
4876,e,4877
4873,f,4877
4878,b,4877
4873,e,4877
4878,d,4877
4878,f,4877
4878,e,4877
4875,e,4877
4875,f,4877
4875,d,4877
4875,b,4877
4874,b,4877
4874,e,4877
4877,d,4877
4877,f,4877
4877,f,4878
4877,c,4878
4878,c,4878
4878,f,4878
4876,c,4878
4876,f,4878
4879,c,4878
4875,f,4878
4875,c,4878
4874,f,4878
4874,c,4878
4879,f,4878
4876,e,4879
4877,e,4879
4880,e,4879
4875,e,4879
4878,e,4879
4879,e,4879
4879,f,4880
4880,f,4880
4881,f,4880
4878,f,4880
4877,f,4880
4876,f,4880
4879,c,4882
4878,c,4882
4880,c,4882
4883,c,4882
4881,c,4882
4882,c,4882
4884,e,4883
4883,e,4883
4882,e,4883
4881,e,4883
4880,e,4883
4879,e,4883
4882,f,4884
4880,f,4884
4883,f,4884
4884,f,4884
4885,f,4884
4881,f,4884
4886,f,4888
4889,f,4888
4889,c,4888
4888,f,4888
4887,f,4888
4887,c,4888
4886,c,4888
4888,c,4888
4884,c,4888
4885,f,4888
4884,f,4888
4885,c,4888
4885,f,4889
4889,e,4889
4885,e,4889
4890,d,4889
4888,e,4889
4888,f,4889
4888,d,4889
4890,f,4889
4890,e,4889
4887,e,4889
4887,f,4889
4887,d,4889
4885,d,4889
4886,e,4889
4886,f,4889
4886,d,4889
4889,d,4889
4889,f,4889
4890,f,4890
4889,f,4890
4888,f,4890
4887,f,4890
4886,f,4890
4891,f,4890
4889,e,4891
4888,e,4891
4891,e,4891
4887,e,4891
4890,e,4891
4892,e,4891
4892,f,4892
4891,f,4892
4889,f,4892
4893,f,4892
4890,f,4892
4888,f,4892
4890,c,4893
4889,c,4893
4891,c,4893
4892,c,4893
4893,c,4893
4894,c,4893
4893,c,4894
4893,f,4894
4895,c,4894
4895,f,4894
4895,e,4894
4894,f,4894
4894,e,4894
4893,e,4894
4894,c,4894
4891,f,4894
4891,c,4894
4890,e,4894
4892,e,4894
4892,f,4894
4892,c,4894
4891,e,4894
4890,c,4894
4890,f,4894
4892,f,4895
4894,b,4895
4894,f,4895
4894,e,4895
4895,b,4895
4895,e,4895
4896,b,4895
4896,f,4895
4892,b,4895
4895,f,4895
4891,b,4895
4896,e,4895
4893,e,4895
4893,f,4895
4891,e,4895
4892,e,4895
4891,f,4895
4893,b,4895
4892,c,4896
4895,e,4896
4895,f,4896
4895,c,4896
4895,a,4896
4892,f,4896
4892,e,4896
4892,a,4896
4896,e,4896
4896,f,4896
4896,a,4896
4897,a,4896
4894,e,4896
4894,f,4896
4894,c,4896
4894,a,4896
4893,a,4896
4893,c,4896
4893,f,4896
4893,e,4896
4897,c,4896
4897,f,4896
4896,c,4896
4897,e,4896
4896,b,4897
4898,b,4897
4893,f,4897
4896,e,4897
4893,d,4897
4897,e,4897
4897,f,4897
4897,d,4897
4896,d,4897
4896,f,4897
4895,d,4897
4898,f,4897
4893,e,4897
4893,b,4897
4894,b,4897
4894,d,4897
4894,f,4897
4894,e,4897
4898,d,4897
4897,b,4897
4895,b,4897
4895,f,4897
4895,e,4897
4898,e,4897
4899,c,4898
4899,f,4898
4897,c,4898
4897,d,4898
4898,f,4898
4898,c,4898
4898,d,4898
4899,d,4898
4897,f,4898
4896,c,4898
4896,f,4898
4896,d,4898
4894,d,4898
4894,c,4898
4894,f,4898
4895,d,4898
4895,c,4898
4895,f,4898
4896,e,4899
4900,e,4899
4899,e,4899
4899,f,4899
4899,d,4899
4898,e,4899
4898,d,4899
4898,f,4899
4895,f,4899
4896,f,4899
4896,d,4899
4897,d,4899
4897,f,4899
4897,e,4899
4895,d,4899
4900,d,4899
4895,e,4899
4900,f,4899
4901,a,4900
4900,a,4900
4898,a,4900
4899,a,4900
4897,a,4900
4896,a,4900
4901,d,4901
4901,c,4901
4902,b,4901
4902,d,4901
4900,b,4901
4900,c,4901
4901,b,4901
4902,c,4901
4900,d,4901
4898,b,4901
4898,d,4901
4897,c,4901
4899,c,4901
4899,d,4901
4899,b,4901
4898,c,4901
4897,d,4901
4897,b,4901
4899,f,4902
4901,d,4902
4901,c,4902
4901,f,4902
4901,e,4902
4899,c,4902
4902,f,4902
4902,e,4902
4903,d,4902
4903,c,4902
4903,f,4902
4903,e,4902
4902,d,4902
4898,d,4902
4902,c,4902
4900,d,4902
4899,d,4902
4898,e,4902
4898,f,4902
4898,c,4902
4900,c,4902
4900,f,4902
4899,e,4902
4900,e,4902
4901,a,4903
4902,e,4903
4902,f,4903
4902,a,4903
4903,e,4903
4900,e,4903
4900,f,4903
4904,a,4903
4899,a,4903
4904,f,4903
4904,e,4903
4903,f,4903
4903,a,4903
4899,e,4903
4899,f,4903
4901,e,4903
4901,f,4903
4900,a,4903
4903,b,4904
4903,d,4904
4905,e,4904
4903,e,4904
4905,f,4904
4904,b,4904
4904,d,4904
4904,f,4904
4904,e,4904
4903,f,4904
4900,f,4904
4905,b,4904
4900,e,4904
4900,d,4904
4902,e,4904
4902,f,4904
4902,d,4904
4902,b,4904
4900,b,4904
4905,d,4904
4901,b,4904
4901,d,4904
4901,e,4904
4901,f,4904
4905,c,4905
4905,f,4905
4904,f,4905
4904,c,4905
4901,c,4905
4901,f,4905
4906,c,4905
4906,f,4905
4903,f,4905
4903,c,4905
4902,c,4905
4902,f,4905
4905,e,4906
4906,e,4906
4907,e,4906
4904,e,4906
4903,e,4906
4902,e,4906
4908,a,4907
4906,f,4907
4906,a,4907
4903,a,4907
4903,f,4907
4907,a,4907
4908,f,4907
4907,f,4907
4905,f,4907
4905,a,4907
4904,a,4907
4904,f,4907
4907,a,4908
4907,d,4908
4908,d,4908
4908,b,4908
4908,a,4908
4909,a,4908
4909,b,4908
4907,b,4908
4909,d,4908
4904,b,4908
4905,d,4908
4904,a,4908
4904,d,4908
4905,a,4908
4905,b,4908
4906,d,4908
4906,a,4908
4906,b,4908
4910,d,4909
4910,c,4909
4910,f,4909
4909,c,4909
4908,f,4909
4908,c,4909
4908,d,4909
4908,b,4909
4909,f,4909
4909,b,4909
4910,b,4909
4909,d,4909
4907,f,4909
4905,b,4909
4905,d,4909
4905,c,4909
4905,f,4909
4907,c,4909
4907,d,4909
4907,b,4909
4906,b,4909
4906,d,4909
4906,c,4909
4906,f,4909
4911,e,4910
4910,e,4910
4909,e,4910
4909,f,4910
4909,c,4910
4906,c,4910
4906,f,4910
4906,e,4910
4911,c,4910
4908,e,4910
4908,f,4910
4908,c,4910
4910,c,4910
4907,c,4910
4907,f,4910
4907,e,4910
4911,f,4910
4910,f,4910
4912,e,4911
4912,f,4911
4910,e,4911
4910,f,4911
4907,e,4911
4909,e,4911
4909,f,4911
4908,e,4911
4908,f,4911
4911,f,4911
4907,f,4911
4911,e,4911
4913,f,4912
4912,f,4912
4908,f,4912
4910,f,4912
4909,f,4912
4911,f,4912
4911,b,4914
4910,b,4914
4912,b,4914
4915,b,4914
4914,b,4914
4913,b,4914
4915,f,4915
4915,c,4915
4914,f,4915
4914,c,4915
4916,f,4915
4913,c,4915
4916,c,4915
4912,f,4915
4912,c,4915
4911,f,4915
4911,c,4915
4913,f,4915
4912,e,4916
4914,e,4916
4917,e,4916
4915,e,4916
4916,e,4916
4913,e,4916
4918,f,4917
4916,f,4917
4917,f,4917
4915,f,4917
4914,f,4917
4913,f,4917
4920,f,4919
4919,f,4919
4918,f,4919
4915,f,4919
4916,f,4919
4917,f,4919
4922,a,4923
4919,a,4923
4920,a,4923
4921,a,4923
4923,a,4923
4924,a,4923
4923,d,4924
4923,b,4924
4924,b,4924
4925,b,4924
4924,d,4924
4922,d,4924
4925,d,4924
4921,d,4924
4921,b,4924
4920,d,4924
4920,b,4924
4922,b,4924
4924,c,4925
4924,d,4925
4924,f,4925
4925,c,4925
4925,f,4925
4925,d,4925
4926,f,4925
4923,c,4925
4921,d,4925
4921,c,4925
4921,f,4925
4922,d,4925
4922,c,4925
4923,f,4925
4922,f,4925
4926,d,4925
4923,d,4925
4926,c,4925
4925,c,4926
4925,f,4926
4925,e,4926
4927,c,4926
4926,c,4926
4927,f,4926
4923,f,4926
4926,f,4926
4922,c,4926
4922,f,4926
4922,e,4926
4923,c,4926
4927,e,4926
4923,e,4926
4926,e,4926
4924,c,4926
4924,f,4926
4924,e,4926
4928,d,4927
4927,e,4927
4926,e,4927
4926,f,4927
4927,f,4927
4928,e,4927
4928,f,4927
4927,d,4927
4925,f,4927
4925,e,4927
4926,d,4927
4925,d,4927
4924,e,4927
4924,f,4927
4924,d,4927
4923,e,4927
4923,d,4927
4923,f,4927
4925,f,4928
4928,f,4928
4929,f,4928
4927,f,4928
4924,f,4928
4926,f,4928
4929,d,4931
4930,f,4931
4930,d,4931
4929,f,4931
4931,d,4931
4931,f,4931
4932,f,4931
4928,f,4931
4928,d,4931
4932,d,4931
4927,d,4931
4927,f,4931
4928,d,4932
4932,a,4932
4932,d,4932
4932,f,4932
4933,a,4932
4931,f,4932
4931,d,4932
4931,a,4932
4933,d,4932
4933,f,4932
4929,f,4932
4930,f,4932
4930,d,4932
4930,a,4932
4929,d,4932
4929,a,4932
4928,a,4932
4928,f,4932
4933,d,4933
4933,f,4933
4934,b,4933
4934,d,4933
4934,f,4933
4932,f,4933
4932,d,4933
4932,b,4933
4933,b,4933
4931,d,4933
4929,f,4933
4929,b,4933
4931,f,4933
4930,b,4933
4930,d,4933
4930,f,4933
4931,b,4933
4929,d,4933
4934,c,4934
4934,f,4934
4933,f,4934
4933,c,4934
4930,c,4934
4930,f,4934
4935,c,4934
4935,f,4934
4932,f,4934
4932,c,4934
4931,c,4934
4931,f,4934
4935,c,4935
4934,c,4935
4935,e,4935
4934,e,4935
4931,c,4935
4936,e,4935
4931,e,4935
4933,e,4935
4933,c,4935
4932,c,4935
4932,e,4935
4936,c,4935
4932,f,4936
4935,f,4936
4937,f,4936
4936,f,4936
4935,e,4936
4934,e,4936
4934,f,4936
4932,e,4936
4933,f,4936
4933,e,4936
4937,e,4936
4936,e,4936
4938,f,4937
4936,f,4937
4937,c,4937
4936,c,4937
4938,c,4937
4937,f,4937
4935,f,4937
4935,c,4937
4934,f,4937
4934,c,4937
4933,c,4937
4933,f,4937
4935,e,4938
4936,e,4938
4934,e,4938
4939,e,4938
4937,e,4938
4938,e,4938
4935,f,4939
4940,f,4939
4939,f,4939
4938,f,4939
4937,f,4939
4936,f,4939
4937,e,4940
4937,f,4940
4938,f,4940
4938,e,4940
4936,e,4940
4939,f,4940
4939,e,4940
4941,e,4940
4936,f,4940
4940,f,4940
4940,e,4940
4941,f,4940
4942,f,4941
4941,f,4941
4939,f,4941
4937,f,4941
4938,f,4941
4940,f,4941
4946,e,4945
4945,e,4945
4944,e,4945
4941,e,4945
4942,e,4945
4943,e,4945
4943,f,4946
4942,f,4946
4944,f,4946
4945,f,4946
4946,f,4946
4947,f,4946
4949,f,4948
4947,f,4948
4948,f,4948
4946,f,4948
4944,f,4948
4945,f,4948
4950,d,4950
4946,d,4950
4949,d,4950
4947,d,4950
4948,d,4950
4951,d,4950
4948,f,4951
4947,f,4951
4949,f,4951
4952,f,4951
4951,f,4951
4950,f,4951
4953,a,4952
4952,b,4952
4952,a,4952
4953,b,4952
4951,b,4952
4951,a,4952
4949,b,4952
4948,b,4952
4950,b,4952
4948,a,4952
4950,a,4952
4949,a,4952
4950,b,4953
4952,b,4953
4952,d,4953
4952,f,4953
4953,b,4953
4953,c,4953
4953,f,4953
4954,b,4953
4954,d,4953
4954,c,4953
4954,f,4953
4953,d,4953
4949,b,4953
4952,c,4953
4949,d,4953
4951,b,4953
4949,f,4953
4951,d,4953
4950,f,4953
4949,c,4953
4951,f,4953
4950,c,4953
4950,d,4953
4951,c,4953
4950,f,4954
4955,c,4954
4953,e,4954
4953,f,4954
4953,c,4954
4954,c,4954
4950,e,4954
4950,c,4954
4954,e,4954
4955,f,4954
4955,e,4954
4952,e,4954
4952,f,4954
4952,c,4954
4954,f,4954
4951,c,4954
4951,f,4954
4951,e,4954
4955,f,4955
4955,e,4955
4954,f,4955
4956,e,4955
4956,f,4955
4954,e,4955
4953,e,4955
4951,e,4955
4952,f,4955
4952,e,4955
4951,f,4955
4953,f,4955
4952,f,4956
4955,f,4956
4953,f,4956
4954,f,4956
4956,f,4956
4957,f,4956
4954,f,4958
4955,f,4958
4959,f,4958
4956,f,4958
4958,f,4958
4957,f,4958
4958,e,4959
4960,e,4959
4956,e,4959
4955,e,4959
4957,e,4959
4959,e,4959
4960,f,4960
4961,f,4960
4959,f,4960
4957,f,4960
4956,f,4960
4958,f,4960
4966,d,4965
4961,d,4965
4962,d,4965
4963,d,4965
4965,d,4965
4964,d,4965
4966,f,4966
4965,f,4966
4965,b,4966
4967,b,4966
4967,f,4966
4964,b,4966
4963,f,4966
4963,b,4966
4962,f,4966
4962,b,4966
4964,f,4966
4966,b,4966
4967,c,4967
4967,f,4967
4968,c,4967
4966,f,4967
4968,f,4967
4966,c,4967
4965,f,4967
4965,c,4967
4964,f,4967
4964,c,4967
4963,f,4967
4963,c,4967
4965,e,4968
4966,e,4968
4969,e,4968
4964,e,4968
4967,e,4968
4968,e,4968
4970,f,4969
4968,f,4969
4965,f,4969
4969,f,4969
4966,f,4969
4967,f,4969
4971,f,4970
4970,f,4970
4969,f,4970
4966,f,4970
4967,f,4970
4968,f,4970
4972,a,4971
4969,a,4971
4971,a,4971
4967,a,4971
4968,a,4971
4970,a,4971
4972,d,4972
4971,d,4972
4971,b,4972
4973,b,4972
4973,d,4972
4972,b,4972
4970,b,4972
4969,d,4972
4969,b,4972
4968,b,4972
4968,d,4972
4970,d,4972
4972,f,4973
4973,c,4973
4973,f,4973
4972,c,4973
4970,c,4973
4974,c,4973
4969,c,4973
4971,f,4973
4971,c,4973
4969,f,4973
4974,f,4973
4970,f,4973
4974,e,4974
4973,e,4974
4975,e,4974
4972,e,4974
4970,e,4974
4971,e,4974
4975,a,4975
4976,f,4975
4974,e,4975
4974,f,4975
4974,b,4975
4974,a,4975
4975,f,4975
4976,e,4975
4975,e,4975
4975,b,4975
4976,b,4975
4976,a,4975
4972,e,4975
4971,a,4975
4971,b,4975
4971,f,4975
4973,e,4975
4972,b,4975
4972,a,4975
4973,f,4975
4973,b,4975
4973,a,4975
4972,f,4975
4971,e,4975
4975,b,4976
4975,d,4976
4973,b,4976
4975,f,4976
4977,c,4976
4977,d,4976
4976,f,4976
4976,c,4976
4975,c,4976
4977,b,4976
4976,d,4976
4976,b,4976
4973,d,4976
4973,c,4976
4973,f,4976
4972,f,4976
4977,f,4976
4972,d,4976
4972,b,4976
4972,c,4976
4974,d,4976
4974,c,4976
4974,f,4976
4974,b,4976
4976,e,4977
4976,f,4977
4978,f,4977
4978,e,4977
4978,c,4977
4977,e,4977
4977,f,4977
4977,c,4977
4976,c,4977
4973,f,4977
4973,e,4977
4974,c,4977
4973,c,4977
4975,e,4977
4975,f,4977
4975,c,4977
4974,e,4977
4974,f,4977
4978,e,4978
4979,f,4978
4979,e,4978
4977,e,4978
4977,f,4978
4974,f,4978
4974,e,4978
4976,e,4978
4976,f,4978
4975,f,4978
4975,e,4978
4978,f,4978
4979,f,4979
4980,f,4979
4978,f,4979
4975,f,4979
4977,f,4979
4976,f,4979
4978,d,4981
4980,c,4981
4980,d,4981
4981,c,4981
4982,d,4981
4982,c,4981
4979,c,4981
4981,d,4981
4977,d,4981
4977,c,4981
4978,c,4981
4979,d,4981
4982,e,4982
4983,e,4982
4982,a,4982
4981,e,4982
4981,f,4982
4983,a,4982
4983,f,4982
4981,a,4982
4982,f,4982
4978,e,4982
4979,f,4982
4979,a,4982
4980,e,4982
4980,f,4982
4980,a,4982
4979,e,4982
4978,a,4982
4978,f,4982
4980,d,4983
4982,b,4983
4982,d,4983
4980,b,4983
4982,f,4983
4984,c,4983
4983,d,4983
4983,c,4983
4983,f,4983
4984,b,4983
4984,d,4983
4983,b,4983
4979,b,4983
4982,c,4983
4979,c,4983
4980,c,4983
4980,f,4983
4979,f,4983
4979,d,4983
4981,b,4983
4981,d,4983
4984,f,4983
4981,c,4983
4981,f,4983
4982,f,4984
4981,e,4984
4984,c,4984
4984,f,4984
4984,e,4984
4983,e,4984
4983,f,4984
4983,c,4984
4982,c,4984
4980,c,4984
4980,e,4984
4981,f,4984
4981,c,4984
4985,c,4984
4985,f,4984
4985,e,4984
4982,e,4984
4980,f,4984
4984,e,4985
4984,f,4985
4985,f,4985
4986,f,4985
4986,e,4985
4985,e,4985
4983,e,4985
4983,f,4985
4981,f,4985
4982,e,4985
4982,f,4985
4981,e,4985
4983,f,4986
4987,f,4986
4987,d,4986
4986,d,4986
4985,f,4986
4985,d,4986
4986,f,4986
4982,f,4986
4982,d,4986
4983,d,4986
4984,f,4986
4984,d,4986
4983,f,4987
4988,f,4987
4987,f,4987
4985,f,4987
4984,f,4987
4986,f,4987
4986,d,4989
4990,d,4989
4989,d,4989
4985,d,4989
4988,d,4989
4987,d,4989
4988,f,4990
4989,f,4990
4990,f,4990
4991,f,4990
4986,f,4990
4987,f,4990
4996,e,4995
4995,e,4995
4994,e,4995
4993,e,4995
4991,e,4995
4992,e,4995
4993,f,4996
4997,f,4996
4995,f,4996
4996,f,4996
4994,f,4996
4992,f,4996
4997,f,4998
4998,f,4998
4996,a,4998
4999,a,4998
4999,c,4998
4999,f,4998
4996,f,4998
4998,c,4998
4997,c,4998
4997,a,4998
4996,c,4998
4998,a,4998
4994,a,4998
4994,c,4998
4994,f,4998
4995,a,4998
4995,f,4998
4995,c,4998
4998,a,4999
4998,b,4999
4998,d,4999
4999,e,4999
4998,e,4999
5000,f,4999
5000,d,4999
4999,a,4999
4999,b,4999
4999,d,4999
4999,f,4999
5000,b,4999
5000,e,4999
4998,f,4999
5000,a,4999
4995,a,4999
4996,d,4999
4996,b,4999
4996,a,4999
4995,e,4999
4995,f,4999
4995,d,4999
4995,b,4999
4996,e,4999
4997,a,4999
4996,f,4999
4997,d,4999
4997,f,4999
4997,e,4999
4997,b,4999
5000,b,5000
5000,d,5000
4999,f,5000
4999,c,5000
4999,d,5000
5001,c,5000
5000,c,5000
5000,f,5000
5001,b,5000
5001,d,5000
4997,c,5000
4999,b,5000
4996,d,5000
4997,f,5000
4997,b,5000
4996,f,5000
4996,b,5000
4998,b,5000
4998,d,5000
4998,c,5000
4996,c,5000
5001,f,5000
4998,f,5000
4997,d,5000
4997,c,5001
5001,c,5001
5001,f,5001
5001,e,5001
5000,e,5001
5000,f,5001
5000,c,5001
4997,f,5001
4999,f,5001
4999,e,5001
5002,c,5001
4998,f,5001
4998,c,5001
4999,c,5001
5002,f,5001
5002,e,5001
4998,e,5001
4997,e,5001
5001,e,5002
5001,f,5002
5002,f,5002
5002,e,5002
5003,f,5002
5003,e,5002
5000,e,5002
5000,f,5002
4998,f,5002
4998,e,5002
4999,e,5002
4999,f,5002
5000,f,5003
5004,f,5003
5004,c,5003
5003,c,5003
5002,f,5003
5002,c,5003
5003,f,5003
4999,f,5003
4999,c,5003
5001,c,5003
5001,f,5003
5000,c,5003
5001,e,5004
5003,e,5004
5005,e,5004
5000,e,5004
5002,e,5004
5004,e,5004
5005,f,5006
5005,d,5006
5007,d,5006
5007,f,5006
5004,f,5006
5004,d,5006
5002,d,5006
5003,f,5006
5003,d,5006
5006,f,5006
5002,f,5006
5006,d,5006
5007,f,5007
5007,e,5007
5008,f,5007
5006,e,5007
5006,f,5007
5008,e,5007
5004,e,5007
5003,f,5007
5005,e,5007
5005,f,5007
5003,e,5007
5004,f,5007
5008,f,5008
5009,f,5008
5007,e,5008
5007,f,5008
5004,f,5008
5008,e,5008
5004,e,5008
5006,e,5008
5006,f,5008
5005,f,5008
5005,e,5008
5009,e,5008
5010,f,5009
5009,f,5009
5008,e,5009
5008,f,5009
5010,e,5009
5009,e,5009
5006,f,5009
5007,e,5009
5007,f,5009
5005,f,5009
5006,e,5009
5005,e,5009
5007,f,5010
5010,f,5010
5011,f,5010
5006,f,5010
5008,f,5010
5009,f,5010
5009,e,5012
5013,e,5012
5008,e,5012
5010,e,5012
5012,e,5012
5011,e,5012
5013,f,5013
5012,f,5013
5014,f,5013
5011,f,5013
5010,f,5013
5009,f,5013
5010,d,5014
5012,d,5014
5015,d,5014
5014,d,5014
5013,d,5014
5011,d,5014
5015,f,5015
5015,c,5015
5014,f,5015
5014,c,5015
5016,f,5015
5016,c,5015
5013,f,5015
5013,c,5015
5012,f,5015
5012,c,5015
5011,f,5015
5011,c,5015
5013,e,5016
5012,e,5016
5014,e,5016
5017,e,5016
5015,e,5016
5016,e,5016
5017,f,5017
5016,f,5017
5013,f,5017
5018,f,5017
5015,f,5017
5014,f,5017
5014,b,5018
5019,b,5018
5019,c,5018
5015,c,5018
5017,c,5018
5016,c,5018
5014,c,5018
5015,b,5018
5018,b,5018
5018,c,5018
5016,b,5018
5017,b,5018
5018,e,5019
5018,f,5019
5020,e,5019
5019,e,5019
5020,c,5019
5020,f,5019
5019,f,5019
5019,c,5019
5018,c,5019
5017,e,5019
5017,f,5019
5017,c,5019
5015,c,5019
5015,f,5019
5015,e,5019
5016,e,5019
5016,f,5019
5016,c,5019
5017,e,5020
5021,e,5020
5021,f,5020
5020,f,5020
5019,e,5020
5020,e,5020
5016,f,5020
5016,e,5020
5018,e,5020
5018,f,5020
5019,f,5020
5017,f,5020
5019,f,5021
5018,f,5021
5017,f,5021
5020,f,5021
5021,f,5021
5022,f,5021
5024,f,5023
5023,f,5023
5022,f,5023
5020,f,5023
5019,f,5023
5021,f,5023
5026,c,5030
5027,c,5030
5028,c,5030
5031,c,5030
5030,c,5030
5029,c,5030
5029,a,5031
5032,a,5031
5031,e,5031
5031,a,5031
5030,e,5031
5030,a,5031
5029,e,5031
5032,e,5031
5027,a,5031
5028,e,5031
5028,a,5031
5027,e,5031
5033,f,5032
5033,d,5032
5033,b,5032
5033,a,5032
5033,e,5032
5031,a,5032
5031,d,5032
5031,f,5032
5031,e,5032
5032,e,5032
5032,f,5032
5032,d,5032
5032,b,5032
5031,b,5032
5032,a,5032
5028,f,5032
5028,a,5032
5029,a,5032
5029,b,5032
5030,e,5032
5030,f,5032
5030,d,5032
5030,b,5032
5030,a,5032
5029,e,5032
5028,b,5032
5028,d,5032
5028,e,5032
5029,d,5032
5029,f,5032
5032,b,5033
5033,c,5033
5032,a,5033
5032,d,5033
5034,d,5033
5032,f,5033
5034,f,5033
5034,c,5033
5033,f,5033
5034,b,5033
5033,b,5033
5033,d,5033
5032,c,5033
5033,a,5033
5034,a,5033
5029,f,5033
5030,d,5033
5030,b,5033
5030,a,5033
5030,c,5033
5031,a,5033
5031,b,5033
5031,d,5033
5031,c,5033
5030,f,5033
5029,c,5033
5029,d,5033
5029,b,5033
5029,a,5033
5031,f,5033
5034,c,5034
5034,d,5034
5034,b,5034
5033,b,5034
5033,d,5034
5033,e,5034
5033,f,5034
5035,f,5034
5035,c,5034
5035,d,5034
5035,b,5034
5033,c,5034
5030,b,5034
5034,e,5034
5030,d,5034
5031,e,5034
5031,f,5034
5031,c,5034
5031,d,5034
5031,b,5034
5032,b,5034
5034,f,5034
5032,c,5034
5032,f,5034
5032,d,5034
5035,e,5034
5030,e,5034
5030,f,5034
5030,c,5034
5032,e,5034
5036,c,5035
5035,e,5035
5034,e,5035
5034,f,5035
5034,c,5035
5031,f,5035
5035,c,5035
5036,f,5035
5036,e,5035
5031,e,5035
5035,f,5035
5032,c,5035
5032,f,5035
5032,e,5035
5033,e,5035
5033,f,5035
5033,c,5035
5031,c,5035
5036,f,5036
5036,e,5036
5037,f,5036
5037,e,5036
5035,e,5036
5035,f,5036
5032,e,5036
5033,f,5036
5034,e,5036
5034,f,5036
5033,e,5036
5032,f,5036
5033,f,5037
5037,f,5037
5038,b,5037
5038,f,5037
5036,f,5037
5036,b,5037
5033,b,5037
5037,b,5037
5034,b,5037
5035,b,5037
5035,f,5037
5034,f,5037
5035,a,5038
5036,a,5038
5036,c,5038
5038,a,5038
5038,c,5038
5039,c,5038
5039,a,5038
5037,c,5038
5035,c,5038
5037,a,5038
5034,c,5038
5034,a,5038
5038,b,5039
5039,e,5039
5038,d,5039
5040,d,5039
5039,b,5039
5039,d,5039
5040,e,5039
5038,e,5039
5035,e,5039
5040,b,5039
5035,d,5039
5037,e,5039
5037,d,5039
5037,b,5039
5035,b,5039
5036,b,5039
5036,d,5039
5036,e,5039
5040,c,5040
5040,f,5040
5040,e,5040
5041,c,5040
5039,e,5040
5039,f,5040
5039,c,5040
5036,c,5040
5041,f,5040
5041,e,5040
5038,e,5040
5038,f,5040
5038,c,5040
5036,f,5040
5036,e,5040
5037,c,5040
5037,f,5040
5037,e,5040
5041,f,5041
5041,e,5041
5040,e,5041
5040,f,5041
5042,f,5041
5042,e,5041
5038,e,5041
5039,e,5041
5037,f,5041
5038,f,5041
5037,e,5041
5039,f,5041
5043,a,5042
5042,a,5042
5042,f,5042
5043,f,5042
5038,a,5042
5041,f,5042
5040,f,5042
5040,a,5042
5039,a,5042
5039,f,5042
5041,a,5042
5038,f,5042
5044,b,5043
5044,d,5043
5042,a,5043
5042,d,5043
5042,c,5043
5044,a,5043
5043,c,5043
5043,d,5043
5043,b,5043
5043,a,5043
5042,b,5043
5044,c,5043
5039,d,5043
5039,c,5043
5039,b,5043
5039,a,5043
5040,a,5043
5040,b,5043
5040,d,5043
5040,c,5043
5041,c,5043
5041,d,5043
5041,a,5043
5041,b,5043
5045,d,5044
5044,d,5044
5044,b,5044
5044,e,5044
5043,d,5044
5043,c,5044
5043,f,5044
5043,e,5044
5044,f,5044
5045,e,5044
5045,f,5044
5045,c,5044
5045,b,5044
5044,c,5044
5043,b,5044
5040,f,5044
5041,c,5044
5040,e,5044
5041,d,5044
5042,b,5044
5041,b,5044
5041,e,5044
5042,d,5044
5041,f,5044
5042,f,5044
5042,e,5044
5040,b,5044
5040,d,5044
5040,c,5044
5042,c,5044
5045,f,5045
5046,c,5045
5044,e,5045
5044,f,5045
5044,c,5045
5045,c,5045
5045,e,5045
5041,f,5045
5041,e,5045
5046,f,5045
5046,e,5045
5043,e,5045
5043,f,5045
5043,c,5045
5042,c,5045
5042,f,5045
5042,e,5045
5041,c,5045
5046,f,5046
5046,e,5046
5045,e,5046
5045,f,5046
5042,f,5046
5047,f,5046
5047,e,5046
5044,f,5046
5043,f,5046
5044,e,5046
5043,e,5046
5042,e,5046
5044,f,5047
5045,a,5047
5045,f,5047
5047,f,5047
5043,a,5047
5048,f,5047
5048,a,5047
5046,f,5047
5046,a,5047
5047,a,5047
5043,f,5047
5044,a,5047
5048,d,5048
5047,b,5048
5049,d,5048
5047,d,5048
5048,a,5048
5048,b,5048
5049,a,5048
5047,a,5048
5049,b,5048
5046,a,5048
5045,d,5048
5045,a,5048
5044,d,5048
5046,d,5048
5046,b,5048
5044,b,5048
5044,a,5048
5045,b,5048
5048,b,5049
5048,d,5049
5048,f,5049
5046,f,5049
5049,c,5049
5049,f,5049
5046,c,5049
5050,b,5049
5050,d,5049
5050,c,5049
5050,f,5049
5049,b,5049
5049,d,5049
5048,c,5049
5047,b,5049
5045,c,5049
5047,d,5049
5047,c,5049
5045,f,5049
5045,b,5049
5046,b,5049
5045,d,5049
5046,d,5049
5047,f,5049
5049,e,5050
5049,f,5050
5049,c,5050
5046,e,5050
5046,f,5050
5046,c,5050
5050,c,5050
5051,c,5050
5050,e,5050
5051,e,5050
5048,e,5050
5048,f,5050
5048,c,5050
5050,f,5050
5047,c,5050
5047,f,5050
5047,e,5050
5051,f,5050
5051,f,5051
5051,e,5051
5050,f,5051
5052,e,5051
5052,f,5051
5050,e,5051
5049,e,5051
5047,f,5051
5047,e,5051
5049,f,5051
5048,f,5051
5048,e,5051
5049,f,5052
5053,f,5052
5052,f,5052
5051,f,5052
5050,f,5052
5048,f,5052
5054,b,5054
5053,e,5054
5053,c,5054
5053,b,5054
5054,c,5054
5054,e,5054
5052,e,5054
5055,e,5054
5052,c,5054
5055,b,5054
5051,e,5054
5055,c,5054
5050,e,5054
5050,c,5054
5051,b,5054
5051,c,5054
5052,b,5054
5050,b,5054
5054,c,5055
5056,f,5055
5054,e,5055
5055,e,5055
5055,f,5055
5055,c,5055
5056,c,5055
5054,f,5055
5051,e,5055
5056,e,5055
5052,c,5055
5053,e,5055
5053,f,5055
5053,c,5055
5051,c,5055
5051,f,5055
5052,f,5055
5052,e,5055
5056,f,5056
5057,e,5056
5055,e,5056
5055,f,5056
5056,d,5056
5057,f,5056
5056,e,5056
5055,d,5056
5057,d,5056
5053,f,5056
5052,f,5056
5052,d,5056
5054,e,5056
5054,f,5056
5054,d,5056
5053,d,5056
5053,e,5056
5052,e,5056
5057,d,5057
5057,f,5057
5057,e,5057
5056,e,5057
5056,f,5057
5056,d,5057
5058,d,5057
5053,d,5057
5053,f,5057
5058,f,5057
5058,e,5057
5055,e,5057
5055,f,5057
5055,d,5057
5054,d,5057
5054,f,5057
5054,e,5057
5053,e,5057
5058,c,5058
5058,f,5058
5057,f,5058
5057,c,5058
5054,c,5058
5059,c,5058
5059,f,5058
5055,c,5058
5055,f,5058
5056,c,5058
5054,f,5058
5056,f,5058
5057,b,5059
5059,b,5059
5059,e,5059
5058,e,5059
5058,b,5059
5056,e,5059
5055,b,5059
5056,b,5059
5060,b,5059
5060,e,5059
5057,e,5059
5055,e,5059
5061,c,5060
5060,c,5060
5059,f,5060
5059,c,5060
5060,f,5060
5061,f,5060
5058,f,5060
5056,c,5060
5058,c,5060
5057,c,5060
5057,f,5060
5056,f,5060
5060,e,5061
5061,b,5061
5062,b,5061
5060,b,5061
5057,b,5061
5057,e,5061
5061,e,5061
5059,e,5061
5059,b,5061
5062,e,5061
5058,b,5061
5058,e,5061
5061,f,5062
5062,c,5062
5061,c,5062
5058,f,5062
5058,c,5062
5060,f,5062
5060,c,5062
5063,c,5062
5059,f,5062
5059,c,5062
5063,f,5062
5062,f,5062
5062,c,5063
5062,e,5063
5063,e,5063
5064,c,5063
5063,c,5063
5061,e,5063
5061,c,5063
5060,e,5063
5060,c,5063
5059,e,5063
5059,c,5063
5064,e,5063
5064,f,5064
5065,e,5064
5063,e,5064
5063,f,5064
5064,e,5064
5065,f,5064
5062,e,5064
5062,f,5064
5061,e,5064
5061,f,5064
5060,e,5064
5060,f,5064
5062,f,5065
5065,f,5065
5066,f,5065
5064,f,5065
5061,f,5065
5063,f,5065
5070,d,5071
5067,d,5071
5068,d,5071
5069,d,5071
5071,d,5071
5072,d,5071
5072,a,5072
5071,f,5072
5071,a,5072
5072,f,5072
5073,f,5072
5070,f,5072
5069,f,5072
5069,a,5072
5068,f,5072
5068,a,5072
5073,a,5072
5070,a,5072
5072,e,5073
5073,e,5073
5072,d,5073
5072,b,5073
5073,d,5073
5074,b,5073
5074,d,5073
5070,d,5073
5071,e,5073
5071,d,5073
5071,b,5073
5070,e,5073
5070,b,5073
5069,e,5073
5069,d,5073
5069,b,5073
5074,e,5073
5073,b,5073
5074,c,5074
5074,f,5074
5075,c,5074
5073,f,5074
5073,c,5074
5075,f,5074
5071,f,5074
5070,c,5074
5072,f,5074
5072,c,5074
5070,f,5074
5071,c,5074
5072,e,5075
5076,f,5075
5074,e,5075
5074,f,5075
5075,f,5075
5071,f,5075
5071,e,5075
5076,e,5075
5073,e,5075
5073,f,5075
5072,f,5075
5075,e,5075
5075,f,5076
5077,f,5076
5076,f,5076
5073,f,5076
5074,f,5076
5072,f,5076
5075,f,5077
5073,f,5077
5076,f,5077
5074,f,5077
5077,f,5077
5078,f,5077
5077,d,5081
5078,d,5081
5079,d,5081
5082,d,5081
5080,d,5081
5081,d,5081
5082,f,5082
5081,f,5082
5083,f,5082
5079,f,5082
5078,f,5082
5080,f,5082
5081,c,5085
5082,c,5085
5086,c,5085
5083,c,5085
5085,c,5085
5084,c,5085
5086,e,5086
5085,e,5086
5087,e,5086
5083,e,5086
5082,e,5086
5084,e,5086
5084,d,5087
5087,f,5087
5086,f,5087
5086,d,5087
5087,d,5087
5088,d,5087
5085,f,5087
5085,d,5087
5083,d,5087
5083,f,5087
5084,f,5087
5088,f,5087
5087,f,5088
5089,f,5088
5088,f,5088
5086,f,5088
5085,f,5088
5084,f,5088
5090,b,5089
5086,b,5089
5087,b,5089
5085,b,5089
5088,b,5089
5089,b,5089
5091,f,5090
5091,c,5090
5090,f,5090
5090,c,5090
5089,f,5090
5089,c,5090
5086,c,5090
5088,f,5090
5088,c,5090
5087,f,5090
5087,c,5090
5086,f,5090
5091,e,5091
5088,e,5091
5089,e,5091
5087,e,5091
5090,e,5091
5092,e,5091
5093,f,5092
5092,f,5092
5091,f,5092
5088,f,5092
5090,f,5092
5089,f,5092
5091,a,5094
5093,a,5094
5092,a,5094
5095,a,5094
5094,a,5094
5090,a,5094
5095,d,5095
5095,b,5095
5094,d,5095
5094,b,5095
5093,d,5095
5091,d,5095
5096,b,5095
5091,b,5095
5092,d,5095
5096,d,5095
5092,b,5095
5093,b,5095
5096,c,5096
5096,f,5096
5095,f,5096
5095,c,5096
5093,c,5096
5094,f,5096
5094,c,5096
5092,c,5096
5092,f,5096
5093,f,5096
5097,f,5096
5097,c,5096
5096,e,5097
5096,c,5097
5097,c,5097
5097,e,5097
5093,c,5097
5098,c,5097
5095,e,5097
5095,c,5097
5098,e,5097
5093,e,5097
5094,c,5097
5094,e,5097
5098,f,5098
5098,e,5098
5097,e,5098
5097,f,5098
5099,f,5098
5099,e,5098
5096,e,5098
5096,f,5098
5094,f,5098
5094,e,5098
5095,f,5098
5095,e,5098
5100,e,5099
5099,f,5099
5099,e,5099
5098,e,5099
5098,f,5099
5098,b,5099
5100,b,5099
5099,b,5099
5100,f,5099
5095,b,5099
5095,e,5099
5097,e,5099
5097,f,5099
5097,b,5099
5095,f,5099
5096,e,5099
5096,f,5099
5096,b,5099
5101,f,5100
5101,c,5100
5100,f,5100
5100,c,5100
5099,f,5100
5099,c,5100
5097,f,5100
5096,f,5100
5098,f,5100
5097,c,5100
5098,c,5100
5096,c,5100
5099,e,5101
5102,e,5101
5097,e,5101
5101,e,5101
5098,e,5101
5100,e,5101
5101,f,5102
5103,f,5102
5100,f,5102
5102,f,5102
5098,f,5102
5099,f,5102
5104,d,5104
5104,b,5104
5103,d,5104
5103,b,5104
5105,d,5104
5105,b,5104
5100,b,5104
5100,d,5104
5102,d,5104
5102,b,5104
5101,b,5104
5101,d,5104
5102,c,5105
5106,c,5105
5104,f,5105
5104,c,5105
5106,f,5105
5105,c,5105
5103,f,5105
5103,c,5105
5101,c,5105
5101,f,5105
5102,f,5105
5105,f,5105
5107,f,5106
5107,e,5106
5105,e,5106
5105,f,5106
5106,f,5106
5106,e,5106
5104,e,5106
5104,f,5106
5102,f,5106
5103,e,5106
5102,e,5106
5103,f,5106
5104,f,5107
5108,f,5107
5107,f,5107
5106,f,5107
5103,f,5107
5105,f,5107
5111,a,5110
5109,a,5110
5107,a,5110
5108,a,5110
5110,a,5110
5106,a,5110
5111,d,5111
5110,d,5111
5110,b,5111
5112,b,5111
5112,d,5111
5108,b,5111
5109,b,5111
5108,d,5111
5107,d,5111
5107,b,5111
5109,d,5111
5111,b,5111
5112,c,5112
5112,f,5112
5113,c,5112
5113,f,5112
5111,f,5112
5111,c,5112
5110,f,5112
5110,c,5112
5108,c,5112
5108,f,5112
5109,f,5112
5109,c,5112
5110,e,5113
5113,e,5113
5114,e,5113
5112,e,5113
5111,e,5113
5109,e,5113
5113,f,5114
5112,f,5114
5115,f,5114
5114,f,5114
5111,f,5114
5110,f,5114
5114,d,5115
5115,d,5115
5116,d,5115
5112,d,5115
5113,d,5115
5111,d,5115
5113,e,5116
5117,e,5116
5113,f,5116
5115,f,5116
5115,e,5116
5114,e,5116
5114,f,5116
5112,f,5116
5112,e,5116
5116,f,5116
5116,e,5116
5117,f,5116
5116,c,5117
5116,d,5117
5116,a,5117
5116,f,5117
5117,d,5117
5117,a,5117
5117,c,5117
5118,e,5117
5117,f,5117
5117,e,5117
5118,d,5117
5118,c,5117
5118,f,5117
5116,e,5117
5118,a,5117
5114,d,5117
5114,f,5117
5113,c,5117
5114,e,5117
5113,f,5117
5115,a,5117
5115,d,5117
5113,a,5117
5115,c,5117
5115,e,5117
5113,e,5117
5114,a,5117
5114,c,5117
5115,f,5117
5113,d,5117
5117,d,5118
5117,b,5118
5117,e,5118
5115,f,5118
5118,d,5118
5118,f,5118
5118,e,5118
5119,b,5118
5119,d,5118
5119,f,5118
5119,e,5118
5115,d,5118
5118,b,5118
5117,f,5118
5114,d,5118
5115,e,5118
5115,b,5118
5114,e,5118
5114,f,5118
5116,b,5118
5114,b,5118
5116,f,5118
5116,e,5118
5116,d,5118
5118,b,5119
5115,b,5119
5115,c,5119
5115,f,5119
5119,f,5119
5120,b,5119
5118,f,5119
5118,c,5119
5119,b,5119
5119,c,5119
5117,b,5119
5120,f,5119
5117,c,5119
5117,f,5119
5116,b,5119
5120,c,5119
5116,f,5119
5116,c,5119
5121,c,5120
5120,c,5120
5119,f,5120
5119,e,5120
5120,e,5120
5121,f,5120
5121,e,5120
5119,c,5120
5120,f,5120
5118,e,5120
5118,f,5120
5118,c,5120
5116,c,5120
5117,e,5120
5117,f,5120
5117,c,5120
5116,f,5120
5116,e,5120
5118,f,5121
5122,e,5121
5122,f,5121
5121,e,5121
5121,f,5121
5120,f,5121
5117,f,5121
5117,e,5121
5119,e,5121
5119,f,5121
5120,e,5121
5118,e,5121
5124,c,5125
5125,c,5125
5126,c,5125
5123,c,5125
5122,c,5125
5121,c,5125
5123,e,5126
5122,e,5126
5126,e,5126
5125,e,5126
5127,e,5126
5124,e,5126
5125,f,5127
5126,f,5127
5123,f,5127
5127,f,5127
5128,f,5127
5124,f,5127
5127,d,5131
5128,d,5131
5129,d,5131
5132,d,5131
5130,d,5131
5131,d,5131
5131,f,5132
5133,f,5132
5132,f,5132
5128,f,5132
5130,f,5132
5129,f,5132
5130,f,5133
5131,f,5133
5129,f,5133
5132,f,5133
5133,f,5133
5134,f,5133
5130,f,5134
5135,f,5134
5134,f,5134
5133,f,5134
5132,f,5134
5131,f,5134
5134,e,5138
5135,e,5138
5139,e,5138
5136,e,5138
5137,e,5138
5138,e,5138
5139,f,5139
5138,f,5139
5135,f,5139
5136,f,5139
5140,f,5139
5137,f,5139
5143,d,5142
5143,e,5142
5142,e,5142
5142,d,5142
5141,e,5142
5141,d,5142
5140,e,5142
5140,d,5142
5138,e,5142
5138,d,5142
5139,d,5142
5139,e,5142
5144,e,5143
5144,f,5143
5143,e,5143
5143,f,5143
5142,e,5143
5142,f,5143
5140,f,5143
5141,e,5143
5140,e,5143
5141,f,5143
5139,e,5143
5139,f,5143
5141,f,5144
5144,f,5144
5140,f,5144
5143,f,5144
5142,f,5144
5145,f,5144
5141,c,5145
5143,c,5145
5146,c,5145
5145,c,5145
5142,c,5145
5144,c,5145
5146,e,5146
5145,e,5146
5147,e,5146
5142,e,5146
5144,e,5146
5143,e,5146
5148,a,5147
5148,f,5147
5144,a,5147
5143,f,5147
5145,a,5147
5145,f,5147
5144,f,5147
5146,f,5147
5146,a,5147
5147,f,5147
5147,a,5147
5143,a,5147
5147,b,5148
5147,d,5148
5148,d,5148
5148,b,5148
5149,b,5148
5149,d,5148
5144,b,5148
5146,d,5148
5145,d,5148
5145,b,5148
5144,d,5148
5146,b,5148
5149,f,5149
5148,f,5149
5148,c,5149
5150,a,5149
5150,c,5149
5150,f,5149
5148,a,5149
5149,a,5149
5149,c,5149
5145,a,5149
5146,c,5149
5146,a,5149
5147,f,5149
5147,c,5149
5147,a,5149
5146,f,5149
5145,c,5149
5145,f,5149
5149,b,5150
5149,d,5150
5149,e,5150
5150,b,5150
5150,d,5150
5150,e,5150
5151,e,5150
5151,d,5150
5146,b,5150
5151,b,5150
5148,b,5150
5147,e,5150
5146,e,5150
5147,b,5150
5147,d,5150
5148,e,5150
5148,d,5150
5146,d,5150
5147,e,5151
5150,c,5151
5152,c,5151
5151,e,5151
5151,f,5151
5151,c,5151
5147,f,5151
5150,f,5151
5150,e,5151
5147,c,5151
5152,f,5151
5152,e,5151
5149,e,5151
5149,f,5151
5149,c,5151
5148,c,5151
5148,f,5151
5148,e,5151
5152,a,5152
5152,f,5152
5152,e,5152
5151,e,5152
5151,f,5152
5153,a,5152
5153,f,5152
5153,e,5152
5151,a,5152
5148,f,5152
5149,e,5152
5148,a,5152
5149,f,5152
5149,a,5152
5150,e,5152
5150,f,5152
5150,a,5152
5148,e,5152
5152,b,5153
5154,b,5153
5152,d,5153
5149,b,5153
5153,b,5153
5153,d,5153
5153,f,5153
5154,f,5153
5152,f,5153
5149,d,5153
5154,d,5153
5150,f,5153
5151,f,5153
5150,d,5153
5150,b,5153
5151,b,5153
5151,d,5153
5149,f,5153
5155,c,5154
5150,c,5154
5154,c,5154
5154,f,5154
5154,e,5154
5153,e,5154
5153,f,5154
5153,c,5154
5150,f,5154
5150,e,5154
5152,e,5154
5152,f,5154
5152,c,5154
5151,c,5154
5151,f,5154
5151,e,5154
5155,e,5154
5155,f,5154
5154,e,5155
5155,c,5155
5156,f,5155
5156,c,5155
5154,f,5155
5154,c,5155
5155,e,5155
5153,e,5155
5153,f,5155
5153,c,5155
5152,e,5155
5152,f,5155
5152,c,5155
5151,e,5155
5151,f,5155
5151,c,5155
5155,f,5155
5156,e,5155
5157,e,5156
5156,e,5156
5155,e,5156
5157,f,5156
5156,f,5156
5152,e,5156
5155,f,5156
5154,e,5156
5154,f,5156
5153,e,5156
5153,f,5156
5152,f,5156
5157,d,5158
5159,d,5158
5154,d,5158
5155,d,5158
5156,d,5158
5158,d,5158
5160,d,5159
5159,f,5159
5159,d,5159
5158,f,5159
5160,f,5159
5158,d,5159
5157,f,5159
5155,d,5159
5157,d,5159
5155,f,5159
5156,f,5159
5156,d,5159
5161,f,5160
5157,f,5160
5160,f,5160
5156,f,5160
5158,f,5160
5159,f,5160
5166,e,5165
5166,b,5165
5166,a,5165
5163,e,5165
5165,b,5165
5165,a,5165
5164,e,5165
5164,b,5165
5164,a,5165
5163,b,5165
5165,e,5165
5161,a,5165
5161,e,5165
5162,e,5165
5161,b,5165
5162,a,5165
5162,b,5165
5163,a,5165
5166,c,5166
5166,d,5166
5166,b,5166
5167,b,5166
5167,d,5166
5165,f,5166
5167,c,5166
5165,c,5166
5165,d,5166
5165,b,5166
5167,f,5166
5162,f,5166
5166,f,5166
5162,c,5166
5163,f,5166
5162,d,5166
5164,f,5166
5164,c,5166
5164,d,5166
5164,b,5166
5162,b,5166
5163,b,5166
5163,d,5166
5163,c,5166
5168,c,5167
5166,c,5167
5166,f,5167
5166,e,5167
5164,f,5167
5164,e,5167
5167,b,5167
5167,c,5167
5167,f,5167
5167,e,5167
5168,e,5167
5168,f,5167
5163,b,5167
5163,c,5167
5166,b,5167
5165,e,5167
5164,c,5167
5164,b,5167
5165,b,5167
5165,c,5167
5165,f,5167
5163,f,5167
5168,b,5167
5163,e,5167
5166,e,5168
5164,c,5168
5164,f,5168
5168,c,5168
5168,f,5168
5168,e,5168
5167,e,5168
5167,f,5168
5167,c,5168
5164,e,5168
5169,f,5168
5169,e,5168
5165,e,5168
5166,c,5168
5165,c,5168
5165,f,5168
5166,f,5168
5169,c,5168
5169,b,5169
5168,b,5169
5168,f,5169
5168,e,5169
5170,b,5169
5166,e,5169
5170,e,5169
5165,b,5169
5165,f,5169
5165,e,5169
5169,f,5169
5170,f,5169
5166,f,5169
5166,b,5169
5167,b,5169
5167,f,5169
5167,e,5169
5169,e,5169
5170,f,5170
5169,f,5170
5171,f,5170
5170,c,5170
5171,c,5170
5169,c,5170
5168,f,5170
5168,c,5170
5167,f,5170
5167,c,5170
5166,f,5170
5166,c,5170
5172,e,5171
5168,e,5171
5171,e,5171
5170,e,5171
5167,e,5171
5169,e,5171
5171,b,5174
5172,b,5174
5175,b,5174
5173,b,5174
5170,b,5174
5174,b,5174
5174,c,5175
5176,f,5175
5176,c,5175
5175,f,5175
5175,c,5175
5174,f,5175
5173,c,5175
5173,f,5175
5172,f,5175
5172,c,5175
5171,f,5175
5171,c,5175
5173,e,5176
5177,e,5176
5174,e,5176
5172,e,5176
5175,e,5176
5176,e,5176
5178,f,5177
5176,f,5177
5175,f,5177
5173,f,5177
5174,f,5177
5177,f,5177
5178,e,5179
5180,e,5179
5179,e,5179
5176,e,5179
5175,e,5179
5177,e,5179
5177,f,5180
5176,f,5180
5178,f,5180
5179,f,5180
5180,f,5180
5181,f,5180
5184,c,5184
5182,c,5184
5183,c,5184
5181,c,5184
5180,c,5184
5185,c,5184
5184,e,5185
5184,c,5185
5184,b,5185
5184,a,5185
5185,c,5185
5185,e,5185
5183,e,5185
5183,c,5185
5183,b,5185
5185,a,5185
5185,b,5185
5183,a,5185
5186,e,5185
5186,a,5185
5186,b,5185
5186,c,5185
5181,a,5185
5181,b,5185
5181,c,5185
5181,e,5185
5182,a,5185
5182,b,5185
5182,e,5185
5182,c,5185
5187,c,5186
5187,d,5186
5187,b,5186
5187,f,5186
5186,d,5186
5185,a,5186
5185,b,5186
5185,d,5186
5185,c,5186
5185,f,5186
5185,e,5186
5187,a,5186
5186,e,5186
5186,f,5186
5186,c,5186
5187,e,5186
5182,b,5186
5183,c,5186
5182,a,5186
5186,a,5186
5182,d,5186
5182,c,5186
5182,f,5186
5182,e,5186
5183,a,5186
5183,b,5186
5183,d,5186
5183,f,5186
5183,e,5186
5186,b,5186
5184,e,5186
5184,f,5186
5184,c,5186
5184,d,5186
5184,b,5186
5184,a,5186
5188,d,5187
5187,c,5187
5188,c,5187
5187,f,5187
5186,d,5187
5186,c,5187
5186,f,5187
5186,e,5187
5187,e,5187
5187,b,5187
5188,b,5187
5186,b,5187
5187,d,5187
5183,e,5187
5184,e,5187
5183,b,5187
5183,d,5187
5183,c,5187
5183,f,5187
5188,f,5187
5184,b,5187
5184,d,5187
5184,c,5187
5184,f,5187
5185,b,5187
5188,e,5187
5185,e,5187
5185,f,5187
5185,c,5187
5185,d,5187
5184,e,5188
5188,c,5188
5185,c,5188
5189,c,5188
5187,e,5188
5187,f,5188
5187,c,5188
5185,f,5188
5189,e,5188
5189,f,5188
5188,e,5188
5186,c,5188
5186,f,5188
5185,e,5188
5184,c,5188
5184,f,5188
5186,e,5188
5188,f,5188
5189,f,5189
5188,e,5189
5189,e,5189
5190,f,5189
5188,f,5189
5190,e,5189
5185,f,5189
5185,e,5189
5187,e,5189
5186,f,5189
5186,e,5189
5187,f,5189
5190,e,5190
5190,f,5190
5189,e,5190
5189,f,5190
5191,e,5190
5186,f,5190
5188,e,5190
5188,f,5190
5187,f,5190
5187,e,5190
5186,e,5190
5191,f,5190
5192,f,5191
5187,f,5191
5192,c,5191
5191,f,5191
5191,c,5191
5187,c,5191
5189,c,5191
5190,c,5191
5188,c,5191
5189,f,5191
5188,f,5191
5190,f,5191
5193,b,5194
5195,b,5194
5192,b,5194
5190,b,5194
5191,b,5194
5194,b,5194
5196,c,5195
5195,c,5195
5194,f,5195
5196,f,5195
5194,c,5195
5195,f,5195
5193,c,5195
5193,f,5195
5192,f,5195
5192,c,5195
5191,f,5195
5191,c,5195
5193,e,5196
5192,e,5196
5194,e,5196
5195,e,5196
5197,e,5196
5196,e,5196
5198,f,5197
5193,f,5197
5197,f,5197
5195,f,5197
5196,f,5197
5194,f,5197
5196,d,5200
5199,f,5200
5199,d,5200
5201,d,5200
5201,f,5200
5198,d,5200
5198,f,5200
5197,f,5200
5197,d,5200
5200,f,5200
5196,f,5200
5200,d,5200
5202,e,5201
5201,e,5201
5201,f,5201
5200,e,5201
5200,f,5201
5202,f,5201
5197,f,5201
5197,e,5201
5199,e,5201
5199,f,5201
5198,f,5201
5198,e,5201
5203,f,5202
5203,c,5202
5203,d,5202
5202,f,5202
5202,c,5202
5202,d,5202
5199,c,5202
5201,f,5202
5201,c,5202
5201,d,5202
5198,d,5202
5199,f,5202
5198,c,5202
5200,d,5202
5200,c,5202
5199,d,5202
5200,f,5202
5198,f,5202
5203,e,5203
5202,e,5203
5203,f,5203
5202,f,5203
5199,e,5203
5201,e,5203
5201,f,5203
5200,f,5203
5200,e,5203
5204,f,5203
5204,e,5203
5199,f,5203
5200,f,5204
5203,d,5204
5203,f,5204
5205,d,5204
5205,b,5204
5204,f,5204
5203,b,5204
5205,f,5204
5202,d,5204
5201,f,5204
5200,d,5204
5200,b,5204
5201,b,5204
5201,d,5204
5204,d,5204
5202,b,5204
5202,f,5204
5204,b,5204
5206,c,5205
5206,f,5205
5205,d,5205
5206,d,5205
5204,f,5205
5204,d,5205
5205,f,5205
5205,c,5205
5204,c,5205
5201,d,5205
5203,f,5205
5201,c,5205
5201,f,5205
5202,d,5205
5203,c,5205
5203,d,5205
5202,c,5205
5202,f,5205
5203,e,5206
5206,e,5206
5205,e,5206
5207,e,5206
5202,e,5206
5204,e,5206
5203,a,5207
5205,a,5207
5208,a,5207
5204,a,5207
5206,a,5207
5207,a,5207
5209,b,5208
5208,e,5208
5208,d,5208
5208,b,5208
5207,e,5208
5207,d,5208
5207,b,5208
5209,d,5208
5204,e,5208
5209,e,5208
5204,d,5208
5206,e,5208
5206,d,5208
5206,b,5208
5204,b,5208
5205,b,5208
5205,d,5208
5205,e,5208
5209,c,5209
5209,f,5209
5208,f,5209
5208,c,5209
5206,f,5209
5210,c,5209
5205,f,5209
5207,f,5209
5207,c,5209
5210,f,5209
5206,c,5209
5205,c,5209
5209,e,5210
5210,e,5210
5207,e,5210
5208,e,5210
5206,e,5210
5211,e,5210
5208,f,5211
5209,f,5211
5212,f,5211
5207,f,5211
5210,f,5211
5211,f,5211
5212,e,5212
5213,e,5212
5211,e,5212
5208,e,5212
5210,e,5212
5209,e,5212
5210,f,5213
5211,f,5213
5209,f,5213
5212,f,5213
5214,f,5213
5213,f,5213
5215,f,5214
5213,f,5214
5210,f,5214
5212,f,5214
5211,f,5214
5214,f,5214
5215,b,5216
5214,b,5216
5217,b,5216
5216,b,5216
5213,b,5216
5212,b,5216
5214,c,5217
5214,f,5217
5213,c,5217
5215,c,5217
5215,f,5217
5218,f,5217
5216,c,5217
5216,f,5217
5218,c,5217
5213,f,5217
5217,f,5217
5217,c,5217
5219,e,5218
5218,e,5218
5217,e,5218
5214,e,5218
5216,e,5218
5215,e,5218
5220,f,5219
5216,f,5219
5217,f,5219
5219,f,5219
5215,f,5219
5218,f,5219
5219,d,5220
5221,d,5220
5216,d,5220
5220,d,5220
5217,d,5220
5218,d,5220
5221,a,5221
5220,f,5221
5221,f,5221
5222,a,5221
5220,a,5221
5222,f,5221
5218,a,5221
5219,f,5221
5219,a,5221
5217,a,5221
5217,f,5221
5218,f,5221
5221,b,5222
5222,d,5222
5222,b,5222
5219,d,5222
5221,d,5222
5223,b,5222
5223,d,5222
5218,d,5222
5220,d,5222
5220,b,5222
5218,b,5222
5219,b,5222
5223,c,5223
5223,f,5223
5222,f,5223
5222,c,5223
5219,f,5223
5224,c,5223
5221,f,5223
5221,c,5223
5220,c,5223
5220,f,5223
5224,f,5223
5219,c,5223
5223,e,5224
5221,e,5224
5222,e,5224
5220,e,5224
5225,e,5224
5224,e,5224
5225,f,5225
5224,f,5225
5226,f,5225
5222,f,5225
5221,f,5225
5223,f,5225
5226,d,5230
5227,d,5230
5228,d,5230
5230,d,5230
5229,d,5230
5231,d,5230
5232,f,5231
5230,f,5231
5231,f,5231
5229,f,5231
5228,f,5231
5227,f,5231
5229,b,5232
5232,b,5232
5228,b,5232
5230,b,5232
5233,b,5232
5231,b,5232
5232,a,5233
5233,c,5233
5232,f,5233
5233,a,5233
5234,a,5233
5233,f,5233
5234,f,5233
5232,c,5233
5231,f,5233
5234,c,5233
5231,c,5233
5229,a,5233
5230,c,5233
5230,a,5233
5231,a,5233
5229,f,5233
5229,c,5233
5230,f,5233
5233,b,5234
5233,d,5234
5231,b,5234
5233,e,5234
5235,b,5234
5234,e,5234
5234,f,5234
5234,d,5234
5234,b,5234
5235,d,5234
5233,f,5234
5235,f,5234
5230,e,5234
5231,d,5234
5231,f,5234
5232,e,5234
5232,f,5234
5232,d,5234
5232,b,5234
5230,b,5234
5230,d,5234
5230,f,5234
5235,e,5234
5231,e,5234
5236,c,5235
5236,a,5235
5235,a,5235
5234,c,5235
5234,f,5235
5235,f,5235
5235,c,5235
5234,a,5235
5236,f,5235
5233,f,5235
5233,a,5235
5231,f,5235
5231,c,5235
5231,a,5235
5233,c,5235
5232,f,5235
5232,c,5235
5232,a,5235
5232,d,5236
5232,b,5236
5237,b,5236
5232,e,5236
5235,e,5236
5236,d,5236
5236,b,5236
5235,b,5236
5235,d,5236
5236,e,5236
5234,e,5236
5234,d,5236
5234,b,5236
5237,d,5236
5233,b,5236
5233,d,5236
5233,e,5236
5237,e,5236
5236,a,5237
5236,c,5237
5236,f,5237
5237,f,5237
5237,c,5237
5237,a,5237
5238,a,5237
5238,c,5237
5233,c,5237
5235,a,5237
5233,a,5237
5234,a,5237
5234,c,5237
5234,f,5237
5235,f,5237
5235,c,5237
5233,f,5237
5238,f,5237
5237,a,5238
5239,e,5238
5238,a,5238
5239,b,5238
5238,e,5238
5238,d,5238
5237,b,5238
5237,e,5238
5238,b,5238
5239,d,5238
5239,a,5238
5237,d,5238
5234,a,5238
5234,b,5238
5234,d,5238
5234,e,5238
5235,e,5238
5235,d,5238
5236,e,5238
5236,d,5238
5236,b,5238
5236,a,5238
5235,b,5238
5235,a,5238
5235,d,5239
5235,b,5239
5235,a,5239
5238,a,5239
5236,f,5239
5238,d,5239
5238,c,5239
5240,b,5239
5240,a,5239
5239,f,5239
5239,c,5239
5239,d,5239
5239,b,5239
5238,b,5239
5238,f,5239
5240,d,5239
5240,f,5239
5236,d,5239
5236,b,5239
5240,c,5239
5235,f,5239
5235,c,5239
5237,a,5239
5237,b,5239
5236,a,5239
5237,c,5239
5237,d,5239
5236,c,5239
5239,a,5239
5237,f,5239
5240,c,5240
5239,e,5240
5239,f,5240
5239,c,5240
5239,d,5240
5240,d,5240
5240,b,5240
5241,b,5240
5241,d,5240
5241,c,5240
5241,f,5240
5241,e,5240
5240,e,5240
5239,b,5240
5240,f,5240
5237,e,5240
5237,c,5240
5237,d,5240
5237,b,5240
5238,b,5240
5236,b,5240
5236,e,5240
5237,f,5240
5238,c,5240
5238,f,5240
5238,e,5240
5236,f,5240
5236,c,5240
5236,d,5240
5238,d,5240
5241,e,5241
5240,e,5241
5240,f,5241
5240,c,5241
5241,f,5241
5241,c,5241
5237,f,5241
5237,e,5241
5242,c,5241
5242,f,5241
5242,e,5241
5239,e,5241
5239,f,5241
5239,c,5241
5238,c,5241
5238,f,5241
5238,e,5241
5237,c,5241
5238,e,5242
5241,e,5242
5241,f,5242
5238,f,5242
5242,e,5242
5243,e,5242
5240,e,5242
5240,f,5242
5242,f,5242
5239,e,5242
5239,f,5242
5243,f,5242
5242,f,5243
5244,f,5243
5243,f,5243
5240,f,5243
5241,f,5243
5239,f,5243
5242,e,5244
5240,e,5244
5244,e,5244
5243,e,5244
5241,e,5244
5245,e,5244
5247,c,5246
5246,c,5246
5245,c,5246
5242,c,5246
5244,c,5246
5243,c,5246
5243,e,5247
5245,e,5247
5248,e,5247
5244,e,5247
5246,e,5247
5247,e,5247
5244,f,5248
5248,e,5248
5248,f,5248
5247,e,5248
5249,e,5248
5247,f,5248
5249,f,5248
5246,e,5248
5246,f,5248
5244,e,5248
5245,f,5248
5245,e,5248
5249,b,5249
5249,f,5249
5248,f,5249
5248,b,5249
5250,b,5249
5246,b,5249
5246,f,5249
5247,f,5249
5247,b,5249
5245,b,5249
5245,f,5249
5250,f,5249
5250,f,5250
5250,e,5250
5251,c,5250
5249,e,5250
5249,f,5250
5249,c,5250
5251,f,5250
5251,e,5250
5250,c,5250
5246,f,5250
5248,e,5250
5248,f,5250
5248,c,5250
5246,c,5250
5246,e,5250
5247,e,5250
5247,f,5250
5247,c,5250
5248,e,5251
5252,f,5251
5251,e,5251
5251,f,5251
5250,e,5251
5252,e,5251
5247,f,5251
5250,f,5251
5249,f,5251
5249,e,5251
5248,f,5251
5247,e,5251
5248,f,5252
5251,f,5252
5250,f,5252
5252,f,5252
5253,f,5252
5249,f,5252
5255,c,5256
5255,b,5256
5257,b,5256
5257,c,5256
5254,c,5256
5254,b,5256
5256,b,5256
5253,c,5256
5253,b,5256
5252,c,5256
5252,b,5256
5256,c,5256
5258,f,5257
5257,e,5257
5257,f,5257
5257,c,5257
5256,e,5257
5256,f,5257
5256,c,5257
5258,c,5257
5258,e,5257
5255,c,5257
5255,e,5257
5255,f,5257
5253,c,5257
5253,f,5257
5253,e,5257
5254,c,5257
5254,f,5257
5254,e,5257
5257,e,5258
5258,e,5258
5258,f,5258
5257,f,5258
5254,f,5258
5259,f,5258
5255,e,5258
5255,f,5258
5259,e,5258
5256,f,5258
5256,e,5258
5254,e,5258
5255,f,5259
5260,c,5259
5258,c,5259
5260,f,5259
5259,f,5259
5257,f,5259
5257,c,5259
5255,c,5259
5256,c,5259
5256,f,5259
5259,c,5259
5258,f,5259
5259,c,5260
5261,c,5260
5260,e,5260
5261,e,5260
5260,c,5260
5259,e,5260
5257,c,5260
5258,e,5260
5258,c,5260
5256,c,5260
5256,e,5260
5257,e,5260
5258,e,5261
5262,e,5261
5262,f,5261
5262,d,5261
5261,f,5261
5261,d,5261
5260,e,5261
5260,f,5261
5260,d,5261
5261,e,5261
5257,d,5261
5258,f,5261
5258,d,5261
5259,d,5261
5259,f,5261
5259,e,5261
5257,e,5261
5257,f,5261
5259,f,5262
5263,f,5262
5260,f,5262
5258,f,5262
5261,f,5262
5262,f,5262
5263,c,5263
5259,c,5263
5264,c,5263
5262,c,5263
5261,c,5263
5260,c,5263
5265,e,5264
5264,e,5264
5265,b,5264
5263,e,5264
5263,b,5264
5260,b,5264
5264,b,5264
5262,e,5264
5262,b,5264
5260,e,5264
5261,b,5264
5261,e,5264
5266,f,5265
5265,f,5265
5264,f,5265
5264,c,5265
5265,c,5265
5266,c,5265
5261,f,5265
5263,f,5265
5263,c,5265
5262,f,5265
5262,c,5265
5261,c,5265
5263,e,5266
5264,e,5266
5262,e,5266
5265,e,5266
5267,e,5266
5266,e,5266
5268,f,5267
5267,f,5267
5263,f,5267
5265,f,5267
5264,f,5267
5266,f,5267
5270,b,5272
5271,b,5272
5271,a,5272
5273,a,5272
5273,b,5272
5270,a,5272
5269,a,5272
5269,b,5272
5272,b,5272
5268,b,5272
5268,a,5272
5272,a,5272
5273,f,5273
5274,d,5273
5274,c,5273
5273,c,5273
5273,d,5273
5273,b,5273
5272,f,5273
5272,c,5273
5272,d,5273
5274,f,5273
5274,b,5273
5272,b,5273
5270,f,5273
5270,d,5273
5270,b,5273
5269,f,5273
5271,f,5273
5271,c,5273
5271,d,5273
5271,b,5273
5270,c,5273
5269,b,5273
5269,d,5273
5269,c,5273
5273,c,5274
5273,f,5274
5271,f,5274
5274,c,5274
5274,f,5274
5274,e,5274
5275,c,5274
5275,f,5274
5271,c,5274
5275,e,5274
5273,e,5274
5272,c,5274
5271,e,5274
5270,e,5274
5270,f,5274
5270,c,5274
5272,e,5274
5272,f,5274
5271,b,5275
5275,f,5275
5275,e,5275
5276,b,5275
5274,e,5275
5274,f,5275
5274,b,5275
5271,f,5275
5271,e,5275
5275,b,5275
5276,e,5275
5272,e,5275
5273,e,5275
5273,f,5275
5273,b,5275
5272,b,5275
5276,f,5275
5272,f,5275
5277,c,5276
5277,f,5276
5275,f,5276
5275,c,5276
5276,f,5276
5276,c,5276
5276,d,5276
5275,d,5276
5277,d,5276
5273,d,5276
5272,c,5276
5274,f,5276
5274,c,5276
5272,f,5276
5274,d,5276
5272,d,5276
5273,f,5276
5273,c,5276
5274,e,5277
5277,e,5277
5276,e,5277
5276,f,5277
5278,f,5277
5273,f,5277
5278,e,5277
5275,e,5277
5275,f,5277
5274,f,5277
5273,e,5277
5277,f,5277
5279,f,5278
5277,f,5278
5278,f,5278
5276,f,5278
5274,f,5278
5275,f,5278
5276,e,5279
5279,e,5279
5280,e,5279
5275,e,5279
5277,e,5279
5278,e,5279
5278,e,5282
5283,e,5282
5282,e,5282
5281,e,5282
5279,e,5282
5280,e,5282
5280,f,5283
5281,f,5283
5279,f,5283
5282,f,5283
5283,f,5283
5284,f,5283
5284,f,5285
5285,f,5285
5286,f,5285
5281,f,5285
5282,f,5285
5283,f,5285
5290,d,5289
5289,e,5289
5288,d,5289
5289,d,5289
5288,e,5289
5287,e,5289
5290,e,5289
5286,e,5289
5286,d,5289
5285,e,5289
5287,d,5289
5285,d,5289
5287,f,5290
5286,f,5290
5288,f,5290
5289,f,5290
5290,f,5290
5291,f,5290
5293,d,5293
5292,d,5293
5291,d,5293
5294,d,5293
5290,d,5293
5289,d,5293
5291,f,5294
5292,f,5294
5293,f,5294
5290,f,5294
5295,f,5294
5294,f,5294
5297,e,5296
5295,e,5296
5296,e,5296
5293,e,5296
5294,e,5296
5292,e,5296
5294,f,5297
5293,f,5297
5295,f,5297
5296,f,5297
5297,f,5297
5298,f,5297
5302,b,5303
5304,b,5303
5301,b,5303
5300,b,5303
5299,b,5303
5303,b,5303
5304,f,5304
5304,c,5304
5305,f,5304
5303,c,5304
5303,f,5304
5305,c,5304
5300,f,5304
5300,c,5304
5302,f,5304
5302,c,5304
5301,c,5304
5301,f,5304
5306,e,5305
5305,e,5305
5304,e,5305
5302,e,5305
5303,e,5305
5301,e,5305
5307,f,5306
5304,f,5306
5306,f,5306
5302,f,5306
5303,f,5306
5305,f,5306
5306,c,5307
5308,c,5307
5303,c,5307
5307,c,5307
5304,c,5307
5305,c,5307
5308,f,5308
5309,f,5308
5309,e,5308
5307,e,5308
5307,f,5308
5308,e,5308
5305,f,5308
5304,f,5308
5306,e,5308
5306,f,5308
5304,e,5308
5305,e,5308
5310,f,5309
5309,f,5309
5308,f,5309
5306,f,5309
5305,f,5309
5307,f,5309
5308,f,5310
5306,f,5310
5307,f,5310
5309,f,5310
5310,f,5310
5311,f,5310
5313,d,5314
5315,d,5314
5315,c,5314
5312,c,5314
5313,c,5314
5312,d,5314
5310,c,5314
5311,c,5314
5311,d,5314
5314,c,5314
5310,d,5314
5314,d,5314
5315,e,5315
5315,c,5315
5314,e,5315
5314,f,5315
5316,e,5315
5314,c,5315
5315,f,5315
5316,f,5315
5312,e,5315
5311,c,5315
5313,e,5315
5313,f,5315
5313,c,5315
5316,c,5315
5311,f,5315
5311,e,5315
5312,f,5315
5312,c,5315
5316,f,5316
5316,e,5316
5315,e,5316
5315,f,5316
5313,e,5316
5317,f,5316
5314,e,5316
5314,f,5316
5312,f,5316
5317,e,5316
5313,f,5316
5312,e,5316
5316,f,5317
5317,f,5317
5313,f,5317
5315,f,5317
5314,f,5317
5318,f,5317
5315,c,5318
5314,c,5318
5316,c,5318
5319,c,5318
5318,c,5318
5317,c,5318
5319,e,5319
5319,c,5319
5318,e,5319
5318,c,5319
5320,e,5319
5320,c,5319
5315,c,5319
5317,e,5319
5317,c,5319
5315,e,5319
5316,e,5319
5316,c,5319
5317,f,5320
5321,f,5320
5321,d,5320
5320,e,5320
5320,f,5320
5320,d,5320
5317,d,5320
5319,e,5320
5321,e,5320
5319,f,5320
5316,d,5320
5318,e,5320
5318,f,5320
5318,d,5320
5316,f,5320
5316,e,5320
5317,e,5320
5319,d,5320
5318,f,5321
5319,f,5321
5320,f,5321
5322,f,5321
5317,f,5321
5321,f,5321
5322,e,5323
5321,e,5323
5319,e,5323
5320,e,5323
5324,e,5323
5323,e,5323
5324,f,5324
5325,f,5324
5320,f,5324
5322,f,5324
5321,f,5324
5323,f,5324
5323,c,5327
5327,c,5327
5326,c,5327
5328,c,5327
5324,c,5327
5325,c,5327
5325,e,5328
5328,e,5328
5324,e,5328
5326,e,5328
5329,e,5328
5327,e,5328
5328,f,5329
5329,f,5329
5330,f,5329
5327,f,5329
5325,f,5329
5326,f,5329
5331,a,5330
5329,a,5330
5327,a,5330
5326,a,5330
5328,a,5330
5330,a,5330
5330,b,5331
5332,b,5331
5330,c,5331
5331,b,5331
5331,d,5331
5331,c,5331
5330,d,5331
5332,d,5331
5332,c,5331
5329,c,5331
5328,b,5331
5327,c,5331
5327,d,5331
5327,b,5331
5328,c,5331
5328,d,5331
5329,d,5331
5329,b,5331
5332,f,5332
5332,e,5332
5333,c,5332
5331,e,5332
5331,f,5332
5331,c,5332
5333,f,5332
5333,e,5332
5332,c,5332
5329,c,5332
5330,e,5332
5330,f,5332
5329,f,5332
5329,e,5332
5330,c,5332
5328,c,5332
5328,f,5332
5328,e,5332
5330,e,5333
5333,e,5333
5333,f,5333
5329,f,5333
5334,f,5333
5334,e,5333
5332,e,5333
5332,f,5333
5329,e,5333
5331,e,5333
5330,f,5333
5331,f,5333
5332,f,5334
5335,f,5334
5334,f,5334
5331,f,5334
5333,f,5334
5330,f,5334
5334,d,5335
5335,d,5335
5336,d,5335
5333,d,5335
5331,d,5335
5332,d,5335
5333,c,5336
5337,f,5336
5337,e,5336
5336,e,5336
5336,f,5336
5336,c,5336
5336,d,5336
5333,d,5336
5335,f,5336
5335,c,5336
5335,d,5336
5337,c,5336
5335,e,5336
5337,d,5336
5332,e,5336
5332,f,5336
5334,d,5336
5334,c,5336
5332,d,5336
5334,e,5336
5333,e,5336
5333,f,5336
5334,f,5336
5332,c,5336
5337,f,5337
5337,e,5337
5336,e,5337
5336,f,5337
5333,f,5337
5333,e,5337
5338,f,5337
5334,e,5337
5338,e,5337
5335,e,5337
5335,f,5337
5334,f,5337
5339,f,5338
5338,b,5338
5338,d,5338
5337,d,5338
5337,b,5338
5338,f,5338
5339,b,5338
5337,f,5338
5339,d,5338
5335,f,5338
5334,d,5338
5335,d,5338
5335,b,5338
5334,f,5338
5336,d,5338
5336,f,5338
5336,b,5338
5334,b,5338
5340,a,5339
5335,c,5339
5338,f,5339
5338,c,5339
5338,a,5339
5339,f,5339
5339,c,5339
5339,a,5339
5335,a,5339
5340,c,5339
5340,f,5339
5336,a,5339
5336,f,5339
5337,f,5339
5337,c,5339
5337,a,5339
5335,f,5339
5336,c,5339
5341,e,5340
5341,c,5340
5339,b,5340
5339,d,5340
5339,c,5340
5340,d,5340
5340,b,5340
5341,d,5340
5341,b,5340
5340,e,5340
5340,c,5340
5336,c,5340
5336,e,5340
5339,e,5340
5337,b,5340
5338,d,5340
5337,e,5340
5337,c,5340
5336,d,5340
5338,e,5340
5338,c,5340
5336,b,5340
5338,b,5340
5337,d,5340
5337,c,5341
5340,c,5341
5342,f,5341
5340,e,5341
5341,c,5341
5341,f,5341
5341,e,5341
5342,e,5341
5340,f,5341
5337,f,5341
5342,c,5341
5339,e,5341
5338,e,5341
5338,f,5341
5338,c,5341
5339,c,5341
5339,f,5341
5337,e,5341
5338,f,5342
5342,c,5342
5342,f,5342
5342,e,5342
5341,e,5342
5341,f,5342
5341,c,5342
5338,c,5342
5340,c,5342
5343,c,5342
5339,e,5342
5339,f,5342
5339,c,5342
5340,f,5342
5340,e,5342
5338,e,5342
5343,e,5342
5343,f,5342
5343,f,5343
5342,e,5343
5343,a,5343
5342,f,5343
5342,a,5343
5344,e,5343
5344,f,5343
5343,e,5343
5344,a,5343
5339,a,5343
5340,e,5343
5340,f,5343
5339,f,5343
5339,e,5343
5340,a,5343
5341,e,5343
5341,f,5343
5341,a,5343
5340,d,5344
5343,b,5344
5343,d,5344
5343,c,5344
5345,d,5344
5345,c,5344
5340,b,5344
5345,b,5344
5344,b,5344
5344,d,5344
5343,f,5344
5344,c,5344
5344,f,5344
5345,f,5344
5341,f,5344
5341,c,5344
5341,d,5344
5341,b,5344
5340,c,5344
5342,b,5344
5340,f,5344
5342,c,5344
5342,f,5344
5342,d,5344
5346,f,5345
5344,e,5345
5344,f,5345
5346,c,5345
5345,e,5345
5344,c,5345
5345,f,5345
5346,e,5345
5341,e,5345
5345,c,5345
5341,c,5345
5342,c,5345
5342,f,5345
5341,f,5345
5343,e,5345
5343,f,5345
5343,c,5345
5342,e,5345
5343,e,5346
5347,f,5346
5345,e,5346
5345,f,5346
5342,f,5346
5347,e,5346
5342,e,5346
5344,e,5346
5344,f,5346
5343,f,5346
5346,f,5346
5346,e,5346
5347,b,5348
5349,b,5348
5348,b,5348
5345,b,5348
5344,b,5348
5346,b,5348
5349,c,5349
5349,f,5349
5348,f,5349
5350,f,5349
5348,c,5349
5350,c,5349
5347,f,5349
5347,c,5349
5346,f,5349
5346,c,5349
5345,f,5349
5345,c,5349
5351,e,5350
5347,e,5350
5346,e,5350
5348,e,5350
5350,e,5350
5349,e,5350
5351,f,5351
5350,f,5351
5350,a,5351
5351,a,5351
5352,a,5351
5347,f,5351
5349,f,5351
5347,a,5351
5348,f,5351
5348,a,5351
5352,f,5351
5349,a,5351
5352,b,5352
5351,d,5352
5353,b,5352
5353,d,5352
5351,b,5352
5352,d,5352
5348,d,5352
5350,d,5352
5350,b,5352
5349,b,5352
5349,d,5352
5348,b,5352
5353,c,5353
5353,f,5353
5352,f,5353
5352,c,5353
5349,c,5353
5354,c,5353
5351,f,5353
5351,c,5353
5349,f,5353
5350,c,5353
5350,f,5353
5354,f,5353
5354,c,5354
5354,e,5354
5353,e,5354
5353,c,5354
5350,e,5354
5355,c,5354
5355,e,5354
5351,c,5354
5351,e,5354
5352,e,5354
5352,c,5354
5350,c,5354
5351,f,5355
5351,e,5355
5355,e,5355
5355,f,5355
5356,e,5355
5354,f,5355
5353,e,5355
5353,f,5355
5352,f,5355
5352,e,5355
5356,f,5355
5354,e,5355
5355,f,5356
5356,b,5356
5355,b,5356
5356,f,5356
5357,b,5356
5352,b,5356
5354,f,5356
5354,b,5356
5357,f,5356
5352,f,5356
5353,b,5356
5353,f,5356
5353,f,5357
5356,c,5357
5357,f,5357
5358,c,5357
5357,c,5357
5356,f,5357
5355,f,5357
5355,c,5357
5353,c,5357
5354,c,5357
5354,f,5357
5358,f,5357
5359,e,5358
5358,e,5358
5359,b,5358
5358,b,5358
5357,b,5358
5357,e,5358
5356,e,5358
5355,e,5358
5354,b,5358
5356,b,5358
5354,e,5358
5355,b,5358
5360,c,5359
5360,f,5359
5358,f,5359
5358,c,5359
5356,f,5359
5355,c,5359
5357,f,5359
5357,c,5359
5355,f,5359
5356,c,5359
5359,c,5359
5359,f,5359
5360,e,5360
5361,e,5360
5359,e,5360
5356,e,5360
5358,e,5360
5357,e,5360
5359,f,5361
5357,f,5361
5360,f,5361
5361,f,5361
5362,f,5361
5358,f,5361
5366,e,5367
5366,f,5367
5367,e,5367
5365,e,5367
5367,f,5367
5365,f,5367
5363,e,5367
5368,f,5367
5368,e,5367
5364,e,5367
5364,f,5367
5363,f,5367
5368,b,5368
5368,f,5368
5367,f,5368
5367,b,5368
5369,b,5368
5369,f,5368
5364,f,5368
5364,b,5368
5366,f,5368
5366,b,5368
5365,f,5368
5365,b,5368
5369,f,5369
5368,f,5369
5370,a,5369
5370,c,5369
5370,f,5369
5368,c,5369
5368,a,5369
5369,c,5369
5369,a,5369
5367,a,5369
5365,c,5369
5366,f,5369
5365,a,5369
5366,c,5369
5365,f,5369
5367,c,5369
5366,a,5369
5367,f,5369
5367,b,5370
5371,e,5370
5366,b,5370
5366,d,5370
5370,d,5370
5370,e,5370
5369,b,5370
5369,d,5370
5369,e,5370
5370,b,5370
5367,e,5370
5368,e,5370
5368,d,5370
5368,b,5370
5366,e,5370
5367,d,5370
5371,b,5370
5371,d,5370
5372,d,5371
5370,d,5371
5372,c,5371
5370,c,5371
5370,f,5371
5372,a,5371
5371,f,5371
5371,c,5371
5371,d,5371
5371,a,5371
5370,a,5371
5372,f,5371
5367,d,5371
5368,f,5371
5367,c,5371
5367,f,5371
5367,a,5371
5368,a,5371
5368,d,5371
5368,c,5371
5369,d,5371
5369,f,5371
5369,a,5371
5369,c,5371
5373,d,5372
5372,c,5372
5372,f,5372
5372,e,5372
5371,b,5372
5371,d,5372
5371,f,5372
5371,e,5372
5372,b,5372
5373,e,5372
5373,f,5372
5373,c,5372
5373,b,5372
5372,d,5372
5371,c,5372
5368,b,5372
5368,d,5372
5369,c,5372
5369,d,5372
5370,b,5372
5369,b,5372
5369,e,5372
5370,d,5372
5369,f,5372
5370,f,5372
5370,e,5372
5368,e,5372
5368,f,5372
5368,c,5372
5370,c,5372
5373,e,5373
5373,f,5373
5374,f,5373
5372,e,5373
5372,f,5373
5372,c,5373
5374,c,5373
5369,c,5373
5369,e,5373
5374,e,5373
5371,e,5373
5371,f,5373
5371,c,5373
5370,c,5373
5370,f,5373
5370,e,5373
5369,f,5373
5373,c,5373
5374,f,5374
5374,e,5374
5375,f,5374
5373,e,5374
5373,f,5374
5375,e,5374
5370,f,5374
5372,e,5374
5371,f,5374
5370,e,5374
5371,e,5374
5372,f,5374
5376,f,5375
5374,f,5375
5374,a,5375
5371,a,5375
5371,f,5375
5376,a,5375
5375,f,5375
5373,f,5375
5373,a,5375
5372,a,5375
5372,f,5375
5375,a,5375
5377,b,5376
5375,b,5376
5375,d,5376
5376,d,5376
5376,b,5376
5377,d,5376
5372,d,5376
5374,d,5376
5373,d,5376
5373,b,5376
5372,b,5376
5374,b,5376
5377,d,5377
5376,c,5377
5377,c,5377
5378,b,5377
5378,d,5377
5378,c,5377
5376,d,5377
5376,b,5377
5377,b,5377
5373,b,5377
5373,d,5377
5373,c,5377
5375,c,5377
5375,d,5377
5375,b,5377
5374,b,5377
5374,d,5377
5374,c,5377
5374,c,5378
5378,c,5378
5379,c,5378
5379,f,5378
5379,e,5378
5377,e,5378
5377,f,5378
5377,c,5378
5378,e,5378
5374,f,5378
5376,e,5378
5376,f,5378
5376,c,5378
5374,e,5378
5375,c,5378
5375,f,5378
5375,e,5378
5378,f,5378
5379,e,5379
5380,f,5379
5380,e,5379
5375,f,5379
5378,e,5379
5375,e,5379
5379,f,5379
5378,f,5379
5376,f,5379
5376,e,5379
5377,f,5379
5377,e,5379
5380,f,5380
5381,f,5380
5376,f,5380
5379,f,5380
5378,f,5380
5377,f,5380
5377,d,5381
5379,d,5381
5382,d,5381
5381,d,5381
5378,d,5381
5380,d,5381
5382,b,5382
5381,f,5382
5381,b,5382
5382,f,5382
5383,f,5382
5383,b,5382
5380,f,5382
5380,b,5382
5379,f,5382
5378,b,5382
5378,f,5382
5379,b,5382
5380,f,5383
5383,c,5383
5383,f,5383
5382,f,5383
5382,c,5383
5380,c,5383
5384,c,5383
5381,f,5383
5381,c,5383
5379,c,5383
5379,f,5383
5384,f,5383
5384,a,5384
5383,e,5384
5383,d,5384
5383,a,5384
5384,d,5384
5385,e,5384
5384,e,5384
5385,a,5384
5385,d,5384
5382,a,5384
5380,a,5384
5381,d,5384
5381,a,5384
5380,e,5384
5382,e,5384
5382,d,5384
5381,e,5384
5380,d,5384
5384,a,5385
5384,b,5385
5384,d,5385
5384,f,5385
5382,f,5385
5382,d,5385
5385,a,5385
5385,b,5385
5385,d,5385
5385,f,5385
5386,a,5385
5386,b,5385
5386,d,5385
5381,a,5385
5386,f,5385
5381,d,5385
5382,a,5385
5382,b,5385
5381,f,5385
5383,b,5385
5383,d,5385
5383,f,5385
5383,a,5385
5381,b,5385
5386,c,5386
5386,d,5386
5386,b,5386
5387,b,5386
5385,f,5386
5385,c,5386
5385,d,5386
5385,b,5386
5382,c,5386
5382,f,5386
5382,d,5386
5382,b,5386
5386,f,5386
5384,b,5386
5387,d,5386
5387,c,5386
5387,f,5386
5383,f,5386
5383,c,5386
5384,f,5386
5384,c,5386
5384,d,5386
5383,d,5386
5383,b,5386
5388,f,5387
5388,e,5387
5386,b,5387
5386,e,5387
5386,f,5387
5388,c,5387
5387,e,5387
5387,f,5387
5387,c,5387
5387,b,5387
5386,c,5387
5388,b,5387
5385,b,5387
5383,b,5387
5383,c,5387
5383,f,5387
5385,e,5387
5385,f,5387
5385,c,5387
5383,e,5387
5384,b,5387
5384,c,5387
5384,f,5387
5384,e,5387
5387,c,5388
5388,e,5388
5387,e,5388
5387,f,5388
5388,c,5388
5384,c,5388
5384,e,5388
5389,c,5388
5389,f,5388
5389,e,5388
5386,e,5388
5386,f,5388
5386,c,5388
5385,c,5388
5385,f,5388
5385,e,5388
5384,f,5388
5388,f,5388
5390,e,5389
5389,f,5389
5388,e,5389
5388,f,5389
5385,f,5389
5387,e,5389
5387,f,5389
5385,e,5389
5389,e,5389
5386,e,5389
5386,f,5389
5390,f,5389
5391,f,5390
5390,f,5390
5388,f,5390
5387,f,5390
5386,f,5390
5389,f,5390
5396,b,5400
5397,b,5400
5398,b,5400
5401,b,5400
5399,b,5400
5400,b,5400
5402,c,5401
5401,f,5401
5401,c,5401
5400,f,5401
5400,c,5401
5402,f,5401
5399,c,5401
5397,c,5401
5397,f,5401
5398,c,5401
5398,f,5401
5399,f,5401
5399,b,5402
5402,e,5402
5403,b,5402
5401,e,5402
5401,b,5402
5403,e,5402
5400,e,5402
5400,b,5402
5398,b,5402
5398,e,5402
5402,b,5402
5399,e,5402
5404,f,5403
5402,f,5403
5402,c,5403
5403,c,5403
5404,c,5403
5403,f,5403
5401,f,5403
5401,c,5403
5400,f,5403
5400,c,5403
5399,c,5403
5399,f,5403
5404,e,5404
5401,e,5404
5402,e,5404
5400,e,5404
5403,e,5404
5405,e,5404
5406,f,5405
5405,f,5405
5404,f,5405
5401,f,5405
5402,f,5405
5403,f,5405
5405,c,5406
5406,c,5406
5402,c,5406
5407,c,5406
5404,c,5406
5403,c,5406
5404,e,5407
5403,e,5407
5405,e,5407
5408,e,5407
5407,e,5407
5406,e,5407
5408,f,5408
5407,f,5408
5407,d,5408
5408,d,5408
5409,f,5408
5409,d,5408
5406,d,5408
5404,d,5408
5405,f,5408
5404,f,5408
5405,d,5408
5406,f,5408
5409,a,5409
5409,f,5409
5408,f,5409
5408,a,5409
5410,a,5409
5406,a,5409
5407,f,5409
5407,a,5409
5405,a,5409
5405,f,5409
5406,f,5409
5410,f,5409
5409,d,5410
5411,d,5410
5409,b,5410
5411,b,5410
5410,b,5410
5410,d,5410
5406,b,5410
5408,d,5410
5408,b,5410
5406,d,5410
5407,b,5410
5407,d,5410
5411,c,5411
5411,f,5411
5412,c,5411
5410,f,5411
5410,c,5411
5407,c,5411
5412,f,5411
5409,f,5411
5409,c,5411
5407,f,5411
5408,c,5411
5408,f,5411
5412,a,5412
5412,e,5412
5413,a,5412
5413,e,5412
5411,a,5412
5408,e,5412
5408,a,5412
5411,e,5412
5410,a,5412
5409,e,5412
5410,e,5412
5409,a,5412
5413,d,5413
5413,f,5413
5412,d,5413
5412,b,5413
5409,b,5413
5409,d,5413
5409,f,5413
5412,f,5413
5414,b,5413
5414,d,5413
5411,f,5413
5411,d,5413
5411,b,5413
5414,f,5413
5410,b,5413
5410,d,5413
5410,f,5413
5413,b,5413
5415,c,5414
5413,f,5414
5413,c,5414
5414,f,5414
5410,c,5414
5412,f,5414
5412,c,5414
5410,f,5414
5411,f,5414
5411,c,5414
5415,f,5414
5414,c,5414
5415,e,5415
5414,e,5415
5416,e,5415
5413,e,5415
5412,e,5415
5411,e,5415
5413,f,5416
5414,f,5416
5417,f,5416
5412,f,5416
5415,f,5416
5416,f,5416
5417,e,5417
5418,e,5417
5416,e,5417
5413,e,5417
5415,e,5417
5414,e,5417
5415,f,5418
5416,f,5418
5418,f,5418
5414,f,5418
5417,f,5418
5419,f,5418
5418,a,5419
5419,a,5419
5420,a,5419
5415,a,5419
5417,a,5419
5416,a,5419
5421,b,5420
5421,d,5420
5417,b,5420
5419,b,5420
5419,d,5420
5418,d,5420
5417,d,5420
5416,b,5420
5416,d,5420
5420,d,5420
5420,b,5420
5418,b,5420
5420,d,5421
5420,b,5421
5421,b,5421
5420,f,5421
5421,d,5421
5421,c,5421
5421,f,5421
5422,b,5421
5422,d,5421
5422,f,5421
5422,c,5421
5420,c,5421
5417,f,5421
5418,d,5421
5418,c,5421
5418,f,5421
5419,f,5421
5419,c,5421
5419,d,5421
5419,b,5421
5418,b,5421
5417,b,5421
5417,d,5421
5417,c,5421
5421,c,5422
5421,f,5422
5419,e,5422
5422,e,5422
5423,c,5422
5423,f,5422
5423,e,5422
5419,f,5422
5421,e,5422
5422,f,5422
5422,c,5422
5418,e,5422
5418,f,5422
5420,c,5422
5419,c,5422
5420,f,5422
5420,e,5422
5418,c,5422
5420,f,5423
5419,f,5423
5421,e,5423
5421,f,5423
5420,e,5423
5422,f,5423
5422,e,5423
5423,e,5423
5423,f,5423
5419,e,5423
5424,e,5423
5424,f,5423
5424,f,5424
5423,f,5424
5420,f,5424
5425,f,5424
5421,f,5424
5422,f,5424
5425,d,5425
5424,d,5425
5424,b,5425
5421,b,5425
5421,d,5425
5426,d,5425
5426,b,5425
5423,d,5425
5423,b,5425
5425,b,5425
5422,b,5425
5422,d,5425
5426,c,5426
5426,f,5426
5425,f,5426
5425,c,5426
5425,b,5426
5427,f,5426
5427,c,5426
5426,b,5426
5427,b,5426
5424,b,5426
5423,c,5426
5423,b,5426
5422,f,5426
5424,f,5426
5424,c,5426
5423,f,5426
5422,b,5426
5422,c,5426
5424,f,5427
5426,a,5427
5426,c,5427
5426,f,5427
5424,c,5427
5427,a,5427
5427,f,5427
5427,e,5427
5428,a,5427
5428,c,5427
5428,f,5427
5428,e,5427
5427,c,5427
5423,a,5427
5426,e,5427
5423,f,5427
5423,c,5427
5425,a,5427
5424,a,5427
5425,c,5427
5425,f,5427
5423,e,5427
5424,e,5427
5425,e,5427
5424,f,5428
5428,f,5428
5424,d,5428
5429,b,5428
5427,e,5428
5427,f,5428
5427,d,5428
5427,b,5428
5424,e,5428
5424,b,5428
5428,e,5428
5428,d,5428
5428,b,5428
5429,d,5428
5429,f,5428
5429,e,5428
5425,e,5428
5426,e,5428
5426,f,5428
5425,f,5428
5425,d,5428
5425,b,5428
5426,d,5428
5426,b,5428
5428,f,5429
5429,f,5429
5430,f,5429
5429,c,5429
5428,c,5429
5430,c,5429
5427,f,5429
5425,c,5429
5425,f,5429
5426,c,5429
5427,c,5429
5426,f,5429
5429,e,5430
5430,e,5430
5430,b,5430
5431,e,5430
5429,b,5430
5431,b,5430
5426,e,5430
5428,e,5430
5427,e,5430
5427,b,5430
5426,b,5430
5428,b,5430
5431,c,5431
5431,f,5431
5430,f,5431
5430,c,5431
5427,f,5431
5427,c,5431
5432,f,5431
5429,f,5431
5429,c,5431
5428,c,5431
5428,f,5431
5432,c,5431
5432,e,5432
5431,e,5432
5430,e,5432
5433,e,5432
5428,e,5432
5429,e,5432
5433,f,5433
5432,f,5433
5432,b,5433
5429,b,5433
5434,b,5433
5434,f,5433
5431,f,5433
5431,b,5433
5429,f,5433
5433,b,5433
5430,b,5433
5430,f,5433
5434,f,5434
5434,c,5434
5435,f,5434
5433,e,5434
5433,f,5434
5433,c,5434
5435,e,5434
5434,e,5434
5435,c,5434
5431,e,5434
5432,e,5434
5432,f,5434
5432,c,5434
5430,c,5434
5430,f,5434
5430,e,5434
5431,c,5434
5431,f,5434
5432,e,5435
5435,e,5435
5435,f,5435
5434,e,5435
5434,f,5435
5431,f,5435
5431,e,5435
5433,e,5435
5433,f,5435
5432,f,5435
5436,e,5435
5436,f,5435
5432,f,5436
5434,f,5436
5437,f,5436
5433,f,5436
5435,f,5436
5436,f,5436
5437,d,5437
5436,d,5437
5438,d,5437
5433,d,5437
5435,d,5437
5434,d,5437
5435,f,5438
5439,d,5438
5438,f,5438
5438,d,5438
5437,f,5438
5437,d,5438
5439,f,5438
5434,d,5438
5436,f,5438
5435,d,5438
5436,d,5438
5434,f,5438
5439,f,5439
5435,f,5439
5440,f,5439
5436,f,5439
5438,f,5439
5437,f,5439
5440,a,5441
5442,a,5441
5437,a,5441
5439,a,5441
5441,a,5441
5438,a,5441
5443,b,5442
5441,d,5442
5442,d,5442
5441,b,5442
5443,d,5442
5442,b,5442
5440,b,5442
5439,d,5442
5439,b,5442
5438,d,5442
5438,b,5442
5440,d,5442
5443,f,5443
5443,c,5443
5444,c,5443
5442,f,5443
5442,c,5443
5444,f,5443
5439,f,5443
5441,f,5443
5439,c,5443
5440,c,5443
5441,c,5443
5440,f,5443
5441,e,5444
5444,e,5444
5443,e,5444
5442,e,5444
5440,e,5444
5445,e,5444
5441,f,5445
5445,f,5445
5443,f,5445
5446,f,5445
5442,f,5445
5444,f,5445
5446,f,5446
5445,f,5446
5447,f,5446
5444,f,5446
5443,f,5446
5442,f,5446
5449,e,5448
5445,e,5448
5446,e,5448
5448,e,5448
5447,e,5448
5444,e,5448
5449,f,5449
5448,e,5449
5448,f,5449
5445,f,5449
5450,f,5449
5445,e,5449
5449,e,5449
5446,e,5449
5446,f,5449
5450,e,5449
5447,e,5449
5447,f,5449
5449,f,5450
5447,f,5450
5448,f,5450
5451,f,5450
5446,f,5450
5450,f,5450
5451,e,5451
5450,e,5451
5448,e,5451
5449,e,5451
5447,e,5451
5452,e,5451
5448,f,5452
5450,f,5452
5453,f,5452
5452,f,5452
5451,f,5452
5449,f,5452
5453,c,5453
5454,c,5453
5452,c,5453
5449,c,5453
5451,c,5453
5450,c,5453
5451,e,5454
5452,e,5454
5450,e,5454
5453,e,5454
5455,e,5454
5454,e,5454
5451,c,5455
5456,f,5455
5456,c,5455
5455,f,5455
5455,c,5455
5451,f,5455
5454,c,5455
5454,f,5455
5452,f,5455
5453,f,5455
5453,c,5455
5452,c,5455
5453,e,5456
5454,e,5456
5452,e,5456
5455,e,5456
5457,e,5456
5456,e,5456
5457,f,5457
5456,f,5457
5453,f,5457
5455,f,5457
5454,f,5457
5458,f,5457
5461,a,5460
5459,a,5460
5458,a,5460
5460,a,5460
5456,a,5460
5457,a,5460
5461,d,5461
5460,d,5461
5460,b,5461
5462,b,5461
5462,d,5461
5461,b,5461
5457,b,5461
5459,d,5461
5459,b,5461
5457,d,5461
5458,d,5461
5458,b,5461
5463,f,5462
5461,f,5462
5461,c,5462
5462,f,5462
5462,c,5462
5463,c,5462
5460,f,5462
5460,c,5462
5458,c,5462
5458,f,5462
5459,f,5462
5459,c,5462
5460,e,5463
5464,e,5463
5462,e,5463
5463,e,5463
5461,e,5463
5459,e,5463
5462,f,5464
5465,f,5464
5460,f,5464
5464,f,5464
5461,f,5464
5463,f,5464
5467,d,5466
5464,d,5466
5462,d,5466
5465,d,5466
5463,d,5466
5466,d,5466
5468,f,5467
5466,c,5467
5467,f,5467
5467,c,5467
5466,f,5467
5464,c,5467
5465,f,5467
5465,c,5467
5464,f,5467
5463,f,5467
5463,c,5467
5468,c,5467
5469,e,5468
5464,e,5468
5466,e,5468
5468,e,5468
5467,e,5468
5465,e,5468
5469,c,5469
5468,f,5469
5468,c,5469
5469,f,5469
5465,f,5469
5470,c,5469
5467,c,5469
5465,c,5469
5470,f,5469
5466,f,5469
5467,f,5469
5466,c,5469
5470,a,5470
5470,b,5470
5470,e,5470
5469,e,5470
5469,b,5470
5469,a,5470
5471,a,5470
5471,b,5470
5471,e,5470
5467,a,5470
5468,e,5470
5468,b,5470
5468,a,5470
5466,a,5470
5467,b,5470
5466,b,5470
5466,e,5470
5467,e,5470
5472,c,5471
5470,b,5471
5470,d,5471
5472,b,5471
5472,d,5471
5471,d,5471
5471,f,5471
5472,f,5471
5470,f,5471
5470,c,5471
5471,b,5471
5471,c,5471
5467,c,5471
5467,b,5471
5467,d,5471
5467,f,5471
5468,b,5471
5468,d,5471
5468,c,5471
5469,b,5471
5468,f,5471
5469,d,5471
5469,c,5471
5469,f,5471
5468,e,5472
5472,e,5472
5469,e,5472
5473,c,5472
5473,f,5472
5473,e,5472
5471,e,5472
5471,f,5472
5471,c,5472
5469,c,5472
5469,f,5472
5468,c,5472
5468,f,5472
5470,e,5472
5470,f,5472
5470,c,5472
5472,c,5472
5472,f,5472
5473,f,5473
5473,e,5473
5473,d,5473
5474,d,5473
5474,f,5473
5472,e,5473
5472,f,5473
5472,d,5473
5474,e,5473
5469,e,5473
5471,e,5473
5469,d,5473
5469,f,5473
5470,e,5473
5471,d,5473
5471,f,5473
5470,d,5473
5470,f,5473
5474,f,5474
5470,f,5474
5472,f,5474
5475,f,5474
5471,f,5474
5473,f,5474
5474,c,5475
5474,f,5475
5476,c,5475
5475,c,5475
5473,f,5475
5473,c,5475
5472,f,5475
5472,c,5475
5471,c,5475
5471,f,5475
5476,f,5475
5475,f,5475
5476,e,5476
5477,e,5476
5474,e,5476
5473,e,5476
5472,e,5476
5475,e,5476
5475,f,5479
5476,f,5479
5477,f,5479
5480,f,5479
5478,f,5479
5479,f,5479
5476,d,5480
5477,d,5480
5479,d,5480
5478,d,5480
5481,d,5480
5480,d,5480
5481,a,5481
5480,f,5481
5481,f,5481
5480,a,5481
5482,f,5481
5482,a,5481
5479,f,5481
5479,a,5481
5478,f,5481
5477,a,5481
5477,f,5481
5478,a,5481
5482,b,5482
5482,d,5482
5481,d,5482
5481,b,5482
5479,b,5482
5483,b,5482
5480,d,5482
5480,b,5482
5478,b,5482
5478,d,5482
5483,d,5482
5479,d,5482
5482,f,5483
5483,c,5483
5484,f,5483
5482,c,5483
5483,f,5483
5484,c,5483
5481,c,5483
5480,f,5483
5479,f,5483
5480,c,5483
5479,c,5483
5481,f,5483
5482,f,5484
5482,e,5484
5485,e,5484
5480,f,5484
5484,f,5484
5481,f,5484
5483,f,5484
5483,e,5484
5485,f,5484
5484,e,5484
5480,e,5484
5481,e,5484
5485,f,5485
5484,f,5485
5486,f,5485
5481,f,5485
5483,f,5485
5482,f,5485
5483,a,5486
5484,a,5486
5487,a,5486
5482,a,5486
5485,a,5486
5486,a,5486
5488,d,5487
5487,d,5487
5487,b,5487
5486,d,5487
5486,b,5487
5488,b,5487
5485,d,5487
5483,b,5487
5484,b,5487
5484,d,5487
5485,b,5487
5483,d,5487
5485,c,5488
5488,c,5488
5488,f,5488
5487,f,5488
5487,c,5488
5484,c,5488
5485,f,5488
5489,c,5488
5489,f,5488
5486,f,5488
5486,c,5488
5484,f,5488
5488,e,5489
5488,a,5489
5489,a,5489
5489,e,5489
5490,e,5489
5489,b,5489
5490,b,5489
5488,b,5489
5485,a,5489
5490,a,5489
5485,b,5489
5486,e,5489
5486,b,5489
5486,a,5489
5485,e,5489
5487,e,5489
5487,b,5489
5487,a,5489
5489,b,5490
5489,d,5490
5489,f,5490
5486,b,5490
5490,f,5490
5490,c,5490
5490,d,5490
5490,b,5490
5489,c,5490
5487,d,5490
5487,c,5490
5486,c,5490
5487,f,5490
5491,b,5490
5491,d,5490
5488,f,5490
5488,c,5490
5488,d,5490
5488,b,5490
5486,d,5490
5486,f,5490
5491,f,5490
5487,b,5490
5491,c,5490
5491,c,5491
5490,e,5491
5492,c,5491
5490,f,5491
5490,c,5491
5492,f,5491
5488,c,5491
5488,e,5491
5487,c,5491
5487,f,5491
5487,e,5491
5491,f,5491
5488,f,5491
5492,e,5491
5491,e,5491
5489,c,5491
5489,f,5491
5489,e,5491
5493,e,5492
5493,d,5492
5491,e,5492
5491,f,5492
5492,e,5492
5492,f,5492
5493,f,5492
5492,d,5492
5489,e,5492
5488,e,5492
5490,e,5492
5491,d,5492
5490,f,5492
5490,d,5492
5489,f,5492
5489,d,5492
5488,d,5492
5488,f,5492
5494,f,5493
5493,f,5493
5490,f,5493
5492,f,5493
5489,f,5493
5491,f,5493
5492,e,5496
5493,e,5496
5494,e,5496
5495,e,5496
5497,e,5496
5496,e,5496
5498,f,5497
5497,f,5497
5496,f,5497
5494,f,5497
5495,f,5497
5493,f,5497
5496,b,5499
5497,b,5499
5500,b,5499
5498,b,5499
5495,b,5499
5499,b,5499
5501,c,5500
5500,f,5500
5501,f,5500
5500,c,5500
5499,c,5500
5499,f,5500
5497,c,5500
5498,f,5500
5498,c,5500
5497,f,5500
5496,f,5500
5496,c,5500
5502,e,5501
5498,e,5501
5499,e,5501
5501,e,5501
5497,e,5501
5500,e,5501
5502,f,5502
5501,f,5502
5501,a,5502
5498,a,5502
5503,a,5502
5498,f,5502
5500,f,5502
5502,a,5502
5499,f,5502
5499,a,5502
5503,f,5502
5500,a,5502
5502,d,5503
5502,b,5503
5503,b,5503
5503,d,5503
5501,b,5503
5504,b,5503
5501,d,5503
5504,d,5503
5499,b,5503
5499,d,5503
5500,b,5503
5500,d,5503
5504,c,5504
5504,f,5504
5503,f,5504
5503,c,5504
5500,c,5504
5505,c,5504
5505,f,5504
5502,f,5504
5502,c,5504
5500,f,5504
5501,c,5504
5501,f,5504
5506,e,5505
5505,e,5505
5504,e,5505
5503,e,5505
5501,e,5505
5502,e,5505
5507,b,5506
5507,f,5506
5505,f,5506
5505,b,5506
5506,f,5506
5502,b,5506
5504,f,5506
5504,b,5506
5502,f,5506
5503,b,5506
5503,f,5506
5506,b,5506
5507,f,5507
5508,f,5507
5507,c,5507
5503,f,5507
5506,f,5507
5506,c,5507
5508,c,5507
5503,c,5507
5505,f,5507
5505,c,5507
5504,c,5507
5504,f,5507
5506,e,5508
5505,e,5508
5504,e,5508
5507,e,5508
5509,e,5508
5508,e,5508
5505,f,5509
5510,f,5509
5510,c,5509
5509,f,5509
5509,c,5509
5508,f,5509
5508,c,5509
5507,f,5509
5507,c,5509
5506,f,5509
5506,c,5509
5505,c,5509
5507,e,5510
5508,e,5510
5506,e,5510
5509,e,5510
5511,e,5510
5510,e,5510
5512,f,5511
5511,f,5511
5509,f,5511
5507,f,5511
5508,f,5511
5510,f,5511
5515,c,5515
5516,c,5515
5513,c,5515
5514,c,5515
5512,c,5515
5511,c,5515
5513,e,5516
5516,e,5516
5512,e,5516
5515,e,5516
5517,e,5516
5514,e,5516
5518,b,5517
5517,f,5517
5516,f,5517
5516,b,5517
5513,b,5517
5513,f,5517
5514,f,5517
5515,f,5517
5517,b,5517
5515,b,5517
5514,b,5517
5518,f,5517
5518,f,5518
5517,f,5518
5517,c,5518
5519,c,5518
5519,f,5518
5518,c,5518
5516,f,5518
5516,c,5518
5515,f,5518
5515,c,5518
5514,f,5518
5514,c,5518
5516,e,5519
5517,e,5519
5515,e,5519
5518,e,5519
5520,e,5519
5519,e,5519
5521,f,5520
5516,f,5520
5519,f,5520
5520,f,5520
5518,f,5520
5517,f,5520
5519,d,5522
5522,d,5522
5518,d,5522
5521,d,5522
5523,d,5522
5520,d,5522
5520,f,5523
5523,f,5523
5524,b,5523
5522,f,5523
5522,b,5523
5519,b,5523
5520,b,5523
5524,f,5523
5521,f,5523
5519,f,5523
5523,b,5523
5521,b,5523
5524,f,5524
5525,c,5524
5523,f,5524
5523,c,5524
5525,f,5524
5524,c,5524
5521,f,5524
5520,f,5524
5522,f,5524
5521,c,5524
5520,c,5524
5522,c,5524
5525,e,5525
5524,e,5525
5521,e,5525
5523,e,5525
5522,e,5525
5526,e,5525
5526,c,5526
5522,f,5526
5526,f,5526
5525,f,5526
5525,c,5526
5522,c,5526
5527,c,5526
5524,f,5526
5524,c,5526
5523,f,5526
5523,c,5526
5527,f,5526
5524,e,5527
5525,e,5527
5523,e,5527
5526,e,5527
5527,e,5527
5528,e,5527
5528,f,5528
5527,f,5528
5525,f,5528
5526,f,5528
5524,f,5528
5529,f,5528
5526,d,5529
5525,d,5529
5527,d,5529
5530,d,5529
5529,d,5529
5528,d,5529
5531,d,5530
5531,f,5530
5529,f,5530
5529,d,5530
5530,f,5530
5530,d,5530
5528,f,5530
5528,d,5530
5527,f,5530
5527,d,5530
5526,f,5530
5526,d,5530
5527,f,5531
5529,f,5531
5530,f,5531
5528,f,5531
5531,f,5531
5532,f,5531
5533,f,5533
5532,f,5533
5534,f,5533
5530,f,5533
5529,f,5533
5531,f,5533
5539,c,5539
5537,c,5539
5538,c,5539
5536,c,5539
5535,c,5539
5540,c,5539
5537,e,5540
5538,e,5540
5541,e,5540
5540,e,5540
5539,e,5540
5536,e,5540
5542,f,5541
5542,c,5541
5541,f,5541
5541,c,5541
5540,f,5541
5540,c,5541
5538,c,5541
5539,f,5541
5539,c,5541
5538,f,5541
5537,f,5541
5537,c,5541
5539,e,5542
5540,e,5542
5538,e,5542
5541,e,5542
5543,e,5542
5542,e,5542
5544,f,5543
5543,f,5543
5541,f,5543
5539,f,5543
5540,f,5543
5542,f,5543
5548,f,5548
5547,f,5548
5549,f,5548
5545,f,5548
5544,f,5548
5546,f,5548
5552,e,5551
5552,d,5551
5551,e,5551
5551,d,5551
5550,e,5551
5549,e,5551
5550,d,5551
5548,e,5551
5548,d,5551
5547,e,5551
5547,d,5551
5549,d,5551
5549,f,5552
5548,f,5552
5550,f,5552
5551,f,5552
5552,f,5552
5553,f,5552
5556,d,5557
5557,d,5557
5555,d,5557
5558,d,5557
5554,d,5557
5553,d,5557
5555,f,5558
5554,f,5558
5556,f,5558
5559,f,5558
5557,f,5558
5558,f,5558
5559,d,5559
5558,d,5559
5560,d,5559
5557,d,5559
5556,d,5559
5555,d,5559
5557,f,5560
5558,f,5560
5556,f,5560
5559,f,5560
5561,f,5560
5560,f,5560
5561,a,5562
5562,a,5562
5560,a,5562
5563,a,5562
5559,a,5562
5558,a,5562
5563,d,5563
5562,d,5563
5562,b,5563
5563,b,5563
5564,b,5563
5564,d,5563
5559,d,5563
5559,b,5563
5561,d,5563
5561,b,5563
5560,d,5563
5560,b,5563
5565,f,5564
5564,f,5564
5563,f,5564
5565,b,5564
5565,c,5564
5563,c,5564
5563,b,5564
5564,c,5564
5564,b,5564
5561,f,5564
5560,b,5564
5560,c,5564
5562,f,5564
5562,c,5564
5562,b,5564
5560,f,5564
5561,b,5564
5561,c,5564
5561,c,5565
5565,f,5565
5565,e,5565
5566,c,5565
5564,e,5565
5564,f,5565
5564,c,5565
5565,c,5565
5561,f,5565
5566,f,5565
5566,e,5565
5563,e,5565
5563,f,5565
5563,c,5565
5561,e,5565
5562,c,5565
5562,f,5565
5562,e,5565
5566,f,5566
5565,e,5566
5565,f,5566
5566,e,5566
5562,f,5566
5567,f,5566
5567,e,5566
5564,e,5566
5562,e,5566
5563,f,5566
5564,f,5566
5563,e,5566
5564,f,5567
5565,f,5567
5567,f,5567
5566,f,5567
5568,f,5567
5563,f,5567
5569,c,5568
5567,c,5568
5568,a,5568
5568,c,5568
5569,a,5568
5567,a,5568
5566,c,5568
5566,a,5568
5564,a,5568
5564,c,5568
5565,a,5568
5565,c,5568
5566,e,5569
5570,e,5569
5570,d,5569
5570,b,5569
5569,e,5569
5569,d,5569
5569,b,5569
5566,d,5569
5568,d,5569
5568,b,5569
5565,b,5569
5568,e,5569
5565,e,5569
5567,e,5569
5567,d,5569
5567,b,5569
5565,d,5569
5566,b,5569
5570,c,5570
5566,c,5570
5566,f,5570
5566,e,5570
5571,c,5570
5571,f,5570
5569,e,5570
5569,f,5570
5569,c,5570
5570,e,5570
5571,e,5570
5568,e,5570
5568,f,5570
5568,c,5570
5567,c,5570
5567,f,5570
5567,e,5570
5570,f,5570
5572,f,5571
5571,f,5571
5571,e,5571
5570,e,5571
5572,e,5571
5567,f,5571
5569,e,5571
5569,f,5571
5568,e,5571
5568,f,5571
5570,f,5571
5567,e,5571
5569,f,5572
5570,f,5572
5568,f,5572
5571,f,5572
5573,f,5572
5572,f,5572
5574,d,5574
5573,d,5574
5572,d,5574
5575,d,5574
5570,d,5574
5571,d,5574
5572,a,5575
5575,f,5575
5574,f,5575
5574,a,5575
5576,a,5575
5576,f,5575
5575,a,5575
5572,f,5575
5573,f,5575
5573,a,5575
5571,a,5575
5571,f,5575
5577,b,5576
5577,d,5576
5575,d,5576
5575,b,5576
5576,d,5576
5576,b,5576
5572,b,5576
5574,d,5576
5574,b,5576
5572,d,5576
5573,b,5576
5573,d,5576
5574,f,5577
5578,f,5577
5577,f,5577
5577,c,5577
5576,f,5577
5576,c,5577
5578,c,5577
5573,f,5577
5574,c,5577
5575,c,5577
5575,f,5577
5573,c,5577
5575,e,5578
5576,e,5578
5579,e,5578
5578,e,5578
5574,e,5578
5577,e,5578
5576,f,5579
5578,f,5579
5577,f,5579
5580,f,5579
5579,f,5579
5575,f,5579
5580,a,5580
5579,a,5580
5581,a,5580
5578,a,5580
5576,a,5580
5577,a,5580
5581,d,5581
5580,d,5581
5580,b,5581
5578,b,5581
5582,d,5581
5582,b,5581
5579,d,5581
5579,b,5581
5577,b,5581
5577,d,5581
5581,b,5581
5578,d,5581
5581,f,5582
5583,f,5582
5582,f,5582
5581,c,5582
5583,c,5582
5582,c,5582
5580,c,5582
5578,c,5582
5580,f,5582
5578,f,5582
5579,c,5582
5579,f,5582
5583,c,5583
5583,e,5583
5582,e,5583
5582,c,5583
5584,c,5583
5579,c,5583
5581,e,5583
5581,c,5583
5579,e,5583
5580,c,5583
5580,e,5583
5584,e,5583
5585,e,5584
5584,f,5584
5584,e,5584
5583,e,5584
5583,f,5584
5580,f,5584
5585,f,5584
5582,e,5584
5582,f,5584
5581,f,5584
5581,e,5584
5580,e,5584
5582,f,5585
5585,c,5585
5585,f,5585
5584,f,5585
5584,c,5585
5581,f,5585
5586,c,5585
5586,f,5585
5583,f,5585
5583,c,5585
5582,c,5585
5581,c,5585
5586,e,5586
5585,e,5586
5587,e,5586
5583,e,5586
5584,e,5586
5582,e,5586
5586,f,5587
5587,f,5587
5587,a,5587
5588,f,5587
5586,a,5587
5583,a,5587
5583,f,5587
5588,a,5587
5585,f,5587
5585,a,5587
5584,a,5587
5584,f,5587
5584,b,5588
5585,d,5588
5589,d,5588
5585,b,5588
5586,b,5588
5586,d,5588
5589,b,5588
5584,d,5588
5588,b,5588
5588,d,5588
5587,b,5588
5587,d,5588
5589,f,5589
5589,c,5589
5588,c,5589
5588,f,5589
5587,c,5589
5590,c,5589
5587,f,5589
5590,f,5589
5585,c,5589
5585,f,5589
5586,c,5589
5586,f,5589
5590,c,5590
5590,e,5590
5589,e,5590
5589,c,5590
5591,e,5590
5591,c,5590
5588,e,5590
5588,c,5590
5586,c,5590
5586,e,5590
5587,c,5590
5587,e,5590
5590,f,5591
5591,e,5591
5591,f,5591
5590,e,5591
5592,f,5591
5589,e,5591
5589,f,5591
5587,f,5591
5592,e,5591
5587,e,5591
5588,f,5591
5588,e,5591
5593,b,5592
5592,b,5592
5592,f,5592
5591,f,5592
5591,b,5592
5593,f,5592
5588,b,5592
5589,b,5592
5590,f,5592
5590,b,5592
5588,f,5592
5589,f,5592
5594,b,5593
5593,e,5593
5592,b,5593
5592,c,5593
5592,f,5593
5593,c,5593
5594,e,5593
5592,e,5593
5593,f,5593
5594,f,5593
5593,b,5593
5594,c,5593
5590,b,5593
5589,b,5593
5590,c,5593
5589,e,5593
5589,f,5593
5589,c,5593
5590,e,5593
5591,b,5593
5590,f,5593
5591,f,5593
5591,e,5593
5591,c,5593
5594,c,5594
5594,f,5594
5593,e,5594
5593,c,5594
5594,e,5594
5595,c,5594
5595,e,5594
5593,f,5594
5595,f,5594
5590,f,5594
5591,e,5594
5591,f,5594
5591,c,5594
5590,e,5594
5590,c,5594
5592,f,5594
5592,e,5594
5592,c,5594
5596,e,5595
5595,f,5595
5595,e,5595
5594,e,5595
5594,f,5595
5591,f,5595
5592,e,5595
5593,f,5595
5593,e,5595
5596,f,5595
5592,f,5595
5591,e,5595
5597,f,5596
5596,a,5596
5595,f,5596
5595,a,5596
5596,f,5596
5597,a,5596
5592,f,5596
5594,f,5596
5594,a,5596
5592,a,5596
5593,a,5596
5593,f,5596
5594,d,5597
5597,d,5597
5597,b,5597
5596,d,5597
5598,d,5597
5596,b,5597
5593,d,5597
5595,d,5597
5595,b,5597
5594,b,5597
5593,b,5597
5598,b,5597
5595,c,5598
5596,c,5598
5594,c,5598
5599,c,5598
5597,c,5598
5598,c,5598
5600,e,5599
5598,e,5599
5599,e,5599
5597,e,5599
5595,e,5599
5596,e,5599
5597,f,5600
5600,f,5600
5601,f,5600
5596,f,5600
5599,f,5600
5598,f,5600
5600,b,5601
5599,b,5601
5601,b,5601
5598,b,5601
5602,b,5601
5597,b,5601
5602,c,5602
5601,f,5602
5601,c,5602
5602,f,5602
5603,c,5602
5600,c,5602
5599,f,5602
5599,c,5602
5603,f,5602
5598,c,5602
5598,f,5602
5600,f,5602
5600,f,5603
5603,f,5603
5603,e,5603
5602,e,5603
5602,f,5603
5604,e,5603
5601,e,5603
5601,f,5603
5599,f,5603
5599,e,5603
5604,f,5603
5600,e,5603
5603,f,5604
5604,a,5604
5603,a,5604
5604,f,5604
5605,f,5604
5605,a,5604
5600,a,5604
5601,a,5604
5601,f,5604
5602,f,5604
5602,a,5604
5600,f,5604
5601,b,5605
5606,b,5605
5606,d,5605
5605,b,5605
5604,d,5605
5604,b,5605
5603,d,5605
5603,b,5605
5601,d,5605
5602,b,5605
5602,d,5605
5605,d,5605
5605,a,5606
5605,f,5606
5605,c,5606
5602,f,5606
5606,f,5606
5607,a,5606
5607,c,5606
5607,f,5606
5606,c,5606
5606,a,5606
5602,c,5606
5604,a,5606
5602,a,5606
5603,a,5606
5603,c,5606
5603,f,5606
5604,f,5606
5604,c,5606
5603,b,5607
5606,b,5607
5606,d,5607
5606,f,5607
5603,e,5607
5608,b,5607
5603,d,5607
5607,e,5607
5607,f,5607
5606,e,5607
5603,f,5607
5607,d,5607
5608,d,5607
5608,f,5607
5608,e,5607
5605,e,5607
5605,f,5607
5605,d,5607
5605,b,5607
5604,e,5607
5604,f,5607
5604,b,5607
5604,d,5607
5607,b,5607
5608,f,5608
5607,f,5608
5608,c,5608
5607,c,5608
5609,c,5608
5609,f,5608
5606,f,5608
5604,c,5608
5606,c,5608
5605,f,5608
5605,c,5608
5604,f,5608
5606,e,5609
5610,f,5609
5609,e,5609
5609,f,5609
5608,e,5609
5608,f,5609
5610,e,5609
5605,e,5609
5607,e,5609
5607,f,5609
5605,f,5609
5606,f,5609
5608,f,5610
5607,f,5610
5609,f,5610
5611,f,5610
5606,f,5610
5610,f,5610
5612,c,5612
5611,c,5612
5610,c,5612
5613,c,5612
5608,c,5612
5609,c,5612
5610,a,5613
5613,a,5613
5612,e,5613
5612,a,5613
5613,e,5613
5614,a,5613
5609,e,5613
5614,e,5613
5611,a,5613
5609,a,5613
5610,e,5613
5611,e,5613
5614,a,5614
5615,d,5614
5613,f,5614
5613,d,5614
5613,b,5614
5613,a,5614
5614,b,5614
5614,f,5614
5615,f,5614
5614,d,5614
5612,b,5614
5615,a,5614
5611,d,5614
5611,b,5614
5611,a,5614
5610,f,5614
5610,d,5614
5611,f,5614
5610,b,5614
5612,a,5614
5612,f,5614
5610,a,5614
5615,b,5614
5612,d,5614
5614,c,5615
5616,d,5615
5614,b,5615
5614,f,5615
5615,f,5615
5615,c,5615
5615,d,5615
5615,b,5615
5616,b,5615
5614,d,5615
5612,b,5615
5611,f,5615
5612,d,5615
5612,c,5615
5612,f,5615
5616,f,5615
5611,c,5615
5611,d,5615
5611,b,5615
5616,c,5615
5613,d,5615
5613,c,5615
5613,f,5615
5613,b,5615
5616,e,5616
5617,b,5616
5615,f,5616
5615,c,5616
5615,b,5616
5617,c,5616
5617,f,5616
5617,e,5616
5615,e,5616
5616,f,5616
5616,c,5616
5616,b,5616
5612,b,5616
5613,e,5616
5613,f,5616
5612,c,5616
5612,f,5616
5612,e,5616
5614,e,5616
5614,f,5616
5614,c,5616
5614,b,5616
5613,c,5616
5613,b,5616
5616,d,5617
5613,b,5617
5616,b,5617
5616,e,5617
5616,c,5617
5616,f,5617
5617,f,5617
5617,b,5617
5617,d,5617
5617,c,5617
5618,b,5617
5613,c,5617
5613,d,5617
5618,d,5617
5614,e,5617
5614,f,5617
5614,c,5617
5614,d,5617
5614,b,5617
5613,f,5617
5613,e,5617
5615,b,5617
5617,e,5617
5615,c,5617
5615,f,5617
5615,e,5617
5618,e,5617
5618,f,5617
5618,c,5617
5615,d,5617
5619,c,5618
5619,e,5618
5617,e,5618
5617,f,5618
5618,c,5618
5617,c,5618
5618,f,5618
5619,f,5618
5614,f,5618
5614,e,5618
5616,e,5618
5616,f,5618
5616,c,5618
5618,e,5618
5615,e,5618
5615,f,5618
5615,c,5618
5614,c,5618
5619,e,5619
5620,f,5619
5620,e,5619
5619,f,5619
5618,e,5619
5616,e,5619
5617,e,5619
5617,f,5619
5616,f,5619
5615,e,5619
5615,f,5619
5618,f,5619
5618,e,5621
5617,e,5621
5619,e,5621
5622,e,5621
5620,e,5621
5621,e,5621
5623,f,5622
5621,f,5622
5622,f,5622
5619,f,5622
5618,f,5622
5620,f,5622
5621,e,5625
5625,e,5625
5623,e,5625
5624,e,5625
5626,e,5625
5622,e,5625
5626,f,5626
5625,f,5626
5625,a,5626
5622,a,5626
5624,f,5626
5622,f,5626
5626,a,5626
5627,f,5626
5623,f,5626
5623,a,5626
5624,a,5626
5627,a,5626
5627,d,5627
5626,d,5627
5626,b,5627
5627,b,5627
5628,b,5627
5624,d,5627
5625,d,5627
5625,b,5627
5623,b,5627
5623,d,5627
5624,b,5627
5628,d,5627
5628,c,5628
5628,f,5628
5627,f,5628
5627,c,5628
5625,f,5628
5629,f,5628
5626,f,5628
5626,c,5628
5624,c,5628
5624,f,5628
5625,c,5628
5629,c,5628
5628,e,5629
5629,a,5629
5630,e,5629
5628,a,5629
5629,e,5629
5630,a,5629
5627,e,5629
5627,a,5629
5625,a,5629
5625,e,5629
5626,a,5629
5626,e,5629
5629,f,5630
5631,f,5630
5630,f,5630
5630,d,5630
5630,b,5630
5629,d,5630
5629,b,5630
5626,b,5630
5626,d,5630
5631,b,5630
5627,d,5630
5627,b,5630
5628,f,5630
5628,d,5630
5628,b,5630
5631,d,5630
5626,f,5630
5627,f,5630
5627,f,5631
5632,c,5631
5632,f,5631
5631,c,5631
5630,c,5631
5629,f,5631
5629,c,5631
5627,c,5631
5628,c,5631
5628,f,5631
5631,f,5631
5630,f,5631
5631,b,5632
5631,d,5632
5633,d,5632
5633,b,5632
5632,b,5632
5632,d,5632
5632,e,5632
5633,e,5632
5631,e,5632
5629,d,5632
5628,b,5632
5628,d,5632
5628,e,5632
5629,e,5632
5630,e,5632
5630,d,5632
5630,b,5632
5629,b,5632
5629,a,5633
5634,a,5633
5634,c,5633
5632,c,5633
5629,c,5633
5633,f,5633
5633,c,5633
5632,a,5633
5632,f,5633
5633,a,5633
5631,f,5633
5631,c,5633
5631,a,5633
5629,f,5633
5630,a,5633
5630,c,5633
5630,f,5633
5634,f,5633
5634,b,5634
5634,d,5634
5634,e,5634
5633,e,5634
5633,d,5634
5633,b,5634
5635,e,5634
5630,e,5634
5635,d,5634
5630,d,5634
5630,b,5634
5632,e,5634
5632,d,5634
5632,b,5634
5631,b,5634
5635,b,5634
5631,d,5634
5631,e,5634
5635,c,5635
5635,f,5635
5634,f,5635
5634,c,5635
5631,f,5635
5636,c,5635
5636,f,5635
5633,f,5635
5633,c,5635
5632,c,5635
5631,c,5635
5632,f,5635
5637,e,5636
5636,e,5636
5635,e,5636
5632,e,5636
5634,e,5636
5633,e,5636
5634,f,5637
5638,c,5637
5637,f,5637
5637,c,5637
5636,f,5637
5636,c,5637
5638,f,5637
5633,f,5637
5633,c,5637
5634,c,5637
5635,c,5637
5635,f,5637
5638,e,5638
5637,e,5638
5639,e,5638
5636,e,5638
5635,e,5638
5634,e,5638
5636,f,5639
5639,f,5639
5640,f,5639
5638,f,5639
5635,f,5639
5637,f,5639
5641,b,5641
5639,b,5641
5640,b,5641
5638,b,5641
5637,b,5641
5642,b,5641
5642,c,5642
5642,b,5642
5641,f,5642
5641,c,5642
5641,b,5642
5641,a,5642
5640,f,5642
5640,c,5642
5640,b,5642
5642,f,5642
5642,a,5642
5639,c,5642
5643,c,5642
5643,a,5642
5643,f,5642
5643,b,5642
5638,a,5642
5638,b,5642
5638,c,5642
5638,f,5642
5639,a,5642
5639,b,5642
5640,a,5642
5639,f,5642
5644,c,5643
5644,f,5643
5643,f,5643
5642,d,5643
5642,c,5643
5642,f,5643
5642,e,5643
5644,d,5643
5644,b,5643
5643,e,5643
5643,c,5643
5642,b,5643
5644,e,5643
5640,d,5643
5640,f,5643
5643,b,5643
5639,b,5643
5639,d,5643
5639,c,5643
5639,f,5643
5639,e,5643
5640,b,5643
5640,c,5643
5640,e,5643
5643,d,5643
5641,b,5643
5641,e,5643
5641,f,5643
5641,c,5643
5641,d,5643
5644,f,5644
5644,e,5644
5645,c,5644
5645,f,5644
5643,c,5644
5643,f,5644
5643,e,5644
5645,b,5644
5644,b,5644
5645,e,5644
5643,b,5644
5644,c,5644
5640,f,5644
5640,b,5644
5640,c,5644
5640,e,5644
5641,b,5644
5641,c,5644
5641,f,5644
5642,b,5644
5642,c,5644
5641,e,5644
5642,f,5644
5642,e,5644
5644,c,5645
5645,c,5645
5642,e,5645
5642,f,5645
5646,c,5645
5646,f,5645
5646,e,5645
5644,e,5645
5644,f,5645
5643,e,5645
5645,e,5645
5645,f,5645
5641,c,5645
5641,f,5645
5641,e,5645
5643,c,5645
5643,f,5645
5642,c,5645
5646,f,5646
5646,e,5646
5645,e,5646
5645,f,5646
5647,f,5646
5647,e,5646
5642,f,5646
5644,e,5646
5644,f,5646
5643,e,5646
5643,f,5646
5642,e,5646
5647,f,5647
5645,f,5647
5644,f,5647
5643,f,5647
5646,f,5647
5648,f,5647
5649,d,5648
5648,d,5648
5646,d,5648
5644,d,5648
5645,d,5648
5647,d,5648
5653,f,5652
5652,f,5652
5650,f,5652
5651,f,5652
5649,f,5652
5648,f,5652
5653,b,5653
5654,b,5653
5651,b,5653
5652,b,5653
5649,b,5653
5650,b,5653
5654,f,5654
5654,e,5654
5653,e,5654
5653,f,5654
5653,c,5654
5650,c,5654
5655,c,5654
5654,c,5654
5655,e,5654
5651,c,5654
5652,e,5654
5652,f,5654
5652,c,5654
5650,e,5654
5650,f,5654
5651,e,5654
5651,f,5654
5655,f,5654
5656,f,5655
5656,e,5655
5654,e,5655
5654,f,5655
5655,f,5655
5655,e,5655
5653,e,5655
5653,f,5655
5651,f,5655
5651,e,5655
5652,e,5655
5652,f,5655
5653,e,5656
5657,e,5656
5656,e,5656
5656,f,5656
5655,e,5656
5655,f,5656
5657,f,5656
5652,f,5656
5652,e,5656
5654,e,5656
5654,f,5656
5653,f,5656
5655,f,5657
5654,f,5657
5656,f,5657
5657,f,5657
5658,f,5657
5653,f,5657
5659,f,5658
5657,f,5658
5658,f,5658
5656,f,5658
5654,f,5658
5655,f,5658
5661,a,5660
5661,d,5660
5658,d,5660
5658,a,5660
5659,d,5660
5659,a,5660
5660,a,5660
5660,d,5660
5657,d,5660
5657,a,5660
5656,d,5660
5656,a,5660
5662,d,5661
5661,f,5661
5661,d,5661
5661,b,5661
5660,f,5661
5660,d,5661
5660,b,5661
5662,b,5661
5662,f,5661
5659,b,5661
5657,d,5661
5659,f,5661
5659,d,5661
5657,b,5661
5657,f,5661
5658,f,5661
5658,d,5661
5658,b,5661
5663,f,5662
5663,c,5662
5662,f,5662
5662,c,5662
5661,f,5662
5661,c,5662
5659,f,5662
5658,f,5662
5658,c,5662
5659,c,5662
5660,f,5662
5660,c,5662
5664,e,5663
5659,e,5663
5662,e,5663
5663,e,5663
5661,e,5663
5660,e,5663
5662,f,5664
5660,f,5664
5661,f,5664
5663,f,5664
5664,f,5664
5665,f,5664
5669,d,5668
5664,d,5668
5665,d,5668
5666,d,5668
5667,d,5668
5668,d,5668
5670,f,5669
5669,f,5669
5668,f,5669
5667,f,5669
5666,f,5669
5665,f,5669
5668,f,5671
5669,f,5671
5672,f,5671
5667,f,5671
5671,f,5671
5670,f,5671
5673,b,5672
5672,b,5672
5670,b,5672
5671,b,5672
5668,b,5672
5669,b,5672
5670,b,5673
5673,c,5673
5673,f,5673
5674,b,5673
5672,f,5673
5672,c,5673
5672,b,5673
5674,c,5673
5669,f,5673
5674,f,5673
5673,b,5673
5670,c,5673
5671,f,5673
5671,c,5673
5671,b,5673
5669,b,5673
5669,c,5673
5670,f,5673
5673,c,5674
5673,f,5674
5674,f,5674
5675,f,5674
5675,e,5674
5674,e,5674
5674,c,5674
5673,e,5674
5675,c,5674
5671,c,5674
5672,e,5674
5672,f,5674
5670,c,5674
5672,c,5674
5670,f,5674
5671,e,5674
5671,f,5674
5670,e,5674
5672,e,5675
5676,f,5675
5675,e,5675
5675,f,5675
5674,e,5675
5674,f,5675
5671,f,5675
5671,e,5675
5673,e,5675
5673,f,5675
5672,f,5675
5676,e,5675
5674,f,5676
5673,f,5676
5675,f,5676
5672,f,5676
5677,f,5676
5676,f,5676
5678,c,5678
5677,c,5678
5675,c,5678
5679,c,5678
5674,c,5678
5676,c,5678
5678,e,5679
5680,e,5679
5677,e,5679
5676,e,5679
5675,e,5679
5679,e,5679
5680,f,5680
5680,b,5680
5681,b,5680
5679,f,5680
5679,c,5680
5681,c,5680
5681,f,5680
5679,b,5680
5680,c,5680
5676,f,5680
5677,f,5680
5677,b,5680
5678,f,5680
5678,c,5680
5678,b,5680
5677,c,5680
5676,b,5680
5676,c,5680
5680,c,5681
5680,f,5681
5680,e,5681
5678,f,5681
5681,f,5681
5681,e,5681
5682,c,5681
5682,f,5681
5678,c,5681
5681,c,5681
5682,e,5681
5677,e,5681
5678,e,5681
5679,e,5681
5677,c,5681
5679,f,5681
5679,c,5681
5677,f,5681
5682,b,5682
5678,b,5682
5683,b,5682
5683,f,5682
5681,e,5682
5681,f,5682
5681,b,5682
5678,f,5682
5678,e,5682
5683,e,5682
5680,e,5682
5680,f,5682
5680,b,5682
5679,b,5682
5679,f,5682
5679,e,5682
5682,f,5682
5682,e,5682
5683,c,5683
5683,f,5683
5684,c,5683
5682,f,5683
5682,c,5683
5684,f,5683
5679,f,5683
5681,f,5683
5681,c,5683
5680,f,5683
5680,c,5683
5679,c,5683
5682,e,5684
5681,e,5684
5680,e,5684
5683,e,5684
5685,e,5684
5684,e,5684
5681,f,5685
5686,f,5685
5684,f,5685
5683,f,5685
5682,f,5685
5685,f,5685
5686,c,5687
5685,c,5687
5687,c,5687
5688,c,5687
5683,c,5687
5684,c,5687
5688,b,5688
5688,e,5688
5687,e,5688
5687,b,5688
5689,b,5688
5689,e,5688
5684,e,5688
5685,b,5688
5686,e,5688
5686,b,5688
5684,b,5688
5685,e,5688
5688,f,5689
5689,f,5689
5690,d,5689
5690,c,5689
5688,c,5689
5688,d,5689
5689,c,5689
5689,d,5689
5690,f,5689
5685,f,5689
5687,f,5689
5687,c,5689
5687,d,5689
5685,d,5689
5685,c,5689
5686,d,5689
5686,f,5689
5686,c,5689
5690,e,5690
5690,f,5690
5689,e,5690
5689,f,5690
5691,e,5690
5687,e,5690
5688,e,5690
5688,f,5690
5686,e,5690
5687,f,5690
5686,f,5690
5691,f,5690
5688,f,5691
5689,f,5691
5692,f,5691
5687,f,5691
5691,f,5691
5690,f,5691
5692,f,5692
5692,e,5692
5691,e,5692
5691,f,5692
5690,f,5692
5693,f,5692
5690,e,5692
5693,e,5692
5688,f,5692
5688,e,5692
5689,f,5692
5689,e,5692
5693,a,5693
5693,f,5693
5692,f,5693
5692,a,5693
5694,a,5693
5690,a,5693
5690,f,5693
5691,f,5693
5691,a,5693
5689,a,5693
5689,f,5693
5694,f,5693
5694,d,5694
5695,c,5694
5694,c,5694
5693,c,5694
5693,d,5694
5693,b,5694
5695,b,5694
5695,d,5694
5694,b,5694
5692,d,5694
5690,b,5694
5691,d,5694
5691,c,5694
5691,b,5694
5690,d,5694
5692,b,5694
5690,c,5694
5692,c,5694
5693,c,5695
5693,e,5695
5692,c,5695
5695,c,5695
5691,e,5695
5694,e,5695
5694,c,5695
5695,e,5695
5691,c,5695
5692,e,5695
5696,e,5695
5696,c,5695
5697,a,5696
5695,a,5696
5695,f,5696
5695,e,5696
5696,e,5696
5696,f,5696
5696,a,5696
5697,f,5696
5697,e,5696
5692,f,5696
5694,f,5696
5692,a,5696
5693,a,5696
5694,e,5696
5692,e,5696
5693,f,5696
5694,a,5696
5693,e,5696
5696,b,5697
5696,d,5697
5696,f,5697
5697,d,5697
5698,b,5697
5697,e,5697
5698,f,5697
5696,e,5697
5697,f,5697
5697,b,5697
5698,d,5697
5693,b,5697
5694,e,5697
5698,e,5697
5693,d,5697
5693,f,5697
5695,e,5697
5695,f,5697
5695,d,5697
5695,b,5697
5694,d,5697
5694,f,5697
5694,b,5697
5693,e,5697
5697,c,5698
5694,c,5698
5697,e,5698
5699,c,5698
5698,f,5698
5697,f,5698
5698,e,5698
5698,c,5698
5694,f,5698
5699,f,5698
5699,e,5698
5696,e,5698
5696,f,5698
5696,c,5698
5694,e,5698
5695,c,5698
5695,f,5698
5695,e,5698
5699,f,5699
5699,e,5699
5698,e,5699
5698,f,5699
5700,f,5699
5700,e,5699
5696,e,5699
5695,e,5699
5697,e,5699
5696,f,5699
5697,f,5699
5695,f,5699
5697,f,5700
5700,f,5700
5699,f,5700
5699,d,5700
5701,d,5700
5696,d,5700
5701,f,5700
5698,f,5700
5698,d,5700
5697,d,5700
5696,f,5700
5700,d,5700
5702,f,5701
5700,f,5701
5701,f,5701
5699,f,5701
5697,f,5701
5698,f,5701
5700,e,5702
5698,e,5702
5701,e,5702
5703,e,5702
5699,e,5702
5702,e,5702
5704,c,5704
5703,c,5704
5702,c,5704
5705,c,5704
5701,c,5704
5700,c,5704
5702,d,5705
5702,e,5705
5701,d,5705
5705,e,5705
5705,d,5705
5703,d,5705
5703,e,5705
5701,e,5705
5706,e,5705
5704,d,5705
5704,e,5705
5706,d,5705
5705,e,5706
5706,f,5706
5707,f,5706
5706,e,5706
5707,e,5706
5705,f,5706
5704,e,5706
5702,f,5706
5702,e,5706
5703,f,5706
5703,e,5706
5704,f,5706
5704,f,5707
5707,f,5707
5706,f,5707
5705,f,5707
5703,f,5707
5708,f,5707
5708,d,5708
5706,d,5708
5709,d,5708
5704,d,5708
5705,d,5708
5707,d,5708
5709,e,5709
5710,f,5709
5709,f,5709
5710,e,5709
5708,f,5709
5708,e,5709
5705,e,5709
5707,e,5709
5707,f,5709
5705,f,5709
5706,f,5709
5706,e,5709
5710,f,5710
5709,f,5710
5707,f,5710
5708,f,5710
5706,f,5710
5711,f,5710
5711,e,5711
5708,e,5711
5709,e,5711
5712,e,5711
5707,e,5711
5710,e,5711
5711,f,5712
5712,f,5712
5713,f,5712
5710,f,5712
5709,f,5712
5708,f,5712
5710,e,5713
5709,e,5713
5711,e,5713
5714,e,5713
5712,e,5713
5713,e,5713
5713,f,5714
5715,f,5714
5714,f,5714
5711,f,5714
5710,f,5714
5712,f,5714
5719,f,5718
5715,f,5718
5716,f,5718
5714,f,5718
5717,f,5718
5718,f,5718
5720,c,5719
5718,c,5719
5719,c,5719
5716,c,5719
5717,c,5719
5715,c,5719
5721,e,5720
5717,e,5720
5716,e,5720
5718,e,5720
5719,e,5720
5720,e,5720
5717,a,5721
5722,f,5721
5720,a,5721
5720,f,5721
5720,c,5721
5721,f,5721
5721,c,5721
5721,d,5721
5721,a,5721
5720,d,5721
5719,c,5721
5719,f,5721
5719,a,5721
5717,d,5721
5717,c,5721
5717,f,5721
5718,a,5721
5718,d,5721
5718,c,5721
5718,f,5721
5722,d,5721
5722,a,5721
5719,d,5721
5722,c,5721
5721,b,5722
5721,d,5722
5722,f,5722
5721,c,5722
5721,f,5722
5721,e,5722
5723,b,5722
5722,e,5722
5723,c,5722
5723,d,5722
5722,c,5722
5722,d,5722
5722,b,5722
5723,e,5722
5718,b,5722
5718,d,5722
5718,c,5722
5718,f,5722
5718,e,5722
5719,b,5722
5723,f,5722
5719,c,5722
5719,d,5722
5719,e,5722
5720,b,5722
5720,d,5722
5720,c,5722
5720,f,5722
5720,e,5722
5719,f,5722
5723,f,5723
5722,e,5723
5722,f,5723
5722,c,5723
5723,c,5723
5724,e,5723
5723,e,5723
5720,e,5723
5724,f,5723
5724,c,5723
5721,e,5723
5721,f,5723
5719,c,5723
5719,f,5723
5719,e,5723
5720,c,5723
5720,f,5723
5721,c,5723
5724,f,5724
5724,e,5724
5723,e,5724
5723,f,5724
5720,f,5724
5720,e,5724
5725,f,5724
5725,e,5724
5722,e,5724
5722,f,5724
5721,f,5724
5721,e,5724
5724,f,5725
5725,d,5725
5726,f,5725
5724,c,5725
5724,d,5725
5726,c,5725
5725,f,5725
5726,d,5725
5725,c,5725
5723,f,5725
5723,c,5725
5723,d,5725
5722,f,5725
5722,c,5725
5722,d,5725
5721,f,5725
5721,d,5725
5721,c,5725
5723,f,5726
5727,f,5726
5726,e,5726
5726,f,5726
5723,e,5726
5727,e,5726
5725,f,5726
5722,f,5726
5724,e,5726
5724,f,5726
5722,e,5726
5725,e,5726
5732,f,5731
5730,f,5731
5731,f,5731
5728,f,5731
5727,f,5731
5729,f,5731
5729,d,5733
5733,d,5733
5732,d,5733
5734,d,5733
5731,d,5733
5730,d,5733
5730,f,5734
5732,f,5734
5735,f,5734
5733,f,5734
5731,f,5734
5734,f,5734
5736,e,5735
5735,e,5735
5734,e,5735
5732,e,5735
5733,e,5735
5731,e,5735
5736,f,5736
5732,f,5736
5735,f,5736
5737,f,5736
5733,f,5736
5734,f,5736
5737,d,5738
5736,d,5738
5734,d,5738
5735,d,5738
5739,d,5738
5738,d,5738
5740,c,5739
5738,f,5739
5738,c,5739
5739,f,5739
5740,f,5739
5739,c,5739
5737,f,5739
5737,c,5739
5736,f,5739
5736,c,5739
5735,f,5739
5735,c,5739
5739,e,5740
5740,e,5740
5741,e,5740
5736,e,5740
5737,e,5740
5738,e,5740
5738,f,5741
5741,f,5741
5742,f,5741
5737,f,5741
5740,f,5741
5739,f,5741
5741,e,5742
5740,e,5742
5743,e,5742
5742,e,5742
5739,e,5742
5738,e,5742
5743,f,5743
5742,f,5743
5742,c,5743
5743,c,5743
5744,c,5743
5741,c,5743
5744,f,5743
5740,f,5743
5739,c,5743
5739,f,5743
5740,c,5743
5741,f,5743
5741,b,5744
5744,b,5744
5744,e,5744
5743,e,5744
5743,b,5744
5745,e,5744
5742,e,5744
5742,b,5744
5740,b,5744
5740,e,5744
5741,e,5744
5745,b,5744
5744,f,5745
5745,c,5745
5746,f,5745
5745,f,5745
5746,c,5745
5744,c,5745
5741,c,5745
5741,f,5745
5742,f,5745
5743,c,5745
5742,c,5745
5743,f,5745
5743,d,5746
5742,e,5746
5744,d,5746
5744,e,5746
5743,e,5746
5747,e,5746
5745,e,5746
5745,d,5746
5746,e,5746
5746,d,5746
5742,d,5746
5747,d,5746
5743,c,5747
5746,a,5747
5746,c,5747
5746,f,5747
5747,f,5747
5747,c,5747
5747,a,5747
5748,a,5747
5748,c,5747
5743,f,5747
5745,a,5747
5743,a,5747
5745,f,5747
5744,a,5747
5744,c,5747
5745,c,5747
5744,f,5747
5748,f,5747
5747,a,5748
5749,d,5748
5748,a,5748
5748,d,5748
5747,b,5748
5747,d,5748
5747,e,5748
5748,b,5748
5749,e,5748
5748,e,5748
5749,a,5748
5744,a,5748
5744,b,5748
5745,d,5748
5749,b,5748
5745,b,5748
5746,e,5748
5746,d,5748
5746,b,5748
5746,a,5748
5745,a,5748
5745,e,5748
5744,e,5748
5744,d,5748
5746,f,5749
5748,b,5749
5749,f,5749
5748,c,5749
5748,f,5749
5749,c,5749
5749,d,5749
5749,b,5749
5748,d,5749
5745,b,5749
5750,b,5749
5746,c,5749
5746,b,5749
5745,f,5749
5747,b,5749
5747,d,5749
5747,c,5749
5745,c,5749
5745,d,5749
5750,f,5749
5750,c,5749
5750,d,5749
5747,f,5749
5746,d,5749
5749,e,5750
5749,f,5750
5749,c,5750
5751,c,5750
5750,c,5750
5750,f,5750
5750,e,5750
5747,c,5750
5751,e,5750
5746,e,5750
5746,f,5750
5746,c,5750
5747,f,5750
5748,c,5750
5747,e,5750
5748,e,5750
5751,f,5750
5748,f,5750
5751,e,5751
5750,e,5751
5750,f,5751
5750,a,5751
5751,f,5751
5751,a,5751
5752,a,5751
5747,a,5751
5747,e,5751
5752,f,5751
5752,e,5751
5748,e,5751
5748,f,5751
5749,e,5751
5749,f,5751
5749,a,5751
5747,f,5751
5748,a,5751
5753,f,5752
5751,b,5752
5753,b,5752
5751,f,5752
5752,f,5752
5752,d,5752
5752,b,5752
5751,d,5752
5753,d,5752
5749,f,5752
5748,f,5752
5748,b,5752
5750,f,5752
5750,d,5752
5749,b,5752
5749,d,5752
5750,b,5752
5748,d,5752
5753,c,5753
5753,f,5753
5752,f,5753
5752,c,5753
5754,c,5753
5749,f,5753
5754,f,5753
5751,f,5753
5751,c,5753
5750,c,5753
5750,f,5753
5749,c,5753
5754,a,5754
5754,e,5754
5755,e,5754
5753,e,5754
5753,a,5754
5750,a,5754
5755,a,5754
5752,e,5754
5752,a,5754
5751,a,5754
5751,e,5754
5750,e,5754
5754,b,5755
5755,d,5755
5755,b,5755
5754,d,5755
5756,b,5755
5751,b,5755
5756,d,5755
5753,d,5755
5752,d,5755
5752,b,5755
5751,d,5755
5753,b,5755
5757,c,5756
5756,c,5756
5756,f,5756
5755,f,5756
5755,c,5756
5752,c,5756
5757,f,5756
5754,f,5756
5754,c,5756
5753,c,5756
5753,f,5756
5752,f,5756
5756,e,5757
5754,e,5757
5755,e,5757
5753,e,5757
5758,e,5757
5757,e,5757
5758,f,5758
5759,f,5758
5757,f,5758
5756,f,5758
5755,f,5758
5754,f,5758
5757,d,5760
5756,d,5760
5758,d,5760
5761,d,5760
5759,d,5760
5760,d,5760
5762,f,5761
5760,f,5761
5761,f,5761
5758,f,5761
5757,f,5761
5759,f,5761
5760,c,5764
5763,f,5764
5763,c,5764
5765,c,5764
5765,f,5764
5762,f,5764
5762,c,5764
5761,f,5764
5761,c,5764
5764,f,5764
5760,f,5764
5764,c,5764
5765,e,5765
5764,e,5765
5766,e,5765
5761,e,5765
5763,e,5765
5762,e,5765
5767,a,5766
5766,f,5766
5763,f,5766
5763,a,5766
5764,a,5766
5764,f,5766
5765,f,5766
5765,a,5766
5767,f,5766
5766,a,5766
5762,a,5766
5762,f,5766
5766,b,5767
5763,d,5767
5766,c,5767
5767,b,5767
5767,d,5767
5767,c,5767
5768,c,5767
5763,b,5767
5768,d,5767
5766,d,5767
5768,b,5767
5764,c,5767
5764,d,5767
5764,b,5767
5765,d,5767
5765,c,5767
5765,b,5767
5763,c,5767
5767,f,5768
5768,e,5768
5768,f,5768
5765,c,5768
5767,c,5768
5767,a,5768
5768,c,5768
5768,a,5768
5764,a,5768
5764,c,5768
5769,a,5768
5769,c,5768
5767,e,5768
5769,e,5768
5765,f,5768
5769,f,5768
5765,e,5768
5766,e,5768
5766,f,5768
5766,c,5768
5766,a,5768
5764,f,5768
5764,e,5768
5765,a,5768
5770,e,5769
5770,f,5769
5770,d,5769
5770,b,5769
5768,a,5769
5768,b,5769
5769,b,5769
5768,f,5769
5768,e,5769
5769,a,5769
5769,e,5769
5769,f,5769
5769,d,5769
5768,d,5769
5770,a,5769
5765,b,5769
5765,a,5769
5766,e,5769
5765,d,5769
5765,f,5769
5765,e,5769
5766,f,5769
5766,d,5769
5767,e,5769
5767,f,5769
5767,d,5769
5767,b,5769
5767,a,5769
5766,b,5769
5766,a,5769
5769,b,5770
5769,d,5770
5766,d,5770
5769,f,5770
5771,d,5770
5766,b,5770
5770,f,5770
5770,c,5770
5770,d,5770
5769,c,5770
5771,b,5770
5770,b,5770
5766,f,5770
5771,c,5770
5771,f,5770
5767,f,5770
5767,c,5770
5768,f,5770
5768,c,5770
5768,d,5770
5768,b,5770
5766,c,5770
5767,d,5770
5767,b,5770
5772,c,5771
5772,d,5771
5770,e,5771
5770,c,5771
5770,f,5771
5771,e,5771
5771,f,5771
5771,c,5771
5771,d,5771
5770,d,5771
5767,f,5771
5772,e,5771
5768,c,5771
5767,c,5771
5767,d,5771
5767,e,5771
5769,e,5771
5769,f,5771
5768,e,5771
5772,f,5771
5768,f,5771
5768,d,5771
5769,d,5771
5769,c,5771
5768,f,5772
5771,e,5772
5772,e,5772
5772,f,5772
5771,f,5772
5773,f,5772
5769,f,5772
5773,e,5772
5770,e,5772
5770,f,5772
5769,e,5772
5768,e,5772
5773,b,5773
5773,f,5773
5772,f,5773
5774,f,5773
5774,b,5773
5772,b,5773
5771,f,5773
5769,b,5773
5769,f,5773
5771,b,5773
5770,b,5773
5770,f,5773
5771,c,5774
5775,c,5774
5773,c,5774
5774,c,5774
5772,c,5774
5770,c,5774
5773,e,5775
5772,e,5775
5774,e,5775
5776,e,5775
5771,e,5775
5775,e,5775
5772,f,5776
5773,f,5776
5777,f,5776
5774,f,5776
5776,f,5776
5775,f,5776
5776,b,5777
5777,b,5777
5778,b,5777
5775,b,5777
5774,b,5777
5773,b,5777
5777,c,5778
5778,f,5778
5777,f,5778
5779,c,5778
5774,f,5778
5776,f,5778
5776,c,5778
5775,f,5778
5775,c,5778
5774,c,5778
5779,f,5778
5778,c,5778
5780,e,5779
5778,e,5779
5779,e,5779
5777,e,5779
5776,e,5779
5775,e,5779
5778,f,5780
5776,f,5780
5777,f,5780
5779,f,5780
5780,f,5780
5781,f,5780
5785,e,5785
5783,e,5785
5786,e,5785
5781,e,5785
5782,e,5785
5784,e,5785
5785,f,5786
5785,b,5786
5784,f,5786
5786,f,5786
5786,b,5786
5787,b,5786
5787,f,5786
5783,f,5786
5783,b,5786
5782,b,5786
5782,f,5786
5784,b,5786
5783,f,5787
5787,b,5787
5787,c,5787
5787,f,5787
5786,f,5787
5786,c,5787
5786,b,5787
5788,b,5787
5788,c,5787
5788,f,5787
5784,b,5787
5785,f,5787
5785,c,5787
5785,b,5787
5783,b,5787
5784,c,5787
5783,c,5787
5784,f,5787
5788,f,5788
5787,c,5788
5789,f,5788
5787,e,5788
5788,c,5788
5789,e,5788
5788,e,5788
5787,f,5788
5789,c,5788
5784,f,5788
5784,c,5788
5784,e,5788
5786,e,5788
5786,f,5788
5786,c,5788
5785,c,5788
5785,f,5788
5785,e,5788
5789,c,5789
5789,f,5789
5789,e,5789
5788,e,5789
5788,c,5789
5785,c,5789
5785,f,5789
5788,f,5789
5790,c,5789
5790,f,5789
5787,e,5789
5787,f,5789
5787,c,5789
5786,c,5789
5786,f,5789
5786,e,5789
5790,e,5789
5785,e,5789
5791,f,5790
5790,e,5790
5789,e,5790
5789,f,5790
5786,f,5790
5791,e,5790
5788,e,5790
5788,f,5790
5786,e,5790
5787,e,5790
5787,f,5790
5790,f,5790
5791,c,5791
5791,f,5791
5790,f,5791
5790,c,5791
5792,c,5791
5792,f,5791
5788,c,5791
5789,f,5791
5789,c,5791
5788,f,5791
5787,f,5791
5787,c,5791
5789,e,5792
5790,e,5792
5793,e,5792
5788,e,5792
5791,e,5792
5792,e,5792
5794,a,5793
5793,a,5793
5792,a,5793
5789,a,5793
5791,a,5793
5790,a,5793
5795,b,5794
5795,d,5794
5791,d,5794
5791,b,5794
5792,b,5794
5792,d,5794
5793,d,5794
5793,b,5794
5794,d,5794
5794,b,5794
5790,d,5794
5790,b,5794
5795,d,5795
5791,c,5795
5794,d,5795
5794,c,5795
5794,f,5795
5795,c,5795
5795,f,5795
5793,d,5795
5796,c,5795
5793,f,5795
5793,c,5795
5791,d,5795
5796,f,5795
5792,c,5795
5792,d,5795
5791,f,5795
5796,d,5795
5792,f,5795
5795,e,5796
5795,f,5796
5796,f,5796
5796,e,5796
5797,f,5796
5793,e,5796
5793,f,5796
5792,e,5796
5792,f,5796
5797,e,5796
5794,e,5796
5794,f,5796
5794,d,5797
5798,d,5797
5798,b,5797
5798,a,5797
5796,a,5797
5796,b,5797
5796,d,5797
5796,f,5797
5796,e,5797
5797,e,5797
5797,f,5797
5797,d,5797
5797,b,5797
5797,a,5797
5798,f,5797
5794,b,5797
5798,e,5797
5793,e,5797
5794,a,5797
5794,e,5797
5793,f,5797
5793,d,5797
5793,b,5797
5793,a,5797
5795,a,5797
5795,b,5797
5794,f,5797
5795,d,5797
5795,f,5797
5795,e,5797
5799,e,5798
5798,a,5798
5799,f,5798
5799,c,5798
5799,d,5798
5797,a,5798
5797,b,5798
5797,d,5798
5797,c,5798
5797,f,5798
5799,b,5798
5799,a,5798
5798,e,5798
5798,d,5798
5798,c,5798
5798,f,5798
5797,e,5798
5798,b,5798
5795,f,5798
5796,a,5798
5795,a,5798
5795,b,5798
5795,d,5798
5796,b,5798
5796,d,5798
5796,c,5798
5796,f,5798
5796,e,5798
5794,f,5798
5794,c,5798
5794,d,5798
5794,b,5798
5794,a,5798
5795,c,5798
5795,e,5798
5794,e,5798
5795,a,5799
5795,b,5799
5798,a,5799
5798,b,5799
5798,c,5799
5798,f,5799
5798,e,5799
5799,c,5799
5799,e,5799
5799,a,5799
5799,b,5799
5799,d,5799
5798,d,5799
5795,c,5799
5795,d,5799
5800,a,5799
5796,e,5799
5796,f,5799
5796,c,5799
5796,d,5799
5796,b,5799
5796,a,5799
5795,f,5799
5795,e,5799
5797,a,5799
5797,b,5799
5799,f,5799
5797,c,5799
5797,f,5799
5797,e,5799
5800,b,5799
5800,d,5799
5800,c,5799
5797,d,5799
5800,e,5799
5800,f,5799
5801,d,5800
5800,f,5800
5800,c,5800
5800,d,5800
5800,b,5800
5799,d,5800
5799,c,5800
5799,f,5800
5799,e,5800
5801,c,5800
5799,b,5800
5801,f,5800
5796,d,5800
5796,b,5800
5796,c,5800
5796,f,5800
5796,e,5800
5797,b,5800
5797,d,5800
5797,c,5800
5797,f,5800
5797,e,5800
5801,b,5800
5800,e,5800
5798,b,5800
5798,d,5800
5798,c,5800
5798,f,5800
5798,e,5800
5801,e,5800
5802,e,5801
5801,e,5801
5801,c,5801
5802,c,5801
5800,c,5801
5799,e,5801
5799,c,5801
5800,e,5801
5798,e,5801
5798,c,5801
5797,e,5801
5797,c,5801
5800,c,5803
5803,c,5803
5802,c,5803
5804,c,5803
5801,c,5803
5799,c,5803
5804,e,5804
5802,e,5804
5800,e,5804
5803,e,5804
5805,e,5804
5801,e,5804
5805,f,5805
5806,f,5805
5804,f,5805
5803,f,5805
5802,f,5805
5801,f,5805
5804,f,5807
5805,f,5807
5806,f,5807
5808,f,5807
5807,f,5807
5803,f,5807
5810,f,5809
5808,f,5809
5806,f,5809
5805,f,5809
5807,f,5809
5809,f,5809
5812,c,5811
5811,c,5811
5807,c,5811
5808,c,5811
5809,c,5811
5810,c,5811
5812,e,5812
5813,e,5812
5810,e,5812
5811,e,5812
5808,e,5812
5809,e,5812
5810,d,5813
5813,d,5813
5813,c,5813
5813,f,5813
5812,f,5813
5812,c,5813
5812,d,5813
5814,d,5813
5809,f,5813
5814,f,5813
5814,c,5813
5811,f,5813
5811,c,5813
5811,d,5813
5809,d,5813
5809,c,5813
5810,f,5813
5810,c,5813
5813,e,5814
5813,f,5814
5814,f,5814
5814,e,5814
5813,b,5814
5815,b,5814
5814,b,5814
5815,f,5814
5815,e,5814
5810,b,5814
5812,e,5814
5812,f,5814
5812,b,5814
5810,f,5814
5810,e,5814
5811,b,5814
5811,f,5814
5811,e,5814
5812,f,5815
5815,a,5815
5815,c,5815
5815,f,5815
5814,f,5815
5814,c,5815
5814,a,5815
5811,a,5815
5811,c,5815
5816,c,5815
5816,f,5815
5812,c,5815
5813,f,5815
5813,c,5815
5813,a,5815
5816,a,5815
5812,a,5815
5811,f,5815
5816,e,5816
5817,d,5816
5815,d,5816
5815,e,5816
5816,d,5816
5816,b,5816
5815,b,5816
5817,e,5816
5817,b,5816
5813,e,5816
5812,b,5816
5814,e,5816
5814,d,5816
5814,b,5816
5812,d,5816
5812,e,5816
5813,b,5816
5813,d,5816
5818,c,5817
5818,f,5817
5816,f,5817
5816,c,5817
5814,f,5817
5813,c,5817
5813,f,5817
5815,f,5817
5815,c,5817
5814,c,5817
5817,c,5817
5817,f,5817
5818,e,5818
5819,e,5818
5817,e,5818
5816,e,5818
5815,e,5818
5814,e,5818
5817,f,5819
5816,f,5819
5815,f,5819
5818,f,5819
5819,f,5819
5820,f,5819
5822,b,5823
5823,b,5823
5821,b,5823
5824,b,5823
5819,b,5823
5820,b,5823
5820,f,5824
5824,c,5824
5824,f,5824
5824,e,5824
5823,e,5824
5823,f,5824
5823,c,5824
5823,b,5824
5825,b,5824
5825,c,5824
5825,f,5824
5825,e,5824
5820,c,5824
5820,b,5824
5821,f,5824
5822,e,5824
5822,f,5824
5822,c,5824
5822,b,5824
5820,e,5824
5824,b,5824
5821,b,5824
5821,e,5824
5821,c,5824
5824,c,5825
5824,f,5825
5825,f,5825
5825,e,5825
5826,e,5825
5826,f,5825
5826,c,5825
5824,e,5825
5825,c,5825
5823,c,5825
5821,c,5825
5822,e,5825
5822,f,5825
5822,c,5825
5823,e,5825
5823,f,5825
5821,e,5825
5821,f,5825
5825,d,5826
5825,c,5826
5825,e,5826
5825,f,5826
5826,d,5826
5826,c,5826
5826,f,5826
5826,e,5826
5827,d,5826
5827,c,5826
5822,d,5826
5822,c,5826
5827,e,5826
5822,e,5826
5823,e,5826
5823,f,5826
5823,c,5826
5823,d,5826
5827,f,5826
5822,f,5826
5824,c,5826
5824,f,5826
5824,d,5826
5824,e,5826
5825,e,5827
5823,d,5827
5827,d,5827
5827,f,5827
5827,e,5827
5826,e,5827
5826,f,5827
5825,f,5827
5824,e,5827
5826,d,5827
5824,d,5827
5823,f,5827
5825,d,5827
5828,d,5827
5828,f,5827
5828,e,5827
5824,f,5827
5823,e,5827
5829,a,5828
5829,f,5828
5827,f,5828
5827,a,5828
5828,f,5828
5828,a,5828
5826,a,5828
5824,a,5828
5826,f,5828
5824,f,5828
5825,a,5828
5825,f,5828
5830,b,5829
5830,d,5829
5828,d,5829
5828,b,5829
5825,b,5829
5829,d,5829
5825,d,5829
5827,d,5829
5827,b,5829
5826,b,5829
5826,d,5829
5829,b,5829
5830,e,5830
5826,e,5830
5831,c,5830
5831,e,5830
5829,e,5830
5829,c,5830
5830,c,5830
5826,c,5830
5828,c,5830
5827,c,5830
5827,e,5830
5828,e,5830
5831,e,5831
5827,c,5831
5832,c,5831
5830,e,5831
5830,f,5831
5830,c,5831
5827,f,5831
5827,e,5831
5831,c,5831
5832,e,5831
5829,e,5831
5829,f,5831
5829,c,5831
5828,c,5831
5828,f,5831
5828,e,5831
5832,f,5831
5831,f,5831
5833,f,5832
5832,f,5832
5831,f,5832
5833,e,5832
5832,e,5832
5831,e,5832
5830,e,5832
5828,f,5832
5830,f,5832
5828,e,5832
5829,e,5832
5829,f,5832
5830,f,5833
5834,f,5833
5832,f,5833
5833,f,5833
5831,f,5833
5829,f,5833
5835,f,5834
5834,f,5834
5833,f,5834
5832,f,5834
5831,f,5834
5830,f,5834
5833,e,5836
5834,e,5836
5837,e,5836
5832,e,5836
5835,e,5836
5836,e,5836
5838,f,5837
5837,e,5837
5838,e,5837
5837,f,5837
5836,e,5837
5836,f,5837
5835,f,5837
5835,e,5837
5833,f,5837
5833,e,5837
5834,e,5837
5834,f,5837
5835,e,5838
5838,e,5838
5838,f,5838
5839,e,5838
5837,e,5838
5835,f,5838
5837,f,5838
5836,e,5838
5836,f,5838
5834,f,5838
5834,e,5838
5839,f,5838
5836,f,5839
5837,f,5839
5840,f,5839
5835,f,5839
5838,f,5839
5839,f,5839
5840,d,5840
5839,d,5840
5841,d,5840
5836,d,5840
5838,d,5840
5837,d,5840
5841,f,5841
5840,f,5841
5840,c,5841
5837,c,5841
5842,c,5841
5841,c,5841
5842,f,5841
5839,f,5841
5839,c,5841
5837,f,5841
5838,c,5841
5838,f,5841
5842,a,5842
5843,a,5842
5841,e,5842
5841,a,5842
5843,e,5842
5842,e,5842
5838,a,5842
5838,e,5842
5839,a,5842
5840,e,5842
5840,a,5842
5839,e,5842
5840,e,5843
5843,d,5843
5843,f,5843
5843,e,5843
5844,b,5843
5844,d,5843
5842,e,5843
5842,f,5843
5842,d,5843
5842,b,5843
5839,b,5843
5839,d,5843
5839,f,5843
5844,f,5843
5844,e,5843
5841,e,5843
5841,f,5843
5841,d,5843
5841,b,5843
5839,e,5843
5840,b,5843
5840,d,5843
5840,f,5843
5843,b,5843
5844,c,5844
5844,f,5844
5843,c,5844
5845,c,5844
5845,f,5844
5843,f,5844
5840,c,5844
5840,f,5844
5841,c,5844
5841,f,5844
5842,f,5844
5842,c,5844
5844,e,5845
5845,e,5845
5845,f,5845
5846,e,5845
5844,f,5845
5841,f,5845
5846,f,5845
5843,f,5845
5843,e,5845
5842,e,5845
5842,f,5845
5841,e,5845
5846,d,5846
5846,f,5846
5842,f,5846
5845,f,5846
5845,d,5846
5842,d,5846
5847,d,5846
5847,f,5846
5844,f,5846
5844,d,5846
5843,d,5846
5843,f,5846
5848,f,5847
5847,b,5847
5846,b,5847
5848,b,5847
5846,f,5847
5847,f,5847
5845,f,5847
5845,b,5847
5843,b,5847
5843,f,5847
5844,b,5847
5844,f,5847
5845,f,5848
5848,f,5848
5848,c,5848
5849,c,5848
5847,f,5848
5847,c,5848
5846,f,5848
5846,c,5848
5844,f,5848
5845,c,5848
5844,c,5848
5849,f,5848
5845,e,5849
5846,e,5849
5847,e,5849
5850,e,5849
5848,e,5849
5849,e,5849
5851,e,5850
5850,e,5850
5849,e,5850
5848,e,5850
5847,e,5850
5846,e,5850
5848,f,5851
5849,f,5851
5847,f,5851
5850,f,5851
5851,f,5851
5852,f,5851
5855,c,5854
5854,c,5854
5852,c,5854
5853,c,5854
5850,c,5854
5851,c,5854
5852,e,5855
5855,e,5855
5851,e,5855
5854,e,5855
5856,e,5855
5853,e,5855
5853,f,5856
5857,f,5856
5856,f,5856
5852,f,5856
5855,f,5856
5854,f,5856
5857,d,5857
5856,d,5857
5858,d,5857
5855,d,5857
5854,d,5857
5853,d,5857
5856,f,5858
5854,f,5858
5857,f,5858
5858,f,5858
5855,f,5858
5859,f,5858
5856,e,5860
5857,e,5860
5860,e,5860
5858,e,5860
5861,e,5860
5859,e,5860
5860,f,5861
5861,f,5861
5858,f,5861
5859,f,5861
5857,f,5861
5862,f,5861
5861,a,5862
5862,a,5862
5858,a,5862
5863,a,5862
5860,a,5862
5859,a,5862
5860,d,5863
5863,d,5863
5863,c,5863
5862,c,5863
5862,d,5863
5862,b,5863
5863,b,5863
5864,b,5863
5864,d,5863
5860,b,5863
5864,c,5863
5860,c,5863
5861,c,5863
5861,d,5863
5861,b,5863
5859,b,5863
5859,d,5863
5859,c,5863
5865,f,5864
5865,c,5864
5863,d,5864
5863,c,5864
5864,c,5864
5863,e,5864
5865,d,5864
5864,f,5864
5864,d,5864
5863,f,5864
5864,e,5864
5865,e,5864
5861,f,5864
5860,d,5864
5862,e,5864
5862,f,5864
5862,c,5864
5862,d,5864
5860,c,5864
5860,f,5864
5861,e,5864
5861,c,5864
5861,d,5864
5860,e,5864
5865,e,5865
5866,f,5865
5864,e,5865
5864,f,5865
5862,e,5865
5861,f,5865
5861,e,5865
5866,e,5865
5863,e,5865
5863,f,5865
5862,f,5865
5865,f,5865
5865,f,5866
5867,f,5866
5866,f,5866
5864,f,5866
5863,f,5866
5862,f,5866
5864,b,5868
5868,f,5868
5868,b,5868
5864,f,5868
5869,f,5868
5867,f,5868
5867,b,5868
5869,b,5868
5866,b,5868
5865,b,5868
5865,f,5868
5866,f,5868
5866,b,5869
5869,b,5869
5869,c,5869
5869,f,5869
5868,f,5869
5868,c,5869
5868,b,5869
5865,b,5869
5870,b,5869
5870,c,5869
5870,f,5869
5867,b,5869
5866,c,5869
5867,f,5869
5867,c,5869
5865,c,5869
5866,f,5869
5865,f,5869
5871,f,5870
5869,c,5870
5869,f,5870
5870,b,5870
5871,b,5870
5870,c,5870
5871,e,5870
5869,e,5870
5870,f,5870
5871,c,5870
5870,e,5870
5869,b,5870
5866,b,5870
5867,e,5870
5867,f,5870
5867,c,5870
5867,b,5870
5866,e,5870
5868,b,5870
5868,f,5870
5868,c,5870
5866,f,5870
5868,e,5870
5866,c,5870
5868,e,5871
5867,c,5871
5870,e,5871
5870,c,5871
5870,a,5871
5871,e,5871
5871,f,5871
5871,c,5871
5871,a,5871
5867,a,5871
5870,f,5871
5868,a,5871
5872,e,5871
5872,a,5871
5869,e,5871
5869,f,5871
5869,c,5871
5869,a,5871
5867,e,5871
5872,c,5871
5867,f,5871
5872,f,5871
5868,f,5871
5868,c,5871
5872,b,5872
5873,d,5872
5871,d,5872
5871,f,5872
5872,e,5872
5873,b,5872
5871,b,5872
5871,e,5872
5868,b,5872
5873,f,5872
5868,d,5872
5868,f,5872
5868,e,5872
5872,d,5872
5869,b,5872
5869,d,5872
5869,e,5872
5869,f,5872
5870,b,5872
5870,d,5872
5870,f,5872
5870,e,5872
5873,e,5872
5872,f,5872
5874,f,5873
5872,f,5873
5872,c,5873
5873,c,5873
5874,c,5873
5873,f,5873
5871,c,5873
5869,f,5873
5870,c,5873
5870,f,5873
5871,f,5873
5869,c,5873
5875,e,5874
5874,e,5874
5870,e,5874
5872,e,5874
5871,e,5874
5873,e,5874
5875,c,5875
5876,c,5875
5871,c,5875
5874,c,5875
5874,b,5875
5876,b,5875
5871,b,5875
5875,b,5875
5872,c,5875
5872,b,5875
5873,c,5875
5873,b,5875
5873,e,5876
5876,c,5876
5876,f,5876
5876,e,5876
5875,e,5876
5875,f,5876
5875,c,5876
5872,f,5876
5872,e,5876
5877,c,5876
5877,f,5876
5877,e,5876
5874,e,5876
5874,f,5876
5874,c,5876
5873,c,5876
5873,f,5876
5872,c,5876
5877,b,5877
5876,e,5877
5877,f,5877
5876,f,5877
5876,b,5877
5877,e,5877
5878,e,5877
5873,b,5877
5878,f,5877
5875,e,5877
5875,f,5877
5875,b,5877
5878,b,5877
5873,f,5877
5873,e,5877
5874,b,5877
5874,e,5877
5874,f,5877
5875,c,5878
5878,c,5878
5878,f,5878
5877,f,5878
5877,c,5878
5874,c,5878
5874,f,5878
5879,c,5878
5879,f,5878
5876,f,5878
5876,c,5878
5875,f,5878
5880,e,5879
5878,e,5879
5879,e,5879
5877,e,5879
5875,e,5879
5876,e,5879
5877,e,5880
5881,e,5880
5881,f,5880
5880,e,5880
5879,e,5880
5879,f,5880
5880,f,5880
5878,e,5880
5877,f,5880
5876,e,5880
5878,f,5880
5876,f,5880
5878,f,5881
5882,f,5881
5881,f,5881
5877,f,5881
5880,f,5881
5879,f,5881
5882,d,5883
5879,d,5883
5881,d,5883
5884,d,5883
5883,d,5883
5880,d,5883
5885,f,5884
5883,f,5884
5884,f,5884
5881,f,5884
5882,f,5884
5880,f,5884
5882,f,5885
5886,c,5885
5884,f,5885
5884,c,5885
5882,c,5885
5885,c,5885
5883,f,5885
5883,c,5885
5881,c,5885
5881,f,5885
5886,f,5885
5885,f,5885
5886,e,5886
5885,e,5886
5887,e,5886
5882,e,5886
5884,e,5886
5883,e,5886
5885,f,5887
5883,f,5887
5886,f,5887
5888,f,5887
5887,f,5887
5884,f,5887
5890,d,5889
5890,b,5889
5889,d,5889
5889,b,5889
5888,d,5889
5888,b,5889
5887,d,5889
5885,b,5889
5887,b,5889
5885,d,5889
5886,b,5889
5886,d,5889
5887,d,5890
5891,d,5890
5890,f,5890
5890,c,5890
5890,d,5890
5891,c,5890
5889,c,5890
5889,d,5890
5889,f,5890
5886,f,5890
5887,c,5890
5887,f,5890
5886,c,5890
5886,d,5890
5891,f,5890
5888,c,5890
5888,f,5890
5888,d,5890
5888,e,5891
5891,d,5891
5891,f,5891
5891,e,5891
5890,e,5891
5890,f,5891
5890,d,5891
5887,d,5891
5887,e,5891
5888,d,5891
5892,d,5891
5892,f,5891
5892,e,5891
5889,e,5891
5889,f,5891
5889,d,5891
5887,f,5891
5888,f,5891
5893,f,5892
5891,f,5892
5892,f,5892
5890,f,5892
5888,f,5892
5889,f,5892
5890,e,5893
5894,e,5893
5894,f,5893
5893,f,5893
5892,e,5893
5892,f,5893
5893,e,5893
5889,e,5893
5891,e,5893
5890,f,5893
5891,f,5893
5889,f,5893
5895,f,5894
5892,f,5894
5890,f,5894
5891,f,5894
5894,f,5894
5893,f,5894
5895,f,5895
5895,b,5895
5894,f,5895
5894,b,5895
5896,f,5895
5893,f,5895
5893,b,5895
5896,b,5895
5892,f,5895
5892,b,5895
5891,b,5895
5891,f,5895
5892,c,5896
5894,c,5896
5897,c,5896
5895,c,5896
5896,c,5896
5893,c,5896
5898,e,5897
5896,e,5897
5897,e,5897
5894,e,5897
5895,e,5897
5893,e,5897
5896,f,5898
5894,f,5898
5897,f,5898
5898,f,5898
5895,f,5898
5899,f,5898
5902,f,5901
5901,f,5901
5900,f,5901
5898,f,5901
5897,f,5901
5899,f,5901
5900,d,5904
5901,d,5904
5902,d,5904
5903,d,5904
5905,d,5904
5904,d,5904
5904,f,5905
5906,f,5905
5905,f,5905
5902,f,5905
5903,f,5905
5901,f,5905
5904,a,5907
5908,a,5907
5903,a,5907
5906,a,5907
5907,a,5907
5905,a,5907
5905,d,5908
5907,b,5908
5909,d,5908
5909,b,5908
5904,d,5908
5907,d,5908
5908,b,5908
5904,b,5908
5906,b,5908
5908,d,5908
5906,d,5908
5905,b,5908
5910,b,5909
5908,b,5909
5908,c,5909
5907,f,5909
5907,c,5909
5908,f,5909
5907,b,5909
5909,b,5909
5909,c,5909
5909,f,5909
5905,b,5909
5905,c,5909
5905,f,5909
5910,c,5909
5906,b,5909
5910,f,5909
5906,f,5909
5906,c,5909
5910,a,5910
5910,c,5910
5910,f,5910
5910,e,5910
5909,e,5910
5909,a,5910
5908,e,5910
5907,e,5910
5908,c,5910
5906,a,5910
5906,c,5910
5906,f,5910
5906,e,5910
5907,a,5910
5907,c,5910
5908,f,5910
5907,f,5910
5909,c,5910
5911,e,5910
5911,f,5910
5911,c,5910
5911,a,5910
5908,a,5910
5909,f,5910
5910,b,5911
5911,f,5911
5910,c,5911
5910,f,5911
5910,e,5911
5912,d,5911
5912,b,5911
5911,e,5911
5911,b,5911
5910,d,5911
5912,c,5911
5908,c,5911
5912,e,5911
5911,d,5911
5907,b,5911
5907,d,5911
5907,c,5911
5907,f,5911
5907,e,5911
5908,b,5911
5908,d,5911
5912,f,5911
5908,e,5911
5908,f,5911
5909,b,5911
5909,d,5911
5909,c,5911
5909,f,5911
5909,e,5911
5911,c,5911
5913,c,5912
5912,e,5912
5911,e,5912
5911,f,5912
5911,c,5912
5912,f,5912
5913,e,5912
5913,f,5912
5912,c,5912
5910,c,5912
5908,e,5912
5909,c,5912
5909,f,5912
5909,e,5912
5908,c,5912
5910,f,5912
5908,f,5912
5910,e,5912
5913,f,5913
5912,e,5913
5914,f,5913
5910,e,5913
5910,f,5913
5911,f,5913
5912,f,5913
5909,e,5913
5911,e,5913
5914,e,5913
5913,e,5913
5909,f,5913
5914,c,5914
5913,c,5914
5914,f,5914
5913,f,5914
5910,c,5914
5915,f,5914
5912,f,5914
5912,c,5914
5911,f,5914
5911,c,5914
5915,c,5914
5910,f,5914
5914,e,5915
5914,b,5915
5914,a,5915
5915,a,5915
5915,b,5915
5915,e,5915
5916,e,5915
5913,e,5915
5916,a,5915
5911,a,5915
5912,e,5915
5912,b,5915
5916,b,5915
5913,b,5915
5913,a,5915
5912,a,5915
5911,e,5915
5911,b,5915
5915,c,5916
5915,d,5916
5917,b,5916
5916,c,5916
5916,d,5916
5916,b,5916
5915,b,5916
5917,d,5916
5913,c,5916
5912,c,5916
5913,b,5916
5913,d,5916
5912,d,5916
5912,b,5916
5917,c,5916
5914,d,5916
5914,c,5916
5914,b,5916
5917,e,5917
5916,e,5917
5916,f,5917
5918,e,5917
5917,f,5917
5918,c,5917
5918,f,5917
5917,c,5917
5916,c,5917
5913,c,5917
5914,c,5917
5914,f,5917
5914,e,5917
5913,f,5917
5915,c,5917
5915,f,5917
5913,e,5917
5915,e,5917
5914,f,5918
5918,a,5918
5918,f,5918
5918,e,5918
5917,e,5918
5917,f,5918
5917,a,5918
5914,a,5918
5914,e,5918
5919,a,5918
5915,e,5918
5919,f,5918
5916,e,5918
5915,a,5918
5915,f,5918
5916,a,5918
5916,f,5918
5919,e,5918
5915,d,5919
5918,a,5919
5918,b,5919
5918,d,5919
5918,c,5919
5919,a,5919
5920,f,5919
5920,c,5919
5920,d,5919
5919,f,5919
5919,c,5919
5919,d,5919
5918,f,5919
5919,b,5919
5920,a,5919
5920,b,5919
5915,c,5919
5916,f,5919
5916,a,5919
5916,c,5919
5917,a,5919
5917,b,5919
5917,d,5919
5917,f,5919
5917,c,5919
5915,b,5919
5915,f,5919
5916,b,5919
5916,d,5919
5915,a,5919
5919,c,5920
5919,b,5920
5919,d,5920
5919,f,5920
5917,e,5920
5921,c,5920
5921,d,5920
5921,b,5920
5920,b,5920
5920,d,5920
5920,c,5920
5919,e,5920
5920,f,5920
5916,d,5920
5918,d,5920
5917,f,5920
5917,c,5920
5917,d,5920
5917,b,5920
5916,e,5920
5918,b,5920
5916,b,5920
5918,c,5920
5920,e,5920
5918,e,5920
5921,e,5920
5921,f,5920
5916,f,5920
5916,c,5920
5918,f,5920
5921,e,5921
5920,e,5921
5920,f,5921
5921,f,5921
5921,c,5921
5922,e,5921
5922,c,5921
5922,f,5921
5917,f,5921
5920,c,5921
5919,e,5921
5919,f,5921
5919,c,5921
5917,c,5921
5918,e,5921
5918,f,5921
5918,c,5921
5917,e,5921
5919,e,5922
5923,e,5922
5923,f,5922
5922,e,5922
5922,f,5922
5920,f,5922
5919,f,5922
5921,f,5922
5918,f,5922
5918,e,5922
5920,e,5922
5921,e,5922
5924,e,5925
5924,c,5925
5926,c,5925
5926,e,5925
5923,e,5925
5923,c,5925
5921,c,5925
5922,e,5925
5922,c,5925
5925,c,5925
5921,e,5925
5925,e,5925
5927,f,5926
5926,f,5926
5927,e,5926
5925,e,5926
5925,f,5926
5926,e,5926
5924,e,5926
5924,f,5926
5923,e,5926
5923,f,5926
5922,e,5926
5922,f,5926
5925,f,5927
5923,f,5927
5926,f,5927
5928,f,5927
5927,f,5927
5924,f,5927
5930,d,5929
5929,e,5929
5929,d,5929
5928,e,5929
5928,d,5929
5927,d,5929
5930,e,5929
5926,e,5929
5926,d,5929
5925,e,5929
5925,d,5929
5927,e,5929
5927,f,5930
5926,f,5930
5928,f,5930
5929,f,5930
5931,f,5930
5930,f,5930
5933,e,5932
5931,e,5932
5932,e,5932
5929,e,5932
5930,e,5932
5928,e,5932
5930,f,5933
5934,f,5933
5933,f,5933
5931,f,5933
5929,f,5933
5932,f,5933
5932,f,5936
5933,f,5936
5934,f,5936
5935,f,5936
5936,f,5936
5937,f,5936
5939,e,5940
5940,e,5940
5938,e,5940
5936,e,5940
5937,e,5940
5941,e,5940
5938,f,5941
5939,f,5941
5942,f,5941
5941,f,5941
5940,f,5941
5937,f,5941
5942,a,5942
5941,a,5942
5943,a,5942
5940,a,5942
5938,a,5942
5939,a,5942
5940,d,5943
5943,d,5943
5942,d,5943
5942,b,5943
5944,b,5943
5944,d,5943
5939,b,5943
5941,d,5943
5941,b,5943
5943,b,5943
5939,d,5943
5940,b,5943
5944,f,5944
5945,c,5944
5943,c,5944
5945,f,5944
5944,c,5944
5943,f,5944
5940,c,5944
5941,c,5944
5941,f,5944
5942,c,5944
5940,f,5944
5942,f,5944
5942,b,5945
5945,b,5945
5945,e,5945
5944,e,5945
5944,b,5945
5942,e,5945
5941,b,5945
5941,e,5945
5946,e,5945
5943,e,5945
5943,b,5945
5946,b,5945
5945,c,5946
5942,d,5946
5946,d,5946
5947,d,5946
5946,c,5946
5945,d,5946
5946,f,5946
5945,f,5946
5942,c,5946
5947,f,5946
5943,f,5946
5943,c,5946
5943,d,5946
5947,c,5946
5944,c,5946
5944,d,5946
5942,f,5946
5944,f,5946
5948,a,5947
5943,a,5947
5946,e,5947
5946,f,5947
5946,a,5947
5947,e,5947
5947,f,5947
5947,a,5947
5948,f,5947
5948,e,5947
5944,a,5947
5945,e,5947
5945,f,5947
5945,a,5947
5943,f,5947
5943,e,5947
5944,e,5947
5944,f,5947
5949,f,5948
5949,d,5948
5949,b,5948
5947,b,5948
5948,b,5948
5947,e,5948
5948,e,5948
5948,f,5948
5948,d,5948
5947,d,5948
5949,e,5948
5947,f,5948
5945,b,5948
5945,e,5948
5946,b,5948
5944,e,5948
5944,f,5948
5945,f,5948
5944,b,5948
5944,d,5948
5946,d,5948
5946,f,5948
5946,e,5948
5945,d,5948
5949,f,5949
5948,f,5949
5948,c,5949
5950,f,5949
5949,c,5949
5946,f,5949
5945,c,5949
5945,f,5949
5946,c,5949
5950,c,5949
5947,f,5949
5947,c,5949
5948,e,5950
5950,e,5950
5951,e,5950
5946,e,5950
5949,e,5950
5947,e,5950
5952,d,5951
5950,f,5951
5950,d,5951
5951,f,5951
5952,f,5951
5951,d,5951
5949,f,5951
5949,d,5951
5948,f,5951
5948,d,5951
5947,f,5951
5947,d,5951
5952,e,5952
5951,e,5952
5951,f,5952
5953,e,5952
5952,f,5952
5953,f,5952
5949,e,5952
5950,e,5952
5948,f,5952
5948,e,5952
5950,f,5952
5949,f,5952
5950,f,5953
5953,f,5953
5952,f,5953
5954,f,5953
5949,f,5953
5951,f,5953
5950,a,5954
5955,a,5954
5951,a,5954
5953,a,5954
5954,a,5954
5952,a,5954
5955,d,5955
5955,b,5955
5956,b,5955
5954,d,5955
5956,d,5955
5954,b,5955
5952,d,5955
5953,d,5955
5953,b,5955
5951,b,5955
5951,d,5955
5952,b,5955
5955,c,5956
5956,f,5956
5956,c,5956
5957,f,5956
5955,f,5956
5957,c,5956
5953,f,5956
5954,f,5956
5954,c,5956
5952,f,5956
5953,c,5956
5952,c,5956
5954,e,5957
5955,e,5957
5958,e,5957
5957,e,5957
5956,e,5957
5953,e,5957
5958,a,5958
5958,f,5958
5957,f,5958
5957,a,5958
5956,f,5958
5959,a,5958
5956,a,5958
5959,f,5958
5955,f,5958
5954,a,5958
5954,f,5958
5955,a,5958
5959,b,5959
5959,d,5959
5958,d,5959
5958,b,5959
5960,b,5959
5956,d,5959
5957,d,5959
5957,b,5959
5955,b,5959
5955,d,5959
5956,b,5959
5960,d,5959
5960,c,5960
5959,f,5960
5959,c,5960
5960,f,5960
5961,c,5960
5961,f,5960
5958,c,5960
5958,f,5960
5957,f,5960
5957,c,5960
5956,c,5960
5956,f,5960
5957,a,5961
5960,a,5961
5960,b,5961
5960,c,5961
5960,e,5961
5958,e,5961
5957,b,5961
5961,a,5961
5961,b,5961
5961,c,5961
5961,e,5961
5962,a,5961
5962,b,5961
5962,c,5961
5958,c,5961
5962,e,5961
5957,e,5961
5958,b,5961
5957,c,5961
5959,a,5961
5959,b,5961
5959,c,5961
5959,e,5961
5958,a,5961
5962,e,5962
5958,e,5962
5958,f,5962
5958,c,5962
5958,d,5962
5961,a,5962
5961,b,5962
5961,d,5962
5961,c,5962
5962,f,5962
5961,f,5962
5963,b,5962
5963,a,5962
5958,a,5962
5958,b,5962
5962,a,5962
5962,b,5962
5962,d,5962
5962,c,5962
5961,e,5962
5959,f,5962
5963,d,5962
5963,c,5962
5959,e,5962
5959,d,5962
5959,b,5962
5959,a,5962
5959,c,5962
5960,a,5962
5960,b,5962
5960,d,5962
5960,c,5962
5960,e,5962
5963,f,5962
5963,e,5962
5960,f,5962
5964,e,5963
5964,f,5963
5964,c,5963
5964,d,5963
5964,b,5963
5963,b,5963
5963,d,5963
5962,d,5963
5962,c,5963
5962,f,5963
5963,c,5963
5963,f,5963
5963,e,5963
5962,b,5963
5962,e,5963
5961,d,5963
5959,f,5963
5959,e,5963
5959,c,5963
5959,d,5963
5959,b,5963
5960,e,5963
5961,e,5963
5961,f,5963
5961,c,5963
5961,b,5963
5960,b,5963
5960,d,5963
5960,c,5963
5960,f,5963
5960,c,5964
5963,a,5964
5963,f,5964
5963,e,5964
5965,c,5964
5965,a,5964
5963,c,5964
5960,f,5964
5960,a,5964
5965,f,5964
5965,e,5964
5964,a,5964
5962,e,5964
5962,f,5964
5962,c,5964
5962,a,5964
5961,a,5964
5961,c,5964
5961,f,5964
5961,e,5964
5964,c,5964
5964,f,5964
5960,e,5964
5964,e,5964
5966,e,5965
5966,b,5965
5964,e,5965
5965,e,5965
5965,b,5965
5965,d,5965
5965,f,5965
5966,f,5965
5966,d,5965
5964,f,5965
5964,d,5965
5963,f,5965
5961,f,5965
5963,e,5965
5964,b,5965
5963,d,5965
5963,b,5965
5962,e,5965
5962,f,5965
5962,d,5965
5962,b,5965
5961,e,5965
5961,b,5965
5961,d,5965
5967,f,5966
5966,f,5966
5963,f,5966
5965,f,5966
5962,f,5966
5964,f,5966
5965,a,5969
5969,a,5969
5966,a,5969
5968,a,5969
5967,a,5969
5970,a,5969
5969,b,5970
5969,d,5970
5969,e,5970
5971,e,5970
5970,e,5970
5971,b,5970
5971,d,5970
5970,b,5970
5968,e,5970
5970,d,5970
5966,b,5970
5968,d,5970
5968,b,5970
5966,e,5970
5967,b,5970
5967,d,5970
5967,e,5970
5966,d,5970
5971,c,5971
5971,f,5971
5971,e,5971
5972,c,5971
5970,e,5971
5970,f,5971
5970,c,5971
5968,c,5971
5969,e,5971
5969,f,5971
5969,c,5971
5967,c,5971
5967,f,5971
5967,e,5971
5968,e,5971
5968,f,5971
5972,e,5971
5972,f,5971
5972,f,5972
5972,e,5972
5971,e,5972
5973,f,5972
5973,e,5972
5971,f,5972
5968,f,5972
5970,e,5972
5969,f,5972
5969,e,5972
5970,f,5972
5968,e,5972
5974,b,5973
5974,f,5973
5972,f,5973
5972,b,5973
5969,b,5973
5969,f,5973
5973,b,5973
5971,f,5973
5971,b,5973
5970,b,5973
5970,f,5973
5973,f,5973
5973,c,5974
5973,f,5974
5974,f,5974
5974,c,5974
5975,c,5974
5970,f,5974
5972,f,5974
5971,f,5974
5971,c,5974
5970,c,5974
5975,f,5974
5972,c,5974
5975,a,5975
5974,e,5975
5974,f,5975
5975,f,5975
5975,e,5975
5976,a,5975
5976,f,5975
5974,a,5975
5976,e,5975
5973,f,5975
5971,a,5975
5973,e,5975
5973,a,5975
5971,e,5975
5972,a,5975
5972,f,5975
5972,e,5975
5971,f,5975
5976,b,5976
5976,d,5976
5976,f,5976
5977,b,5976
5977,d,5976
5975,f,5976
5975,d,5976
5975,b,5976
5972,b,5976
5974,f,5976
5974,d,5976
5974,b,5976
5972,d,5976
5972,f,5976
5973,b,5976
5973,d,5976
5973,f,5976
5977,f,5976
5977,c,5977
5978,b,5977
5978,c,5977
5976,c,5977
5976,b,5977
5973,c,5977
5977,b,5977
5974,c,5977
5973,b,5977
5975,b,5977
5975,c,5977
5974,b,5977
5978,c,5978
5978,e,5978
5977,e,5978
5977,c,5978
5974,c,5978
5974,e,5978
5979,c,5978
5976,e,5978
5976,c,5978
5975,c,5978
5975,e,5978
5979,e,5978
5979,a,5979
5979,f,5979
5979,e,5979
5980,a,5979
5978,e,5979
5978,a,5979
5980,f,5979
5980,e,5979
5975,e,5979
5978,f,5979
5977,e,5979
5977,f,5979
5977,a,5979
5975,f,5979
5975,a,5979
5976,a,5979
5976,f,5979
5976,e,5979
5979,b,5980
5981,f,5980
5980,f,5980
5980,d,5980
5980,b,5980
5979,f,5980
5979,d,5980
5976,b,5980
5981,b,5980
5976,f,5980
5977,f,5980
5977,d,5980
5977,b,5980
5981,d,5980
5978,b,5980
5976,d,5980
5978,f,5980
5978,d,5980
5982,c,5981
5979,f,5981
5979,c,5981
5978,c,5981
5978,f,5981
5977,c,5981
5980,c,5981
5980,f,5981
5981,f,5981
5981,c,5981
5982,f,5981
5977,f,5981
5982,e,5982
5983,e,5982
5981,e,5982
5980,e,5982
5979,e,5982
5978,e,5982
5979,f,5983
5983,f,5983
5984,b,5983
5984,f,5983
5982,f,5983
5982,b,5983
5979,b,5983
5983,b,5983
5981,f,5983
5981,b,5983
5980,b,5983
5980,f,5983
5980,f,5984
5985,c,5984
5984,c,5984
5985,f,5984
5983,f,5984
5984,f,5984
5980,c,5984
5983,c,5984
5982,f,5984
5982,c,5984
5981,c,5984
5981,f,5984
5986,e,5985
5983,e,5985
5985,e,5985
5982,e,5985
5981,e,5985
5984,e,5985
5986,f,5986
5985,f,5986
5985,b,5986
5987,b,5986
5986,b,5986
5982,f,5986
5987,f,5986
5983,f,5986
5983,b,5986
5982,b,5986
5984,f,5986
5984,b,5986
5986,f,5987
5986,c,5987
5987,f,5987
5983,f,5987
5988,f,5987
5985,f,5987
5985,c,5987
5984,f,5987
5984,c,5987
5983,c,5987
5988,c,5987
5987,c,5987
5988,e,5988
5987,e,5988
5989,e,5988
5986,e,5988
5985,e,5988
5984,e,5988
5986,f,5989
5987,f,5989
5985,f,5989
5988,f,5989
5990,f,5989
5989,f,5989
5986,f,5990
5990,f,5990
5989,f,5990
5991,f,5990
5987,f,5990
5988,f,5990
5988,d,5992
5991,d,5992
5991,b,5992
5993,b,5992
5993,d,5992
5992,d,5992
5990,d,5992
5988,b,5992
5989,d,5992
5989,b,5992
5990,b,5992
5992,b,5992
5993,c,5993
5992,f,5993
5993,f,5993
5992,c,5993
5994,c,5993
5991,f,5993
5991,c,5993
5994,f,5993
5990,f,5993
5990,c,5993
5989,f,5993
5989,c,5993
5991,e,5994
5990,e,5994
5992,e,5994
5994,e,5994
5995,e,5994
5993,e,5994
5995,e,5995
5994,e,5995
5995,f,5995
5994,f,5995
5996,e,5995
5996,f,5995
5993,e,5995
5993,f,5995
5991,e,5995
5992,f,5995
5992,e,5995
5991,f,5995
5993,f,5996
5995,f,5996
5995,b,5996
5996,f,5996
5994,f,5996
5994,b,5996
5992,b,5996
5992,f,5996
5993,b,5996
5996,b,5996
5997,f,5996
5997,b,5996
5996,f,5997
5993,c,5997
5998,c,5997
5998,f,5997
5997,f,5997
5997,c,5997
5996,c,5997
5993,f,5997
5995,f,5997
5995,c,5997
5994,f,5997
5994,c,5997
5999,e,5998
5995,e,5998
5996,e,5998
5998,e,5998
5994,e,5998
5997,e,5998
5999,f,5999
5998,f,5999
5998,a,5999
6000,a,5999
6000,f,5999
5995,a,5999
5995,f,5999
5997,a,5999
5996,f,5999
5996,a,5999
5999,a,5999
5997,f,5999
6000,d,6000
5999,d,6000
6001,b,6000
6001,d,6000
5999,b,6000
6000,b,6000
5998,b,6000
5996,d,6000
5998,d,6000
5997,b,6000
5997,d,6000
5996,b,6000
6001,b,6001
6001,c,6001
6001,f,6001
5998,f,6001
6000,c,6001
6000,b,6001
5997,b,6001
5997,c,6001
6000,f,6001
6002,b,6001
5999,f,6001
5999,c,6001
5999,b,6001
5997,f,6001
6002,c,6001
5998,b,6001
5998,c,6001
6002,f,6001
6003,c,6002
6001,f,6002
6001,c,6002
6002,c,6002
6003,f,6002
6001,e,6002
5998,c,6002
6000,e,6002
6000,f,6002
6000,c,6002
5999,e,6002
5999,f,6002
5999,c,6002
6002,f,6002
5998,e,6002
5998,f,6002
6003,e,6002
6002,e,6002
6003,f,6003
6003,e,6003
6004,f,6003
6004,e,6003
6002,e,6003
5999,e,6003
6001,e,6003
6001,f,6003
6000,e,6003
6000,f,6003
5999,f,6003
6002,f,6003
6001,f,6004
6002,f,6004
6000,f,6004
6003,f,6004
6004,f,6004
6005,f,6004
6007,a,6007
6006,a,6007
6005,a,6007
6008,a,6007
6004,a,6007
6003,a,6007
6004,b,6008
6005,b,6008
6005,d,6008
6008,d,6008
6008,b,6008
6006,b,6008
6006,d,6008
6007,d,6008
6004,d,6008
6009,d,6008
6009,b,6008
6007,b,6008
6008,b,6009
6008,c,6009
6009,b,6009
6010,f,6009
6009,c,6009
6009,f,6009
6010,b,6009
6008,f,6009
6010,c,6009
6006,c,6009
6005,b,6009
6005,f,6009
6005,c,6009
6006,b,6009
6007,b,6009
6006,f,6009
6007,f,6009
6007,c,6009
6010,c,6010
6010,f,6010
6010,e,6010
6007,e,6010
6009,e,6010
6011,f,6010
6009,c,6010
6011,e,6010
6009,f,6010
6011,c,6010
6006,f,6010
6007,f,6010
6007,c,6010
6006,e,6010
6006,c,6010
6008,f,6010
6008,e,6010
6008,c,6010
6009,e,6011
6007,e,6011
6011,f,6011
6011,e,6011
6010,e,6011
6010,f,6011
6007,f,6011
6008,f,6011
6009,f,6011
6012,f,6011
6012,e,6011
6008,e,6011
6013,f,6012
6012,f,6012
6011,f,6012
6011,a,6012
6013,a,6012
6012,a,6012
6008,a,6012
6008,f,6012
6010,f,6012
6010,a,6012
6009,a,6012
6009,f,6012
6009,b,6013
6014,b,6013
6014,d,6013
6012,d,6013
6012,b,6013
6013,b,6013
6013,d,6013
6011,d,6013
6011,b,6013
6010,b,6013
6010,d,6013
6009,d,6013
6014,c,6014
6014,f,6014
6010,f,6014
6015,f,6014
6013,f,6014
6013,c,6014
6010,c,6014
6015,c,6014
6012,f,6014
6012,c,6014
6011,f,6014
6011,c,6014
6012,e,6015
6013,e,6015
6011,e,6015
6014,e,6015
6016,e,6015
6015,e,6015
6016,f,6016
6015,f,6016
6017,f,6016
6014,f,6016
6013,f,6016
6012,f,6016
6019,c,6019
6018,f,6019
6018,c,6019
6017,f,6019
6019,f,6019
6017,c,6019
6020,c,6019
6016,f,6019
6016,c,6019
6015,f,6019
6020,f,6019
6015,c,6019
6020,d,6020
6020,e,6020
6019,e,6020
6019,d,6020
6021,d,6020
6021,e,6020
6016,d,6020
6018,e,6020
6018,d,6020
6017,e,6020
6017,d,6020
6016,e,6020
6021,f,6021
6022,a,6021
6022,f,6021
6020,f,6021
6020,a,6021
6021,a,6021
6017,a,6021
6019,f,6021
6019,a,6021
6017,f,6021
6018,a,6021
6018,f,6021
6021,d,6022
6022,d,6022
6022,b,6022
6023,d,6022
6021,b,6022
6018,b,6022
6023,b,6022
6020,d,6022
6019,d,6022
6019,b,6022
6020,b,6022
6018,d,6022
6024,c,6023
6023,c,6023
6023,f,6023
6022,f,6023
6022,c,6023
6019,f,6023
6019,c,6023
6024,f,6023
6021,f,6023
6021,c,6023
6020,c,6023
6020,f,6023
6024,b,6024
6024,e,6024
6025,e,6024
6023,b,6024
6025,b,6024
6023,e,6024
6021,e,6024
6020,e,6024
6022,e,6024
6022,b,6024
6021,b,6024
6020,b,6024
6026,c,6025
6021,d,6025
6021,c,6025
6025,c,6025
6025,f,6025
6024,c,6025
6024,f,6025
6022,f,6025
6023,f,6025
6023,c,6025
6023,d,6025
6026,d,6025
6021,f,6025
6022,d,6025
6022,c,6025
6026,f,6025
6025,d,6025
6024,d,6025
6025,f,6026
6027,c,6026
6025,e,6026
6026,e,6026
6026,f,6026
6026,c,6026
6025,c,6026
6027,f,6026
6022,c,6026
6023,e,6026
6022,f,6026
6022,e,6026
6023,c,6026
6023,f,6026
6027,e,6026
6024,c,6026
6024,f,6026
6024,e,6026
6028,f,6027
6028,e,6027
6028,b,6027
6026,e,6027
6026,f,6027
6026,d,6027
6026,b,6027
6027,f,6027
6027,d,6027
6028,d,6027
6027,b,6027
6027,e,6027
6023,e,6027
6023,d,6027
6023,b,6027
6025,e,6027
6025,f,6027
6025,d,6027
6025,b,6027
6024,b,6027
6024,d,6027
6024,f,6027
6023,f,6027
6024,e,6027
6028,c,6028
6028,f,6028
6027,f,6028
6027,c,6028
6024,f,6028
6029,c,6028
6029,f,6028
6026,f,6028
6026,c,6028
6025,c,6028
6025,f,6028
6024,c,6028
6029,d,6029
6028,e,6029
6029,e,6029
6025,e,6029
6028,d,6029
6025,d,6029
6030,e,6029
6026,e,6029
6027,e,6029
6027,d,6029
6030,d,6029
6026,d,6029
6031,a,6030
6029,d,6030
6029,a,6030
6026,a,6030
6026,d,6030
6026,f,6030
6031,d,6030
6031,f,6030
6030,f,6030
6028,f,6030
6028,d,6030
6028,a,6030
6030,d,6030
6027,a,6030
6027,d,6030
6027,f,6030
6030,a,6030
6029,f,6030
6030,d,6031
6032,b,6031
6031,b,6031
6031,d,6031
6032,f,6031
6032,d,6031
6030,f,6031
6031,f,6031
6030,b,6031
6027,d,6031
6029,f,6031
6029,d,6031
6029,b,6031
6027,f,6031
6028,b,6031
6028,d,6031
6027,b,6031
6028,f,6031
6032,c,6032
6032,f,6032
6031,f,6032
6031,c,6032
6029,f,6032
6033,c,6032
6033,f,6032
6030,f,6032
6030,c,6032
6029,c,6032
6028,f,6032
6028,c,6032
6033,e,6033
6029,e,6033
6032,e,6033
6034,e,6033
6031,e,6033
6030,e,6033
6034,f,6034
6033,f,6034
6033,a,6034
6030,a,6034
6030,f,6034
6035,f,6034
6035,a,6034
6032,f,6034
6032,a,6034
6031,a,6034
6031,f,6034
6034,a,6034
6035,b,6035
6034,b,6035
6034,d,6035
6035,d,6035
6036,b,6035
6033,d,6035
6033,b,6035
6032,d,6035
6031,b,6035
6031,d,6035
6036,d,6035
6032,b,6035
6037,c,6036
6036,c,6036
6036,f,6036
6035,f,6036
6035,c,6036
6032,c,6036
6037,f,6036
6034,f,6036
6034,c,6036
6032,f,6036
6033,c,6036
6033,f,6036
6037,f,6037
6036,e,6037
6036,f,6037
6037,e,6037
6038,f,6037
6038,e,6037
6033,f,6037
6035,e,6037
6035,f,6037
6033,e,6037
6034,f,6037
6034,e,6037
6038,f,6038
6037,f,6038
6034,f,6038
6036,f,6038
6035,f,6038
6039,f,6038
6035,f,6039
6039,f,6039
6040,b,6039
6040,f,6039
6038,f,6039
6038,b,6039
6035,b,6039
6039,b,6039
6036,f,6039
6037,f,6039
6037,b,6039
6036,b,6039
6040,c,6040
6040,f,6040
6039,f,6040
6039,c,6040
6036,c,6040
6041,c,6040
6036,f,6040
6041,f,6040
6038,f,6040
6038,c,6040
6037,c,6040
6037,f,6040
6041,e,6041
6042,b,6041
6040,e,6041
6040,b,6041
6041,b,6041
6037,e,6041
6037,b,6041
6042,e,6041
6038,b,6041
6039,e,6041
6039,b,6041
6038,e,6041
6042,c,6042
6041,c,6042
6041,d,6042
6038,d,6042
6038,c,6042
6042,d,6042
6043,d,6042
6043,c,6042
6040,c,6042
6040,d,6042
6039,d,6042
6039,c,6042
6043,f,6043
6042,e,6043
6042,f,6043
6043,e,6043
6044,e,6043
6044,f,6043
6041,e,6043
6041,f,6043
6040,e,6043
6040,f,6043
6039,e,6043
6039,f,6043
6045,f,6044
6044,f,6044
6041,f,6044
6043,f,6044
6040,f,6044
6042,f,6044
6044,c,6048
6045,c,6048
6046,c,6048
6049,c,6048
6047,c,6048
6048,c,6048
6050,e,6049
6048,e,6049
6049,e,6049
6047,e,6049
6046,e,6049
6045,e,6049
6051,f,6050
6050,f,6050
6047,f,6050
6048,f,6050
6046,f,6050
6049,f,6050
6049,d,6053
6050,d,6053
6053,d,6053
6051,d,6053
6054,d,6053
6052,d,6053
6055,f,6054
6054,f,6054
6054,a,6054
6053,f,6054
6053,a,6054
6055,a,6054
6052,f,6054
6050,a,6054
6052,a,6054
6050,f,6054
6051,a,6054
6051,f,6054
6055,b,6055
6052,b,6055
6055,d,6055
6054,d,6055
6054,b,6055
6052,d,6055
6053,d,6055
6053,b,6055
6051,b,6055
6051,d,6055
6056,b,6055
6056,d,6055
6056,f,6056
6055,f,6056
6055,c,6056
6057,c,6056
6056,c,6056
6057,f,6056
6055,e,6056
6054,f,6056
6054,e,6056
6054,c,6056
6053,e,6056
6053,f,6056
6053,c,6056
6052,e,6056
6052,f,6056
6052,c,6056
6057,e,6056
6056,e,6056
6057,f,6057
6058,e,6057
6057,e,6057
6058,f,6057
6056,e,6057
6056,f,6057
6054,f,6057
6053,f,6057
6053,e,6057
6055,e,6057
6055,f,6057
6054,e,6057
6059,f,6058
6058,f,6058
6057,f,6058
6055,f,6058
6056,f,6058
6054,f,6058
6057,a,6059
6059,a,6059
6060,a,6059
6056,a,6059
6058,a,6059
6055,a,6059
6056,d,6060
6060,b,6060
6059,d,6060
6059,b,6060
6060,d,6060
6058,b,6060
6058,d,6060
6061,b,6060
6057,d,6060
6057,b,6060
6056,b,6060
6061,d,6060
6060,c,6061
6060,f,6061
6061,f,6061
6062,c,6061
6058,c,6061
6059,f,6061
6059,c,6061
6058,f,6061
6057,f,6061
6057,c,6061
6062,f,6061
6061,c,6061
6062,f,6062
6062,e,6062
6063,e,6062
6061,e,6062
6061,f,6062
6063,f,6062
6060,e,6062
6060,f,6062
6059,e,6062
6059,f,6062
6058,e,6062
6058,f,6062
6061,f,6063
6059,f,6063
6062,f,6063
6063,f,6063
6060,f,6063
6064,f,6063
6066,a,6066
6065,a,6066
6064,a,6066
6067,a,6066
6063,a,6066
6062,a,6066
6066,d,6067
6066,b,6067
6067,b,6067
6067,d,6067
6063,d,6067
6063,b,6067
6065,b,6067
6068,d,6067
6064,d,6067
6064,b,6067
6065,d,6067
6068,b,6067
6067,f,6068
6067,c,6068
6068,f,6068
6068,c,6068
6066,c,6068
6069,f,6068
6066,f,6068
6065,f,6068
6069,c,6068
6064,c,6068
6064,f,6068
6065,c,6068
6069,b,6069
6069,d,6069
6069,e,6069
6070,b,6069
6068,e,6069
6068,d,6069
6068,b,6069
6066,b,6069
6066,d,6069
6067,e,6069
6067,d,6069
6067,b,6069
6065,b,6069
6065,d,6069
6065,e,6069
6066,e,6069
6070,e,6069
6070,d,6069
6070,c,6070
6070,f,6070
6069,f,6070
6069,c,6070
6071,c,6070
6071,f,6070
6067,c,6070
6066,f,6070
6068,f,6070
6067,f,6070
6066,c,6070
6068,c,6070
6072,e,6071
6071,e,6071
6072,f,6071
6070,e,6071
6070,f,6071
6067,f,6071
6069,e,6071
6069,f,6071
6068,f,6071
6068,e,6071
6067,e,6071
6071,f,6071
6072,f,6072
6073,c,6072
6072,c,6072
6073,f,6072
6071,f,6072
6071,c,6072
6068,c,6072
6070,f,6072
6069,c,6072
6070,c,6072
6069,f,6072
6068,f,6072
6070,e,6073
6073,e,6073
6072,e,6073
6074,e,6073
6071,e,6073
6069,e,6073
6072,f,6074
6071,f,6074
6073,f,6074
6075,f,6074
6070,f,6074
6074,f,6074
6076,c,6076
6075,c,6076
6077,c,6076
6073,c,6076
6072,c,6076
6074,c,6076
6074,e,6077
6073,e,6077
6077,e,6077
6075,e,6077
6078,e,6077
6076,e,6077
6079,d,6078
6078,f,6078
6078,d,6078
6077,f,6078
6077,d,6078
6079,f,6078
6075,f,6078
6076,f,6078
6076,d,6078
6074,d,6078
6074,f,6078
6075,d,6078
6076,f,6079
6079,f,6079
6080,f,6079
6078,f,6079
6075,f,6079
6077,f,6079
6079,c,6080
6078,c,6080
6080,c,6080
6077,c,6080
6081,c,6080
6076,c,6080
6080,e,6081
6080,c,6081
6081,c,6081
6081,e,6081
6079,e,6081
6082,c,6081
6078,e,6081
6078,c,6081
6077,c,6081
6077,e,6081
6082,e,6081
6079,c,6081
6082,f,6082
6082,e,6082
6081,e,6082
6081,f,6082
6079,f,6082
6080,e,6082
6080,f,6082
6078,f,6082
6078,e,6082
6079,e,6082
6083,f,6082
6083,e,6082
6082,f,6083
6083,f,6083
6084,f,6083
6081,f,6083
6079,f,6083
6080,f,6083
6084,b,6084
6084,f,6084
6085,a,6084
6083,f,6084
6083,b,6084
6083,a,6084
6080,a,6084
6080,b,6084
6085,b,6084
6084,a,6084
6085,f,6084
6081,a,6084
6082,f,6084
6082,b,6084
6082,a,6084
6080,f,6084
6081,b,6084
6081,f,6084
6086,f,6085
6086,c,6085
6084,b,6085
6084,d,6085
6084,c,6085
6085,c,6085
6085,f,6085
6086,d,6085
6086,b,6085
6085,b,6085
6085,d,6085
6084,f,6085
6081,b,6085
6081,d,6085
6082,f,6085
6083,b,6085
6082,b,6085
6082,d,6085
6081,f,6085
6083,d,6085
6082,c,6085
6083,f,6085
6081,c,6085
6083,c,6085
6086,c,6086
6087,e,6086
6085,e,6086
6086,f,6086
6085,f,6086
6085,c,6086
6087,f,6086
6086,e,6086
6082,c,6086
6082,f,6086
6082,e,6086
6084,e,6086
6084,f,6086
6084,c,6086
6083,c,6086
6083,f,6086
6083,e,6086
6087,c,6086
6088,f,6087
6087,e,6087
6087,f,6087
6088,e,6087
6086,e,6087
6083,f,6087
6083,e,6087
6085,e,6087
6085,f,6087
6084,e,6087
6084,f,6087
6086,f,6087
6086,d,6089
6090,d,6089
6085,d,6089
6087,d,6089
6089,d,6089
6088,d,6089
6090,f,6090
6089,f,6090
6091,f,6090
6087,f,6090
6086,f,6090
6088,f,6090
6087,b,6091
6089,b,6091
6092,b,6091
6091,b,6091
6090,b,6091
6088,b,6091
6093,f,6092
6092,f,6092
6092,c,6092
6091,f,6092
6091,c,6092
6093,c,6092
6088,c,6092
6090,f,6092
6090,c,6092
6088,f,6092
6089,c,6092
6089,f,6092
6090,e,6093
6093,e,6093
6092,e,6093
6092,c,6093
6090,c,6093
6094,c,6093
6091,e,6093
6091,c,6093
6089,c,6093
6089,e,6093
6094,e,6093
6093,c,6093
6094,f,6094
6093,e,6094
6093,f,6094
6094,e,6094
6095,f,6094
6095,e,6094
6092,e,6094
6090,e,6094
6091,f,6094
6091,e,6094
6090,f,6094
6092,f,6094
6093,f,6095
6094,f,6095
6095,f,6095
6092,f,6095
6096,f,6095
6091,f,6095
6094,d,6098
6095,d,6098
6096,d,6098
6099,d,6098
6097,d,6098
6098,d,6098
6098,f,6099
6100,f,6099
6099,f,6099
6096,f,6099
6095,f,6099
6097,f,6099
6099,d,6103
6100,d,6103
6101,d,6103
6104,d,6103
6102,d,6103
6103,d,6103
6105,f,6104
6104,f,6104
6103,f,6104
6101,f,6104
6100,f,6104
6102,f,6104
6104,c,6108
6107,c,6108
6105,c,6108
6106,c,6108
6109,c,6108
6108,c,6108
6110,e,6109
6109,e,6109
6108,e,6109
6105,e,6109
6107,e,6109
6106,e,6109
6107,f,6110
6110,f,6110
6109,f,6110
6109,c,6110
6106,c,6110
6110,c,6110
6107,c,6110
6111,f,6110
6108,f,6110
6108,c,6110
6106,f,6110
6111,c,6110
6110,e,6111
6111,b,6111
6110,b,6111
6111,e,6111
6112,e,6111
6112,b,6111
6108,e,6111
6109,e,6111
6109,b,6111
6107,b,6111
6107,e,6111
6108,b,6111
6112,c,6112
6112,f,6112
6111,f,6112
6111,c,6112
6113,f,6112
6113,c,6112
6108,c,6112
6110,f,6112
6110,c,6112
6108,f,6112
6109,c,6112
6109,f,6112
6112,e,6113
6113,e,6113
6110,e,6113
6111,e,6113
6109,e,6113
6114,e,6113
6111,f,6114
6112,f,6114
6115,f,6114
6110,f,6114
6114,f,6114
6113,f,6114
6116,d,6115
6115,d,6115
6114,e,6115
6116,e,6115
6114,d,6115
6115,e,6115
6113,d,6115
6113,e,6115
6112,e,6115
6112,d,6115
6111,e,6115
6111,d,6115
6113,f,6116
6112,f,6116
6114,f,6116
6117,f,6116
6115,f,6116
6116,f,6116
6113,b,6117
6118,b,6117
6116,b,6117
6117,b,6117
6114,b,6117
6115,b,6117
6119,f,6118
6118,f,6118
6117,f,6118
6117,c,6118
6114,f,6118
6119,c,6118
6118,c,6118
6114,c,6118
6116,f,6118
6116,c,6118
6115,c,6118
6115,f,6118
6119,e,6119
6118,e,6119
6118,c,6119
6119,c,6119
6115,e,6119
6120,c,6119
6117,e,6119
6117,c,6119
6120,e,6119
6116,c,6119
6115,c,6119
6116,e,6119
6117,e,6120
6120,f,6120
6120,e,6120
6119,e,6120
6119,f,6120
6116,e,6120
6121,f,6120
6121,e,6120
6118,e,6120
6118,f,6120
6117,f,6120
6116,f,6120
6122,f,6121
6121,f,6121
6120,f,6121
6119,f,6121
6118,f,6121
6117,f,6121
6119,e,6122
6120,e,6122
6118,e,6122
6121,e,6122
6123,e,6122
6122,e,6122
6119,f,6123
6119,e,6123
6123,e,6123
6123,f,6123
6122,e,6123
6122,f,6123
6124,e,6123
6124,f,6123
6121,e,6123
6121,f,6123
6120,e,6123
6120,f,6123
6121,f,6124
6122,f,6124
6125,f,6124
6124,f,6124
6120,f,6124
6123,f,6124
6126,d,6125
6125,b,6125
6124,d,6125
6124,b,6125
6126,b,6125
6125,d,6125
6123,b,6125
6121,b,6125
6121,d,6125
6123,d,6125
6122,b,6125
6122,d,6125
6123,f,6126
6126,d,6126
6127,d,6126
6127,c,6126
6125,f,6126
6125,c,6126
6125,d,6126
6126,c,6126
6127,f,6126
6124,f,6126
6124,c,6126
6124,d,6126
6122,d,6126
6122,c,6126
6122,f,6126
6123,d,6126
6123,c,6126
6126,f,6126
6127,f,6127
6127,e,6127
6126,e,6127
6128,f,6127
6128,e,6127
6126,f,6127
6123,f,6127
6123,e,6127
6125,e,6127
6125,f,6127
6124,f,6127
6124,e,6127
6125,f,6128
6129,f,6128
6128,f,6128
6127,f,6128
6126,f,6128
6124,f,6128
6130,f,6130
6130,a,6130
6129,e,6130
6129,f,6130
6129,a,6130
6130,e,6130
6131,f,6130
6131,e,6130
6128,e,6130
6131,a,6130
6128,a,6130
6126,a,6130
6127,e,6130
6127,f,6130
6126,f,6130
6126,e,6130
6127,a,6130
6128,f,6130
6131,b,6131
6131,d,6131
6131,f,6131
6132,b,6131
6130,f,6131
6130,d,6131
6130,b,6131
6132,d,6131
6132,f,6131
6129,f,6131
6129,d,6131
6129,b,6131
6127,b,6131
6127,d,6131
6127,f,6131
6128,f,6131
6128,d,6131
6128,b,6131
6132,f,6132
6133,c,6132
6131,f,6132
6132,c,6132
6133,f,6132
6131,c,6132
6130,c,6132
6129,c,6132
6129,f,6132
6128,f,6132
6130,f,6132
6128,c,6132
6131,a,6133
6133,a,6133
6133,e,6133
6134,a,6133
6132,e,6133
6132,a,6133
6129,a,6133
6129,e,6133
6130,e,6133
6134,e,6133
6131,e,6133
6130,a,6133
6135,d,6134
6135,f,6134
6134,b,6134
6134,d,6134
6134,f,6134
6133,f,6134
6130,f,6134
6133,b,6134
6135,b,6134
6130,d,6134
6133,d,6134
6132,f,6134
6132,d,6134
6130,b,6134
6131,b,6134
6131,d,6134
6132,b,6134
6131,f,6134
6132,f,6135
6135,f,6135
6135,c,6135
6136,f,6135
6134,c,6135
6134,f,6135
6131,f,6135
6132,c,6135
6133,c,6135
6133,f,6135
6131,c,6135
6136,c,6135
6137,e,6136
6134,e,6136
6133,e,6136
6132,e,6136
6135,e,6136
6136,e,6136
6137,c,6137
6137,d,6137
6136,f,6137
6138,c,6137
6138,d,6137
6136,c,6137
6136,d,6137
6137,f,6137
6138,f,6137
6135,c,6137
6133,d,6137
6133,f,6137
6135,f,6137
6135,d,6137
6134,d,6137
6134,c,6137
6133,c,6137
6134,f,6137
6138,f,6138
6138,e,6138
6137,e,6138
6137,f,6138
6135,e,6138
6139,e,6138
6136,e,6138
6136,f,6138
6134,e,6138
6135,f,6138
6139,f,6138
6134,f,6138
6138,f,6139
6139,f,6139
6137,f,6139
6136,f,6139
6135,f,6139
6140,f,6139
6137,d,6140
6139,d,6140
6138,d,6140
6141,d,6140
6140,d,6140
6136,d,6140
6140,f,6141
6141,f,6141
6142,f,6141
6139,f,6141
6137,f,6141
6138,f,6141
6139,e,6142
6142,e,6142
6142,b,6142
6139,b,6142
6141,e,6142
6143,b,6142
6141,b,6142
6143,e,6142
6140,e,6142
6140,b,6142
6138,b,6142
6138,e,6142
6143,c,6143
6143,f,6143
6142,f,6143
6142,c,6143
6139,c,6143
6144,c,6143
6140,f,6143
6144,f,6143
6141,f,6143
6141,c,6143
6140,c,6143
6139,f,6143
6143,e,6144
6141,e,6144
6142,e,6144
6140,e,6144
6145,e,6144
6144,e,6144
6146,f,6145
6144,f,6145
6145,f,6145
6142,f,6145
6143,f,6145
6141,f,6145
6151,b,6151
6150,b,6151
6149,b,6151
6148,b,6151
6147,b,6151
6152,b,6151
6152,f,6152
6153,a,6152
6151,f,6152
6151,c,6152
6151,a,6152
6153,c,6152
6153,f,6152
6152,c,6152
6150,c,6152
6150,f,6152
6149,c,6152
6148,a,6152
6148,c,6152
6148,f,6152
6149,a,6152
6150,a,6152
6149,f,6152
6152,a,6152
6154,f,6153
6154,d,6153
6153,b,6153
6153,d,6153
6152,e,6153
6152,f,6153
6152,d,6153
6152,b,6153
6153,f,6153
6153,e,6153
6154,e,6153
6154,b,6153
6151,e,6153
6149,f,6153
6151,f,6153
6151,d,6153
6149,b,6153
6149,d,6153
6151,b,6153
6149,e,6153
6150,e,6153
6150,f,6153
6150,d,6153
6150,b,6153
6155,f,6154
6155,c,6154
6154,f,6154
6154,c,6154
6153,f,6154
6151,f,6154
6150,c,6154
6150,f,6154
6151,c,6154
6152,f,6154
6152,c,6154
6153,c,6154
6153,e,6155
6156,e,6155
6155,e,6155
6152,e,6155
6154,e,6155
6151,e,6155
6155,f,6156
6154,f,6156
6157,f,6156
6152,f,6156
6153,f,6156
6156,f,6156
6154,a,6157
6156,a,6157
6153,a,6157
6155,a,6157
6158,a,6157
6157,a,6157
6158,b,6158
6157,d,6158
6158,d,6158
6157,b,6158
6156,d,6158
6155,d,6158
6159,d,6158
6159,b,6158
6154,b,6158
6154,d,6158
6155,b,6158
6156,b,6158
6159,d,6159
6159,c,6159
6159,f,6159
6160,d,6159
6158,f,6159
6158,c,6159
6158,d,6159
6160,c,6159
6156,d,6159
6157,f,6159
6157,c,6159
6157,d,6159
6155,d,6159
6155,c,6159
6155,f,6159
6156,f,6159
6156,c,6159
6160,f,6159
6160,e,6160
6161,f,6160
6159,e,6160
6159,f,6160
6161,e,6160
6160,f,6160
6157,e,6160
6158,f,6160
6157,f,6160
6156,f,6160
6156,e,6160
6158,e,6160
6159,a,6161
6161,a,6161
6161,f,6161
6160,f,6161
6160,a,6161
6158,f,6161
6157,a,6161
6158,a,6161
6162,a,6161
6162,f,6161
6159,f,6161
6157,f,6161
6161,d,6162
6162,b,6162
6161,b,6162
6162,d,6162
6158,b,6162
6163,b,6162
6160,d,6162
6160,b,6162
6163,d,6162
6159,b,6162
6159,d,6162
6158,d,6162
6160,f,6163
6163,c,6163
6163,f,6163
6162,f,6163
6162,c,6163
6159,f,6163
6164,c,6163
6164,f,6163
6161,f,6163
6161,c,6163
6160,c,6163
6159,c,6163
6165,e,6164
6163,e,6164
6164,e,6164
6161,e,6164
6162,e,6164
6160,e,6164
6166,f,6165
6165,f,6165
6166,e,6165
6164,e,6165
6164,f,6165
6161,f,6165
6161,e,6165
6165,e,6165
6163,e,6165
6163,f,6165
6162,f,6165
6162,e,6165
6167,a,6166
6165,f,6166
6166,f,6166
6166,a,6166
6162,f,6166
6165,a,6166
6167,f,6166
6162,a,6166
6164,f,6166
6163,f,6166
6163,a,6166
6164,a,6166
6167,b,6167
6167,d,6167
6166,b,6167
6166,a,6167
6168,a,6167
6168,b,6167
6168,d,6167
6167,a,6167
6166,d,6167
6163,a,6167
6164,d,6167
6164,b,6167
6164,a,6167
6165,d,6167
6165,b,6167
6165,a,6167
6163,b,6167
6163,d,6167
6167,b,6168
6167,d,6168
6165,d,6168
6167,f,6168
6165,c,6168
6168,b,6168
6168,d,6168
6168,c,6168
6168,f,6168
6169,b,6168
6169,d,6168
6164,b,6168
6164,d,6168
6167,c,6168
6164,c,6168
6165,f,6168
6165,b,6168
6169,c,6168
6164,f,6168
6166,b,6168
6166,d,6168
6169,f,6168
6166,f,6168
6166,c,6168
6167,c,6169
6165,c,6169
6169,c,6169
6169,f,6169
6169,e,6169
6168,e,6169
6168,f,6169
6168,c,6169
6165,f,6169
6166,e,6169
6165,e,6169
6166,c,6169
6170,c,6169
6170,f,6169
6170,e,6169
6167,e,6169
6167,f,6169
6166,f,6169
6170,e,6170
6169,e,6170
6169,f,6170
6169,b,6170
6170,b,6170
6170,f,6170
6171,e,6170
6171,b,6170
6171,f,6170
6166,f,6170
6168,e,6170
6168,f,6170
6168,b,6170
6166,b,6170
6167,e,6170
6167,f,6170
6167,b,6170
6166,e,6170
6172,f,6171
6172,c,6171
6171,f,6171
6171,c,6171
6170,f,6171
6170,c,6171
6168,f,6171
6167,f,6171
6169,f,6171
6168,c,6171
6167,c,6171
6169,c,6171
6170,e,6172
6173,e,6172
6168,e,6172
6169,e,6172
6171,e,6172
6172,e,6172
6174,f,6173
6172,f,6173
6173,f,6173
6171,f,6173
6169,f,6173
6170,f,6173
6176,a,6175
6176,e,6175
6173,e,6175
6173,a,6175
6174,e,6175
6174,a,6175
6171,a,6175
6172,e,6175
6172,a,6175
6171,e,6175
6175,e,6175
6175,a,6175
6177,d,6176
6176,f,6176
6176,d,6176
6176,b,6176
6177,f,6176
6175,f,6176
6175,d,6176
6175,b,6176
6177,b,6176
6173,f,6176
6174,f,6176
6174,d,6176
6174,b,6176
6172,b,6176
6172,d,6176
6172,f,6176
6173,b,6176
6173,d,6176
6174,f,6177
6177,f,6177
6177,c,6177
6176,f,6177
6176,c,6177
6173,c,6177
6174,c,6177
6175,c,6177
6175,f,6177
6178,c,6177
6178,f,6177
6173,f,6177
6179,e,6178
6176,e,6178
6174,e,6178
6177,e,6178
6178,e,6178
6175,e,6178
6179,f,6179
6180,e,6179
6180,f,6179
6178,e,6179
6178,f,6179
6179,e,6179
6176,e,6179
6177,e,6179
6177,f,6179
6175,f,6179
6175,e,6179
6176,f,6179
6177,f,6180
6180,f,6180
6179,f,6180
6181,f,6180
6176,f,6180
6178,f,6180
6179,f,6182
6179,e,6182
6178,e,6182
6178,f,6182
6180,f,6182
6180,e,6182
6183,e,6182
6183,f,6182
6181,f,6182
6181,e,6182
6182,e,6182
6182,f,6182
6183,f,6183
6182,f,6183
6184,f,6183
6181,f,6183
6180,f,6183
6179,f,6183
6182,a,6184
6183,a,6184
6184,a,6184
6180,a,6184
6185,a,6184
6181,a,6184
6185,b,6185
6185,d,6185
6184,d,6185
6184,b,6185
6182,b,6185
6186,b,6185
6183,b,6185
6182,d,6185
6186,d,6185
6181,b,6185
6181,d,6185
6183,d,6185
6186,c,6186
6186,f,6186
6185,f,6186
6185,c,6186
6183,c,6186
6184,f,6186
6184,c,6186
6182,c,6186
6182,f,6186
6183,f,6186
6187,c,6186
6187,f,6186
6186,e,6187
6187,e,6187
6188,e,6187
6184,e,6187
6185,e,6187
6183,e,6187
6188,a,6188
6188,f,6188
6189,a,6188
6189,c,6188
6187,f,6188
6187,c,6188
6187,a,6188
6189,f,6188
6184,a,6188
6184,c,6188
6188,c,6188
6186,f,6188
6186,c,6188
6186,a,6188
6184,f,6188
6185,a,6188
6185,c,6188
6185,f,6188
6189,d,6189
6190,b,6189
6190,d,6189
6188,e,6189
6188,d,6189
6188,b,6189
6190,e,6189
6189,e,6189
6189,b,6189
6185,d,6189
6186,e,6189
6186,d,6189
6186,b,6189
6187,b,6189
6187,d,6189
6185,b,6189
6187,e,6189
6185,e,6189
6191,c,6190
6188,c,6190
6187,c,6190
6186,f,6190
6186,c,6190
6191,f,6190
6189,c,6190
6189,f,6190
6190,f,6190
6190,c,6190
6187,f,6190
6188,f,6190
6190,e,6191
6187,e,6191
6189,e,6191
6188,e,6191
6192,e,6191
6191,e,6191
6192,f,6192
6191,f,6192
6193,f,6192
6189,f,6192
6188,f,6192
6190,f,6192
6192,d,6196
6197,d,6196
6193,d,6196
6194,d,6196
6195,d,6196
6196,d,6196
6193,f,6197
6194,f,6197
6195,f,6197
6198,f,6197
6197,f,6197
6196,f,6197
6198,c,6198
6197,c,6198
6199,c,6198
6195,c,6198
6194,c,6198
6196,c,6198
6198,e,6199
6198,c,6199
6197,e,6199
6199,e,6199
6199,c,6199
6200,c,6199
6197,c,6199
6195,e,6199
6195,c,6199
6200,e,6199
6196,c,6199
6196,e,6199
6201,c,6200
6199,b,6200
6196,e,6200
6199,f,6200
6199,e,6200
6201,b,6200
6200,e,6200
6200,f,6200
6200,c,6200
6200,b,6200
6201,f,6200
6199,c,6200
6201,e,6200
6197,b,6200
6198,e,6200
6198,f,6200
6198,c,6200
6198,b,6200
6196,b,6200
6196,c,6200
6197,c,6200
6197,f,6200
6196,f,6200
6197,e,6200
6201,f,6201
6200,c,6201
6202,e,6201
6200,e,6201
6201,c,6201
6202,c,6201
6201,e,6201
6200,f,6201
6202,f,6201
6197,f,6201
6197,c,6201
6198,e,6201
6198,f,6201
6198,c,6201
6197,e,6201
6199,f,6201
6199,c,6201
6199,e,6201
6203,e,6202
6203,a,6202
6201,f,6202
6201,a,6202
6202,e,6202
6202,f,6202
6202,a,6202
6198,a,6202
6198,f,6202
6201,e,6202
6203,f,6202
6199,a,6202
6199,e,6202
6199,f,6202
6200,a,6202
6200,f,6202
6200,e,6202
6198,e,6202
6204,d,6203
6204,b,6203
6203,b,6203
6203,e,6203
6202,e,6203
6202,f,6203
6202,d,6203
6202,b,6203
6203,f,6203
6204,e,6203
6199,e,6203
6204,f,6203
6203,d,6203
6199,f,6203
6200,f,6203
6201,b,6203
6201,d,6203
6200,d,6203
6201,f,6203
6200,e,6203
6200,b,6203
6199,b,6203
6199,d,6203
6201,e,6203
6203,b,6204
6205,b,6204
6205,c,6204
6205,f,6204
6203,f,6204
6204,b,6204
6203,c,6204
6200,f,6204
6204,f,6204
6200,c,6204
6204,c,6204
6202,f,6204
6202,c,6204
6202,b,6204
6201,b,6204
6201,c,6204
6201,f,6204
6200,b,6204
6205,c,6205
6205,f,6205
6206,c,6205
6206,f,6205
6201,f,6205
6204,f,6205
6203,f,6205
6203,c,6205
6204,c,6205
6201,c,6205
6202,f,6205
6202,c,6205
6204,e,6206
6203,e,6206
6207,e,6206
6202,e,6206
6205,e,6206
6206,e,6206
6209,a,6208
6206,a,6208
6205,a,6208
6204,a,6208
6207,a,6208
6208,a,6208
6210,b,6209
6208,d,6209
6209,d,6209
6208,b,6209
6210,d,6209
6206,d,6209
6207,b,6209
6206,b,6209
6205,d,6209
6205,b,6209
6209,b,6209
6207,d,6209
6210,c,6210
6210,f,6210
6211,c,6210
6209,f,6210
6209,c,6210
6211,f,6210
6208,f,6210
6208,c,6210
6206,c,6210
6206,f,6210
6207,c,6210
6207,f,6210
6211,e,6211
6208,e,6211
6209,e,6211
6212,e,6211
6210,e,6211
6207,e,6211
6208,a,6212
6211,a,6212
6211,f,6212
6212,f,6212
6212,a,6212
6208,f,6212
6213,a,6212
6210,f,6212
6210,a,6212
6209,f,6212
6209,a,6212
6213,f,6212
6213,b,6213
6212,f,6213
6212,d,6213
6212,b,6213
6213,d,6213
6213,f,6213
6214,f,6213
6214,d,6213
6214,b,6213
6209,b,6213
6210,d,6213
6210,b,6213
6209,f,6213
6211,f,6213
6211,d,6213
6211,b,6213
6210,f,6213
6209,d,6213
6211,f,6214
6213,f,6214
6213,c,6214
6214,f,6214
6214,c,6214
6214,a,6214
6213,a,6214
6211,c,6214
6215,a,6214
6215,c,6214
6215,f,6214
6211,a,6214
6212,f,6214
6212,c,6214
6212,a,6214
6210,c,6214
6210,f,6214
6210,a,6214
6216,e,6215
6215,f,6215
6215,d,6215
6216,f,6215
6214,d,6215
6214,f,6215
6215,b,6215
6214,e,6215
6214,b,6215
6215,e,6215
6212,e,6215
6216,b,6215
6212,b,6215
6211,e,6215
6211,f,6215
6211,d,6215
6212,f,6215
6212,d,6215
6213,d,6215
6213,f,6215
6213,e,6215
6211,b,6215
6216,d,6215
6213,b,6215
6216,c,6216
6215,f,6216
6215,c,6216
6216,f,6216
6212,c,6216
6217,c,6216
6217,f,6216
6214,f,6216
6214,c,6216
6212,f,6216
6213,c,6216
6213,f,6216
6216,e,6217
6217,a,6217
6216,a,6217
6218,e,6217
6218,a,6217
6217,e,6217
6213,a,6217
6214,a,6217
6214,e,6217
6215,e,6217
6215,a,6217
6213,e,6217
6214,b,6218
6219,b,6218
6219,d,6218
6218,b,6218
6217,d,6218
6217,b,6218
6216,d,6218
6216,b,6218
6214,d,6218
6215,b,6218
6215,d,6218
6218,d,6218
6218,b,6219
6218,f,6219
6218,c,6219
6215,c,6219
6219,f,6219
6220,b,6219
6220,c,6219
6220,f,6219
6219,c,6219
6219,b,6219
6215,f,6219
6217,b,6219
6215,b,6219
6216,b,6219
6216,c,6219
6217,f,6219
6217,c,6219
6216,f,6219
6219,d,6220
6219,c,6220
6219,f,6220
6219,e,6220
6216,f,6220
6221,c,6220
6221,d,6220
6220,e,6220
6220,d,6220
6221,f,6220
6216,d,6220
6220,f,6220
6217,e,6220
6217,f,6220
6220,c,6220
6217,c,6220
6217,d,6220
6216,c,6220
6218,c,6220
6218,d,6220
6218,e,6220
6221,e,6220
6216,e,6220
6218,f,6220
6220,e,6221
6221,e,6221
6221,f,6221
6222,f,6221
6222,e,6221
6220,f,6221
6217,e,6221
6217,f,6221
6218,f,6221
6218,e,6221
6219,f,6221
6219,e,6221
6222,f,6222
6221,f,6222
6218,f,6222
6223,f,6222
6220,f,6222
6219,f,6222
6223,d,6223
6224,d,6223
6220,c,6223
6220,d,6223
6221,d,6223
6221,c,6223
6219,c,6223
6223,c,6223
6224,c,6223
6219,d,6223
6222,d,6223
6222,c,6223
6223,f,6224
6220,e,6224
6224,e,6224
6223,e,6224
6222,f,6224
6225,e,6224
6222,e,6224
6221,e,6224
6221,f,6224
6220,f,6224
6225,f,6224
6224,f,6224
6225,f,6225
6226,f,6225
6224,f,6225
6223,f,6225
6221,f,6225
6222,f,6225
6223,c,6226
6226,c,6226
6222,c,6226
6225,c,6226
6224,c,6226
6227,c,6226
6228,e,6227
6223,e,6227
6225,e,6227
6224,e,6227
6226,e,6227
6227,e,6227
6228,d,6228
6229,f,6228
6227,f,6228
6227,d,6228
6228,f,6228
6226,f,6228
6226,d,6228
6225,f,6228
6225,d,6228
6224,f,6228
6224,d,6228
6229,d,6228
6230,f,6229
6229,f,6229
6228,f,6229
6227,f,6229
6226,f,6229
6225,f,6229
6229,d,6233
6230,d,6233
6231,d,6233
6234,d,6233
6232,d,6233
6233,d,6233
6230,f,6234
6231,f,6234
6234,f,6234
6232,f,6234
6233,f,6234
6235,f,6234
6236,f,6235
6234,e,6235
6235,e,6235
6234,f,6235
6236,e,6235
6235,f,6235
6233,e,6235
6233,f,6235
6232,e,6235
6232,f,6235
6231,e,6235
6231,f,6235
6235,f,6236
6236,f,6236
6237,f,6236
6234,f,6236
6232,f,6236
6233,f,6236
6234,d,6237
6238,d,6237
6236,d,6237
6237,d,6237
6235,d,6237
6233,d,6237
6236,f,6238
6235,f,6238
6234,f,6238
6237,f,6238
6238,f,6238
6239,f,6238
6241,d,6242
6243,c,6242
6243,d,6242
6242,d,6242
6241,c,6242
6240,c,6242
6242,c,6242
6240,d,6242
6238,d,6242
6239,c,6242
6238,c,6242
6239,d,6242
6239,e,6243
6244,e,6243
6244,f,6243
6243,e,6243
6242,e,6243
6242,f,6243
6243,f,6243
6240,e,6243
6240,f,6243
6241,e,6243
6241,f,6243
6239,f,6243
6245,f,6244
6245,d,6244
6244,f,6244
6244,d,6244
6240,d,6244
6243,f,6244
6241,f,6244
6240,f,6244
6243,d,6244
6242,d,6244
6242,f,6244
6241,d,6244
6241,f,6245
6244,f,6245
6243,f,6245
6245,f,6245
6246,f,6245
6242,f,6245
6244,d,6248
6249,d,6248
6245,d,6248
6246,d,6248
6247,d,6248
6248,d,6248
6249,f,6249
6250,f,6249
6246,f,6249
6247,f,6249
6245,f,6249
6248,f,6249
6248,c,6252
6249,c,6252
6253,c,6252
6250,c,6252
6251,c,6252
6252,c,6252
6253,e,6253
6252,e,6253
6254,e,6253
6251,e,6253
6250,e,6253
6249,e,6253
6255,f,6254
6250,f,6254
6252,f,6254
6253,f,6254
6254,f,6254
6251,f,6254
6254,d,6255
6255,d,6255
6256,d,6255
6253,d,6255
6252,d,6255
6251,d,6255
6253,f,6256
6254,f,6256
6257,f,6256
6256,f,6256
6255,f,6256
6252,f,6256
6257,a,6257
6256,a,6257
6258,a,6257
6255,a,6257
6253,a,6257
6254,a,6257
6259,b,6258
6258,b,6258
6255,b,6258
6255,d,6258
6254,d,6258
6256,b,6258
6256,d,6258
6259,d,6258
6257,d,6258
6258,d,6258
6254,b,6258
6257,b,6258
6258,c,6259
6259,f,6259
6259,c,6259
6258,f,6259
6260,c,6259
6255,c,6259
6257,f,6259
6256,f,6259
6256,c,6259
6255,f,6259
6260,f,6259
6257,c,6259
6260,c,6260
6260,e,6260
6261,c,6260
6261,e,6260
6259,e,6260
6259,c,6260
6256,e,6260
6258,e,6260
6258,c,6260
6257,c,6260
6257,e,6260
6256,c,6260
6261,f,6261
6261,e,6261
6260,e,6261
6260,f,6261
6258,e,6261
6262,f,6261
6262,e,6261
6259,e,6261
6259,f,6261
6258,f,6261
6257,f,6261
6257,e,6261
6261,f,6262
6262,f,6262
6263,f,6262
6260,f,6262
6258,f,6262
6259,f,6262
6260,a,6263
6261,a,6263
6262,a,6263
6264,a,6263
6263,a,6263
6259,a,6263
6265,b,6264
6263,b,6264
6263,d,6264
6265,f,6264
6264,b,6264
6264,d,6264
6265,d,6264
6263,f,6264
6264,f,6264
6260,f,6264
6262,f,6264
6262,d,6264
6262,b,6264
6260,b,6264
6260,d,6264
6261,f,6264
6261,d,6264
6261,b,6264
6264,c,6265
6265,f,6265
6265,c,6265
6264,f,6265
6262,f,6265
6266,f,6265
6266,c,6265
6263,c,6265
6262,c,6265
6261,f,6265
6261,c,6265
6263,f,6265
6266,e,6266
6265,e,6266
6262,e,6266
6267,e,6266
6264,e,6266
6263,e,6266
6268,f,6267
6267,d,6267
6267,f,6267
6266,d,6267
6266,f,6267
6268,d,6267
6263,d,6267
6263,f,6267
6264,d,6267
6265,d,6267
6265,f,6267
6264,f,6267
6265,f,6268
6264,f,6268
6266,a,6268
6264,a,6268
6268,a,6268
6268,f,6268
6269,a,6268
6267,f,6268
6267,a,6268
6269,f,6268
6265,a,6268
6266,f,6268
6265,d,6269
6268,d,6269
6265,b,6269
6269,f,6269
6269,d,6269
6269,b,6269
6268,b,6269
6268,f,6269
6267,b,6269
6267,f,6269
6267,d,6269
6270,b,6269
6270,d,6269
6270,f,6269
6266,f,6269
6266,d,6269
6266,b,6269
6265,f,6269
6271,d,6270
6269,c,6270
6269,d,6270
6270,f,6270
6269,f,6270
6271,c,6270
6270,c,6270
6267,c,6270
6266,d,6270
6268,f,6270
6268,c,6270
6268,d,6270
6270,d,6270
6266,c,6270
6267,f,6270
6271,f,6270
6266,f,6270
6267,d,6270
6271,f,6271
6270,e,6271
6272,f,6271
6271,e,6271
6270,f,6271
6272,e,6271
6267,f,6271
6267,e,6271
6269,e,6271
6269,f,6271
6268,e,6271
6268,f,6271
6273,e,6272
6273,f,6272
6269,e,6272
6272,e,6272
6272,f,6272
6271,e,6272
6269,f,6272
6270,f,6272
6270,e,6272
6268,f,6272
6268,e,6272
6271,f,6272
6271,b,6274
6273,b,6274
6274,b,6274
6272,b,6274
6270,b,6274
6275,b,6274
6274,a,6275
6274,d,6275
6274,c,6275
6275,d,6275
6275,c,6275
6275,f,6275
6276,a,6275
6276,d,6275
6276,c,6275
6276,f,6275
6275,a,6275
6273,f,6275
6274,f,6275
6273,d,6275
6272,d,6275
6272,a,6275
6273,c,6275
6271,f,6275
6272,c,6275
6271,d,6275
6273,a,6275
6271,c,6275
6271,a,6275
6272,f,6275
6276,b,6276
6276,d,6276
6276,f,6276
6275,e,6276
6276,e,6276
6275,d,6276
6275,b,6276
6277,f,6276
6277,b,6276
6277,d,6276
6275,f,6276
6272,f,6276
6273,b,6276
6273,d,6276
6273,f,6276
6273,e,6276
6272,e,6276
6272,d,6276
6272,b,6276
6277,e,6276
6274,d,6276
6274,f,6276
6274,e,6276
6274,b,6276
6274,f,6277
6277,d,6277
6277,c,6277
6277,f,6277
6278,d,6277
6276,f,6277
6276,c,6277
6276,d,6277
6274,c,6277
6273,d,6277
6274,d,6277
6273,f,6277
6278,c,6277
6278,f,6277
6275,f,6277
6275,c,6277
6275,d,6277
6273,c,6277
6279,f,6278
6278,b,6278
6278,f,6278
6277,e,6278
6277,f,6278
6277,b,6278
6278,e,6278
6279,e,6278
6279,b,6278
6274,f,6278
6274,e,6278
6276,e,6278
6276,f,6278
6275,b,6278
6276,b,6278
6275,f,6278
6274,b,6278
6275,e,6278
6275,c,6279
6279,f,6279
6280,c,6279
6280,f,6279
6278,f,6279
6278,c,6279
6279,c,6279
6277,f,6279
6277,c,6279
6276,c,6279
6276,f,6279
6275,f,6279
6280,e,6280
6281,c,6280
6281,e,6280
6280,c,6280
6279,c,6280
6276,c,6280
6279,e,6280
6278,e,6280
6278,c,6280
6276,e,6280
6277,c,6280
6277,e,6280
6281,e,6281
6279,e,6281
6282,e,6281
6278,e,6281
6277,e,6281
6280,e,6281
6283,f,6282
6282,f,6282
6281,f,6282
6278,f,6282
6280,f,6282
6279,f,6282
6280,f,6283
6281,f,6283
6279,f,6283
6282,f,6283
6283,f,6283
6284,f,6283
6281,e,6284
6282,e,6284
6285,e,6284
6284,e,6284
6283,e,6284
6280,e,6284
6286,f,6285
6285,f,6285
6284,f,6285
6283,f,6285
6282,f,6285
6281,f,6285
6283,b,6286
6284,b,6286
6282,b,6286
6285,b,6286
6287,b,6286
6286,b,6286
6283,f,6287
6283,c,6287
6288,f,6287
6288,c,6287
6287,c,6287
6286,f,6287
6286,c,6287
6287,f,6287
6285,f,6287
6284,c,6287
6285,c,6287
6284,f,6287
6285,e,6288
6288,e,6288
6287,e,6288
6289,e,6288
6284,e,6288
6286,e,6288
6287,f,6289
6289,f,6289
6286,f,6289
6288,f,6289
6285,f,6289
6290,f,6289
6291,b,6291
6289,b,6291
6290,b,6291
6292,b,6291
6288,b,6291
6287,b,6291
6292,c,6292
6293,d,6292
6291,f,6292
6291,c,6292
6291,d,6292
6293,c,6292
6293,f,6292
6292,f,6292
6290,f,6292
6288,d,6292
6289,c,6292
6288,c,6292
6288,f,6292
6289,d,6292
6290,c,6292
6289,f,6292
6292,d,6292
6290,d,6292
6294,f,6293
6294,c,6293
6292,e,6293
6292,f,6293
6292,c,6293
6293,c,6293
6293,f,6293
6294,e,6293
6293,e,6293
6289,e,6293
6290,e,6293
6290,c,6293
6290,f,6293
6289,f,6293
6291,c,6293
6289,c,6293
6291,f,6293
6291,e,6293
6293,f,6294
6294,f,6294
6294,e,6294
6295,f,6294
6295,e,6294
6293,e,6294
6291,e,6294
6291,f,6294
6290,f,6294
6290,e,6294
6292,f,6294
6292,e,6294
6294,f,6295
6295,f,6295
6291,f,6295
6296,f,6295
6293,f,6295
6292,f,6295
6297,b,6296
6294,b,6296
6296,b,6296
6293,b,6296
6292,b,6296
6295,b,6296
6297,f,6297
6296,f,6297
6296,c,6297
6298,c,6297
6298,f,6297
6293,f,6297
6295,f,6297
6297,c,6297
6294,f,6297
6294,c,6297
6293,c,6297
6295,c,6297
6299,e,6298
6298,e,6298
6297,e,6298
6296,e,6298
6294,e,6298
6295,e,6298
6298,f,6299
6299,f,6299
6299,b,6299
6298,b,6299
6295,b,6299
6295,f,6299
6300,b,6299
6297,f,6299
6297,b,6299
6296,f,6299
6296,b,6299
6300,f,6299
6301,c,6300
6300,c,6300
6300,f,6300
6299,f,6300
6299,c,6300
6296,f,6300
6301,f,6300
6298,f,6300
6298,c,6300
6296,c,6300
6297,c,6300
6297,f,6300
6300,e,6301
6300,b,6301
6301,b,6301
6302,b,6301
6302,e,6301
6301,e,6301
6297,b,6301
6299,e,6301
6299,b,6301
6297,e,6301
6298,b,6301
6298,e,6301
6302,f,6302
6302,e,6302
6303,c,6302
6303,f,6302
6301,e,6302
6301,f,6302
6301,c,6302
6298,c,6302
6303,e,6302
6300,e,6302
6300,f,6302
6300,c,6302
6298,f,6302
6298,e,6302
6299,c,6302
6299,f,6302
6299,e,6302
6302,c,6302
6303,e,6303
6304,f,6303
6304,e,6303
6302,e,6303
6302,f,6303
6299,f,6303
6303,f,6303
6300,e,6303
6301,f,6303
6301,e,6303
6299,e,6303
6300,f,6303
6304,f,6304
6303,f,6304
6303,a,6304
6300,a,6304
6300,f,6304
6301,f,6304
6301,a,6304
6305,a,6304
6305,f,6304
6302,f,6304
6302,a,6304
6304,a,6304
6304,d,6305
6305,d,6305
6306,d,6305
6304,a,6305
6305,a,6305
6305,b,6305
6304,b,6305
6301,d,6305
6306,a,6305
6302,d,6305
6302,b,6305
6302,a,6305
6301,a,6305
6306,b,6305
6303,a,6305
6303,d,6305
6303,b,6305
6301,b,6305
6302,b,6306
6305,f,6306
6306,f,6306
6305,d,6306
6305,b,6306
6306,c,6306
6306,d,6306
6306,b,6306
6305,c,6306
6303,b,6306
6303,d,6306
6302,f,6306
6303,c,6306
6303,f,6306
6307,c,6306
6304,f,6306
6304,c,6306
6304,d,6306
6304,b,6306
6302,c,6306
6302,d,6306
6307,f,6306
6307,d,6306
6307,b,6306
6306,e,6307
6307,f,6307
6307,e,6307
6306,c,6307
6306,f,6307
6306,d,6307
6308,d,6307
6303,d,6307
6308,f,6307
6307,d,6307
6303,c,6307
6303,f,6307
6303,e,6307
6304,d,6307
6304,c,6307
6308,c,6307
6304,e,6307
6304,f,6307
6305,d,6307
6305,c,6307
6305,f,6307
6305,e,6307
6308,e,6307
6307,c,6307
6308,e,6308
6307,e,6308
6308,f,6308
6309,e,6308
6309,f,6308
6307,f,6308
6306,e,6308
6304,f,6308
6306,f,6308
6305,e,6308
6305,f,6308
6304,e,6308
6306,f,6309
6310,f,6309
6310,d,6309
6309,d,6309
6308,f,6309
6308,d,6309
6309,f,6309
6305,f,6309
6306,d,6309
6305,d,6309
6307,f,6309
6307,d,6309
6307,f,6310
6311,f,6310
6309,f,6310
6306,f,6310
6310,f,6310
6308,f,6310
6312,a,6312
6313,a,6312
6310,a,6312
6309,a,6312
6311,a,6312
6308,a,6312
6313,a,6313
6314,d,6313
6313,b,6313
6313,d,6313
6312,d,6313
6312,b,6313
6312,a,6313
6314,b,6313
6311,b,6313
6311,d,6313
6314,a,6313
6310,b,6313
6310,a,6313
6310,d,6313
6309,d,6313
6309,b,6313
6309,a,6313
6311,a,6313
6315,b,6314
6313,b,6314
6313,c,6314
6313,f,6314
6314,f,6314
6314,c,6314
6314,d,6314
6314,b,6314
6313,d,6314
6315,c,6314
6310,f,6314
6315,d,6314
6312,f,6314
6312,c,6314
6312,d,6314
6312,b,6314
6310,b,6314
6310,d,6314
6310,c,6314
6311,b,6314
6311,d,6314
6315,f,6314
6311,c,6314
6311,f,6314
6316,f,6315
6314,d,6315
6315,d,6315
6314,f,6315
6316,e,6315
6315,f,6315
6315,c,6315
6314,e,6315
6314,c,6315
6315,e,6315
6316,c,6315
6312,e,6315
6316,d,6315
6311,d,6315
6312,c,6315
6312,d,6315
6313,e,6315
6313,f,6315
6313,c,6315
6313,d,6315
6312,f,6315
6311,e,6315
6311,f,6315
6311,c,6315
6312,f,6316
6315,f,6316
6315,e,6316
6316,f,6316
6316,b,6316
6315,b,6316
6316,e,6316
6312,b,6316
6317,b,6316
6317,f,6316
6317,e,6316
6313,e,6316
6313,f,6316
6314,e,6316
6314,f,6316
6314,b,6316
6313,b,6316
6312,e,6316
6318,c,6317
6316,f,6317
6316,c,6317
6317,f,6317
6317,c,6317
6318,f,6317
6317,b,6317
6316,b,6317
6318,b,6317
6314,c,6317
6313,b,6317
6313,c,6317
6315,f,6317
6315,c,6317
6315,b,6317
6313,f,6317
6314,b,6317
6314,f,6317
6318,c,6318
6319,c,6318
6319,f,6318
6319,e,6318
6317,e,6318
6317,f,6318
6317,c,6318
6314,c,6318
6314,f,6318
6314,e,6318
6316,e,6318
6316,f,6318
6316,c,6318
6315,c,6318
6315,f,6318
6315,e,6318
6318,f,6318
6318,e,6318
6319,e,6319
6320,f,6319
6320,e,6319
6319,f,6319
6318,e,6319
6318,f,6319
6315,f,6319
6316,f,6319
6316,e,6319
6315,e,6319
6317,f,6319
6317,e,6319
6319,c,6320
6320,c,6320
6316,c,6320
6321,c,6320
6318,c,6320
6317,c,6320
6317,e,6321
6319,e,6321
6322,e,6321
6318,e,6321
6320,e,6321
6321,e,6321
6322,e,6322
6322,f,6322
6321,e,6322
6323,f,6322
6321,f,6322
6323,e,6322
6320,e,6322
6320,f,6322
6319,e,6322
6319,f,6322
6318,e,6322
6318,f,6322
6319,f,6323
6321,f,6323
6322,f,6323
6320,f,6323
6323,f,6323
6324,f,6323
6326,c,6326
6325,c,6326
6324,c,6326
6323,c,6326
6322,c,6326
6327,c,6326
6324,e,6327
6327,e,6327
6325,e,6327
6328,e,6327
6326,e,6327
6323,e,6327
6328,f,6328
6327,f,6328
6325,f,6328
6326,f,6328
6324,f,6328
6329,f,6328
6326,c,6329
6325,c,6329
6327,c,6329
6330,c,6329
6329,c,6329
6328,c,6329
6330,e,6330
6330,f,6330
6329,e,6330
6331,e,6330
6329,f,6330
6331,f,6330
6328,f,6330
6328,e,6330
6327,e,6330
6327,f,6330
6326,e,6330
6326,f,6330
6327,f,6331
6329,f,6331
6330,f,6331
6331,f,6331
6328,f,6331
6332,f,6331
6334,a,6334
6333,a,6334
6332,a,6334
6335,a,6334
6331,a,6334
6330,a,6334
6331,b,6335
6335,d,6335
6336,b,6335
6334,d,6335
6334,b,6335
6336,d,6335
6331,d,6335
6332,d,6335
6333,d,6335
6333,b,6335
6335,b,6335
6332,b,6335
6337,c,6336
6337,f,6336
6335,f,6336
6335,c,6336
6336,f,6336
6336,c,6336
6334,c,6336
6332,f,6336
6334,f,6336
6333,c,6336
6333,f,6336
6332,c,6336
6333,e,6337
6338,e,6337
6336,e,6337
6337,e,6337
6335,e,6337
6334,e,6337
6334,e,6338
6339,f,6338
6339,e,6338
6338,f,6338
6337,e,6338
6338,e,6338
6334,f,6338
6337,f,6338
6335,e,6338
6336,e,6338
6336,f,6338
6335,f,6338
6339,f,6339
6335,f,6339
6336,f,6339
6337,f,6339
6338,f,6339
6340,f,6339
6341,f,6342
6341,c,6342
6340,c,6342
6342,f,6342
6341,a,6342
6343,a,6342
6343,c,6342
6343,f,6342
6340,f,6342
6338,f,6342
6339,f,6342
6339,c,6342
6339,a,6342
6342,c,6342
6338,c,6342
6338,a,6342
6340,a,6342
6342,a,6342
6343,e,6343
6344,b,6343
6343,d,6343
6343,b,6343
6344,d,6343
6342,d,6343
6342,b,6343
6344,e,6343
6342,e,6343
6339,b,6343
6341,e,6343
6341,d,6343
6341,b,6343
6339,e,6343
6340,b,6343
6340,d,6343
6339,d,6343
6340,e,6343
6344,c,6344
6344,f,6344
6343,f,6344
6343,c,6344
6341,f,6344
6345,c,6344
6345,f,6344
6342,f,6344
6342,c,6344
6341,c,6344
6340,f,6344
6340,c,6344
6345,e,6345
6341,e,6345
6344,e,6345
6346,e,6345
6343,e,6345
6342,e,6345
6346,f,6346
6343,f,6346
6344,f,6346
6344,e,6346
6347,f,6346
6342,e,6346
6342,f,6346
6345,f,6346
6345,e,6346
6346,e,6346
6347,e,6346
6343,e,6346
6347,f,6347
6346,f,6347
6348,f,6347
6345,f,6347
6343,f,6347
6344,f,6347
6349,e,6348
6348,e,6348
6347,e,6348
6347,a,6348
6348,a,6348
6349,a,6348
6344,e,6348
6346,e,6348
6346,a,6348
6344,a,6348
6345,a,6348
6345,e,6348
6349,b,6349
6350,f,6349
6349,f,6349
6348,f,6349
6348,d,6349
6348,b,6349
6350,b,6349
6349,d,6349
6350,d,6349
6345,f,6349
6346,f,6349
6346,b,6349
6346,d,6349
6345,d,6349
6345,b,6349
6347,d,6349
6347,f,6349
6347,b,6349
6348,c,6350
6350,c,6350
6350,f,6350
6351,c,6350
6349,f,6350
6349,c,6350
6347,c,6350
6346,f,6350
6351,f,6350
6348,f,6350
6346,c,6350
6347,f,6350
6347,e,6351
6350,e,6351
6351,e,6351
6352,e,6351
6349,e,6351
6348,e,6351
6352,f,6352
6350,f,6352
6353,f,6352
6349,f,6352
6348,f,6352
6351,f,6352
6353,e,6353
6352,e,6353
6352,c,6353
6353,c,6353
6354,e,6353
6354,c,6353
6349,c,6353
6351,e,6353
6351,c,6353
6350,e,6353
6349,e,6353
6350,c,6353
6351,e,6354
6354,f,6354
6354,e,6354
6353,e,6354
6353,f,6354
6350,f,6354
6351,f,6354
6355,f,6354
6352,e,6354
6352,f,6354
6350,e,6354
6355,e,6354
6355,f,6355
6355,c,6355
6354,c,6355
6354,f,6355
6351,c,6355
6356,c,6355
6353,f,6355
6353,c,6355
6352,f,6355
6356,f,6355
6351,f,6355
6352,c,6355
6356,e,6356
6355,e,6356
6353,e,6356
6357,e,6356
6354,e,6356
6352,e,6356
6357,f,6357
6357,b,6357
6358,f,6357
6356,b,6357
6356,f,6357
6358,b,6357
6353,b,6357
6355,f,6357
6355,b,6357
6353,f,6357
6354,b,6357
6354,f,6357
6358,c,6358
6358,f,6358
6359,c,6358
6357,c,6358
6355,f,6358
6357,f,6358
6356,f,6358
6356,c,6358
6354,c,6358
6354,f,6358
6355,c,6358
6359,f,6358
6358,c,6359
6359,c,6359
6359,e,6359
6358,e,6359
6355,c,6359
6360,e,6359
6357,e,6359
6357,c,6359
6356,e,6359
6356,c,6359
6355,e,6359
6360,c,6359
6359,e,6360
6359,f,6360
6360,f,6360
6360,e,6360
6361,e,6360
6361,f,6360
6356,f,6360
6358,e,6360
6358,f,6360
6356,e,6360
6357,f,6360
6357,e,6360
6362,b,6361
6361,a,6361
6361,b,6361
6361,f,6361
6360,f,6361
6360,b,6361
6360,a,6361
6357,a,6361
6362,a,6361
6358,b,6361
6358,f,6361
6359,f,6361
6359,b,6361
6359,a,6361
6357,b,6361
6357,f,6361
6362,f,6361
6358,a,6361
6362,b,6362
6363,d,6362
6363,b,6362
6362,f,6362
6361,b,6362
6363,f,6362
6361,c,6362
6362,c,6362
6361,f,6362
6362,d,6362
6361,d,6362
6363,c,6362
6360,c,6362
6358,b,6362
6358,d,6362
6358,c,6362
6358,f,6362
6359,b,6362
6359,d,6362
6359,c,6362
6359,f,6362
6360,b,6362
6360,d,6362
6360,f,6362
6361,c,6363
6363,c,6363
6364,c,6363
6360,e,6363
6360,f,6363
6364,f,6363
6364,e,6363
6362,e,6363
6362,f,6363
6362,c,6363
6360,c,6363
6363,f,6363
6359,c,6363
6359,f,6363
6361,e,6363
6361,f,6363
6359,e,6363
6363,e,6363
6364,f,6364
6364,e,6364
6365,f,6364
6365,e,6364
6363,e,6364
6360,f,6364
6360,e,6364
6362,e,6364
6362,f,6364
6361,e,6364
6361,f,6364
6363,f,6364
6365,f,6365
6363,f,6365
6362,f,6365
6361,f,6365
6364,f,6365
6366,f,6365
6367,a,6368
6369,a,6368
6366,a,6368
6368,a,6368
6365,a,6368
6364,a,6368
6370,b,6369
6369,b,6369
6370,d,6369
6368,d,6369
6369,d,6369
6368,b,6369
6366,d,6369
6365,d,6369
6367,d,6369
6367,b,6369
6365,b,6369
6366,b,6369
6370,f,6370
6370,c,6370
6367,c,6370
6371,c,6370
6369,f,6370
6369,c,6370
6367,f,6370
6366,c,6370
6371,f,6370
6368,f,6370
6368,c,6370
6366,f,6370
6369,e,6371
6368,e,6371
6371,e,6371
6372,e,6371
6367,e,6371
6370,e,6371
6372,f,6372
6371,f,6372
6370,f,6372
6369,f,6372
6368,f,6372
6373,f,6372
6372,b,6373
6372,a,6373
6373,a,6373
6374,b,6373
6373,b,6373
6371,b,6373
6374,a,6373
6370,a,6373
6370,b,6373
6369,b,6373
6369,a,6373
6371,a,6373
6375,d,6374
6375,b,6374
6373,b,6374
6373,c,6374
6373,f,6374
6374,f,6374
6374,c,6374
6374,d,6374
6374,b,6374
6373,d,6374
6375,f,6374
6370,f,6374
6372,f,6374
6371,b,6374
6371,d,6374
6371,c,6374
6371,f,6374
6370,c,6374
6375,c,6374
6370,b,6374
6372,b,6374
6372,d,6374
6372,c,6374
6370,d,6374
6375,f,6375
6375,c,6375
6376,c,6375
6374,f,6375
6374,c,6375
6374,e,6375
6375,e,6375
6376,e,6375
6376,f,6375
6372,c,6375
6371,e,6375
6371,f,6375
6372,f,6375
6373,c,6375
6372,e,6375
6373,e,6375
6371,c,6375
6373,f,6375
6376,e,6376
6375,e,6376
6375,f,6376
6375,b,6376
6376,f,6376
6376,b,6376
6377,b,6376
6372,b,6376
6372,e,6376
6377,f,6376
6377,e,6376
6373,e,6376
6373,f,6376
6374,e,6376
6374,f,6376
6374,b,6376
6372,f,6376
6373,b,6376
6378,e,6377
6376,c,6377
6378,c,6377
6376,e,6377
6377,e,6377
6377,f,6377
6377,c,6377
6376,f,6377
6378,f,6377
6375,e,6377
6373,c,6377
6373,e,6377
6375,f,6377
6374,c,6377
6374,f,6377
6374,e,6377
6375,c,6377
6373,f,6377
6378,f,6378
6378,e,6378
6377,f,6378
6374,f,6378
6377,e,6378
6379,f,6378
6376,e,6378
6376,f,6378
6379,e,6378
6375,f,6378
6375,e,6378
6374,e,6378
6380,c,6379
6378,f,6379
6378,c,6379
6380,f,6379
6375,c,6379
6377,f,6379
6377,c,6379
6379,c,6379
6375,f,6379
6376,f,6379
6376,c,6379
6379,f,6379
6379,e,6380
6381,e,6380
6380,e,6380
6378,e,6380
6376,e,6380
6377,e,6380
6381,e,6382
6381,a,6382
6383,a,6382
6383,e,6382
6378,e,6382
6380,e,6382
6379,a,6382
6382,e,6382
6378,a,6382
6379,e,6382
6380,a,6382
6382,a,6382
6383,b,6383
6383,d,6383
6382,f,6383
6382,d,6383
6382,b,6383
6384,f,6383
6383,f,6383
6380,b,6383
6384,b,6383
6380,f,6383
6380,d,6383
6379,f,6383
6379,d,6383
6379,b,6383
6381,b,6383
6381,f,6383
6384,d,6383
6381,d,6383
6385,c,6384
6383,c,6384
6383,e,6384
6384,e,6384
6384,f,6384
6384,c,6384
6383,f,6384
6381,c,6384
6380,e,6384
6381,f,6384
6381,e,6384
6385,e,6384
6380,f,6384
6380,c,6384
6385,f,6384
6382,f,6384
6382,e,6384
6382,c,6384
6385,e,6385
6384,f,6385
6384,b,6385
6386,b,6385
6386,f,6385
6386,e,6385
6384,e,6385
6385,b,6385
6385,f,6385
6381,b,6385
6382,f,6385
6382,b,6385
6381,e,6385
6383,e,6385
6383,f,6385
6383,b,6385
6382,e,6385
6381,f,6385
6385,d,6386
6385,c,6386
6385,f,6386
6386,d,6386
6386,c,6386
6386,f,6386
6387,f,6386
6387,c,6386
6382,d,6386
6387,d,6386
6382,c,6386
6382,f,6386
6383,d,6386
6383,c,6386
6383,f,6386
6384,f,6386
6384,c,6386
6384,d,6386
6388,c,6387
6388,f,6387
6386,e,6387
6387,e,6387
6387,f,6387
6387,c,6387
6383,c,6387
6386,c,6387
6386,f,6387
6383,f,6387
6385,e,6387
6385,f,6387
6385,c,6387
6384,c,6387
6384,f,6387
6384,e,6387
6383,e,6387
6388,e,6387
6388,a,6388
6388,f,6388
6388,e,6388
6389,a,6388
6387,e,6388
6387,f,6388
6389,e,6388
6389,f,6388
6387,a,6388
6385,a,6388
6385,e,6388
6385,f,6388
6386,f,6388
6384,a,6388
6386,a,6388
6384,f,6388
6386,e,6388
6384,e,6388
6389,d,6389
6389,b,6389
6385,d,6389
6388,d,6389
6388,b,6389
6388,a,6389
6389,a,6389
6385,a,6389
6385,b,6389
6390,a,6389
6390,b,6389
6390,d,6389
6387,d,6389
6387,b,6389
6387,a,6389
6386,a,6389
6386,b,6389
6386,d,6389
6390,b,6390
6390,d,6390
6390,c,6390
6389,d,6390
6389,b,6390
6391,b,6390
6389,c,6390
6386,d,6390
6391,c,6390
6386,c,6390
6386,b,6390
6388,c,6390
6388,d,6390
6388,b,6390
6391,d,6390
6387,b,6390
6387,d,6390
6387,c,6390
6391,c,6391
6391,f,6391
6391,e,6391
6390,e,6391
6390,f,6391
6390,c,6391
6387,c,6391
6387,e,6391
6392,c,6391
6392,f,6391
6392,e,6391
6389,e,6391
6389,f,6391
6389,c,6391
6388,c,6391
6388,f,6391
6388,e,6391
6387,f,6391
6392,e,6392
6392,f,6392
6391,e,6392
6393,e,6392
6393,f,6392
6391,f,6392
6390,e,6392
6390,f,6392
6388,f,6392
6388,e,6392
6389,f,6392
6389,e,6392
6390,f,6393
6394,f,6393
6394,c,6393
6393,f,6393
6392,f,6393
6392,c,6393
6393,c,6393
6389,f,6393
6390,c,6393
6389,c,6393
6391,f,6393
6391,c,6393
6391,e,6394
6390,e,6394
6392,e,6394
6393,e,6394
6395,e,6394
6394,e,6394
6392,e,6395
6396,e,6395
6396,f,6395
6395,e,6395
6395,f,6395
6394,e,6395
6392,f,6395
6394,f,6395
6391,f,6395
6393,e,6395
6393,f,6395
6391,e,6395
6394,f,6396
6393,f,6396
6395,f,6396
6392,f,6396
6396,f,6396
6397,f,6396
6399,a,6400
6400,a,6400
6398,a,6400
6401,a,6400
6397,a,6400
6396,a,6400
6397,b,6401
6402,b,6401
6402,d,6401
6400,d,6401
6400,b,6401
6401,d,6401
6401,b,6401
6399,d,6401
6399,b,6401
6397,d,6401
6398,d,6401
6398,b,6401
6402,c,6402
6403,f,6402
6401,c,6402
6403,c,6402
6402,f,6402
6401,f,6402
6399,c,6402
6398,c,6402
6400,f,6402
6400,c,6402
6399,f,6402
6398,f,6402
6400,e,6403
6401,e,6403
6399,e,6403
6402,e,6403
6404,e,6403
6403,e,6403
6405,f,6404
6404,f,6404
6403,f,6404
6400,f,6404
6402,f,6404
6401,f,6404
6403,d,6406
6402,d,6406
6404,d,6406
6407,d,6406
6405,d,6406
6406,d,6406
6407,f,6407
6408,f,6407
6404,f,6407
6405,f,6407
6403,f,6407
6406,f,6407
6406,b,6410
6407,b,6410
6411,b,6410
6408,b,6410
6410,b,6410
6409,b,6410
6411,f,6411
6411,c,6411
6410,f,6411
6410,c,6411
6412,c,6411
6409,c,6411
6408,f,6411
6408,c,6411
6409,f,6411
6407,c,6411
6412,f,6411
6407,f,6411
6409,e,6412
6412,e,6412
6408,e,6412
6410,e,6412
6411,e,6412
6413,e,6412
6412,b,6413
6412,f,6413
6413,b,6413
6413,f,6413
6413,e,6413
6414,f,6413
6414,e,6413
6412,e,6413
6414,b,6413
6409,f,6413
6411,e,6413
6411,f,6413
6411,b,6413
6409,b,6413
6409,e,6413
6410,b,6413
6410,f,6413
6410,e,6413
6411,f,6414
6414,f,6414
6414,c,6414
6415,f,6414
6413,c,6414
6413,f,6414
6415,c,6414
6411,c,6414
6410,f,6414
6412,c,6414
6410,c,6414
6412,f,6414
6415,e,6415
6412,e,6415
6413,e,6415
6414,e,6415
6416,e,6415
6411,e,6415
6415,a,6416
6417,a,6416
6416,a,6416
6416,f,6416
6416,e,6416
6417,e,6416
6417,f,6416
6415,e,6416
6415,f,6416
6414,e,6416
6412,a,6416
6412,f,6416
6412,e,6416
6414,f,6416
6414,a,6416
6413,a,6416
6413,f,6416
6413,e,6416
6414,f,6417
6417,f,6417
6418,b,6417
6418,d,6417
6416,f,6417
6416,d,6417
6416,b,6417
6413,b,6417
6418,f,6417
6415,f,6417
6415,d,6417
6415,b,6417
6413,d,6417
6413,f,6417
6417,b,6417
6414,b,6417
6414,d,6417
6417,d,6417
6418,c,6418
6418,f,6418
6417,f,6418
6419,c,6418
6419,f,6418
6417,c,6418
6414,c,6418
6414,f,6418
6416,f,6418
6416,c,6418
6415,c,6418
6415,f,6418
6419,e,6419
6420,e,6419
6418,e,6419
6417,e,6419
6416,e,6419
6415,e,6419
6421,f,6420
6418,f,6420
6417,f,6420
6419,f,6420
6420,f,6420
6416,f,6420
6424,b,6423
6421,b,6423
6420,b,6423
6423,b,6423
6419,b,6423
6422,b,6423
6422,c,6424
6423,f,6424
6422,f,6424
6423,c,6424
6421,c,6424
6425,c,6424
6425,f,6424
6424,c,6424
6421,f,6424
6420,f,6424
6420,c,6424
6424,f,6424
6424,b,6425
6425,c,6425
6424,f,6425
6424,e,6425
6426,c,6425
6426,b,6425
6425,e,6425
6425,b,6425
6426,f,6425
6424,c,6425
6426,e,6425
6422,f,6425
6422,c,6425
6421,b,6425
6421,c,6425
6421,f,6425
6421,e,6425
6422,b,6425
6422,e,6425
6425,f,6425
6423,b,6425
6423,c,6425
6423,f,6425
6423,e,6425
6427,e,6426
6427,c,6426
6426,f,6426
6425,e,6426
6425,f,6426
6425,c,6426
6426,e,6426
6427,f,6426
6426,c,6426
6422,e,6426
6423,e,6426
6422,c,6426
6424,e,6426
6422,f,6426
6424,f,6426
6424,c,6426
6423,c,6426
6423,f,6426
6428,f,6427
6428,e,6427
6426,e,6427
6426,f,6427
6424,e,6427
6423,f,6427
6423,e,6427
6425,e,6427
6425,f,6427
6424,f,6427
6427,f,6427
6427,e,6427
6429,f,6428
6428,f,6428
6424,f,6428
6427,f,6428
6426,f,6428
6425,f,6428
6427,f,6429
6426,f,6429
6428,f,6429
6425,f,6429
6429,f,6429
6430,f,6429
6432,d,6432
6431,d,6432
6433,d,6432
6430,d,6432
6429,d,6432
6428,d,6432
6430,f,6433
6431,f,6433
6432,f,6433
6434,f,6433
6429,f,6433
6433,f,6433
6434,f,6434
6435,f,6434
6433,f,6434
6430,f,6434
6432,f,6434
6431,f,6434
6433,f,6436
6434,f,6436
6435,f,6436
6436,f,6436
6432,f,6436
6437,f,6436
6433,d,6437
6434,d,6437
6435,d,6437
6438,d,6437
6436,d,6437
6437,d,6437
6439,f,6438
6438,f,6438
6436,f,6438
6435,f,6438
6434,f,6438
6437,f,6438
6440,c,6442
6443,c,6442
6442,c,6442
6442,b,6442
6441,c,6442
6441,b,6442
6440,b,6442
6443,b,6442
6439,b,6442
6438,b,6442
6439,c,6442
6438,c,6442
6442,d,6443
6442,c,6443
6442,e,6443
6439,e,6443
6439,f,6443
6443,f,6443
6443,e,6443
6444,d,6443
6444,c,6443
6444,f,6443
6444,e,6443
6443,c,6443
6443,d,6443
6442,f,6443
6439,d,6443
6439,c,6443
6440,d,6443
6441,e,6443
6440,c,6443
6441,f,6443
6440,f,6443
6440,e,6443
6441,c,6443
6441,d,6443
6445,f,6444
6443,e,6444
6443,f,6444
6440,f,6444
6444,e,6444
6445,e,6444
6442,e,6444
6442,f,6444
6444,f,6444
6441,f,6444
6441,e,6444
6440,e,6444
6446,f,6445
6445,f,6445
6445,e,6445
6444,e,6445
6444,f,6445
6446,e,6445
6443,f,6445
6443,e,6445
6442,e,6445
6442,f,6445
6441,e,6445
6441,f,6445
6444,f,6446
6442,f,6446
6445,f,6446
6446,f,6446
6447,f,6446
6443,f,6446
6452,c,6452
6451,c,6452
6450,c,6452
6449,c,6452
6448,c,6452
6453,c,6452
6450,e,6453
6451,e,6453
6454,e,6453
6453,e,6453
6452,e,6453
6449,e,6453
6455,f,6454
6455,c,6454
6454,f,6454
6454,c,6454
6453,f,6454
6453,c,6454
6452,c,6454
6452,f,6454
6450,c,6454
6451,c,6454
6450,f,6454
6451,f,6454
6455,e,6455
6452,e,6455
6456,e,6455
6453,e,6455
6454,e,6455
6451,e,6455
6452,f,6456
6455,e,6456
6452,e,6456
6456,e,6456
6455,f,6456
6457,f,6456
6454,e,6456
6454,f,6456
6453,e,6456
6453,f,6456
6457,e,6456
6456,f,6456
6457,c,6457
6457,f,6457
6458,c,6457
6456,f,6457
6456,c,6457
6458,f,6457
6455,f,6457
6453,c,6457
6453,f,6457
6455,c,6457
6454,c,6457
6454,f,6457
6455,e,6458
6458,e,6458
6457,e,6458
6456,e,6458
6459,e,6458
6454,e,6458
6456,f,6459
6455,f,6459
6457,f,6459
6458,f,6459
6460,f,6459
6459,f,6459
6460,f,6460
6461,f,6460
6456,f,6460
6458,f,6460
6457,f,6460
6459,f,6460
6459,a,6463
6460,a,6463
6462,a,6463
6463,a,6463
6461,a,6463
6464,a,6463
6463,b,6464
6463,d,6464
6463,e,6464
6465,e,6464
6464,d,6464
6464,e,6464
6465,b,6464
6465,d,6464
6464,b,6464
6462,e,6464
6461,b,6464
6461,e,6464
6460,e,6464
6460,b,6464
6462,d,6464
6460,d,6464
6462,b,6464
6461,d,6464
6464,d,6465
6464,c,6465
6464,f,6465
6464,e,6465
6462,d,6465
6466,f,6465
6466,d,6465
6465,d,6465
6465,c,6465
6466,e,6465
6466,c,6465
6461,d,6465
6461,f,6465
6462,c,6465
6462,f,6465
6462,e,6465
6461,e,6465
6465,f,6465
6461,c,6465
6465,e,6465
6463,c,6465
6463,f,6465
6463,e,6465
6463,d,6465
6467,e,6466
6465,f,6466
6467,f,6466
6466,e,6466
6466,f,6466
6465,e,6466
6462,e,6466
6462,f,6466
6464,e,6466
6464,f,6466
6463,e,6466
6463,f,6466
6465,f,6467
6468,f,6467
6464,f,6467
6463,f,6467
6466,f,6467
6467,f,6467
6468,a,6468
6467,a,6468
6469,a,6468
6465,a,6468
6466,a,6468
6464,a,6468
6465,d,6469
6469,d,6469
6468,d,6469
6468,b,6469
6465,b,6469
6470,b,6469
6470,d,6469
6466,d,6469
6469,b,6469
6467,d,6469
6467,b,6469
6466,b,6469
6470,c,6470
6471,f,6470
6470,f,6470
6469,f,6470
6469,c,6470
6469,d,6470
6471,d,6470
6470,d,6470
6471,c,6470
6467,f,6470
6467,c,6470
6468,f,6470
6468,c,6470
6468,d,6470
6466,d,6470
6466,c,6470
6466,f,6470
6467,d,6470
6471,f,6471
6472,e,6471
6470,e,6471
6470,f,6471
6468,e,6471
6467,f,6471
6467,e,6471
6469,e,6471
6469,f,6471
6468,f,6471
6471,e,6471
6472,f,6471
6468,f,6472
6473,f,6472
6472,f,6472
6470,f,6472
6469,f,6472
6471,f,6472
6481,b,6480
6476,b,6480
6477,b,6480
6478,b,6480
6480,b,6480
6479,b,6480
6481,f,6481
6480,f,6481
6480,c,6481
6482,c,6481
6482,f,6481
6481,c,6481
6478,f,6481
6478,c,6481
6477,f,6481
6477,c,6481
6479,f,6481
6479,c,6481
6482,e,6482
6482,a,6482
6483,a,6482
6483,e,6482
6481,e,6482
6481,a,6482
6478,e,6482
6479,e,6482
6480,e,6482
6480,a,6482
6479,a,6482
6478,a,6482
6481,f,6483
6479,b,6483
6479,d,6483
6482,d,6483
6482,f,6483
6483,f,6483
6483,d,6483
6483,b,6483
6482,b,6483
6481,d,6483
6481,b,6483
6479,f,6483
6480,b,6483
6480,d,6483
6484,b,6483
6484,d,6483
6484,f,6483
6480,f,6483
6480,b,6484
6483,c,6484
6483,d,6484
6485,d,6484
6483,f,6484
6485,b,6484
6484,f,6484
6484,c,6484
6483,b,6484
6485,c,6484
6482,d,6484
6481,c,6484
6480,d,6484
6480,c,6484
6480,f,6484
6481,b,6484
6481,d,6484
6485,f,6484
6481,f,6484
6484,d,6484
6482,b,6484
6484,b,6484
6482,c,6484
6482,f,6484
6486,f,6485
6486,c,6485
6484,e,6485
6484,f,6485
6484,c,6485
6485,e,6485
6486,e,6485
6485,c,6485
6485,f,6485
6483,e,6485
6483,f,6485
6481,c,6485
6483,c,6485
6481,f,6485
6481,e,6485
6482,e,6485
6482,f,6485
6482,c,6485
6483,e,6486
6487,f,6486
6486,e,6486
6486,f,6486
6485,e,6486
6485,f,6486
6482,f,6486
6482,e,6486
6484,e,6486
6484,f,6486
6483,f,6486
6487,e,6486
6485,f,6487
6488,f,6487
6484,f,6487
6486,f,6487
6483,f,6487
6487,f,6487
6488,e,6489
6490,e,6489
6485,e,6489
6486,e,6489
6487,e,6489
6489,e,6489
6489,f,6490
6491,f,6490
6490,f,6490
6488,f,6490
6487,f,6490
6486,f,6490
6492,c,6492
6493,c,6492
6491,c,6492
6488,c,6492
6490,c,6492
6489,c,6492
6492,e,6493
6491,e,6493
6493,e,6493
6489,e,6493
6490,e,6493
6494,e,6493
6494,f,6494
6494,a,6494
6493,f,6494
6493,a,6494
6495,f,6494
6492,a,6494
6491,f,6494
6491,a,6494
6490,a,6494
6490,f,6494
6495,a,6494
6492,f,6494
6492,b,6495
6495,b,6495
6495,d,6495
6496,b,6495
6494,d,6495
6494,b,6495
6496,d,6495
6493,d,6495
6493,b,6495
6491,b,6495
6491,d,6495
6492,d,6495
6496,f,6496
6495,f,6496
6495,c,6496
6497,c,6496
6496,c,6496
6497,f,6496
6492,c,6496
6492,f,6496
6493,c,6496
6493,f,6496
6494,c,6496
6494,f,6496
6498,e,6497
6497,e,6497
6493,e,6497
6494,e,6497
6496,e,6497
6495,e,6497
6494,e,6498
6498,e,6498
6498,f,6498
6497,e,6498
6497,f,6498
6499,e,6498
6494,f,6498
6499,f,6498
6495,f,6498
6496,e,6498
6496,f,6498
6495,e,6498
6499,f,6499
6499,e,6499
6498,e,6499
6498,f,6499
6495,f,6499
6495,e,6499
6500,f,6499
6500,e,6499
6497,e,6499
6497,f,6499
6496,f,6499
6496,e,6499
6501,f,6500
6500,b,6500
6500,f,6500
6499,f,6500
6501,b,6500
6499,b,6500
6496,b,6500
6498,f,6500
6498,b,6500
6497,b,6500
6497,f,6500
6496,f,6500
6501,f,6501
6502,c,6501
6500,f,6501
6500,c,6501
6502,f,6501
6501,c,6501
6499,f,6501
6499,c,6501
6497,f,6501
6498,c,6501
6498,f,6501
6497,c,6501
6502,e,6502
6503,c,6502
6503,e,6502
6501,e,6502
6501,c,6502
6498,e,6502
6502,c,6502
6498,c,6502
6500,e,6502
6499,c,6502
6499,e,6502
6500,c,6502
6500,e,6503
6503,e,6503
6503,f,6503
6502,f,6503
6499,f,6503
6502,e,6503
6504,e,6503
6501,e,6503
6501,f,6503
6500,f,6503
6499,e,6503
6504,f,6503
6500,f,6504
6502,f,6504
6505,f,6504
6504,f,6504
6501,f,6504
6503,f,6504
6505,a,6505
6504,a,6505
6506,a,6505
6503,a,6505
6502,a,6505
6501,a,6505
6506,b,6506
6507,d,6506
6505,d,6506
6506,d,6506
6507,b,6506
6505,b,6506
6504,b,6506
6502,b,6506
6502,d,6506
6503,b,6506
6503,d,6506
6504,d,6506
6506,f,6507
6506,b,6507
6506,c,6507
6507,c,6507
6507,f,6507
6508,b,6507
6508,c,6507
6508,f,6507
6507,b,6507
6503,b,6507
6503,c,6507
6503,f,6507
6504,b,6507
6504,c,6507
6505,f,6507
6505,c,6507
6504,f,6507
6505,b,6507
6504,e,6508
6508,c,6508
6509,c,6508
6507,e,6508
6507,f,6508
6507,c,6508
6504,c,6508
6504,f,6508
6508,e,6508
6509,f,6508
6509,e,6508
6506,e,6508
6506,f,6508
6506,c,6508
6505,c,6508
6505,f,6508
6508,f,6508
6505,e,6508
6509,f,6509
6508,e,6509
6508,f,6509
6509,e,6509
6510,e,6509
6510,f,6509
6507,e,6509
6507,f,6509
6505,e,6509
6506,e,6509
6506,f,6509
6505,f,6509
6510,f,6510
6507,f,6510
6511,f,6510
6509,f,6510
6506,f,6510
6508,f,6510
6513,c,6513
6512,f,6513
6512,c,6513
6511,f,6513
6513,f,6513
6511,c,6513
6514,c,6513
6509,c,6513
6510,f,6513
6510,c,6513
6509,f,6513
6514,f,6513
6514,e,6514
6513,e,6514
6510,e,6514
6512,e,6514
6511,e,6514
6515,e,6514
6516,f,6515
6515,f,6515
6516,d,6515
6514,d,6515
6515,d,6515
6514,f,6515
6513,f,6515
6513,d,6515
6512,f,6515
6512,d,6515
6511,f,6515
6511,d,6515
6512,f,6516
6514,f,6516
6515,f,6516
6517,f,6516
6513,f,6516
6516,f,6516
6518,f,6518
6517,f,6518
6516,f,6518
6519,f,6518
6514,f,6518
6515,f,6518
6516,a,6519
6520,b,6519
6519,a,6519
6518,a,6519
6518,b,6519
6517,b,6519
6517,a,6519
6515,a,6519
6515,b,6519
6519,b,6519
6516,b,6519
6520,a,6519
6519,d,6520
6519,b,6520
6519,c,6520
6520,d,6520
6520,b,6520
6520,c,6520
6520,f,6520
6521,b,6520
6521,d,6520
6521,c,6520
6519,f,6520
6521,f,6520
6516,c,6520
6517,c,6520
6517,d,6520
6517,b,6520
6518,f,6520
6518,c,6520
6518,d,6520
6518,b,6520
6517,f,6520
6516,f,6520
6516,b,6520
6516,d,6520
6520,d,6521
6520,c,6521
6520,f,6521
6520,e,6521
6518,f,6521
6521,f,6521
6518,c,6521
6522,d,6521
6522,c,6521
6522,f,6521
6522,e,6521
6521,d,6521
6521,c,6521
6521,e,6521
6517,c,6521
6519,f,6521
6519,e,6521
6517,f,6521
6517,e,6521
6519,d,6521
6518,d,6521
6518,e,6521
6517,d,6521
6519,c,6521
6518,e,6522
6521,e,6522
6521,f,6522
6522,e,6522
6523,f,6522
6523,e,6522
6518,f,6522
6522,f,6522
6519,f,6522
6520,e,6522
6520,f,6522
6519,e,6522
6524,e,6523
6524,f,6523
6524,b,6523
6523,e,6523
6523,f,6523
6523,b,6523
6519,f,6523
6522,e,6523
6522,f,6523
6522,b,6523
6519,b,6523
6519,e,6523
6520,f,6523
6520,b,6523
6520,e,6523
6521,e,6523
6521,f,6523
6521,b,6523
6525,f,6524
6525,c,6524
6524,f,6524
6524,c,6524
6520,f,6524
6523,f,6524
6520,c,6524
6521,c,6524
6522,f,6524
6522,c,6524
6521,f,6524
6523,c,6524
6523,e,6525
6525,e,6525
6521,e,6525
6526,e,6525
6524,e,6525
6522,e,6525
6526,a,6528
6528,d,6528
6528,a,6528
6527,d,6528
6526,d,6528
6529,d,6528
6529,a,6528
6527,a,6528
6524,a,6528
6524,d,6528
6525,a,6528
6525,d,6528
6525,d,6529
6529,f,6529
6530,b,6529
6528,f,6529
6528,d,6529
6528,b,6529
6529,b,6529
6530,f,6529
6530,d,6529
6527,f,6529
6527,d,6529
6527,b,6529
6525,b,6529
6525,f,6529
6526,f,6529
6526,d,6529
6526,b,6529
6529,d,6529
6531,c,6530
6531,f,6530
6529,f,6530
6529,c,6530
6530,c,6530
6530,f,6530
6528,f,6530
6528,c,6530
6527,f,6530
6527,c,6530
6526,c,6530
6526,f,6530
6528,e,6531
6529,e,6531
6532,e,6531
6527,e,6531
6530,e,6531
6531,e,6531
6533,f,6532
6528,f,6532
6531,f,6532
6532,f,6532
6530,f,6532
6529,f,6532
6530,e,6533
6534,e,6533
6533,e,6533
6533,d,6533
6532,e,6533
6532,d,6533
6534,d,6533
6529,e,6533
6531,e,6533
6531,d,6533
6530,d,6533
6529,d,6533
6531,f,6534
6532,f,6534
6533,f,6534
6530,f,6534
6534,f,6534
6535,f,6534
6539,c,6539
6538,c,6539
6537,c,6539
6536,c,6539
6535,c,6539
6540,c,6539
6537,e,6540
6538,e,6540
6539,e,6540
6541,e,6540
6536,e,6540
6540,e,6540
6542,f,6541
6541,f,6541
6539,f,6541
6538,f,6541
6537,f,6541
6540,f,6541
6550,d,6549
6545,d,6549
6545,f,6549
6546,d,6549
6546,f,6549
6549,d,6549
6547,d,6549
6547,f,6549
6549,f,6549
6550,f,6549
6548,d,6549
6548,f,6549
6550,f,6550
6547,f,6550
6548,f,6550
6546,f,6550
6551,f,6550
6549,f,6550
6549,d,6551
6550,d,6551
6551,d,6551
6552,d,6551
6548,d,6551
6547,d,6551
6549,f,6552
6549,d,6552
6552,d,6552
6548,f,6552
6550,d,6552
6550,f,6552
6553,f,6552
6553,d,6552
6552,f,6552
6548,d,6552
6551,d,6552
6551,f,6552
6553,c,6553
6552,f,6553
6553,f,6553
6552,c,6553
6554,f,6553
6554,c,6553
6551,f,6553
6551,c,6553
6549,c,6553
6549,f,6553
6550,c,6553
6550,f,6553
6555,c,6554
6554,c,6554
6554,e,6554
6553,e,6554
6553,c,6554
6555,e,6554
6550,e,6554
6552,e,6554
6552,c,6554
6550,c,6554
6551,c,6554
6551,e,6554
6556,e,6555
6554,e,6555
6555,f,6555
6555,e,6555
6554,f,6555
6554,a,6555
6556,a,6555
6555,a,6555
6556,f,6555
6551,f,6555
6553,e,6555
6553,f,6555
6553,a,6555
6551,a,6555
6551,e,6555
6552,a,6555
6552,f,6555
6552,e,6555
6555,b,6556
6557,b,6556
6556,f,6556
6556,d,6556
6556,b,6556
6555,f,6556
6555,d,6556
6557,d,6556
6557,f,6556
6552,d,6556
6553,f,6556
6553,d,6556
6553,b,6556
6552,f,6556
6552,b,6556
6554,d,6556
6554,b,6556
6554,f,6556
6558,f,6557
6555,f,6557
6558,c,6557
6555,c,6557
6554,c,6557
6554,f,6557
6556,c,6557
6556,f,6557
6557,f,6557
6557,c,6557
6553,c,6557
6553,f,6557
6557,e,6558
6559,e,6558
6558,e,6558
6556,e,6558
6555,e,6558
6554,e,6558
6556,f,6559
6557,f,6559
6560,f,6559
6555,f,6559
6558,f,6559
6559,f,6559
6560,c,6560
6559,c,6560
6556,c,6560
6558,c,6560
6557,c,6560
6561,c,6560
6558,e,6561
6559,e,6561
6562,e,6561
6557,e,6561
6560,e,6561
6561,e,6561
6563,f,6562
6561,f,6562
6562,f,6562
6560,f,6562
6559,f,6562
6558,f,6562
6559,f,6563
6561,f,6563
6562,f,6563
6560,f,6563
6563,f,6563
6564,f,6563
6566,d,6566
6564,d,6566
6563,d,6566
6565,d,6566
6567,d,6566
6562,d,6566
6567,f,6567
6566,f,6567
6566,b,6567
6568,b,6567
6568,f,6567
6567,b,6567
6565,b,6567
6564,f,6567
6564,b,6567
6563,f,6567
6563,b,6567
6565,f,6567
6568,f,6568
6568,c,6568
6569,c,6568
6567,f,6568
6567,c,6568
6569,f,6568
6566,c,6568
6566,f,6568
6564,c,6568
6564,f,6568
6565,c,6568
6565,f,6568
6566,e,6569
6569,e,6569
6568,e,6569
6567,e,6569
6565,e,6569
6570,e,6569
6569,f,6570
6568,f,6570
6571,f,6570
6570,f,6570
6566,f,6570
6567,f,6570
6571,a,6571
6570,a,6571
6572,a,6571
6567,a,6571
6569,a,6571
6568,a,6571
6572,b,6572
6572,d,6572
6571,d,6572
6571,b,6572
6569,b,6572
6573,d,6572
6573,b,6572
6570,d,6572
6570,b,6572
6568,b,6572
6568,d,6572
6569,d,6572
6574,f,6573
6573,f,6573
6572,f,6573
6572,c,6573
6574,c,6573
6573,c,6573
6571,f,6573
6571,c,6573
6569,c,6573
6570,f,6573
6570,c,6573
6569,f,6573
6575,e,6574
6571,e,6574
6572,e,6574
6574,e,6574
6570,e,6574
6573,e,6574
6575,f,6575
6574,f,6575
6574,a,6575
6576,a,6575
6576,f,6575
6571,a,6575
6571,f,6575
6573,a,6575
6572,f,6575
6572,a,6575
6575,a,6575
6573,f,6575
6576,a,6576
6575,d,6576
6575,b,6576
6575,a,6576
6576,d,6576
6577,d,6576
6577,b,6576
6576,b,6576
6577,a,6576
6572,b,6576
6573,d,6576
6573,b,6576
6573,a,6576
6572,d,6576
6574,a,6576
6574,b,6576
6572,a,6576
6574,d,6576
6576,c,6577
6576,f,6577
6578,c,6577
6576,b,6577
6577,f,6577
6577,c,6577
6577,d,6577
6577,b,6577
6573,b,6577
6578,b,6577
6578,d,6577
6576,d,6577
6574,d,6577
6578,f,6577
6574,c,6577
6574,f,6577
6575,f,6577
6575,c,6577
6575,d,6577
6575,b,6577
6573,d,6577
6573,c,6577
6573,f,6577
6574,b,6577
6579,f,6578
6577,a,6578
6577,c,6578
6578,c,6578
6577,e,6578
6579,c,6578
6578,a,6578
6578,e,6578
6578,f,6578
6577,f,6578
6579,a,6578
6579,e,6578
6575,a,6578
6575,f,6578
6575,c,6578
6575,e,6578
6576,c,6578
6576,f,6578
6576,a,6578
6574,e,6578
6574,f,6578
6574,c,6578
6574,a,6578
6576,e,6578
6579,f,6579
6579,e,6579
6578,e,6579
6578,f,6579
6578,d,6579
6578,b,6579
6580,e,6579
6575,b,6579
6575,d,6579
6575,f,6579
6580,f,6579
6576,e,6579
6576,f,6579
6576,d,6579
6576,b,6579
6577,b,6579
6579,b,6579
6579,d,6579
6577,f,6579
6577,e,6579
6580,d,6579
6580,b,6579
6575,e,6579
6577,d,6579
6579,c,6580
6580,f,6580
6579,f,6580
6576,c,6580
6581,f,6580
6578,f,6580
6578,c,6580
6577,f,6580
6577,c,6580
6576,f,6580
6581,c,6580
6580,c,6580
6580,e,6581
6581,e,6581
6582,e,6581
6579,e,6581
6578,e,6581
6577,e,6581
6580,f,6582
6578,f,6582
6581,f,6582
6579,f,6582
6582,f,6582
6583,f,6582
6585,b,6585
6585,a,6585
6584,b,6585
6584,a,6585
6586,b,6585
6583,b,6585
6583,a,6585
6586,a,6585
6582,b,6585
6582,a,6585
6581,a,6585
6581,b,6585
6582,c,6586
6586,b,6586
6586,d,6586
6586,c,6586
6586,f,6586
6585,f,6586
6585,c,6586
6585,d,6586
6585,b,6586
6582,f,6586
6587,b,6586
6587,c,6586
6584,c,6586
6582,d,6586
6583,b,6586
6583,d,6586
6583,c,6586
6583,f,6586
6584,f,6586
6587,f,6586
6587,d,6586
6584,b,6586
6584,d,6586
6582,b,6586
6586,c,6587
6586,f,6587
6586,e,6587
6588,c,6587
6587,c,6587
6584,f,6587
6588,e,6587
6587,f,6587
6583,c,6587
6583,f,6587
6583,e,6587
6584,c,6587
6588,f,6587
6584,e,6587
6585,c,6587
6585,f,6587
6585,e,6587
6587,e,6587
6589,f,6588
6587,e,6588
6588,e,6588
6588,f,6588
6589,e,6588
6586,f,6588
6586,e,6588
6585,e,6588
6585,f,6588
6584,e,6588
6584,f,6588
6587,f,6588
6586,f,6589
6587,f,6589
6585,f,6589
6588,f,6589
6589,f,6589
6590,f,6589
6593,c,6593
6592,c,6593
6591,c,6593
6594,c,6593
6590,c,6593
6589,c,6593
6590,a,6594
6591,a,6594
6591,e,6594
6594,e,6594
6594,a,6594
6593,e,6594
6592,a,6594
6592,e,6594
6593,a,6594
6590,e,6594
6595,e,6594
6595,a,6594
6594,a,6595
6594,b,6595
6595,a,6595
6594,f,6595
6595,d,6595
6595,f,6595
6596,a,6595
6596,b,6595
6596,f,6595
6594,d,6595
6596,d,6595
6595,b,6595
6592,f,6595
6592,b,6595
6592,a,6595
6593,f,6595
6593,d,6595
6593,b,6595
6593,a,6595
6591,f,6595
6592,d,6595
6591,a,6595
6591,b,6595
6591,d,6595
6595,b,6596
6595,d,6596
6595,c,6596
6595,f,6596
6593,d,6596
6596,c,6596
6596,f,6596
6597,b,6596
6597,d,6596
6597,c,6596
6597,f,6596
6593,b,6596
6596,b,6596
6596,d,6596
6592,d,6596
6594,d,6596
6594,c,6596
6594,f,6596
6592,c,6596
6593,c,6596
6593,f,6596
6592,f,6596
6592,b,6596
6594,b,6596
6593,e,6597
6596,c,6597
6596,f,6597
6593,f,6597
6593,c,6597
6597,c,6597
6597,f,6597
6597,e,6597
6598,e,6597
6598,c,6597
6596,e,6597
6598,f,6597
6595,c,6597
6594,e,6597
6595,e,6597
6595,f,6597
6594,f,6597
6594,c,6597
6599,e,6598
6594,e,6598
6598,b,6598
6598,f,6598
6598,e,6598
6597,e,6598
6597,f,6598
6597,b,6598
6594,f,6598
6594,b,6598
6599,f,6598
6599,b,6598
6596,e,6598
6596,f,6598
6596,b,6598
6595,b,6598
6595,f,6598
6595,e,6598
6598,d,6599
6598,c,6599
6598,f,6599
6600,d,6599
6600,f,6599
6600,c,6599
6599,f,6599
6597,f,6599
6597,c,6599
6597,d,6599
6599,c,6599
6596,f,6599
6596,d,6599
6595,f,6599
6595,c,6599
6595,d,6599
6599,d,6599
6596,c,6599
6601,f,6600
6600,e,6600
6601,e,6600
6600,f,6600
6599,e,6600
6597,f,6600
6598,e,6600
6598,f,6600
6597,e,6600
6599,f,6600
6596,e,6600
6596,f,6600
6599,d,6602
6598,d,6602
6600,d,6602
6601,d,6602
6603,d,6602
6602,d,6602
6604,f,6603
6603,f,6603
6601,f,6603
6600,f,6603
6599,f,6603
6602,f,6603
6605,f,6607
6608,c,6607
6608,f,6607
6607,c,6607
6606,f,6607
6606,c,6607
6605,c,6607
6607,f,6607
6603,c,6607
6604,f,6607
6603,f,6607
6604,c,6607
6609,e,6608
6609,b,6608
6609,a,6608
6608,e,6608
6608,b,6608
6608,a,6608
6604,e,6608
6607,e,6608
6607,b,6608
6607,a,6608
6604,b,6608
6605,e,6608
6606,e,6608
6606,b,6608
6606,a,6608
6604,a,6608
6605,b,6608
6605,a,6608
6606,c,6609
6608,b,6609
6608,d,6609
6606,d,6609
6608,f,6609
6609,c,6609
6609,d,6609
6605,b,6609
6609,f,6609
6610,b,6609
6610,d,6609
6610,c,6609
6610,f,6609
6609,b,6609
6605,d,6609
6608,c,6609
6607,d,6609
6605,f,6609
6606,f,6609
6606,b,6609
6607,b,6609
6607,f,6609
6607,c,6609
6605,c,6609
6606,c,6610
6606,f,6610
6606,e,6610
6610,e,6610
6611,c,6610
6609,e,6610
6609,f,6610
6609,c,6610
6610,c,6610
6607,f,6610
6611,f,6610
6611,e,6610
6608,e,6610
6608,f,6610
6608,c,6610
6607,e,6610
6607,c,6610
6610,f,6610
6611,f,6611
6610,e,6611
6612,e,6611
6612,f,6611
6611,e,6611
6610,f,6611
6609,e,6611
6607,f,6611
6607,e,6611
6609,f,6611
6608,f,6611
6608,e,6611
6609,f,6612
6612,f,6612
6611,f,6612
6613,f,6612
6608,f,6612
6610,f,6612
6614,c,6613
6611,c,6613
6613,c,6613
6610,c,6613
6609,c,6613
6612,c,6613
6610,e,6614
6613,e,6614
6613,d,6614
6615,d,6614
6615,e,6614
6614,d,6614
6614,e,6614
6612,d,6614
6611,e,6614
6611,d,6614
6610,d,6614
6612,e,6614
6615,f,6615
6615,d,6615
6616,d,6615
6616,f,6615
6616,e,6615
6614,e,6615
6614,f,6615
6614,d,6615
6615,e,6615
6613,f,6615
6613,e,6615
6613,d,6615
6611,d,6615
6611,f,6615
6612,e,6615
6612,f,6615
6612,d,6615
6611,e,6615
6616,f,6616
6615,f,6616
6613,f,6616
6612,f,6616
6614,f,6616
6617,f,6616
6617,e,6619
6618,e,6619
6619,e,6619
6620,e,6619
6616,e,6619
6615,e,6619
6617,f,6620
6618,f,6620
6616,f,6620
6619,f,6620
6621,f,6620
6620,f,6620
6621,f,6622
6623,f,6622
6620,f,6622
6619,f,6622
6618,f,6622
6622,f,6622
6622,b,6624
6623,e,6624
6625,b,6624
6622,e,6624
6623,b,6624
6621,b,6624
6621,e,6624
6624,e,6624
6620,e,6624
6620,b,6624
6625,e,6624
6624,b,6624
6625,c,6625
6624,f,6625
6625,f,6625
6624,c,6625
6626,c,6625
6623,f,6625
6623,c,6625
6626,f,6625
6622,f,6625
6622,c,6625
6621,f,6625
6621,c,6625
6623,e,6626
6624,e,6626
6627,e,6626
6625,e,6626
6626,e,6626
6622,e,6626
6628,f,6627
6626,f,6627
6627,f,6627
6624,f,6627
6625,f,6627
6623,f,6627
6625,d,6628
6626,d,6628
6629,d,6628
6624,d,6628
6627,d,6628
6628,d,6628
6629,f,6629
6628,f,6629
6625,f,6629
6630,f,6629
6627,f,6629
6626,f,6629
6627,a,6630
6628,a,6630
6631,a,6630
6626,a,6630
6629,a,6630
6630,a,6630
6632,b,6631
6631,d,6631
6631,b,6631
6630,d,6631
6630,b,6631
6632,d,6631
6627,d,6631
6627,b,6631
6629,d,6631
6629,b,6631
6628,b,6631
6628,d,6631
6632,f,6632
6631,f,6632
6631,c,6632
6628,c,6632
6633,c,6632
6633,f,6632
6632,c,6632
6629,f,6632
6630,f,6632
6630,c,6632
6628,f,6632
6629,c,6632
6633,e,6633
6634,a,6633
6632,e,6633
6634,b,6633
6632,b,6633
6632,a,6633
6634,e,6633
6633,b,6633
6629,a,6633
6633,a,6633
6630,e,6633
6630,b,6633
6630,a,6633
6631,e,6633
6631,b,6633
6631,a,6633
6629,e,6633
6629,b,6633
6631,f,6634
6633,b,6634
6633,d,6634
6633,f,6634
6631,c,6634
6634,b,6634
6634,d,6634
6634,c,6634
6634,f,6634
6635,b,6634
6635,d,6634
6635,c,6634
6635,f,6634
6630,b,6634
6630,d,6634
6633,c,6634
6630,f,6634
6632,b,6634
6632,d,6634
6632,c,6634
6632,f,6634
6631,d,6634
6630,c,6634
6631,b,6634
6634,e,6635
6635,e,6635
6634,c,6635
6634,d,6635
6631,e,6635
6631,f,6635
6631,c,6635
6631,d,6635
6635,d,6635
6636,d,6635
6634,f,6635
6636,e,6635
6636,c,6635
6636,f,6635
6633,e,6635
6633,f,6635
6633,c,6635
6633,d,6635
6632,d,6635
6635,c,6635
6632,c,6635
6632,f,6635
6632,e,6635
6635,f,6635
6635,e,6636
6635,f,6636
6636,f,6636
6636,e,6636
6637,f,6636
6634,e,6636
6634,f,6636
6633,e,6636
6633,f,6636
6632,e,6636
6632,f,6636
6637,e,6636
6634,f,6637
6635,f,6637
6638,f,6637
6637,f,6637
6636,f,6637
6633,f,6637
6638,b,6638
6639,b,6638
6637,b,6638
6636,b,6638
6634,b,6638
6635,b,6638
6638,c,6639
6639,f,6639
6639,c,6639
6640,f,6639
6638,f,6639
6635,c,6639
6640,c,6639
6637,f,6639
6637,c,6639
6636,f,6639
6635,f,6639
6636,c,6639
6637,e,6640
6639,e,6640
6638,e,6640
6641,e,6640
6640,e,6640
6636,e,6640
6640,f,6641
6641,f,6641
6642,f,6641
6639,f,6641
6637,f,6641
6638,f,6641
6639,d,6642
6642,d,6642
6642,f,6642
6641,f,6642
6641,d,6642
6641,a,6642
6643,a,6642
6643,d,6642
6639,a,6642
6643,f,6642
6640,f,6642
6640,d,6642
6640,a,6642
6638,a,6642
6638,d,6642
6638,f,6642
6642,a,6642
6639,f,6642
6642,f,6643
6643,d,6643
6643,f,6643
6642,d,6643
6642,b,6643
6644,f,6643
6643,b,6643
6644,b,6643
6639,d,6643
6639,f,6643
6641,f,6643
6641,d,6643
6641,b,6643
6644,d,6643
6640,b,6643
6640,d,6643
6639,b,6643
6640,f,6643
6640,f,6644
6640,c,6644
6644,f,6644
6644,c,6644
6645,f,6644
6643,c,6644
6642,f,6644
6642,c,6644
6641,c,6644
6641,f,6644
6645,c,6644
6643,f,6644
6646,e,6645
6646,b,6645
6645,b,6645
6645,e,6645
6644,b,6645
6644,e,6645
6642,e,6645
6643,e,6645
6643,b,6645
6641,b,6645
6641,e,6645
6642,b,6645
6645,f,6646
6647,d,6646
6646,f,6646
6646,c,6646
6646,d,6646
6645,c,6646
6645,d,6646
6647,c,6646
6642,d,6646
6642,c,6646
6647,f,6646
6644,d,6646
6644,f,6646
6644,c,6646
6643,f,6646
6643,c,6646
6643,d,6646
6642,f,6646
6643,b,6647
6647,b,6647
6647,f,6647
6647,e,6647
6648,b,6647
6646,e,6647
6646,f,6647
6646,b,6647
6643,e,6647
6648,f,6647
6648,e,6647
6645,e,6647
6645,f,6647
6645,b,6647
6643,f,6647
6644,b,6647
6644,f,6647
6644,e,6647
6648,c,6648
6648,f,6648
6647,f,6648
6649,c,6648
6649,f,6648
6647,c,6648
6646,f,6648
6644,c,6648
6644,f,6648
6646,c,6648
6645,c,6648
6645,f,6648
6646,e,6649
6650,e,6649
6650,d,6649
6649,d,6649
6648,e,6649
6648,d,6649
6649,e,6649
6645,e,6649
6647,e,6649
6647,d,6649
6646,d,6649
6645,d,6649
6648,f,6650
6651,f,6650
6646,f,6650
6647,f,6650
6650,f,6650
6649,f,6650
6651,f,6651
6651,b,6651
6650,f,6651
6650,b,6651
6652,f,6651
6648,f,6651
6649,f,6651
6649,b,6651
6652,b,6651
6647,f,6651
6647,b,6651
6648,b,6651
6652,c,6652
6652,f,6652
6651,f,6652
6651,c,6652
6649,f,6652
6653,c,6652
6650,f,6652
6650,c,6652
6648,c,6652
6648,f,6652
6653,f,6652
6649,c,6652
6652,e,6653
6653,e,6653
6649,e,6653
6651,e,6653
6650,e,6653
6654,e,6653
6651,f,6654
6652,f,6654
6655,f,6654
6650,f,6654
6654,f,6654
6653,f,6654
6656,b,6655
6655,b,6655
6654,b,6655
6653,b,6655
6651,b,6655
6652,b,6655
6653,f,6656
6653,c,6656
6656,f,6656
6656,c,6656
6657,f,6656
6655,c,6656
6655,f,6656
6657,c,6656
6654,f,6656
6654,c,6656
6652,f,6656
6652,c,6656
6657,e,6657
6653,e,6657
6656,e,6657
6658,e,6657
6655,e,6657
6654,e,6657
6659,f,6658
6657,e,6658
6657,f,6658
6658,f,6658
6658,e,6658
6659,e,6658
6658,b,6658
6659,b,6658
6657,b,6658
6656,e,6658
6656,f,6658
6656,b,6658
6654,b,6658
6654,f,6658
6654,e,6658
6655,b,6658
6655,f,6658
6655,e,6658
6658,f,6659
6659,f,6659
6659,c,6659
6656,f,6659
6658,c,6659
6655,c,6659
6660,c,6659
6655,f,6659
6660,f,6659
6656,c,6659
6657,f,6659
6657,c,6659
6656,e,6660
6661,b,6660
6661,e,6660
6659,b,6660
6656,b,6660
6658,e,6660
6658,b,6660
6657,b,6660
6657,e,6660
6660,b,6660
6660,e,6660
6659,e,6660
6662,c,6661
6660,c,6661
6662,b,6661
6661,b,6661
6661,c,6661
6661,f,6661
6662,f,6661
6660,b,6661
6660,f,6661
6658,f,6661
6658,b,6661
6657,f,6661
6659,f,6661
6659,c,6661
6659,b,6661
6657,c,6661
6658,c,6661
6657,b,6661
6659,c,6662
6661,a,6662
6661,d,6662
6661,c,6662
6661,f,6662
6661,e,6662
6662,d,6662
6662,c,6662
6662,e,6662
6663,a,6662
6663,d,6662
6663,c,6662
6663,f,6662
6663,e,6662
6659,d,6662
6662,a,6662
6658,a,6662
6662,f,6662
6658,f,6662
6658,e,6662
6658,c,6662
6660,a,6662
6660,d,6662
6660,c,6662
6659,f,6662
6660,f,6662
6659,a,6662
6658,d,6662
6659,e,6662
6660,e,6662
6659,e,6663
6664,b,6663
6662,b,6663
6664,f,6663
6659,f,6663
6662,e,6663
6662,f,6663
6659,b,6663
6663,b,6663
6662,d,6663
6663,d,6663
6664,d,6663
6659,d,6663
6663,f,6663
6660,e,6663
6660,f,6663
6660,d,6663
6660,b,6663
6664,e,6663
6661,b,6663
6661,d,6663
6661,f,6663
6661,e,6663
6663,e,6663
6663,c,6664
6664,f,6664
6664,c,6664
6665,c,6664
6665,f,6664
6663,f,6664
6660,f,6664
6662,f,6664
6662,c,6664
6660,c,6664
6661,f,6664
6661,c,6664
6666,e,6665
6663,e,6665
6665,e,6665
6662,e,6665
6661,e,6665
6664,e,6665
6666,f,6666
6665,f,6666
6665,a,6666
6667,a,6666
6667,f,6666
6662,a,6666
6662,f,6666
6666,a,6666
6663,f,6666
6663,a,6666
6664,f,6666
6664,a,6666
6666,d,6667
6666,b,6667
6668,d,6667
6667,d,6667
6668,b,6667
6667,b,6667
6665,d,6667
6665,b,6667
6663,b,6667
6663,d,6667
6664,b,6667
6664,d,6667
6665,f,6668
6669,f,6668
6668,f,6668
6668,c,6668
6668,d,6668
6665,c,6668
6667,f,6668
6667,c,6668
6669,d,6668
6667,d,6668
6664,c,6668
6665,d,6668
6664,f,6668
6664,d,6668
6666,d,6668
6669,c,6668
6666,c,6668
6666,f,6668
6667,e,6669
6670,e,6669
6670,f,6669
6666,f,6669
6666,e,6669
6665,e,6669
6668,f,6669
6668,e,6669
6669,e,6669
6669,f,6669
6665,f,6669
6667,f,6669
6669,f,6670
6670,f,6670
6671,f,6670
6668,f,6670
6667,f,6670
6666,f,6670
6668,b,6671
6669,b,6671
6671,b,6671
6672,b,6671
6667,b,6671
6670,b,6671
6673,c,6672
6671,f,6672
6671,c,6672
6672,f,6672
6673,f,6672
6672,c,6672
6670,f,6672
6670,c,6672
6668,c,6672
6668,f,6672
6669,c,6672
6669,f,6672
6672,e,6673
6673,e,6673
6674,e,6673
6671,e,6673
6670,e,6673
6669,e,6673
6670,a,6674
6674,f,6674
6673,f,6674
6673,a,6674
6675,a,6674
6670,f,6674
6672,f,6674
6672,a,6674
6674,a,6674
6671,a,6674
6671,f,6674
6675,f,6674
6675,d,6675
6674,d,6675
6674,b,6675
6675,b,6675
6673,b,6675
6676,b,6675
6671,b,6675
6671,d,6675
6673,d,6675
6676,d,6675
6672,b,6675
6672,d,6675
6676,f,6676
6673,f,6676
6677,c,6676
6672,c,6676
6674,f,6676
6674,c,6676
6672,f,6676
6676,c,6676
6673,c,6676
6677,f,6676
6675,c,6676
6675,f,6676
6677,c,6677
6677,e,6677
6676,c,6677
6676,e,6677
6674,c,6677
6678,c,6677
6675,e,6677
6675,c,6677
6678,e,6677
6673,c,6677
6673,e,6677
6674,e,6677
6678,f,6678
6678,e,6678
6677,e,6678
6677,f,6678
6679,f,6678
6676,e,6678
6676,f,6678
6674,f,6678
6674,e,6678
6675,f,6678
6675,e,6678
6679,e,6678
6680,f,6679
6678,f,6679
6679,b,6679
6679,f,6679
6678,b,6679
6680,b,6679
6675,b,6679
6675,f,6679
6676,b,6679
6677,f,6679
6677,b,6679
6676,f,6679
6680,c,6680
6679,f,6680
6679,c,6680
6679,b,6680
6676,b,6680
6676,c,6680
6680,b,6680
6681,b,6680
6681,c,6680
6678,f,6680
6678,c,6680
6678,b,6680
6676,f,6680
6677,b,6680
6677,c,6680
6677,f,6680
6680,f,6680
6681,f,6680
6680,f,6681
6680,e,6681
6680,d,6681
6680,c,6681
6677,c,6681
6681,f,6681
6681,e,6681
6682,d,6681
6682,c,6681
6682,f,6681
6682,e,6681
6681,c,6681
6681,d,6681
6677,d,6681
6679,e,6681
6677,f,6681
6677,e,6681
6678,d,6681
6678,c,6681
6679,f,6681
6679,c,6681
6679,d,6681
6678,e,6681
6678,f,6681
6681,f,6682
6682,e,6682
6682,f,6682
6681,e,6682
6683,e,6682
6683,f,6682
6678,e,6682
6680,e,6682
6680,f,6682
6679,f,6682
6679,e,6682
6678,f,6682
6681,f,6683
6684,f,6683
6680,f,6683
6682,f,6683
6683,f,6683
6679,f,6683
6684,c,6684
6685,c,6684
6683,c,6684
6680,c,6684
6682,c,6684
6681,c,6684
6682,e,6685
6685,e,6685
6684,e,6685
6681,e,6685
6686,e,6685
6683,e,6685
6683,f,6686
6682,f,6686
6687,f,6686
6686,f,6686
6685,f,6686
6684,f,6686
6688,f,6687
6687,f,6687
6687,c,6687
6686,f,6687
6686,c,6687
6688,c,6687
6684,f,6687
6685,f,6687
6685,c,6687
6684,c,6687
6683,f,6687
6683,c,6687
6685,e,6688
6686,e,6688
6684,e,6688
6687,e,6688
6689,e,6688
6688,e,6688
6685,f,6689
6689,f,6689
6690,f,6689
6687,f,6689
6686,f,6689
6688,f,6689
6698,d,6698
6697,d,6698
6696,d,6698
6699,d,6698
6695,d,6698
6694,d,6698
6696,f,6699
6699,f,6699
6698,f,6699
6700,f,6699
6695,f,6699
6697,f,6699
6701,a,6701
6700,d,6701
6700,a,6701
6699,d,6701
6701,d,6701
6699,a,6701
6702,a,6701
6702,d,6701
6697,a,6701
6698,d,6701
6698,a,6701
6697,d,6701
6702,b,6702
6702,d,6702
6702,f,6702
6701,f,6702
6701,d,6702
6701,b,6702
6703,b,6702
6703,d,6702
6703,f,6702
6698,f,6702
6698,d,6702
6699,f,6702
6698,b,6702
6700,f,6702
6700,d,6702
6700,b,6702
6699,b,6702
6699,d,6702
6702,b,6703
6702,c,6703
6702,f,6703
6703,e,6703
6703,f,6703
6704,e,6703
6704,f,6703
6704,c,6703
6704,b,6703
6703,b,6703
6702,e,6703
6703,c,6703
6699,c,6703
6701,b,6703
6700,b,6703
6700,c,6703
6700,f,6703
6701,e,6703
6701,f,6703
6701,c,6703
6699,e,6703
6700,e,6703
6699,b,6703
6699,f,6703
6700,e,6704
6705,c,6704
6700,c,6704
6703,c,6704
6700,f,6704
6705,f,6704
6704,c,6704
6704,f,6704
6703,f,6704
6702,e,6704
6702,f,6704
6702,c,6704
6701,c,6704
6701,f,6704
6701,e,6704
6705,e,6704
6704,e,6704
6703,e,6704
6704,a,6705
6704,e,6705
6701,e,6705
6705,e,6705
6705,f,6705
6705,a,6705
6704,f,6705
6706,a,6705
6701,f,6705
6706,e,6705
6701,a,6705
6702,a,6705
6702,f,6705
6702,e,6705
6706,f,6705
6703,f,6705
6703,a,6705
6703,e,6705
6706,f,6706
6707,a,6706
6706,d,6706
6707,d,6706
6707,f,6706
6705,b,6706
6705,a,6706
6705,d,6706
6706,b,6706
6706,a,6706
6705,f,6706
6707,b,6706
6704,a,6706
6703,f,6706
6703,a,6706
6703,b,6706
6702,d,6706
6704,b,6706
6704,d,6706
6702,f,6706
6702,b,6706
6702,a,6706
6704,f,6706
6703,d,6706
6707,b,6707
6708,b,6707
6708,d,6707
6708,c,6707
6706,f,6707
6706,c,6707
6706,d,6707
6706,b,6707
6707,d,6707
6707,f,6707
6703,b,6707
6704,f,6707
6704,c,6707
6704,d,6707
6704,b,6707
6707,c,6707
6703,f,6707
6705,d,6707
6705,b,6707
6705,f,6707
6708,f,6707
6703,c,6707
6703,d,6707
6705,c,6707
6709,e,6708
6707,e,6708
6707,c,6708
6708,e,6708
6708,c,6708
6709,c,6708
6704,e,6708
6706,e,6708
6705,c,6708
6705,e,6708
6704,c,6708
6706,c,6708
6707,e,6709
6710,e,6709
6708,e,6709
6709,e,6709
6706,e,6709
6705,e,6709
6706,a,6710
6709,f,6710
6710,f,6710
6710,a,6710
6709,a,6710
6711,a,6710
6708,a,6710
6708,f,6710
6707,f,6710
6707,a,6710
6711,f,6710
6706,f,6710
6711,b,6711
6710,f,6711
6710,d,6711
6710,b,6711
6711,d,6711
6711,f,6711
6712,f,6711
6712,b,6711
6712,d,6711
6709,f,6711
6709,d,6711
6709,b,6711
6707,b,6711
6707,d,6711
6707,f,6711
6708,b,6711
6708,d,6711
6708,f,6711
6713,c,6712
6712,c,6712
6712,f,6712
6711,f,6712
6711,c,6712
6709,c,6712
6709,f,6712
6713,f,6712
6710,f,6712
6710,c,6712
6708,c,6712
6708,f,6712
6713,a,6713
6713,e,6713
6712,a,6713
6714,e,6713
6712,e,6713
6714,a,6713
6711,e,6713
6709,a,6713
6710,a,6713
6710,e,6713
6711,a,6713
6709,e,6713
6713,b,6714
6710,b,6714
6710,d,6714
6714,f,6714
6714,d,6714
6714,b,6714
6715,f,6714
6712,f,6714
6712,d,6714
6712,b,6714
6710,f,6714
6715,d,6714
6711,b,6714
6711,d,6714
6711,f,6714
6715,b,6714
6713,d,6714
6713,f,6714
6714,a,6715
6714,f,6715
6716,a,6715
6715,f,6715
6715,c,6715
6715,a,6715
6714,c,6715
6716,c,6715
6711,f,6715
6713,a,6715
6711,a,6715
6712,a,6715
6713,f,6715
6713,c,6715
6711,c,6715
6712,c,6715
6712,f,6715
6716,f,6715
6715,b,6716
6716,b,6716
6715,e,6716
6717,b,6716
6716,e,6716
6716,d,6716
6717,e,6716
6715,d,6716
6717,d,6716
6713,e,6716
6714,e,6716
6714,d,6716
6712,b,6716
6712,d,6716
6712,e,6716
6713,b,6716
6714,b,6716
6713,d,6716
6716,f,6717
6717,f,6717
6717,c,6717
6718,f,6717
6716,c,6717
6718,c,6717
6713,f,6717
6714,f,6717
6714,c,6717
6715,c,6717
6713,c,6717
6715,f,6717
6716,e,6718
6718,b,6718
6718,e,6718
6714,e,6718
6717,e,6718
6717,b,6718
6716,b,6718
6714,b,6718
6715,e,6718
6715,b,6718
6719,b,6718
6719,e,6718
6720,c,6719
6718,c,6719
6719,c,6719
6719,f,6719
6718,f,6719
6720,f,6719
6717,f,6719
6715,f,6719
6717,c,6719
6715,c,6719
6716,f,6719
6716,c,6719
6721,e,6720
6721,f,6720
6720,e,6720
6720,f,6720
6719,e,6720
6719,f,6720
6717,e,6720
6716,e,6720
6717,f,6720
6716,f,6720
6718,e,6720
6718,f,6720
6721,f,6721
6722,f,6721
6718,f,6721
6717,f,6721
6719,f,6721
6720,f,6721
6725,b,6724
6722,d,6724
6724,b,6724
6723,d,6724
6723,b,6724
6724,d,6724
6725,d,6724
6722,b,6724
6721,d,6724
6720,b,6724
6720,d,6724
6721,b,6724
6726,f,6725
6726,c,6725
6725,f,6725
6725,c,6725
6724,f,6725
6724,c,6725
6721,f,6725
6723,f,6725
6723,c,6725
6721,c,6725
6722,c,6725
6722,f,6725
6723,e,6726
6724,e,6726
6727,e,6726
6722,e,6726
6725,e,6726
6726,e,6726
6728,f,6727
6726,f,6727
6727,f,6727
6725,f,6727
6724,f,6727
6723,f,6727
6730,c,6729
6729,c,6729
6729,b,6729
6728,b,6729
6727,c,6729
6727,b,6729
6730,b,6729
6728,c,6729
6726,b,6729
6726,c,6729
6725,c,6729
6725,b,6729
6726,f,6730
6729,a,6730
6730,e,6730
6729,e,6730
6726,e,6730
6730,f,6730
6730,c,6730
6730,a,6730
6728,e,6730
6728,f,6730
6728,c,6730
6728,a,6730
6726,a,6730
6726,c,6730
6731,a,6730
6731,c,6730
6731,f,6730
6731,e,6730
6727,e,6730
6727,f,6730
6727,c,6730
6727,a,6730
6729,c,6730
6729,f,6730
6732,b,6731
6730,d,6731
6730,f,6731
6730,e,6731
6731,e,6731
6731,f,6731
6730,b,6731
6732,d,6731
6729,b,6731
6732,e,6731
6727,b,6731
6727,d,6731
6727,f,6731
6727,e,6731
6731,b,6731
6728,b,6731
6732,f,6731
6728,f,6731
6728,d,6731
6729,d,6731
6729,f,6731
6729,e,6731
6728,e,6731
6731,d,6731
6733,f,6732
6733,d,6732
6731,f,6732
6731,c,6732
6731,d,6732
6732,f,6732
6732,c,6732
6732,d,6732
6733,c,6732
6728,d,6732
6730,f,6732
6730,c,6732
6730,d,6732
6728,c,6732
6729,f,6732
6729,c,6732
6729,d,6732
6728,f,6732
6734,e,6733
6734,f,6733
6733,e,6733
6733,f,6733
6732,e,6733
6730,e,6733
6729,f,6733
6732,f,6733
6731,f,6733
6731,e,6733
6730,f,6733
6729,e,6733
6731,f,6734
6733,f,6734
6732,f,6734
6734,f,6734
6730,f,6734
6735,f,6734
6736,d,6736
6733,d,6736
6737,d,6736
6732,d,6736
6734,d,6736
6735,d,6736
6737,f,6737
6738,f,6737
6734,f,6737
6733,f,6737
6735,f,6737
6736,f,6737
6737,a,6738
6738,a,6738
6739,a,6738
6734,a,6738
6735,a,6738
6736,a,6738
6736,a,6739
6739,b,6739
6739,d,6739
6738,d,6739
6738,b,6739
6738,a,6739
6740,a,6739
6740,b,6739
6737,d,6739
6740,d,6739
6735,b,6739
6736,b,6739
6736,d,6739
6737,a,6739
6735,a,6739
6739,a,6739
6735,d,6739
6737,b,6739
6739,b,6740
6739,d,6740
6741,f,6740
6739,c,6740
6740,c,6740
6741,d,6740
6740,f,6740
6739,f,6740
6740,b,6740
6740,d,6740
6741,c,6740
6741,b,6740
6738,d,6740
6736,c,6740
6736,b,6740
6736,d,6740
6736,f,6740
6737,b,6740
6737,d,6740
6737,c,6740
6737,f,6740
6738,b,6740
6738,c,6740
6738,f,6740
6739,c,6741
6738,e,6741
6738,f,6741
6741,e,6741
6742,c,6741
6742,f,6741
6742,e,6741
6740,e,6741
6740,f,6741
6740,c,6741
6738,c,6741
6741,f,6741
6737,c,6741
6737,f,6741
6739,e,6741
6739,f,6741
6737,e,6741
6741,c,6741
6742,f,6742
6742,e,6742
6743,f,6742
6741,e,6742
6741,f,6742
6743,e,6742
6738,f,6742
6738,e,6742
6739,f,6742
6739,e,6742
6740,e,6742
6740,f,6742
6744,f,6743
6744,d,6743
6743,f,6743
6743,d,6743
6742,d,6743
6742,f,6743
6739,f,6743
6740,d,6743
6741,f,6743
6741,d,6743
6740,f,6743
6739,d,6743
6745,f,6744
6742,f,6744
6741,f,6744
6743,f,6744
6740,f,6744
6744,f,6744
6749,f,6748
6748,f,6748
6747,f,6748
6746,f,6748
6744,f,6748
6745,f,6748
6746,c,6750
6750,c,6750
6748,c,6750
6749,c,6750
6751,c,6750
6747,c,6750
6751,e,6751
6750,e,6751
6750,c,6751
6752,c,6751
6747,e,6751
6748,c,6751
6749,c,6751
6751,c,6751
6747,c,6751
6748,e,6751
6749,e,6751
6752,e,6751
6752,f,6752
6751,e,6752
6752,e,6752
6753,f,6752
6751,f,6752
6753,e,6752
6748,f,6752
6750,e,6752
6750,f,6752
6748,e,6752
6749,f,6752
6749,e,6752
6753,f,6753
6752,f,6753
6752,c,6753
6749,c,6753
6754,f,6753
6753,c,6753
6754,c,6753
6751,f,6753
6751,c,6753
6749,f,6753
6750,c,6753
6750,f,6753
6754,e,6754
6755,b,6754
6755,f,6754
6750,b,6754
6753,e,6754
6753,f,6754
6753,b,6754
6755,e,6754
6754,f,6754
6754,b,6754
6750,f,6754
6751,b,6754
6751,e,6754
6752,e,6754
6752,f,6754
6750,e,6754
6752,b,6754
6751,f,6754
6751,d,6755
6754,d,6755
6756,c,6755
6754,c,6755
6755,d,6755
6755,c,6755
6755,f,6755
6756,f,6755
6754,f,6755
6751,c,6755
6756,d,6755
6753,f,6755
6752,f,6755
6752,c,6755
6752,d,6755
6753,d,6755
6753,c,6755
6751,f,6755
6757,e,6756
6756,f,6756
6756,e,6756
6755,e,6756
6755,f,6756
6752,f,6756
6754,e,6756
6754,f,6756
6753,f,6756
6753,e,6756
6757,f,6756
6752,e,6756
6756,b,6757
6756,c,6757
6756,f,6757
6758,b,6757
6757,c,6757
6757,f,6757
6757,b,6757
6758,f,6757
6755,f,6757
6755,c,6757
6755,b,6757
6754,f,6757
6754,c,6757
6754,b,6757
6753,f,6757
6753,c,6757
6753,b,6757
6758,c,6757
6758,c,6758
6759,c,6758
6759,e,6758
6757,c,6758
6758,e,6758
6757,e,6758
6755,e,6758
6754,c,6758
6756,e,6758
6754,e,6758
6755,c,6758
6756,c,6758
6760,e,6759
6758,e,6759
6759,e,6759
6757,e,6759
6756,e,6759
6755,e,6759
6759,d,6760
6761,d,6760
6761,f,6760
6756,f,6760
6760,d,6760
6759,f,6760
6756,d,6760
6760,f,6760
6757,d,6760
6757,f,6760
6758,f,6760
6758,d,6760
6758,f,6761
6762,f,6761
6757,f,6761
6760,f,6761
6761,f,6761
6759,f,6761
6760,a,6763
6763,e,6763
6762,e,6763
6762,f,6763
6762,a,6763
6759,a,6763
6764,a,6763
6764,f,6763
6764,e,6763
6763,f,6763
6763,a,6763
6761,f,6763
6761,a,6763
6759,f,6763
6759,e,6763
6760,e,6763
6760,f,6763
6761,e,6763
6764,d,6764
6765,f,6764
6764,f,6764
6765,b,6764
6765,d,6764
6763,f,6764
6763,b,6764
6764,b,6764
6763,d,6764
6760,d,6764
6762,f,6764
6762,d,6764
6762,b,6764
6760,f,6764
6761,b,6764
6761,d,6764
6760,b,6764
6761,f,6764
6765,c,6765
6765,f,6765
6764,f,6765
6764,c,6765
6762,f,6765
6766,c,6765
6766,f,6765
6763,f,6765
6763,c,6765
6762,c,6765
6761,f,6765
6761,c,6765
6766,e,6766
6762,e,6766
6765,e,6766
6767,e,6766
6764,e,6766
6763,e,6766
6768,f,6767
6767,a,6767
6764,f,6767
6764,a,6767
6765,a,6767
6765,f,6767
6768,a,6767
6767,f,6767
6766,f,6767
6763,f,6767
6763,a,6767
6766,a,6767
6767,d,6768
6768,b,6768
6767,b,6768
6768,d,6768
6765,d,6768
6765,b,6768
6764,b,6768
6764,d,6768
6769,d,6768
6769,b,6768
6766,b,6768
6766,d,6768
6765,c,6769
6767,c,6769
6767,f,6769
6770,f,6769
6770,c,6769
6766,f,6769
6766,c,6769
6768,c,6769
6768,f,6769
6769,f,6769
6769,c,6769
6765,f,6769
6769,e,6770
6771,e,6770
6770,e,6770
6768,e,6770
6767,e,6770
6766,e,6770
6768,f,6771
6769,f,6771
6772,f,6771
6767,f,6771
6770,f,6771
6771,f,6771
6768,b,6772
6773,f,6772
6773,b,6772
6772,f,6772
6772,b,6772
6771,f,6772
6771,b,6772
6768,f,6772
6769,b,6772
6769,f,6772
6770,f,6772
6770,b,6772
6769,a,6773
6772,a,6773
6772,c,6773
6772,f,6773
6773,a,6773
6773,c,6773
6773,f,6773
6774,a,6773
6774,c,6773
6774,f,6773
6770,c,6773
6769,c,6773
6769,f,6773
6770,f,6773
6771,a,6773
6771,f,6773
6770,a,6773
6771,c,6773
6775,b,6774
6773,b,6774
6770,d,6774
6773,d,6774
6773,e,6774
6774,e,6774
6774,d,6774
6770,e,6774
6772,e,6774
6772,d,6774
6772,b,6774
6771,b,6774
6771,d,6774
6771,e,6774
6770,b,6774
6775,d,6774
6775,e,6774
6774,b,6774
6771,c,6775
6774,b,6775
6774,f,6775
6775,f,6775
6775,c,6775
6775,b,6775
6775,a,6775
6774,a,6775
6774,c,6775
6773,c,6775
6776,a,6775
6771,b,6775
6771,a,6775
6772,a,6775
6772,b,6775
6772,c,6775
6772,f,6775
6773,f,6775
6771,f,6775
6773,b,6775
6773,a,6775
6776,f,6775
6776,b,6775
6776,c,6775
6776,b,6776
6777,d,6776
6776,e,6776
6776,d,6776
6775,b,6776
6775,d,6776
6775,c,6776
6775,f,6776
6775,e,6776
6777,b,6776
6777,c,6776
6773,c,6776
6777,e,6776
6772,b,6776
6772,d,6776
6772,c,6776
6772,f,6776
6772,e,6776
6773,b,6776
6773,d,6776
6777,f,6776
6773,f,6776
6776,c,6776
6774,b,6776
6774,d,6776
6774,c,6776
6774,f,6776
6774,e,6776
6773,e,6776
6776,f,6776
6778,f,6777
6778,c,6777
6777,e,6777
6776,e,6777
6776,f,6777
6776,c,6777
6777,c,6777
6778,e,6777
6777,f,6777
6775,e,6777
6775,f,6777
6775,c,6777
6773,c,6777
6773,f,6777
6774,e,6777
6774,f,6777
6774,c,6777
6773,e,6777
6775,e,6778
6779,e,6778
6779,f,6778
6778,e,6778
6778,f,6778
6777,e,6778
6776,e,6778
6774,f,6778
6774,e,6778
6777,f,6778
6776,f,6778
6775,f,6778
6777,f,6779
6775,f,6779
6776,f,6779
6778,f,6779
6780,f,6779
6779,f,6779
6781,c,6781
6780,c,6781
6779,c,6781
6782,c,6781
6777,c,6781
6778,c,6781
6779,a,6782
6782,e,6782
6781,e,6782
6781,a,6782
6783,a,6782
6778,e,6782
6783,e,6782
6780,a,6782
6778,a,6782
6782,a,6782
6779,e,6782
6780,e,6782
6783,b,6783
6784,d,6783
6782,f,6783
6784,f,6783
6782,b,6783
6783,d,6783
6784,b,6783
6783,f,6783
6782,d,6783
6780,f,6783
6780,b,6783
6779,f,6783
6779,d,6783
6779,b,6783
6781,f,6783
6781,d,6783
6781,b,6783
6780,d,6783
6783,b,6784
6783,d,6784
6783,c,6784
6781,d,6784
6785,c,6784
6785,b,6784
6781,b,6784
6784,f,6784
6784,b,6784
6783,f,6784
6785,d,6784
6785,f,6784
6780,f,6784
6781,c,6784
6781,f,6784
6784,d,6784
6780,c,6784
6780,d,6784
6782,b,6784
6784,c,6784
6782,c,6784
6782,f,6784
6780,b,6784
6782,d,6784
6785,e,6785
6786,c,6785
6784,e,6785
6784,f,6785
6784,c,6785
6786,f,6785
6786,e,6785
6785,f,6785
6785,c,6785
6782,e,6785
6782,f,6785
6781,c,6785
6781,f,6785
6781,e,6785
6783,e,6785
6783,f,6785
6783,c,6785
6782,c,6785
6787,f,6786
6785,e,6786
6785,f,6786
6786,e,6786
6782,f,6786
6782,e,6786
6787,e,6786
6784,e,6786
6784,f,6786
6783,f,6786
6783,e,6786
6786,f,6786
6788,f,6787
6786,f,6787
6783,f,6787
6785,f,6787
6784,f,6787
6787,f,6787
6789,b,6789
6788,e,6789
6788,b,6789
6790,b,6789
6790,e,6789
6789,e,6789
6787,e,6789
6787,b,6789
6785,b,6789
6786,e,6789
6785,e,6789
6786,b,6789
6787,c,6790
6790,f,6790
6790,c,6790
6789,f,6790
6791,c,6790
6789,c,6790
6788,f,6790
6788,c,6790
6786,c,6790
6786,f,6790
6787,f,6790
6791,f,6790
6788,e,6791
6789,e,6791
6787,e,6791
6790,e,6791
6792,e,6791
6791,e,6791
6792,f,6792
6793,f,6792
6791,f,6792
6790,f,6792
6789,f,6792
6788,f,6792
6795,a,6794
6791,a,6794
6792,a,6794
6794,a,6794
6793,a,6794
6790,a,6794
6795,d,6795
6794,d,6795
6794,b,6795
6796,b,6795
6796,d,6795
6795,b,6795
6792,d,6795
6792,b,6795
6791,d,6795
6791,b,6795
6793,d,6795
6793,b,6795
6796,f,6796
6796,c,6796
6797,c,6796
6797,f,6796
6795,f,6796
6795,c,6796
6792,f,6796
6793,f,6796
6794,f,6796
6794,c,6796
6792,c,6796
6793,c,6796
6797,f,6797
6797,e,6797
6798,e,6797
6796,e,6797
6796,f,6797
6794,e,6797
6793,f,6797
6793,e,6797
6795,e,6797
6795,f,6797
6794,f,6797
6798,f,6797
6798,f,6798
6799,f,6798
6794,f,6798
6796,f,6798
6795,f,6798
6797,f,6798
6802,e,6802
6801,e,6802
6800,e,6802
6803,e,6802
6798,e,6802
6799,e,6802
6799,f,6803
6803,d,6803
6803,f,6803
6802,f,6803
6802,d,6803
6802,b,6803
6804,b,6803
6804,d,6803
6799,d,6803
6804,f,6803
6801,f,6803
6801,d,6803
6803,b,6803
6800,f,6803
6800,d,6803
6800,b,6803
6799,b,6803
6801,b,6803
6805,f,6804
6805,c,6804
6803,f,6804
6803,c,6804
6804,c,6804
6804,f,6804
6802,f,6804
6802,c,6804
6800,f,6804
6801,c,6804
6801,f,6804
6800,c,6804
6805,e,6805
6806,c,6805
6806,e,6805
6804,e,6805
6804,c,6805
6801,c,6805
6801,e,6805
6803,e,6805
6803,c,6805
6802,c,6805
6802,e,6805
6805,c,6805
6806,f,6806
6806,e,6806
6807,d,6806
6807,f,6806
6807,e,6806
6802,e,6806
6805,e,6806
6805,f,6806
6805,d,6806
6806,d,6806
6802,f,6806
6802,d,6806
6803,d,6806
6803,f,6806
6804,e,6806
6803,e,6806
6804,f,6806
6804,d,6806
6808,f,6807
6807,f,6807
6807,c,6807
6806,f,6807
6803,c,6807
6806,c,6807
6805,c,6807
6804,f,6807
6804,c,6807
6803,f,6807
6805,f,6807
6808,c,6807
6806,e,6808
6805,e,6808
6804,e,6808
6807,e,6808
6808,e,6808
6809,e,6808
6808,f,6809
6809,c,6809
6810,f,6809
6808,c,6809
6809,f,6809
6810,c,6809
6807,f,6809
6807,c,6809
6806,f,6809
6806,c,6809
6805,f,6809
6805,c,6809
6807,e,6810
6806,e,6810
6808,e,6810
6809,e,6810
6811,e,6810
6810,e,6810
6812,f,6811
6811,f,6811
6807,f,6811
6809,f,6811
6808,f,6811
6810,f,6811
6812,c,6816
6813,c,6816
6817,c,6816
6814,c,6816
6816,c,6816
6815,c,6816
6813,e,6817
6816,e,6817
6817,e,6817
6815,e,6817
6818,e,6817
6814,e,6817
6814,f,6818
6816,f,6818
6817,f,6818
6819,f,6818
6815,f,6818
6818,f,6818
6820,e,6819
6818,e,6819
6819,c,6819
6820,c,6819
6818,c,6819
6819,e,6819
6817,c,6819
6817,e,6819
6815,c,6819
6816,e,6819
6816,c,6819
6815,e,6819
6821,f,6820
6819,a,6820
6819,c,6820
6817,a,6820
6819,e,6820
6821,c,6820
6821,a,6820
6820,e,6820
6820,f,6820
6820,a,6820
6821,e,6820
6819,f,6820
6820,c,6820
6817,c,6820
6818,e,6820
6818,f,6820
6818,c,6820
6818,a,6820
6816,a,6820
6816,c,6820
6816,f,6820
6816,e,6820
6817,f,6820
6817,e,6820
6821,d,6821
6822,e,6821
6820,b,6821
6822,b,6821
6820,e,6821
6822,f,6821
6822,d,6821
6821,f,6821
6821,e,6821
6820,d,6821
6821,b,6821
6820,f,6821
6817,f,6821
6817,d,6821
6819,e,6821
6817,b,6821
6819,f,6821
6818,b,6821
6819,d,6821
6819,b,6821
6817,e,6821
6818,d,6821
6818,e,6821
6818,f,6821
6822,c,6822
6822,f,6822
6821,f,6822
6821,c,6822
6819,f,6822
6823,c,6822
6823,f,6822
6820,f,6822
6820,c,6822
6819,c,6822
6818,c,6822
6818,f,6822
6822,e,6823
6823,e,6823
6824,e,6823
6821,e,6823
6819,e,6823
6820,e,6823
6821,f,6824
6824,f,6824
6823,f,6824
6823,d,6824
6820,d,6824
6821,d,6824
6825,d,6824
6825,f,6824
6822,f,6824
6822,d,6824
6820,f,6824
6824,d,6824
6825,f,6825
6824,f,6825
6826,f,6825
6823,f,6825
6821,f,6825
6822,f,6825
6827,c,6826
6826,c,6826
6825,c,6826
6825,a,6826
6826,a,6826
6827,a,6826
6822,a,6826
6824,c,6826
6824,a,6826
6822,c,6826
6823,a,6826
6823,c,6826
6827,b,6827
6828,e,6827
6827,e,6827
6826,e,6827
6826,d,6827
6826,b,6827
6828,b,6827
6827,d,6827
6828,d,6827
6825,e,6827
6823,e,6827
6823,d,6827
6825,d,6827
6825,b,6827
6824,b,6827
6824,d,6827
6824,e,6827
6823,b,6827
6825,f,6828
6828,c,6828
6828,f,6828
6829,a,6828
6827,f,6828
6827,c,6828
6827,a,6828
6824,a,6828
6824,c,6828
6829,f,6828
6825,c,6828
6825,a,6828
6829,c,6828
6824,f,6828
6826,a,6828
6828,a,6828
6826,f,6828
6826,c,6828
6829,e,6829
6828,e,6829
6828,d,6829
6828,b,6829
6829,d,6829
6829,b,6829
6830,d,6829
6830,e,6829
6830,b,6829
6825,b,6829
6826,b,6829
6827,e,6829
6827,d,6829
6825,d,6829
6825,e,6829
6827,b,6829
6826,e,6829
6826,d,6829
6831,c,6830
6830,f,6830
6830,c,6830
6831,f,6830
6829,f,6830
6829,c,6830
6827,f,6830
6826,c,6830
6826,f,6830
6828,f,6830
6828,c,6830
6827,c,6830
6829,e,6831
6828,e,6831
6830,e,6831
6832,e,6831
6827,e,6831
6831,e,6831
6832,f,6832
6833,f,6832
6828,f,6832
6830,f,6832
6829,f,6832
6831,f,6832
6831,a,6835
6835,a,6835
6836,a,6835
6834,a,6835
6833,a,6835
6832,a,6835
6837,d,6836
6836,d,6836
6836,b,6836
6837,c,6836
6835,c,6836
6835,d,6836
6835,b,6836
6837,b,6836
6834,c,6836
6836,c,6836
6834,b,6836
6832,c,6836
6834,d,6836
6833,b,6836
6833,d,6836
6833,c,6836
6832,d,6836
6832,b,6836
6834,e,6837
6834,a,6837
6837,a,6837
6837,c,6837
6834,c,6837
6837,f,6837
6837,e,6837
6836,e,6837
6836,f,6837
6836,c,6837
6836,a,6837
6834,f,6837
6838,a,6837
6838,f,6837
6833,e,6837
6833,f,6837
6838,e,6837
6833,c,6837
6833,a,6837
6835,a,6837
6835,e,6837
6835,f,6837
6838,c,6837
6835,c,6837
6839,e,6838
6837,f,6838
6837,d,6838
6838,d,6838
6838,b,6838
6837,e,6838
6838,e,6838
6839,f,6838
6837,b,6838
6838,f,6838
6839,d,6838
6835,d,6838
6834,b,6838
6836,e,6838
6836,f,6838
6836,d,6838
6836,b,6838
6839,b,6838
6834,d,6838
6835,f,6838
6835,e,6838
6835,b,6838
6834,e,6838
6834,f,6838
6835,c,6839
6838,f,6839
6839,f,6839
6838,c,6839
6839,c,6839
6836,f,6839
6835,f,6839
6840,c,6839
6840,f,6839
6837,f,6839
6837,c,6839
6836,c,6839
6840,b,6840
6839,e,6840
6840,e,6840
6841,b,6840
6841,e,6840
6839,b,6840
6836,e,6840
6838,e,6840
6838,b,6840
6837,b,6840
6837,e,6840
6836,b,6840
6841,c,6841
6841,f,6841
6840,f,6841
6840,c,6841
6837,c,6841
6838,f,6841
6842,f,6841
6839,f,6841
6839,c,6841
6838,c,6841
6842,c,6841
6837,f,6841
6838,e,6842
6841,e,6842
6843,e,6842
6842,e,6842
6839,e,6842
6840,e,6842
6843,a,6843
6843,f,6843
6842,f,6843
6842,a,6843
6839,a,6843
6839,f,6843
6844,a,6843
6841,f,6843
6841,a,6843
6840,a,6843
6840,f,6843
6844,f,6843
6840,d,6844
6844,b,6844
6844,d,6844
6843,d,6844
6843,b,6844
6840,b,6844
6845,b,6844
6841,d,6844
6841,b,6844
6842,d,6844
6842,b,6844
6845,d,6844
6843,f,6845
6844,c,6845
6846,c,6845
6846,f,6845
6844,f,6845
6841,f,6845
6841,c,6845
6843,c,6845
6842,c,6845
6842,f,6845
6845,c,6845
6845,f,6845
6846,e,6846
6845,e,6846
6845,d,6846
6845,c,6846
6847,a,6846
6846,a,6846
6846,d,6846
6846,c,6846
6845,a,6846
6847,d,6846
6847,e,6846
6843,c,6846
6842,a,6846
6843,d,6846
6843,a,6846
6842,e,6846
6844,e,6846
6844,c,6846
6844,d,6846
6844,a,6846
6842,c,6846
6842,d,6846
6843,e,6846
6847,c,6846
6846,b,6847
6846,d,6847
6844,d,6847
6846,e,6847
6847,e,6847
6847,f,6847
6847,d,6847
6847,b,6847
6846,f,6847
6848,b,6847
6848,d,6847
6848,f,6847
6844,f,6847
6844,e,6847
6843,e,6847
6843,f,6847
6844,b,6847
6843,d,6847
6843,b,6847
6845,d,6847
6845,f,6847
6845,e,6847
6848,e,6847
6845,b,6847
6848,f,6848
6849,c,6848
6848,c,6848
6849,f,6848
6847,f,6848
6847,c,6848
6846,f,6848
6844,f,6848
6845,c,6848
6845,f,6848
6844,c,6848
6846,c,6848
6845,e,6849
6849,e,6849
6850,d,6849
6850,e,6849
6848,e,6849
6848,d,6849
6845,d,6849
6849,d,6849
6847,e,6849
6847,d,6849
6846,d,6849
6846,e,6849
6850,e,6850
6851,c,6850
6851,f,6850
6851,e,6850
6850,c,6850
6849,f,6850
6849,c,6850
6846,e,6850
6850,f,6850
6846,f,6850
6849,e,6850
6847,c,6850
6846,c,6850
6847,f,6850
6847,e,6850
6848,e,6850
6848,f,6850
6848,c,6850
6851,f,6851
6852,e,6851
6850,e,6851
6850,f,6851
6847,e,6851
6851,e,6851
6849,e,6851
6849,f,6851
6848,f,6851
6848,e,6851
6847,f,6851
6852,f,6851
6853,f,6852
6852,f,6852
6848,f,6852
6850,f,6852
6849,f,6852
6851,f,6852
6861,f,6865
6862,f,6865
6863,f,6865
6866,f,6865
6864,f,6865
6865,f,6865
6867,d,6866
6867,b,6866
6866,d,6866
6866,b,6866
6865,b,6866
6865,d,6866
6863,d,6866
6864,d,6866
6864,b,6866
6862,b,6866
6862,d,6866
6863,b,6866
6864,f,6867
6867,f,6867
6867,c,6867
6864,c,6867
6866,f,6867
6868,c,6867
6866,c,6867
6865,f,6867
6865,c,6867
6863,f,6867
6863,c,6867
6868,f,6867
6865,e,6868
6866,e,6868
6869,e,6868
6864,e,6868
6867,e,6868
6868,e,6868
6870,f,6869
6868,f,6869
6866,f,6869
6867,f,6869
6865,f,6869
6869,f,6869
6871,a,6871
6869,a,6871
6870,a,6871
6868,a,6871
6872,a,6871
6867,a,6871
6872,d,6872
6871,d,6872
6871,b,6872
6872,b,6872
6873,b,6872
6873,d,6872
6868,d,6872
6869,b,6872
6870,d,6872
6870,b,6872
6868,b,6872
6869,d,6872
6872,e,6873
6874,c,6873
6874,f,6873
6874,e,6873
6872,f,6873
6872,c,6873
6873,e,6873
6873,f,6873
6873,c,6873
6869,e,6873
6869,c,6873
6869,f,6873
6870,c,6873
6870,f,6873
6870,e,6873
6871,e,6873
6871,c,6873
6871,f,6873
6871,e,6874
6871,f,6874
6875,f,6874
6875,e,6874
6873,e,6874
6873,f,6874
6870,e,6874
6874,f,6874
6870,f,6874
6872,e,6874
6872,f,6874
6874,e,6874
6875,e,6875
6876,f,6875
6876,e,6875
6874,e,6875
6874,f,6875
6875,f,6875
6871,e,6875
6872,f,6875
6873,e,6875
6873,f,6875
6871,f,6875
6872,e,6875
6877,f,6876
6876,f,6876
6873,f,6876
6872,f,6876
6874,f,6876
6875,f,6876
6881,d,6882
6883,f,6882
6883,d,6882
6882,f,6882
6882,d,6882
6881,f,6882
6880,f,6882
6878,f,6882
6878,d,6882
6880,d,6882
6879,d,6882
6879,f,6882
6880,a,6883
6883,f,6883
6883,a,6883
6884,f,6883
6882,f,6883
6882,a,6883
6884,a,6883
6879,f,6883
6880,f,6883
6881,f,6883
6881,a,6883
6879,a,6883
6882,b,6884
6883,b,6884
6883,d,6884
6885,b,6884
6884,d,6884
6880,d,6884
6882,d,6884
6881,b,6884
6881,d,6884
6884,b,6884
6885,d,6884
6880,b,6884
6885,f,6885
6884,c,6885
6886,d,6885
6885,d,6885
6885,c,6885
6884,d,6885
6884,f,6885
6881,d,6885
6886,f,6885
6886,c,6885
6883,f,6885
6883,c,6885
6883,d,6885
6881,c,6885
6881,f,6885
6882,d,6885
6882,c,6885
6882,f,6885
6886,d,6886
6886,f,6886
6886,e,6886
6885,e,6886
6885,f,6886
6885,d,6886
6883,e,6886
6887,f,6886
6887,e,6886
6884,e,6886
6884,f,6886
6884,d,6886
6882,d,6886
6882,f,6886
6882,e,6886
6883,d,6886
6883,f,6886
6887,d,6886
6887,f,6887
6886,f,6887
6886,b,6887
6888,b,6887
6888,f,6887
6887,b,6887
6883,f,6887
6885,f,6887
6885,b,6887
6883,b,6887
6884,f,6887
6884,b,6887
6889,f,6888
6889,c,6888
6888,f,6888
6888,c,6888
6887,f,6888
6887,c,6888
6885,f,6888
6884,c,6888
6884,f,6888
6886,f,6888
6885,c,6888
6886,c,6888
6887,e,6889
6885,e,6889
6890,e,6889
6886,e,6889
6888,e,6889
6889,e,6889
6889,f,6890
6891,f,6890
6888,f,6890
6886,f,6890
6887,f,6890
6890,f,6890
6891,a,6892
6893,a,6892
6893,c,6892
6890,c,6892
6890,a,6892
6891,c,6892
6888,c,6892
6889,c,6892
6889,a,6892
6892,c,6892
6888,a,6892
6892,a,6892
6894,d,6893
6893,d,6893
6893,b,6893
6892,e,6893
6894,e,6893
6892,d,6893
6892,b,6893
6893,e,6893
6894,b,6893
6890,e,6893
6891,e,6893
6891,d,6893
6891,b,6893
6889,b,6893
6889,d,6893
6889,e,6893
6890,b,6893
6890,d,6893
6895,c,6894
6895,f,6894
6893,f,6894
6893,c,6894
6894,f,6894
6890,c,6894
6891,f,6894
6892,f,6894
6892,c,6894
6890,f,6894
6891,c,6894
6894,c,6894
6896,e,6895
6895,e,6895
6894,e,6895
6891,e,6895
6892,e,6895
6893,e,6895
6894,f,6896
6896,f,6896
6897,f,6896
6892,f,6896
6893,f,6896
6895,f,6896
6895,b,6898
6899,b,6898
6896,b,6898
6898,b,6898
6894,b,6898
6897,b,6898
6899,a,6899
6899,c,6899
6898,f,6899
6898,c,6899
6898,a,6899
6899,f,6899
6897,f,6899
6897,c,6899
6895,c,6899
6900,a,6899
6895,a,6899
6895,f,6899
6896,a,6899
6896,c,6899
6897,a,6899
6900,f,6899
6896,f,6899
6900,c,6899
6899,d,6900
6899,f,6900
6899,e,6900
6901,b,6900
6900,e,6900
6901,f,6900
6900,b,6900
6901,d,6900
6899,b,6900
6901,e,6900
6896,e,6900
6900,f,6900
6898,e,6900
6898,f,6900
6898,d,6900
6898,b,6900
6900,d,6900
6896,b,6900
6896,d,6900
6897,e,6900
6897,f,6900
6896,f,6900
6897,d,6900
6897,b,6900
6900,c,6901
6901,f,6901
6900,e,6901
6901,c,6901
6902,f,6901
6902,c,6901
6901,e,6901
6900,f,6901
6902,e,6901
6899,c,6901
6899,e,6901
6899,f,6901
6897,c,6901
6897,f,6901
6898,e,6901
6898,f,6901
6898,c,6901
6897,e,6901
6899,e,6902
6903,e,6902
6903,f,6902
6902,e,6902
6902,f,6902
6901,e,6902
6898,f,6902
6898,e,6902
6900,e,6902
6900,f,6902
6899,f,6902
6901,f,6902
6901,f,6903
6899,f,6903
6900,f,6903
6902,f,6903
6903,f,6903
6904,f,6903
6906,b,6907
6908,b,6907
6907,b,6907
6905,b,6907
6904,b,6907
6903,b,6907
6904,f,6908
6908,c,6908
6909,c,6908
6907,e,6908
6907,f,6908
6907,c,6908
6908,f,6908
6909,f,6908
6904,e,6908
6909,e,6908
6906,e,6908
6906,f,6908
6906,c,6908
6904,c,6908
6905,e,6908
6905,f,6908
6905,c,6908
6908,e,6908
6909,e,6909
6910,e,6909
6908,e,6909
6908,f,6909
6909,f,6909
6910,f,6909
6907,e,6909
6907,f,6909
6906,e,6909
6906,f,6909
6905,e,6909
6905,f,6909
6908,f,6910
6906,f,6910
6909,f,6910
6907,f,6910
6911,f,6910
6910,f,6910
6912,d,6912
6911,d,6912
6910,d,6912
6913,d,6912
6908,d,6912
6909,d,6912
6910,a,6913
6913,f,6913
6912,f,6913
6912,a,6913
6914,a,6913
6914,f,6913
6911,a,6913
6909,a,6913
6909,f,6913
6913,a,6913
6911,f,6913
6910,f,6913
6914,b,6914
6915,d,6914
6914,d,6914
6915,b,6914
6913,b,6914
6913,d,6914
6911,d,6914
6910,b,6914
6912,d,6914
6912,b,6914
6910,d,6914
6911,b,6914
6916,c,6915
6916,f,6915
6914,f,6915
6914,c,6915
6912,f,6915
6911,c,6915
6913,f,6915
6913,c,6915
6911,f,6915
6912,c,6915
6915,f,6915
6915,c,6915
6916,e,6916
6917,e,6916
6912,e,6916
6915,e,6916
6913,e,6916
6914,e,6916
6918,f,6917
6915,f,6917
6917,f,6917
6914,f,6917
6913,f,6917
6916,f,6917
6917,b,6918
6919,b,6918
6918,b,6918
6914,b,6918
6915,b,6918
6916,b,6918
6919,f,6919
6919,c,6919
6920,c,6919
6918,e,6919
6918,f,6919
6920,f,6919
6920,e,6919
6918,c,6919
6919,e,6919
6915,c,6919
6916,c,6919
6916,f,6919
6916,e,6919
6915,f,6919
6917,e,6919
6917,f,6919
6917,c,6919
6915,e,6919
6917,f,6920
6916,a,6920
6919,e,6920
6920,e,6920
6920,f,6920
6920,a,6920
6917,a,6920
6918,e,6920
6919,a,6920
6918,f,6920
6918,a,6920
6916,f,6920
6916,e,6920
6921,a,6920
6921,f,6920
6921,e,6920
6917,e,6920
6919,f,6920
6922,d,6921
6920,f,6921
6920,d,6921
6920,c,6921
6922,b,6921
6921,f,6921
6921,c,6921
6920,b,6921
6922,c,6921
6919,d,6921
6918,c,6921
6917,b,6921
6917,d,6921
6917,c,6921
6917,f,6921
6918,b,6921
6918,d,6921
6922,f,6921
6918,f,6921
6921,d,6921
6919,b,6921
6921,b,6921
6919,c,6921
6919,f,6921
6923,f,6922
6923,c,6922
6921,e,6922
6921,f,6922
6921,c,6922
6922,e,6922
6922,f,6922
6923,e,6922
6922,c,6922
6920,f,6922
6919,e,6922
6918,f,6922
6918,e,6922
6920,e,6922
6919,c,6922
6920,c,6922
6919,f,6922
6918,c,6922
6923,e,6923
6922,e,6923
6922,f,6923
6923,f,6923
6919,e,6923
6924,f,6923
6924,e,6923
6921,e,6923
6921,f,6923
6920,f,6923
6920,e,6923
6919,f,6923
6924,f,6924
6925,e,6924
6923,e,6924
6923,f,6924
6920,f,6924
6922,e,6924
6920,e,6924
6922,f,6924
6924,e,6924
6921,e,6924
6921,f,6924
6925,f,6924
6927,e,6926
6926,e,6926
6925,e,6926
6925,c,6926
6927,c,6926
6926,c,6926
6922,c,6926
6924,c,6926
6923,e,6926
6923,c,6926
6924,e,6926
6922,e,6926
6927,f,6927
6927,e,6927
6926,e,6927
6926,f,6927
6924,f,6927
6925,e,6927
6925,f,6927
6923,f,6927
6923,e,6927
6924,e,6927
6928,f,6927
6928,e,6927
6927,f,6928
6928,f,6928
6926,f,6928
6925,f,6928
6924,f,6928
6929,f,6928
6926,c,6929
6928,c,6929
6927,c,6929
6930,c,6929
6929,c,6929
6925,c,6929
6929,e,6930
6930,e,6930
6931,e,6930
6928,e,6930
6926,e,6930
6927,e,6930
6928,f,6931
6930,f,6931
6930,a,6931
6931,f,6931
6928,a,6931
6932,a,6931
6929,f,6931
6929,a,6931
6931,a,6931
6927,f,6931
6932,f,6931
6927,a,6931
6931,d,6932
6931,b,6932
6932,b,6932
6932,d,6932
6933,b,6932
6929,d,6932
6929,b,6932
6928,d,6932
6928,b,6932
6930,d,6932
6930,b,6932
6933,d,6932
6930,c,6933
6934,a,6933
6932,a,6933
6932,c,6933
6932,f,6933
6933,f,6933
6933,c,6933
6933,a,6933
6934,c,6933
6930,a,6933
6934,f,6933
6929,c,6933
6930,f,6933
6931,f,6933
6931,c,6933
6931,a,6933
6929,a,6933
6929,f,6933
6935,e,6934
6935,f,6934
6933,b,6934
6933,d,6934
6934,d,6934
6935,d,6934
6934,b,6934
6933,e,6934
6934,f,6934
6933,f,6934
6934,e,6934
6935,b,6934
6930,d,6934
6930,f,6934
6932,b,6934
6930,b,6934
6932,f,6934
6932,e,6934
6932,d,6934
6931,f,6934
6931,d,6934
6931,b,6934
6930,e,6934
6931,e,6934
6931,a,6935
6931,c,6935
6935,f,6935
6934,f,6935
6936,c,6935
6935,c,6935
6936,a,6935
6934,a,6935
6933,f,6935
6933,c,6935
6933,a,6935
6931,f,6935
6932,a,6935
6932,c,6935
6932,f,6935
6936,f,6935
6935,a,6935
6934,c,6935
6937,a,6936
6935,a,6936
6935,b,6936
6935,d,6936
6935,e,6936
6936,e,6936
6936,d,6936
6936,b,6936
6936,a,6936
6937,b,6936
6937,d,6936
6932,d,6936
6932,b,6936
6932,e,6936
6932,a,6936
6933,a,6936
6933,b,6936
6933,d,6936
6937,e,6936
6933,e,6936
6934,b,6936
6934,d,6936
6934,e,6936
6934,a,6936
6938,d,6937
6938,c,6937
6938,f,6937
6936,f,6937
6936,c,6937
6936,d,6937
6936,b,6937
6937,f,6937
6937,c,6937
6937,d,6937
6938,b,6937
6937,b,6937
6933,d,6937
6934,f,6937
6934,c,6937
6934,d,6937
6934,b,6937
6935,b,6937
6935,d,6937
6933,c,6937
6935,f,6937
6933,b,6937
6933,f,6937
6935,c,6937
6934,f,6938
6937,e,6938
6937,f,6938
6937,c,6938
6938,f,6938
6938,c,6938
6934,c,6938
6938,e,6938
6939,c,6938
6939,e,6938
6935,e,6938
6935,f,6938
6935,c,6938
6936,c,6938
6939,f,6938
6936,f,6938
6934,e,6938
6936,e,6938
6935,e,6939
6940,f,6939
6938,f,6939
6938,a,6939
6940,a,6939
6939,e,6939
6939,f,6939
6939,a,6939
6940,e,6939
6938,e,6939
6935,f,6939
6935,a,6939
6936,f,6939
6937,e,6939
6937,f,6939
6936,e,6939
6937,a,6939
6936,a,6939
6940,b,6940
6940,d,6940
6941,b,6940
6939,f,6940
6939,d,6940
6939,b,6940
6936,b,6940
6936,d,6940
6936,f,6940
6940,f,6940
6938,f,6940
6938,d,6940
6938,b,6940
6937,b,6940
6937,d,6940
6937,f,6940
6941,f,6940
6941,d,6940
6941,c,6941
6941,f,6941
6942,c,6941
6942,f,6941
6940,f,6941
6940,c,6941
6937,f,6941
6937,c,6941
6939,f,6941
6938,c,6941
6938,f,6941
6939,c,6941
6939,e,6942
6943,e,6942
6942,e,6942
6942,d,6942
6942,b,6942
6941,d,6942
6941,b,6942
6938,b,6942
6938,d,6942
6941,e,6942
6943,d,6942
6939,d,6942
6939,b,6942
6940,b,6942
6940,d,6942
6940,e,6942
6938,e,6942
6943,b,6942
6944,c,6943
6941,c,6943
6939,c,6943
6942,c,6943
6943,c,6943
6940,c,6943
6944,d,6944
6943,e,6944
6944,e,6944
6945,e,6944
6945,c,6944
6943,c,6944
6943,d,6944
6945,d,6944
6944,c,6944
6941,d,6944
6940,c,6944
6942,e,6944
6942,c,6944
6942,d,6944
6940,d,6944
6940,e,6944
6941,e,6944
6941,c,6944
6946,e,6945
6946,f,6945
6945,e,6945
6945,f,6945
6944,e,6945
6942,e,6945
6941,f,6945
6943,e,6945
6943,f,6945
6944,f,6945
6941,e,6945
6942,f,6945
6942,f,6946
6944,f,6946
6943,f,6946
6945,f,6946
6946,f,6946
6947,f,6946
6948,e,6948
6946,e,6948
6945,e,6948
6947,e,6948
6944,e,6948
6949,e,6948
6948,b,6949
6950,b,6949
6949,f,6949
6950,f,6949
6948,f,6949
6947,f,6949
6949,b,6949
6945,b,6949
6947,b,6949
6945,f,6949
6946,b,6949
6946,f,6949
6951,e,6950
6951,f,6950
6951,c,6950
6950,e,6950
6950,f,6950
6950,c,6950
6949,e,6950
6949,f,6950
6949,c,6950
6947,c,6950
6946,e,6950
6948,e,6950
6948,f,6950
6947,f,6950
6947,e,6950
6948,c,6950
6946,c,6950
6946,f,6950
6951,e,6951
6951,f,6951
6947,f,6951
6947,e,6951
6952,e,6951
6950,e,6951
6952,f,6951
6949,e,6951
6949,f,6951
6948,f,6951
6948,e,6951
6950,f,6951
6951,f,6952
6950,f,6952
6948,f,6952
6952,f,6952
6949,f,6952
6953,f,6952
6952,b,6953
6950,b,6953
6951,b,6953
6953,b,6953
6949,b,6953
6954,b,6953
6953,f,6954
6953,c,6954
6954,c,6954
6954,f,6954
6950,f,6954
6955,c,6954
6952,f,6954
6952,c,6954
6951,f,6954
6955,f,6954
6950,c,6954
6951,c,6954
6955,e,6955
6954,e,6955
6956,e,6955
6952,e,6955
6953,e,6955
6951,e,6955
6955,b,6956
6956,b,6956
6956,f,6956
6957,f,6956
6957,b,6956
6955,f,6956
6954,f,6956
6954,b,6956
6952,b,6956
6952,f,6956
6953,b,6956
6953,f,6956
6956,f,6957
6957,f,6957
6957,c,6957
6958,f,6957
6956,c,6957
6954,f,6957
6958,c,6957
6955,f,6957
6955,c,6957
6953,c,6957
6954,c,6957
6953,f,6957
6959,a,6958
6958,a,6958
6958,e,6958
6957,e,6958
6957,a,6958
6954,e,6958
6954,a,6958
6956,e,6958
6956,a,6958
6955,a,6958
6955,e,6958
6959,e,6958
6960,d,6959
6959,b,6959
6958,f,6959
6959,d,6959
6959,f,6959
6958,d,6959
6958,b,6959
6960,f,6959
6960,b,6959
6956,b,6959
6957,f,6959
6957,d,6959
6957,b,6959
6955,b,6959
6955,d,6959
6955,f,6959
6956,d,6959
6956,f,6959
6960,f,6960
6960,c,6960
6959,f,6960
6959,c,6960
6961,f,6960
6957,f,6960
6956,f,6960
6957,c,6960
6958,c,6960
6956,c,6960
6958,f,6960
6961,c,6960
6962,e,6961
6958,e,6961
6959,e,6961
6960,e,6961
6961,e,6961
6957,e,6961
6961,f,6962
6963,c,6962
6963,f,6962
6962,f,6962
6961,c,6962
6962,c,6962
6958,f,6962
6960,f,6962
6960,c,6962
6958,c,6962
6959,c,6962
6959,f,6962
6963,e,6963
6962,e,6963
6960,e,6963
6961,e,6963
6959,e,6963
6964,e,6963
6964,f,6964
6961,f,6964
6962,f,6964
6960,f,6964
6965,f,6964
6963,f,6964
6964,d,6965
6966,d,6965
6965,d,6965
6963,d,6965
6962,d,6965
6961,d,6965
6964,f,6966
6962,f,6966
6965,f,6966
6966,f,6966
6967,f,6966
6963,f,6966
6970,d,6970
6969,d,6970
6968,d,6970
6971,d,6970
6967,d,6970
6966,d,6970
6967,f,6971
6971,e,6971
6970,e,6971
6970,f,6971
6971,f,6971
6972,f,6971
6972,e,6971
6969,e,6971
6969,f,6971
6968,e,6971
6967,e,6971
6968,f,6971
6973,f,6972
6972,f,6972
6971,f,6972
6969,f,6972
6970,f,6972
6968,f,6972
6972,e,6973
6973,e,6973
6973,b,6973
6974,e,6973
6972,b,6973
6969,b,6973
6969,e,6973
6974,b,6973
6971,e,6973
6971,b,6973
6970,e,6973
6970,b,6973
6971,f,6974
6974,c,6974
6974,f,6974
6973,f,6974
6973,c,6974
6970,c,6974
6975,c,6974
6975,f,6974
6972,f,6974
6972,c,6974
6971,c,6974
6970,f,6974
6975,e,6975
6974,e,6975
6973,e,6975
6976,e,6975
6971,e,6975
6972,e,6975
6976,f,6976
6975,f,6976
6975,b,6976
6972,b,6976
6977,f,6976
6977,b,6976
6974,f,6976
6974,b,6976
6972,f,6976
6976,b,6976
6973,b,6976
6973,f,6976
6977,f,6977
6978,c,6977
6976,f,6977
6976,c,6977
6977,c,6977
6978,f,6977
6975,f,6977
6973,c,6977
6973,f,6977
6975,c,6977
6974,c,6977
6974,f,6977
6978,d,6978
6979,d,6978
6979,e,6978
6977,e,6978
6977,d,6978
6974,d,6978
6976,e,6978
6976,d,6978
6975,d,6978
6975,e,6978
6974,e,6978
6978,e,6978
6978,d,6979
6979,d,6979
6979,f,6979
6980,d,6979
6980,f,6979
6978,f,6979
6975,d,6979
6977,f,6979
6977,d,6979
6975,f,6979
6976,f,6979
6976,d,6979
6977,f,6980
6981,f,6980
6980,f,6980
6976,f,6980
6978,f,6980
6979,f,6980
6985,e,6986
6982,e,6986
6983,e,6986
6984,e,6986
6987,e,6986
6986,e,6986
6988,f,6987
6986,f,6987
6987,f,6987
6985,f,6987
6983,f,6987
6984,f,6987
6987,c,6988
6988,c,6988
6989,c,6988
6986,c,6988
6984,c,6988
6985,c,6988
6986,e,6989
6989,e,6989
6987,e,6989
6990,e,6989
6988,e,6989
6985,e,6989
6991,f,6990
6989,f,6990
6990,f,6990
6988,f,6990
6986,f,6990
6987,f,6990
6992,c,6992
6988,c,6992
6991,c,6992
6993,c,6992
6989,c,6992
6990,c,6992
6990,a,6993
6993,e,6993
6992,e,6993
6992,a,6993
6989,a,6993
6994,a,6993
6994,e,6993
6991,a,6993
6991,e,6993
6989,e,6993
6993,a,6993
6990,e,6993
6995,f,6994
6994,f,6994
6995,b,6994
6995,d,6994
6993,d,6994
6993,b,6994
6994,d,6994
6994,b,6994
6993,f,6994
6990,d,6994
6990,f,6994
6992,f,6994
6992,d,6994
6992,b,6994
6991,b,6994
6991,d,6994
6991,f,6994
6990,b,6994
6994,c,6995
6991,c,6995
6996,c,6995
6995,c,6995
6994,f,6995
6993,f,6995
6993,c,6995
6991,f,6995
6992,c,6995
6992,f,6995
6996,f,6995
6995,f,6995
6997,e,6996
6995,e,6996
6996,d,6996
6996,e,6996
6995,d,6996
6992,d,6996
6992,e,6996
6997,d,6996
6994,e,6996
6994,d,6996
6993,d,6996
6993,e,6996
6997,a,6997
6997,d,6997
6997,f,6997
6996,f,6997
6996,d,6997
6996,a,6997
6993,a,6997
6993,d,6997
6998,a,6997
6998,f,6997
6998,d,6997
6995,a,6997
6994,f,6997
6994,d,6997
6995,f,6997
6995,d,6997
6994,a,6997
6993,f,6997
6998,f,6998
6999,d,6998
6997,a,6998
6999,b,6998
6999,f,6998
6997,b,6998
6997,d,6998
6997,f,6998
6998,b,6998
6998,a,6998
6999,a,6998
6998,d,6998
6994,a,6998
6995,f,6998
6996,a,6998
6996,b,6998
6996,d,6998
6996,f,6998
6994,d,6998
6994,b,6998
6994,f,6998
6995,a,6998
6995,b,6998
6995,d,6998
6998,b,6999
6998,a,6999
6998,f,6999
6998,d,6999
6998,c,6999
6999,a,6999
6999,b,6999
6999,d,6999
6999,c,6999
6999,f,6999
7000,a,6999
7000,b,6999
7000,d,6999
7000,c,6999
7000,f,6999
6996,d,6999
6995,a,6999
6996,c,6999
6997,f,6999
6996,b,6999
6996,f,6999
6997,d,6999
6997,c,6999
6997,b,6999
6995,b,6999
6995,d,6999
6995,c,6999
6995,f,6999
6996,a,6999
6997,a,6999
7001,c,7000
6999,e,7000
6999,c,7000
6999,f,7000
6999,d,7000
6996,d,7000
6996,c,7000
6996,b,7000
7000,b,7000
7000,d,7000
7000,c,7000
7000,f,7000
7000,e,7000
7001,e,7000
7001,b,7000
7001,d,7000
6996,f,7000
6999,b,7000
7001,f,7000
6998,b,7000
6996,e,7000
6998,d,7000
6998,c,7000
6998,f,7000
6998,e,7000
6997,c,7000
6997,f,7000
6997,b,7000
6997,d,7000
6997,e,7000
7000,e,7001
7001,e,7001
7001,f,7001
7001,c,7001
6997,c,7001
6997,f,7001
7000,f,7001
7000,c,7001
7002,e,7001
6998,f,7001
6999,e,7001
6999,f,7001
6999,c,7001
6998,e,7001
7002,f,7001
7002,c,7001
6998,c,7001
6997,e,7001
7001,e,7002
7003,f,7002
7002,e,7002
7001,f,7002
6999,f,7002
7000,e,7002
7000,f,7002
6999,e,7002
6998,e,7002
6998,f,7002
7003,e,7002
7002,f,7002
7003,b,7003
7003,e,7003
7004,b,7003
7004,e,7003
7002,e,7003
7002,b,7003
6999,e,7003
7001,e,7003
6999,b,7003
7001,b,7003
7000,b,7003
7000,e,7003
7001,c,7004
7004,c,7004
7003,c,7004
7005,c,7004
7000,c,7004
7002,c,7004
7003,e,7005
7002,e,7005
7004,e,7005
7006,e,7005
7001,e,7005
7005,e,7005
7002,f,7006
7007,f,7006
7006,f,7006
7004,f,7006
7003,f,7006
7005,f,7006
7009,b,7013
7010,b,7013
7011,b,7013
7014,b,7013
7012,b,7013
7013,b,7013
7013,c,7014
7015,c,7014
7014,f,7014
7015,f,7014
7014,c,7014
7013,f,7014
7011,c,7014
7012,f,7014
7012,c,7014
7010,f,7014
7011,f,7014
7010,c,7014
7011,e,7015
7016,e,7015
7014,e,7015
7015,e,7015
7013,e,7015
7012,e,7015
7017,d,7016
7012,d,7016
7016,d,7016
7015,f,7016
7015,d,7016
7016,f,7016
7012,f,7016
7017,f,7016
7013,f,7016
7013,d,7016
7014,d,7016
7014,f,7016
7016,f,7017
7017,f,7017
7013,f,7017
7018,f,7017
7015,f,7017
7014,f,7017
7015,b,7018
7017,b,7018
7016,b,7018
7019,b,7018
7018,b,7018
7014,b,7018
7019,c,7019
7018,f,7019
7018,c,7019
7019,f,7019
7020,c,7019
7015,c,7019
7017,c,7019
7020,f,7019
7015,f,7019
7016,c,7019
7016,f,7019
7017,f,7019
7017,a,7020
7020,a,7020
7020,e,7020
7019,e,7020
7019,a,7020
7021,a,7020
7021,e,7020
7017,e,7020
7018,e,7020
7018,a,7020
7016,a,7020
7016,e,7020
7021,b,7021
7022,c,7021
7020,b,7021
7022,d,7021
7020,d,7021
7021,f,7021
7021,d,7021
7020,c,7021
7020,f,7021
7021,c,7021
7022,f,7021
7022,b,7021
7019,d,7021
7017,b,7021
7018,c,7021
7018,d,7021
7018,b,7021
7017,f,7021
7017,d,7021
7018,f,7021
7019,c,7021
7019,f,7021
7017,c,7021
7019,b,7021
7022,e,7022
7021,e,7022
7021,f,7022
7021,c,7022
7022,f,7022
7022,c,7022
7023,c,7022
7018,c,7022
7023,e,7022
7020,e,7022
7020,f,7022
7020,c,7022
7018,f,7022
7018,e,7022
7019,c,7022
7019,f,7022
7019,e,7022
7023,f,7022
7023,f,7023
7023,e,7023
7022,e,7023
7022,f,7023
7019,e,7023
7024,f,7023
7021,f,7023
7019,f,7023
7020,f,7023
7021,e,7023
7020,e,7023
7024,e,7023
7023,a,7024
7020,a,7024
7020,f,7024
7025,a,7024
7025,f,7024
7024,f,7024
7024,a,7024
7022,f,7024
7022,a,7024
7021,a,7024
7021,f,7024
7023,f,7024
7024,b,7025
7026,d,7025
7025,b,7025
7025,d,7025
7024,d,7025
7026,b,7025
7021,d,7025
7023,d,7025
7023,b,7025
7022,b,7025
7022,d,7025
7021,b,7025
7023,f,7026
7026,f,7026
7027,c,7026
7025,f,7026
7025,c,7026
7022,c,7026
7027,f,7026
7024,f,7026
7024,c,7026
7023,c,7026
7022,f,7026
7026,c,7026
7027,e,7027
7026,e,7027
7028,e,7027
7025,e,7027
7024,e,7027
7023,e,7027
7027,f,7028
7026,f,7028
7029,f,7028
7028,f,7028
7024,f,7028
7025,f,7028
7029,e,7029
7028,e,7029
7030,e,7029
7027,e,7029
7025,e,7029
7026,e,7029
7027,f,7030
7029,f,7030
7029,a,7030
7030,f,7030
7027,a,7030
7031,a,7030
7028,f,7030
7028,a,7030
7026,a,7030
7030,a,7030
7031,f,7030
7026,f,7030
7030,d,7031
7030,b,7031
7031,b,7031
7031,d,7031
7032,b,7031
7029,d,7031
7029,b,7031
7032,d,7031
7027,b,7031
7027,d,7031
7028,b,7031
7028,d,7031
7029,c,7032
7032,b,7032
7032,c,7032
7032,f,7032
7031,f,7032
7031,c,7032
7031,b,7032
7033,b,7032
7029,b,7032
7033,c,7032
7030,f,7032
7030,c,7032
7030,b,7032
7028,c,7032
7028,f,7032
7029,f,7032
7033,f,7032
7028,b,7032
7033,c,7033
7033,f,7033
7033,e,7033
7032,e,7033
7032,f,7033
7032,c,7033
7034,c,7033
7034,f,7033
7029,e,7033
7030,e,7033
7029,c,7033
7029,f,7033
7031,e,7033
7031,f,7033
7031,c,7033
7034,e,7033
7030,c,7033
7030,f,7033
7034,e,7034
7035,f,7034
7033,e,7034
7033,f,7034
7034,f,7034
7030,f,7034
7030,e,7034
7035,e,7034
7032,e,7034
7032,f,7034
7031,f,7034
7031,e,7034
7035,c,7035
7035,f,7035
7034,f,7035
7034,c,7035
7036,c,7035
7036,f,7035
7033,c,7035
7033,f,7035
7031,c,7035
7031,f,7035
7032,c,7035
7032,f,7035
7033,e,7036
7036,e,7036
7035,e,7036
7034,e,7036
7032,e,7036
7037,e,7036
7037,f,7037
7035,f,7037
7038,f,7037
7033,f,7037
7034,f,7037
7036,f,7037
7039,e,7038
7038,e,7038
7037,e,7038
7036,e,7038
7035,e,7038
7034,e,7038
7037,f,7039
7035,f,7039
7038,f,7039
7039,f,7039
7040,f,7039
7036,f,7039
7043,d,7043
7042,d,7043
7041,d,7043
7044,d,7043
7039,d,7043
7040,d,7043
7041,f,7044
7042,f,7044
7045,f,7044
7044,f,7044
7043,f,7044
7040,f,7044
7045,f,7045
7046,f,7045
7044,f,7045
7043,f,7045
7041,f,7045
7042,f,7045
7047,a,7046
7046,a,7046
7043,a,7046
7042,a,7046
7044,a,7046
7045,a,7046
7046,b,7047
7046,e,7047
7048,b,7047
7043,b,7047
7047,e,7047
7047,d,7047
7046,d,7047
7048,d,7047
7043,d,7047
7045,e,7047
7047,b,7047
7045,b,7047
7044,e,7047
7044,d,7047
7044,b,7047
7043,e,7047
7048,e,7047
7045,d,7047
7049,f,7048
7048,c,7048
7048,f,7048
7047,f,7048
7047,c,7048
7046,f,7048
7046,c,7048
7044,c,7048
7044,f,7048
7045,c,7048
7045,f,7048
7049,c,7048
7048,e,7049
7046,e,7049
7047,e,7049
7050,e,7049
7045,e,7049
7049,e,7049
7051,b,7050
7049,a,7050
7049,f,7050
7050,a,7050
7050,b,7050
7050,f,7050
7051,f,7050
7051,a,7050
7048,f,7050
7049,b,7050
7046,a,7050
7047,b,7050
7047,a,7050
7048,a,7050
7046,f,7050
7046,b,7050
7047,f,7050
7048,b,7050
7050,b,7051
7050,d,7051
7050,c,7051
7050,f,7051
7050,e,7051
7048,b,7051
7051,d,7051
7051,c,7051
7051,f,7051
7052,b,7051
7052,d,7051
7052,c,7051
7052,f,7051
7052,e,7051
7051,b,7051
7047,b,7051
7051,e,7051
7047,f,7051
7048,d,7051
7048,c,7051
7048,f,7051
7049,e,7051
7049,f,7051
7049,c,7051
7049,d,7051
7048,e,7051
7047,e,7051
7047,c,7051
7047,d,7051
7049,b,7051
7051,f,7052
7048,c,7052
7053,e,7052
7053,f,7052
7053,c,7052
7051,e,7052
7051,c,7052
7052,c,7052
7048,e,7052
7052,f,7052
7050,e,7052
7050,f,7052
7050,c,7052
7049,c,7052
7049,f,7052
7049,e,7052
7048,f,7052
7052,e,7052
7053,f,7053
7053,e,7053
7054,f,7053
7054,e,7053
7052,e,7053
7049,f,7053
7049,e,7053
7051,e,7053
7051,f,7053
7052,f,7053
7050,e,7053
7050,f,7053
7052,f,7054
7051,f,7054
7055,f,7054
7050,f,7054
7053,f,7054
7054,f,7054
7055,d,7056
7054,d,7056
7053,d,7056
7052,d,7056
7057,d,7056
7056,d,7056
7056,f,7057
7057,f,7057
7054,f,7057
7053,f,7057
7055,f,7057
7058,f,7057
7061,a,7060
7060,f,7060
7058,a,7060
7060,a,7060
7059,f,7060
7059,a,7060
7058,f,7060
7061,f,7060
7056,a,7060
7057,f,7060
7056,f,7060
7057,a,7060
7057,d,7061
7061,f,7061
7057,f,7061
7062,b,7061
7060,f,7061
7060,d,7061
7060,b,7061
7061,b,7061
7062,d,7061
7059,f,7061
7059,d,7061
7059,b,7061
7057,b,7061
7058,f,7061
7058,d,7061
7058,b,7061
7062,f,7061
7061,d,7061
7062,c,7062
7062,f,7062
7063,c,7062
7061,f,7062
7061,c,7062
7060,f,7062
7063,f,7062
7060,c,7062
7059,f,7062
7059,c,7062
7058,f,7062
7058,c,7062
7060,e,7063
7061,e,7063
7059,e,7063
7062,e,7063
7064,e,7063
7063,e,7063
7064,f,7064
7065,f,7064
7063,f,7064
7062,f,7064
7061,f,7064
7060,f,7064
7067,f,7071
7068,f,7071
7069,f,7071
7070,f,7071
7071,f,7071
7072,f,7071
7074,f,7074
7074,b,7074
7073,f,7074
7073,b,7074
7075,f,7074
7072,f,7074
7075,b,7074
7070,f,7074
7070,b,7074
7071,f,7074
7071,b,7074
7072,b,7074
7075,c,7075
7075,f,7075
7074,f,7075
7074,c,7075
7076,c,7075
7076,f,7075
7071,f,7075
7073,f,7075
7073,c,7075
7071,c,7075
7072,f,7075
7072,c,7075
7076,c,7076
7075,e,7076
7075,c,7076
7076,e,7076
7077,e,7076
7077,c,7076
7075,d,7076
7076,d,7076
7077,d,7076
7073,e,7076
7073,d,7076
7072,e,7076
7074,e,7076
7074,c,7076
7074,d,7076
7073,c,7076
7072,d,7076
7072,c,7076
7074,e,7077
7076,b,7077
7076,c,7077
7074,f,7077
7076,e,7077
7078,c,7077
7077,c,7077
7077,f,7077
7077,e,7077
7078,e,7077
7078,f,7077
7077,b,7077
7073,b,7077
7076,f,7077
7075,c,7077
7074,c,7077
7074,b,7077
7073,e,7077
7073,f,7077
7075,b,7077
7073,c,7077
7078,b,7077
7075,e,7077
7075,f,7077
7077,f,7078
7077,c,7078
7074,e,7078
7078,f,7078
7075,e,7078
7075,f,7078
7075,c,7078
7076,c,7078
7078,c,7078
7079,c,7078
7079,f,7078
7079,e,7078
7074,f,7078
7074,c,7078
7076,e,7078
7076,f,7078
7077,e,7078
7078,e,7078
7080,e,7079
7078,f,7079
7080,f,7079
7078,e,7079
7079,b,7079
7079,f,7079
7078,b,7079
7080,b,7079
7079,e,7079
7075,e,7079
7076,b,7079
7076,f,7079
7076,e,7079
7075,b,7079
7077,b,7079
7077,f,7079
7075,f,7079
7077,e,7079
7077,a,7080
7080,a,7080
7080,c,7080
7080,f,7080
7079,f,7080
7079,c,7080
7079,a,7080
7081,a,7080
7076,a,7080
7076,c,7080
7081,c,7080
7077,f,7080
7078,f,7080
7076,f,7080
7078,a,7080
7078,c,7080
7077,c,7080
7081,f,7080
7082,a,7081
7082,b,7081
7082,e,7081
7080,e,7081
7080,d,7081
7080,b,7081
7080,a,7081
7082,d,7081
7081,d,7081
7081,b,7081
7081,e,7081
7081,a,7081
7077,d,7081
7079,a,7081
7077,b,7081
7077,a,7081
7078,a,7081
7078,b,7081
7078,e,7081
7079,e,7081
7079,d,7081
7079,b,7081
7077,e,7081
7078,d,7081
7078,b,7082
7081,b,7082
7081,d,7082
7078,f,7082
7081,f,7082
7083,d,7082
7083,b,7082
7082,f,7082
7082,b,7082
7081,c,7082
7078,d,7082
7082,c,7082
7083,c,7082
7083,f,7082
7082,d,7082
7079,f,7082
7080,f,7082
7080,c,7082
7080,d,7082
7080,b,7082
7078,c,7082
7079,c,7082
7079,d,7082
7079,b,7082
7084,f,7083
7084,e,7083
7082,e,7083
7082,f,7083
7083,e,7083
7083,f,7083
7083,c,7083
7082,c,7083
7084,c,7083
7080,f,7083
7081,e,7083
7081,f,7083
7081,c,7083
7079,c,7083
7079,f,7083
7080,e,7083
7079,e,7083
7080,c,7083
7081,e,7084
7085,e,7084
7085,f,7084
7084,e,7084
7084,f,7084
7083,e,7084
7080,f,7084
7080,e,7084
7082,e,7084
7082,f,7084
7081,f,7084
7083,f,7084
7081,f,7085
7083,f,7085
7082,f,7085
7084,f,7085
7085,f,7085
7086,f,7085
7089,b,7090
7091,b,7090
7088,b,7090
7090,b,7090
7087,b,7090
7086,b,7090
7087,c,7091
7091,c,7091
7091,f,7091
7090,f,7091
7090,c,7091
7087,f,7091
7092,c,7091
7089,f,7091
7089,c,7091
7088,f,7091
7088,c,7091
7092,f,7091
7091,e,7092
7091,c,7092
7092,c,7092
7092,e,7092
7093,e,7092
7093,c,7092
7088,c,7092
7090,e,7092
7090,c,7092
7088,e,7092
7089,c,7092
7089,e,7092
7090,e,7093
7093,e,7093
7093,f,7093
7094,e,7093
7092,f,7093
7091,e,7093
7091,f,7093
7089,f,7093
7089,e,7093
7090,f,7093
7094,f,7093
7092,e,7093
7093,f,7094
7094,f,7094
7093,c,7094
7094,c,7094
7092,c,7094
7095,c,7094
7090,c,7094
7092,f,7094
7095,f,7094
7090,f,7094
7091,c,7094
7091,f,7094
7095,a,7095
7095,e,7095
7094,e,7095
7094,a,7095
7096,a,7095
7096,e,7095
7092,a,7095
7093,e,7095
7093,a,7095
7091,a,7095
7091,e,7095
7092,e,7095
7097,d,7096
7097,b,7096
7095,b,7096
7095,d,7096
7095,c,7096
7097,e,7096
7096,c,7096
7096,f,7096
7095,f,7096
7095,e,7096
7097,f,7096
7096,b,7096
7096,d,7096
7096,e,7096
7097,c,7096
7094,b,7096
7092,f,7096
7092,b,7096
7092,d,7096
7092,c,7096
7092,e,7096
7093,b,7096
7093,d,7096
7093,c,7096
7093,e,7096
7093,f,7096
7094,d,7096
7094,c,7096
7094,f,7096
7094,e,7096
7095,c,7097
7097,c,7097
7094,e,7097
7094,f,7097
7094,c,7097
7098,c,7097
7098,f,7097
7098,e,7097
7096,e,7097
7096,f,7097
7096,c,7097
7097,f,7097
7093,e,7097
7093,c,7097
7095,e,7097
7095,f,7097
7093,f,7097
7097,e,7097
7098,f,7098
7098,e,7098
7097,e,7098
7099,f,7098
7099,e,7098
7097,f,7098
7094,e,7098
7094,f,7098
7095,f,7098
7095,e,7098
7096,f,7098
7096,e,7098
7099,f,7099
7098,f,7099
7095,f,7099
7100,f,7099
7097,f,7099
7096,f,7099
7096,c,7100
7100,c,7100
7101,c,7100
7097,c,7100
7099,c,7100
7098,c,7100
7101,e,7101
7101,b,7101
7100,e,7101
7100,b,7101
7102,b,7101
7102,e,7101
7099,b,7101
7097,e,7101
7098,b,7101
7099,e,7101
7098,e,7101
7097,b,7101
7103,c,7102
7102,f,7102
7099,f,7102
7103,f,7102
7102,c,7102
7100,f,7102
7100,c,7102
7098,c,7102
7098,f,7102
7099,c,7102
7101,c,7102
7101,f,7102
7104,b,7103
7102,b,7103
7103,e,7103
7103,b,7103
7102,e,7103
7104,e,7103
7099,b,7103
7101,e,7103
7100,e,7103
7100,b,7103
7099,e,7103
7101,b,7103
7104,f,7104
7104,e,7104
7105,c,7104
7105,f,7104
7105,e,7104
7103,f,7104
7103,c,7104
7104,c,7104
7103,e,7104
7102,e,7104
7102,f,7104
7102,c,7104
7100,c,7104
7100,f,7104
7100,e,7104
7101,c,7104
7101,e,7104
7101,f,7104
7102,e,7105
7106,e,7105
7106,f,7105
7105,e,7105
7104,e,7105
7104,f,7105
7105,f,7105
7101,e,7105
7102,f,7105
7103,e,7105
7101,f,7105
7103,f,7105
7104,f,7106
7107,f,7106
7106,f,7106
7103,f,7106
7102,f,7106
7105,f,7106
7107,d,7107
7106,d,7107
7108,d,7107
7105,d,7107
7103,d,7107
7104,d,7107
7105,a,7108
7108,f,7108
7107,f,7108
7107,a,7108
7104,a,7108
7109,a,7108
7109,f,7108
7106,f,7108
7106,a,7108
7104,f,7108
7105,f,7108
7108,a,7108
7109,b,7109
7108,d,7109
7108,b,7109
7110,d,7109
7109,d,7109
7110,b,7109
7105,b,7109
7106,b,7109
7105,d,7109
7107,d,7109
7107,b,7109
7106,d,7109
7109,a,7110
7109,c,7110
7109,f,7110
7110,c,7110
7110,f,7110
7107,c,7110
7111,a,7110
7111,c,7110
7111,f,7110
7110,a,7110
7106,a,7110
7107,f,7110
7106,f,7110
7106,c,7110
7108,a,7110
7108,f,7110
7108,c,7110
7107,a,7110
7112,b,7111
7111,d,7111
7112,d,7111
7111,e,7111
7110,e,7111
7111,b,7111
7107,b,7111
7107,e,7111
7110,b,7111
7109,e,7111
7109,d,7111
7109,b,7111
7108,b,7111
7108,d,7111
7108,e,7111
7112,e,7111
7107,d,7111
7110,d,7111
7111,b,7112
7111,c,7112
7111,f,7112
7112,f,7112
7112,c,7112
7112,b,7112
7113,b,7112
7113,c,7112
7108,c,7112
7110,c,7112
7108,b,7112
7109,b,7112
7110,f,7112
7108,f,7112
7110,b,7112
7109,c,7112
7109,f,7112
7113,f,7112
7112,d,7113
7112,c,7113
7113,d,7113
7114,e,7113
7114,c,7113
7114,d,7113
7113,e,7113
7113,f,7113
7113,c,7113
7112,f,7113
7114,f,7113
7112,e,7113
7110,e,7113
7110,d,7113
7109,e,7113
7110,c,7113
7111,d,7113
7111,c,7113
7109,f,7113
7111,e,7113
7109,c,7113
7109,d,7113
7111,f,7113
7110,f,7113
7115,c,7114
7115,f,7114
7113,e,7114
7113,f,7114
7113,c,7114
7114,c,7114
7115,e,7114
7110,c,7114
7111,e,7114
7111,f,7114
7111,c,7114
7110,e,7114
7112,c,7114
7114,f,7114
7112,f,7114
7110,f,7114
7112,e,7114
7114,e,7114
7111,e,7115
7114,e,7115
7116,e,7115
7116,f,7115
7115,e,7115
7115,f,7115
7111,f,7115
7112,e,7115
7114,f,7115
7113,e,7115
7113,f,7115
7112,f,7115
7114,f,7116
7117,f,7116
7113,f,7116
7112,f,7116
7115,f,7116
7116,f,7116
7117,c,7117
7116,c,7117
7118,c,7117
7113,c,7117
7115,c,7117
7114,c,7117
7119,b,7118
7118,b,7118
7118,e,7118
7117,e,7118
7117,b,7118
7114,b,7118
7119,e,7118
7114,e,7118
7116,e,7118
7116,b,7118
7115,b,7118
7115,e,7118
7120,f,7119
7118,f,7119
7118,c,7119
7119,c,7119
7120,c,7119
7118,e,7119
7120,e,7119
7116,e,7119
7117,e,7119
7117,f,7119
7117,c,7119
7116,f,7119
7116,c,7119
7115,e,7119
7115,f,7119
7115,c,7119
7119,f,7119
7119,e,7119
7120,f,7120
7120,e,7120
7121,f,7120
7119,e,7120
7121,e,7120
7117,e,7120
7119,f,7120
7118,e,7120
7118,f,7120
7116,f,7120
7117,f,7120
7116,e,7120
7118,f,7121
7122,f,7121
7121,f,7121
7117,f,7121
7120,f,7121
7119,f,7121
7120,d,7123
7124,d,7123
7123,d,7123
7122,d,7123
7121,d,7123
7119,d,7123
7122,f,7124
7123,f,7124
7120,f,7124
7124,f,7124
7125,f,7124
7121,f,7124
7132,f,7132
7133,f,7132
7131,f,7132
7130,f,7132
7129,f,7132
7128,f,7132
7131,a,7135
7132,a,7135
7133,a,7135
7135,a,7135
7134,a,7135
7136,a,7135
7136,d,7136
7137,b,7136
7135,d,7136
7135,b,7136
7137,d,7136
7134,b,7136
7133,d,7136
7133,b,7136
7132,d,7136
7132,b,7136
7134,d,7136
7136,b,7136
7137,f,7137
7137,c,7137
7138,c,7137
7138,f,7137
7136,f,7137
7136,c,7137
7134,f,7137
7133,f,7137
7135,f,7137
7133,c,7137
7135,c,7137
7134,c,7137
7139,e,7138
7138,e,7138
7137,e,7138
7135,e,7138
7134,e,7138
7136,e,7138
7139,f,7139
7138,f,7139
7136,f,7139
7135,f,7139
7140,f,7139
7137,f,7139
7136,a,7140
7138,a,7140
7140,a,7140
7141,a,7140
7137,a,7140
7139,a,7140
7142,d,7141
7142,e,7141
7141,d,7141
7141,b,7141
7140,e,7141
7140,d,7141
7140,b,7141
7142,b,7141
7141,e,7141
7137,b,7141
7138,e,7141
7139,e,7141
7139,d,7141
7139,b,7141
7137,d,7141
7137,e,7141
7138,b,7141
7138,d,7141
7139,f,7142
7143,c,7142
7143,f,7142
7141,f,7142
7141,c,7142
7142,f,7142
7138,c,7142
7140,f,7142
7140,c,7142
7138,f,7142
7139,c,7142
7142,c,7142
7143,e,7143
7144,e,7143
7139,e,7143
7142,e,7143
7140,e,7143
7141,e,7143
7142,f,7144
7145,f,7144
7143,f,7144
7144,f,7144
7141,f,7144
7140,f,7144
7143,e,7146
7145,e,7146
7142,e,7146
7147,e,7146
7146,e,7146
7144,e,7146
7147,e,7147
7146,a,7147
7147,a,7147
7148,a,7147
7146,e,7147
7146,f,7147
7148,f,7147
7148,e,7147
7147,f,7147
7143,a,7147
7144,e,7147
7145,e,7147
7144,a,7147
7145,f,7147
7145,a,7147
7144,f,7147
7143,f,7147
7143,e,7147
7147,b,7148
7147,d,7148
7147,f,7148
7145,b,7148
7149,b,7148
7149,d,7148
7149,f,7148
7148,d,7148
7148,b,7148
7148,f,7148
7146,d,7148
7145,f,7148
7144,f,7148
7144,d,7148
7146,b,7148
7145,d,7148
7144,b,7148
7146,f,7148
7150,f,7149
7150,c,7149
7147,f,7149
7145,c,7149
7147,c,7149
7146,c,7149
7149,f,7149
7148,c,7149
7148,f,7149
7149,c,7149
7146,f,7149
7145,f,7149
7149,e,7150
7150,e,7150
7146,e,7150
7151,e,7150
7148,e,7150
7147,e,7150
7151,f,7151
7151,e,7151
7152,b,7151
7150,e,7151
7150,f,7151
7150,b,7151
7147,b,7151
7147,f,7151
7152,e,7151
7152,f,7151
7147,e,7151
7149,e,7151
7149,f,7151
7149,b,7151
7151,b,7151
7148,b,7151
7148,f,7151
7148,e,7151
7153,c,7152
7153,f,7152
7151,f,7152
7151,c,7152
7152,c,7152
7152,f,7152
7149,c,7152
7150,c,7152
7150,f,7152
7148,f,7152
7149,f,7152
7148,c,7152
7154,e,7153
7153,b,7153
7153,e,7153
7152,e,7153
7152,b,7153
7149,b,7153
7154,b,7153
7151,e,7153
7151,b,7153
7150,b,7153
7150,e,7153
7149,e,7153
7153,c,7154
7153,f,7154
7154,f,7154
7154,c,7154
7155,c,7154
7150,c,7154
7152,f,7154
7150,f,7154
7151,f,7154
7151,c,7154
7155,f,7154
7152,c,7154
7155,b,7155
7155,e,7155
7156,b,7155
7156,e,7155
7154,e,7155
7154,b,7155
7152,b,7155
7151,e,7155
7153,e,7155
7153,b,7155
7152,e,7155
7151,b,7155
7156,c,7156
7156,f,7156
7157,c,7156
7155,f,7156
7155,c,7156
7152,c,7156
7157,f,7156
7154,f,7156
7154,c,7156
7153,c,7156
7153,f,7156
7152,f,7156
7157,c,7157
7153,e,7157
7158,d,7157
7158,c,7157
7157,d,7157
7156,e,7157
7156,c,7157
7156,d,7157
7158,e,7157
7157,e,7157
7153,c,7157
7154,c,7157
7154,d,7157
7153,d,7157
7155,d,7157
7154,e,7157
7155,e,7157
7155,c,7157
7156,f,7158
7155,e,7158
7155,f,7158
7158,f,7158
7157,e,7158
7157,f,7158
7154,f,7158
7154,e,7158
7158,e,7158
7159,f,7158
7159,e,7158
7156,e,7158
7155,f,7159
7159,d,7159
7159,f,7159
7158,d,7159
7158,f,7159
7155,d,7159
7160,d,7159
7157,f,7159
7157,d,7159
7160,f,7159
7156,d,7159
7156,f,7159
7160,b,7160
7160,f,7160
7160,e,7160
7159,e,7160
7159,f,7160
7159,b,7160
7156,b,7160
7156,f,7160
7157,e,7160
7161,b,7160
7161,e,7160
7158,e,7160
7158,f,7160
7158,b,7160
7156,e,7160
7157,b,7160
7157,f,7160
7161,f,7160
7160,e,7161
7161,c,7161
7162,c,7161
7160,f,7161
7160,c,7161
7161,f,7161
7161,e,7161
7157,e,7161
7158,f,7161
7157,c,7161
7157,f,7161
7162,f,7161
7158,c,7161
7158,e,7161
7162,e,7161
7159,e,7161
7159,c,7161
7159,f,7161
7162,f,7162
7162,e,7162
7159,f,7162
7161,e,7162
7161,f,7162
7160,e,7162
7158,e,7162
7158,f,7162
7163,f,7162
7163,e,7162
7160,f,7162
7159,e,7162
7163,f,7163
7162,f,7163
7164,f,7163
7161,f,7163
7160,f,7163
7159,f,7163
7165,a,7164
7161,a,7164
7162,a,7164
7164,a,7164
7160,a,7164
7163,a,7164
7165,d,7165
7164,d,7165
7164,b,7165
7166,b,7165
7166,d,7165
7161,b,7165
7165,b,7165
7163,b,7165
7161,d,7165
7162,d,7165
7162,b,7165
7163,d,7165
7166,c,7166
7165,f,7166
7167,c,7166
7165,c,7166
7166,f,7166
7167,f,7166
7164,f,7166
7164,c,7166
7162,c,7166
7162,f,7166
7163,c,7166
7163,f,7166
7166,c,7167
7167,e,7167
7167,c,7167
7166,e,7167
7168,e,7167
7163,c,7167
7168,c,7167
7165,c,7167
7165,e,7167
7164,e,7167
7164,c,7167
7163,e,7167
7164,f,7168
7167,e,7168
7167,f,7168
7164,e,7168
7169,f,7168
7169,e,7168
7166,e,7168
7166,f,7168
7165,f,7168
7165,e,7168
7168,e,7168
7168,f,7168
7169,f,7169
7170,f,7169
7168,f,7169
7167,f,7169
7166,f,7169
7165,f,7169
7167,b,7170
7168,b,7170
7171,b,7170
7166,b,7170
7169,b,7170
7170,b,7170
7167,c,7171
7171,f,7171
7171,c,7171
7170,f,7171
7170,c,7171
7167,f,7171
7172,c,7171
7172,f,7171
7169,f,7171
7169,c,7171
7168,c,7171
7168,f,7171
7172,b,7172
7172,e,7172
7171,e,7172
7171,b,7172
7168,b,7172
7173,b,7172
7173,e,7172
7170,e,7172
7170,b,7172
7168,e,7172
7169,b,7172
7169,e,7172
7173,c,7173
7172,f,7173
7172,c,7173
7173,f,7173
7174,f,7173
7174,c,7173
7171,f,7173
7171,c,7173
7170,f,7173
7170,c,7173
7169,f,7173
7169,c,7173
7171,e,7174
7172,e,7174
7170,e,7174
7173,e,7174
7175,e,7174
7174,e,7174
7176,f,7175
7174,f,7175
7175,f,7175
7173,f,7175
7172,f,7175
7171,f,7175
7176,a,7177
7177,a,7177
7177,e,7177
7175,e,7177
7175,a,7177
7176,e,7177
7174,e,7177
7178,e,7177
7178,a,7177
7174,a,7177
7173,e,7177
7173,a,7177
7178,d,7178
7177,f,7178
7177,d,7178
7177,b,7178
7178,f,7178
7178,b,7178
7179,f,7178
7175,d,7178
7176,d,7178
7174,b,7178
7174,d,7178
7174,f,7178
7175,b,7178
7175,f,7178
7179,d,7178
7176,f,7178
7179,b,7178
7176,b,7178
7178,d,7179
7180,c,7179
7178,c,7179
7178,f,7179
7180,d,7179
7179,f,7179
7179,c,7179
7180,f,7179
7176,d,7179
7176,f,7179
7175,d,7179
7175,c,7179
7175,f,7179
7176,c,7179
7179,d,7179
7177,c,7179
7177,f,7179
7177,d,7179
7181,b,7180
7181,d,7180
7181,f,7180
7181,e,7180
7180,b,7180
7179,e,7180
7179,f,7180
7179,d,7180
7179,b,7180
7180,e,7180
7180,f,7180
7180,d,7180
7178,e,7180
7178,f,7180
7178,d,7180
7176,b,7180
7176,d,7180
7176,f,7180
7178,b,7180
7176,e,7180
7177,e,7180
7177,f,7180
7177,d,7180
7177,b,7180
7178,f,7181
7182,c,7181
7181,f,7181
7181,c,7181
7180,f,7181
7182,f,7181
7177,c,7181
7180,c,7181
7177,f,7181
7179,f,7181
7179,c,7181
7178,c,7181
7180,e,7182
7179,e,7182
7181,e,7182
7183,e,7182
7182,e,7182
7178,e,7182
7184,f,7183
7182,f,7183
7181,f,7183
7179,f,7183
7180,f,7183
7183,f,7183
7185,a,7185
7183,a,7185
7184,a,7185
7186,a,7185
7182,a,7185
7181,a,7185
7182,b,7186
7186,d,7186
7185,d,7186
7185,b,7186
7186,b,7186
7187,b,7186
7187,d,7186
7182,d,7186
7183,b,7186
7184,d,7186
7184,b,7186
7183,d,7186
7187,f,7187
7186,f,7187
7186,c,7187
7188,b,7187
7188,c,7187
7188,f,7187
7186,b,7187
7187,c,7187
7187,b,7187
7184,f,7187
7184,b,7187
7183,f,7187
7185,f,7187
7185,c,7187
7185,b,7187
7184,c,7187
7183,c,7187
7183,b,7187
7185,f,7188
7187,a,7188
7187,c,7188
7187,f,7188
7187,e,7188
7188,c,7188
7188,f,7188
7188,e,7188
7189,a,7188
7189,c,7188
7185,c,7188
7189,e,7188
7188,a,7188
7184,a,7188
7189,f,7188
7184,f,7188
7186,c,7188
7186,f,7188
7185,a,7188
7186,a,7188
7186,e,7188
7184,e,7188
7185,e,7188
7184,c,7188
7189,e,7189
7190,b,7189
7185,f,7189
7188,e,7189
7188,f,7189
7188,d,7189
7188,b,7189
7185,e,7189
7185,d,7189
7185,b,7189
7190,d,7189
7189,b,7189
7190,f,7189
7186,e,7189
7186,f,7189
7186,d,7189
7189,f,7189
7187,b,7189
7186,b,7189
7187,f,7189
7187,e,7189
7190,e,7189
7187,d,7189
7189,d,7189
7189,f,7190
7189,c,7190
7190,f,7190
7190,c,7190
7191,c,7190
7191,f,7190
7186,f,7190
7188,c,7190
7187,c,7190
7187,f,7190
7188,f,7190
7186,c,7190
7191,d,7191
7191,e,7191
7192,e,7191
7190,e,7191
7190,d,7191
7187,d,7191
7192,d,7191
7188,d,7191
7189,e,7191
7189,d,7191
7188,e,7191
7187,e,7191
7191,b,7192
7191,f,7192
7192,f,7192
7192,b,7192
7193,b,7192
7188,f,7192
7190,f,7192
7189,f,7192
7189,b,7192
7188,b,7192
7193,f,7192
7190,b,7192
7193,c,7193
7194,f,7193
7193,f,7193
7194,c,7193
7192,f,7193
7192,c,7193
7189,c,7193
7190,f,7193
7191,f,7193
7191,c,7193
7189,f,7193
7190,c,7193
7194,f,7194
7195,f,7194
7195,e,7194
7193,e,7194
7193,f,7194
7191,e,7194
7190,f,7194
7190,e,7194
7192,e,7194
7192,f,7194
7191,f,7194
7194,e,7194
7195,f,7195
7196,f,7195
7191,f,7195
7194,f,7195
7193,f,7195
7192,f,7195
7198,a,7197
7197,a,7197
7196,a,7197
7194,a,7197
7195,a,7197
7193,a,7197
7195,b,7198
7198,d,7198
7197,d,7198
7197,b,7198
7194,d,7198
7199,b,7198
7198,b,7198
7199,d,7198
7196,d,7198
7196,b,7198
7195,d,7198
7194,b,7198
7198,f,7199
7199,f,7199
7200,f,7199
7198,c,7199
7199,c,7199
7200,c,7199
7195,f,7199
7196,c,7199
7196,f,7199
7197,c,7199
7195,c,7199
7197,f,7199
7197,a,7200
7196,e,7200
7198,a,7200
7198,e,7200
7199,a,7200
7201,a,7200
7200,a,7200
7196,a,7200
7197,e,7200
7200,e,7200
7201,e,7200
7199,e,7200
7200,d,7201
7200,f,7201
7197,d,7201
7201,f,7201
7202,b,7201
7202,d,7201
7202,f,7201
7197,b,7201
7201,b,7201
7201,d,7201
7200,b,7201
7199,f,7201
7199,d,7201
7197,f,7201
7198,b,7201
7198,d,7201
7199,b,7201
7198,f,7201
7203,f,7202
7202,f,7202
7202,c,7202
7201,f,7202
7201,c,7202
7203,c,7202
7198,f,7202
7198,c,7202
7199,f,7202
7200,f,7202
7200,c,7202
7199,c,7202
7204,e,7203
7203,e,7203
7202,e,7203
7199,e,7203
7200,e,7203
7201,e,7203
7202,f,7204
7205,f,7204
7203,f,7204
7204,f,7204
7200,f,7204
7201,f,7204
7203,f,7206
7204,f,7206
7206,f,7206
7207,f,7206
7202,f,7206
7205,f,7206
7207,b,7207
7206,b,7207
7208,b,7207
7205,b,7207
7204,b,7207
7203,b,7207
7208,c,7208
7208,b,7208
7209,c,7208
7207,f,7208
7207,c,7208
7207,b,7208
7209,f,7208
7209,b,7208
7208,f,7208
7206,f,7208
7204,c,7208
7206,c,7208
7206,b,7208
7204,f,7208
7205,b,7208
7205,c,7208
7205,f,7208
7204,b,7208
7206,f,7209
7209,f,7209
7209,e,7209
7210,c,7209
7208,e,7209
7208,f,7209
7208,c,7209
7210,f,7209
7210,e,7209
7209,c,7209
7206,c,7209
7206,e,7209
7207,e,7209
7207,f,7209
7207,c,7209
7205,c,7209
7205,f,7209
7205,e,7209
7211,e,7210
7211,f,7210
7209,b,7210
7209,d,7210
7210,b,7210
7209,e,7210
7211,d,7210
7210,d,7210
7210,e,7210
7209,f,7210
7211,b,7210
7210,f,7210
7207,e,7210
7206,b,7210
7206,d,7210
7208,e,7210
7208,f,7210
7208,d,7210
7206,f,7210
7206,e,7210
7208,b,7210
7207,b,7210
7207,f,7210
7207,d,7210
7212,c,7211
7212,f,7211
7210,f,7211
7210,c,7211
7211,f,7211
7207,c,7211
7207,f,7211
7209,f,7211
7209,c,7211
7208,c,7211
7208,f,7211
7211,c,7211
7212,e,7212
7213,e,7212
7208,e,7212
7210,e,7212
7209,e,7212
7211,e,7212
7211,f,7213
7210,f,7213
7213,f,7213
7209,f,7213
7212,f,7213
7214,f,7213
7216,e,7215
7215,e,7215
7214,e,7215
7212,e,7215
7213,e,7215
7211,e,7215
7212,f,7216
7214,f,7216
7215,f,7216
7216,f,7216
7217,f,7216
7213,f,7216
7221,d,7222
7221,a,7222
7223,a,7222
7223,d,7222
7220,d,7222
7220,a,7222
7222,a,7222
7219,d,7222
7219,a,7222
7218,d,7222
7218,a,7222
7222,d,7222
7224,f,7223
7223,f,7223
7223,d,7223
7223,b,7223
7222,f,7223
7222,d,7223
7222,b,7223
7224,d,7223
7224,b,7223
7220,b,7223
7221,f,7223
7221,d,7223
7221,b,7223
7219,b,7223
7219,d,7223
7219,f,7223
7220,d,7223
7220,f,7223
7221,f,7224
7224,f,7224
7224,c,7224
7223,f,7224
7225,f,7224
7223,c,7224
7220,f,7224
7221,c,7224
7222,c,7224
7222,f,7224
7220,c,7224
7225,c,7224
7226,e,7225
7223,e,7225
7222,e,7225
7221,e,7225
7224,e,7225
7225,e,7225
7226,f,7226
7226,d,7226
7227,f,7226
7227,d,7226
7225,f,7226
7225,d,7226
7226,e,7226
7227,e,7226
7225,e,7226
7222,f,7226
7224,e,7226
7224,f,7226
7224,d,7226
7222,d,7226
7222,e,7226
7223,d,7226
7223,f,7226
7223,e,7226
7228,f,7227
7227,f,7227
7226,f,7227
7224,f,7227
7225,f,7227
7223,f,7227
7228,d,7228
7226,d,7228
7229,d,7228
7227,d,7228
7225,d,7228
7224,d,7228
7230,c,7229
7225,f,7229
7228,c,7229
7228,f,7229
7230,d,7229
7229,f,7229
7229,c,7229
7228,d,7229
7230,f,7229
7227,f,7229
7227,c,7229
7227,d,7229
7225,d,7229
7226,f,7229
7226,c,7229
7226,d,7229
7225,c,7229
7229,d,7229
7230,e,7230
7231,f,7230
7231,e,7230
7229,e,7230
7229,f,7230
7230,f,7230
7226,e,7230
7228,e,7230
7226,f,7230
7228,f,7230
7227,e,7230
7227,f,7230
7228,f,7231
7232,d,7231
7231,f,7231
7231,d,7231
7232,f,7231
7230,d,7231
7230,f,7231
7227,f,7231
7229,f,7231
7229,d,7231
7228,d,7231
7227,d,7231
7230,f,7232
7233,f,7232
7228,f,7232
7229,f,7232
7231,f,7232
7232,f,7232
7235,c,7234
7232,c,7234
7233,c,7234
7231,c,7234
7230,c,7234
7234,c,7234
7235,e,7235
7236,e,7235
7234,e,7235
7233,e,7235
7232,e,7235
7231,e,7235
7236,f,7236
7234,f,7236
7237,f,7236
7233,f,7236
7232,f,7236
7235,f,7236
7237,a,7237
7236,a,7237
7233,a,7237
7238,a,7237
7235,a,7237
7234,a,7237
7238,d,7238
7237,d,7238
7237,b,7238
7239,b,7238
7235,b,7238
7234,b,7238
7235,d,7238
7236,d,7238
7236,b,7238
7234,d,7238
7238,b,7238
7239,d,7238
7238,e,7239
7238,f,7239
7238,c,7239
7240,e,7239
7239,e,7239
7240,c,7239
7240,f,7239
7239,f,7239
7239,c,7239
7236,e,7239
7236,c,7239
7235,e,7239
7237,e,7239
7237,f,7239
7237,c,7239
7236,f,7239
7235,f,7239
7235,c,7239
7239,b,7240
7239,c,7240
7239,f,7240
7239,e,7240
7237,c,7240
7240,f,7240
7240,e,7240
7241,b,7240
7241,c,7240
7241,f,7240
7241,e,7240
7240,b,7240
7237,b,7240
7240,c,7240
7237,e,7240
7237,f,7240
7238,e,7240
7238,f,7240
7236,b,7240
7236,e,7240
7236,f,7240
7236,c,7240
7238,c,7240
7238,b,7240
7237,c,7241
7241,e,7241
7240,e,7241
7240,f,7241
7240,c,7241
7237,e,7241
7242,c,7241
7241,f,7241
7242,f,7241
7242,e,7241
7239,e,7241
7239,f,7241
7239,c,7241
7238,c,7241
7238,f,7241
7238,e,7241
7237,f,7241
7241,c,7241
7238,e,7242
7242,f,7242
7242,e,7242
7241,f,7242
7241,e,7242
7243,f,7242
7238,f,7242
7239,f,7242
7240,e,7242
7240,f,7242
7243,e,7242
7239,e,7242
7243,f,7243
7239,a,7243
7239,f,7243
7244,a,7243
7242,f,7243
7242,a,7243
7243,a,7243
7241,f,7243
7241,a,7243
7240,a,7243
7240,f,7243
7244,f,7243
7243,b,7244
7245,c,7244
7243,c,7244
7245,b,7244
7244,b,7244
7244,d,7244
7243,d,7244
7245,d,7244
7244,c,7244
7241,c,7244
7240,b,7244
7240,d,7244
7242,c,7244
7242,d,7244
7242,b,7244
7240,c,7244
7241,b,7244
7241,d,7244
7246,c,7245
7244,e,7245
7244,c,7245
7246,e,7245
7245,e,7245
7241,c,7245
7243,e,7245
7243,c,7245
7241,e,7245
7242,c,7245
7242,e,7245
7245,c,7245
7246,e,7246
7247,f,7246
7247,e,7246
7245,e,7246
7245,f,7246
7242,f,7246
7246,f,7246
7244,e,7246
7243,f,7246
7243,e,7246
7242,e,7246
7244,f,7246
7243,f,7247
7246,f,7247
7245,f,7247
7247,f,7247
7248,f,7247
7244,f,7247
7246,d,7249
7245,d,7249
7247,d,7249
7250,d,7249
7249,d,7249
7248,d,7249
7249,f,7250
7251,f,7250
7247,f,7250
7246,f,7250
7248,f,7250
7250,f,7250
7251,f,7251
7252,f,7251
7248,f,7251
7249,f,7251
7247,f,7251
7250,f,7251
7255,c,7257
7258,c,7257
7258,a,7257
7257,e,7257
7257,c,7257
7257,a,7257
7256,e,7257
7256,c,7257
7256,a,7257
7255,e,7257
7258,e,7257
7255,a,7257
7254,e,7257
7253,e,7257
7253,c,7257
7253,a,7257
7254,c,7257
7254,a,7257
7258,f,7258
7254,e,7258
7258,b,7258
7259,b,7258
7259,d,7258
7259,f,7258
7257,e,7258
7257,f,7258
7257,d,7258
7257,b,7258
7259,e,7258
7258,e,7258
7254,f,7258
7258,d,7258
7255,d,7258
7256,e,7258
7256,f,7258
7255,b,7258
7256,d,7258
7256,b,7258
7255,f,7258
7254,b,7258
7254,d,7258
7255,e,7258
7260,f,7259
7260,c,7259
7259,f,7259
7259,c,7259
7258,f,7259
7256,f,7259
7255,c,7259
7255,f,7259
7257,f,7259
7256,c,7259
7257,c,7259
7258,c,7259
7258,e,7260
7261,e,7260
7256,e,7260
7260,e,7260
7257,e,7260
7259,e,7260
7261,f,7261
7260,f,7261
7262,f,7261
7259,f,7261
7257,f,7261
7258,f,7261
7259,a,7262
7260,a,7262
7263,a,7262
7258,a,7262
7261,a,7262
7262,a,7262
7264,d,7263
7263,b,7263
7262,d,7263
7262,b,7263
7264,b,7263
7263,d,7263
7261,d,7263
7259,d,7263
7260,b,7263
7261,b,7263
7260,d,7263
7259,b,7263
7265,c,7264
7264,f,7264
7265,f,7264
7264,c,7264
7262,f,7264
7262,c,7264
7260,c,7264
7260,f,7264
7261,c,7264
7261,f,7264
7263,c,7264
7263,f,7264
7264,c,7265
7265,e,7265
7265,c,7265
7264,e,7265
7266,c,7265
7261,c,7265
7263,e,7265
7262,e,7265
7262,c,7265
7261,e,7265
7266,e,7265
7263,c,7265
7266,f,7266
7266,e,7266
7265,e,7266
7267,f,7266
7267,e,7266
7265,f,7266
7264,e,7266
7262,f,7266
7262,e,7266
7263,f,7266
7264,f,7266
7263,e,7266
7263,f,7267
7267,d,7267
7268,d,7267
7266,f,7267
7266,c,7267
7266,d,7267
7263,d,7267
7263,c,7267
7267,f,7267
7268,c,7267
7268,f,7267
7265,f,7267
7265,c,7267
7265,d,7267
7267,c,7267
7264,d,7267
7264,c,7267
7264,f,7267
7268,f,7268
7269,e,7268
7267,f,7268
7269,f,7268
7268,e,7268
7267,e,7268
7266,e,7268
7266,f,7268
7265,e,7268
7265,f,7268
7264,e,7268
7264,f,7268
7267,f,7269
7265,f,7269
7268,f,7269
7266,f,7269
7269,f,7269
7270,f,7269
7273,f,7272
7272,f,7272
7271,f,7272
7270,f,7272
7269,f,7272
7268,f,7272
7272,b,7276
7273,b,7276
7277,b,7276
7274,b,7276
7276,b,7276
7275,b,7276
7277,f,7277
7277,c,7277
7276,f,7277
7276,c,7277
7275,f,7277
7274,f,7277
7278,c,7277
7278,f,7277
7274,c,7277
7273,c,7277
7273,f,7277
7275,c,7277
7278,f,7278
7278,e,7278
7277,e,7278
7277,f,7278
7275,f,7278
7276,e,7278
7276,f,7278
7274,f,7278
7274,e,7278
7275,e,7278
7279,e,7278
7279,f,7278
7279,f,7279
7278,f,7279
7275,f,7279
7277,f,7279
7276,f,7279
7280,f,7279
7277,e,7280
7278,e,7280
7281,e,7280
7276,e,7280
7280,e,7280
7279,e,7280
7282,e,7281
7281,e,7281
7281,f,7281
7280,e,7281
7280,f,7281
7282,f,7281
7277,f,7281
7279,e,7281
7279,f,7281
7278,e,7281
7278,f,7281
7277,e,7281
7280,f,7282
7278,f,7282
7281,f,7282
7283,f,7282
7279,f,7282
7282,f,7282
7285,e,7284
7283,e,7284
7282,e,7284
7284,e,7284
7281,e,7284
7280,e,7284
7282,c,7285
7286,f,7285
7286,c,7285
7281,f,7285
7285,c,7285
7284,f,7285
7284,c,7285
7285,f,7285
7282,f,7285
7283,f,7285
7283,c,7285
7281,c,7285
7283,e,7286
7284,e,7286
7285,e,7286
7287,e,7286
7282,e,7286
7286,e,7286
7287,f,7287
7286,f,7287
7283,f,7287
7285,f,7287
7284,f,7287
7288,f,7287
7285,f,7289
7286,f,7289
7287,f,7289
7290,f,7289
7289,f,7289
7288,f,7289
7291,b,7290
7290,b,7290
7289,b,7290
7288,b,7290
7286,b,7290
7287,b,7290
7288,c,7291
7292,f,7291
7292,c,7291
7291,c,7291
7290,f,7291
7290,c,7291
7287,c,7291
7291,f,7291
7287,f,7291
7289,f,7291
7289,c,7291
7288,f,7291
7293,b,7292
7292,e,7292
7288,e,7292
7291,b,7292
7291,e,7292
7290,e,7292
7292,b,7292
7290,b,7292
7289,b,7292
7289,e,7292
7288,b,7292
7293,e,7292
7294,a,7293
7294,c,7293
7292,c,7293
7294,f,7293
7292,f,7293
7292,e,7293
7293,e,7293
7293,f,7293
7293,c,7293
7293,a,7293
7292,a,7293
7294,e,7293
7289,c,7293
7290,e,7293
7289,f,7293
7289,e,7293
7290,a,7293
7290,c,7293
7290,f,7293
7291,f,7293
7291,a,7293
7291,c,7293
7289,a,7293
7291,e,7293
7294,e,7294
7295,e,7294
7295,f,7294
7294,b,7294
7293,f,7294
7293,d,7294
7293,b,7294
7293,e,7294
7294,f,7294
7294,d,7294
7290,e,7294
7295,b,7294
7291,e,7294
7291,f,7294
7291,d,7294
7291,b,7294
7292,b,7294
7292,f,7294
7292,d,7294
7295,d,7294
7290,f,7294
7290,d,7294
7290,b,7294
7292,e,7294
7296,a,7295
7294,a,7295
7291,a,7295
7291,c,7295
7296,c,7295
7295,f,7295
7294,c,7295
7295,c,7295
7295,a,7295
7293,f,7295
7293,c,7295
7293,a,7295
7291,f,7295
7292,a,7295
7292,c,7295
7292,f,7295
7296,f,7295
7294,f,7295
7295,a,7296
7295,b,7296
7297,a,7296
7297,b,7296
7296,a,7296
7296,b,7296
7296,d,7296
7296,e,7296
7297,e,7296
7297,d,7296
7295,d,7296
7295,e,7296
7293,e,7296
7292,a,7296
7293,d,7296
7293,b,7296
7293,a,7296
7294,a,7296
7294,b,7296
7294,d,7296
7292,b,7296
7292,e,7296
7292,d,7296
7294,e,7296
7297,c,7297
7297,d,7297
7297,f,7297
7293,b,7297
7298,d,7297
7296,f,7297
7296,c,7297
7296,d,7297
7296,b,7297
7297,b,7297
7298,c,7297
7298,b,7297
7293,d,7297
7298,f,7297
7294,f,7297
7294,c,7297
7294,d,7297
7294,b,7297
7295,f,7297
7295,c,7297
7295,d,7297
7295,b,7297
7293,c,7297
7293,f,7297
7299,e,7298
7294,e,7298
7297,f,7298
7299,f,7298
7299,c,7298
7298,e,7298
7298,f,7298
7298,c,7298
7297,c,7298
7294,f,7298
7297,e,7298
7296,f,7298
7294,c,7298
7295,e,7298
7296,c,7298
7295,c,7298
7295,f,7298
7296,e,7298
7297,a,7299
7300,e,7299
7299,a,7299
7299,f,7299
7299,e,7299
7298,f,7299
7298,a,7299
7296,e,7299
7295,a,7299
7295,f,7299
7295,e,7299
7296,f,7299
7296,a,7299
7300,a,7299
7300,f,7299
7297,e,7299
7297,f,7299
7298,e,7299
7299,d,7300
7299,f,7300
7300,f,7300
7299,b,7300
7296,d,7300
7296,f,7300
7296,b,7300
7297,b,7300
7297,d,7300
7297,f,7300
7301,f,7300
7300,d,7300
7300,b,7300
7298,b,7300
7298,d,7300
7298,f,7300
7301,b,7300
7301,d,7300
7302,f,7301
7300,f,7301
7300,c,7301
7301,c,7301
7298,f,7301
7299,f,7301
7299,c,7301
7298,c,7301
7301,f,7301
7297,f,7301
7297,c,7301
7302,c,7301
7303,e,7302
7302,e,7302
7298,e,7302
7301,e,7302
7300,e,7302
7299,e,7302
7306,a,7305
7305,a,7305
7304,a,7305
7303,a,7305
7301,a,7305
7302,a,7305
7303,b,7306
7306,b,7306
7305,d,7306
7305,b,7306
7302,b,7306
7306,d,7306
7307,b,7306
7307,d,7306
7304,d,7306
7304,b,7306
7302,d,7306
7303,d,7306
7306,f,7307
7306,c,7307
7307,c,7307
7307,f,7307
7308,f,7307
7307,d,7307
7308,c,7307
7306,d,7307
7308,d,7307
7303,d,7307
7304,f,7307
7304,c,7307
7305,f,7307
7305,c,7307
7305,d,7307
7304,d,7307
7303,f,7307
7303,c,7307
7309,b,7308
7307,f,7308
7309,f,7308
7307,e,7308
7308,e,7308
7308,f,7308
7308,b,7308
7307,b,7308
7305,b,7308
7305,f,7308
7309,e,7308
7305,e,7308
7306,e,7308
7306,f,7308
7306,b,7308
7304,b,7308
7304,f,7308
7304,e,7308
7310,f,7309
7310,c,7309
7310,a,7309
7308,a,7309
7309,c,7309
7308,f,7309
7309,a,7309
7309,e,7309
7308,e,7309
7309,f,7309
7308,c,7309
7310,e,7309
7307,c,7309
7305,a,7309
7306,c,7309
7306,a,7309
7305,e,7309
7305,f,7309
7305,c,7309
7306,f,7309
7307,a,7309
7306,e,7309
7307,f,7309
7307,e,7309
7310,b,7310
7310,f,7310
7310,e,7310
7309,e,7310
7309,f,7310
7309,b,7310
7311,e,7310
7311,f,7310
7310,d,7310
7309,d,7310
7311,d,7310
7306,d,7310
7307,e,7310
7307,f,7310
7307,d,7310
7307,b,7310
7311,b,7310
7306,e,7310
7306,b,7310
7308,d,7310
7308,f,7310
7308,b,7310
7306,f,7310
7308,e,7310
7312,f,7311
7311,c,7311
7311,f,7311
7310,f,7311
7310,c,7311
7307,f,7311
7307,c,7311
7308,c,7311
7309,c,7311
7309,f,7311
7312,c,7311
7308,f,7311
7312,a,7312
7313,e,7312
7311,e,7312
7311,a,7312
7312,e,7312
7313,a,7312
7309,a,7312
7308,a,7312
7310,e,7312
7310,a,7312
7308,e,7312
7309,e,7312
7309,b,7313
7314,b,7313
7312,d,7313
7312,b,7313
7313,d,7313
7313,b,7313
7314,d,7313
7311,d,7313
7311,b,7313
7310,b,7313
7310,d,7313
7309,d,7313
7314,c,7314
7314,f,7314
7310,f,7314
7313,f,7314
7313,c,7314
7310,c,7314
7315,c,7314
7315,f,7314
7312,f,7314
7312,c,7314
7311,f,7314
7311,c,7314
7313,e,7315
7316,e,7315
7311,e,7315
7314,e,7315
7315,e,7315
7312,e,7315
7317,f,7316
7316,f,7316
7315,f,7316
7314,f,7316
7313,f,7316
7312,f,7316
7318,f,7317
7314,f,7317
7317,f,7317
7315,f,7317
7313,f,7317
7316,f,7317
7316,f,7320
7317,f,7320
7321,f,7320
7318,f,7320
7320,f,7320
7319,f,7320
7321,a,7321
7320,a,7321
7322,a,7321
7317,a,7321
7318,a,7321
7319,a,7321
7319,b,7322
7322,d,7322
7321,d,7322
7321,b,7322
7322,b,7322
7323,b,7322
7323,d,7322
7320,d,7322
7320,b,7322
7318,b,7322
7318,d,7322
7319,d,7322
7323,d,7323
7322,f,7323
7324,d,7323
7324,c,7323
7322,c,7323
7322,d,7323
7323,f,7323
7324,f,7323
7323,c,7323
7320,f,7323
7319,d,7323
7321,f,7323
7321,c,7323
7321,d,7323
7319,c,7323
7319,f,7323
7320,d,7323
7320,c,7323
7325,f,7324
7323,e,7324
7323,f,7324
7321,e,7324
7324,f,7324
7320,f,7324
7322,e,7324
7322,f,7324
7320,e,7324
7321,f,7324
7325,e,7324
7324,e,7324
7326,f,7325
7325,f,7325
7323,f,7325
7321,f,7325
7322,f,7325
7324,f,7325
7324,c,7328
7325,c,7328
7326,c,7328
7329,c,7328
7327,c,7328
7328,c,7328
7330,e,7329
7329,e,7329
7328,e,7329
7327,e,7329
7326,e,7329
7325,e,7329
7326,f,7330
7328,f,7330
7331,f,7330
7329,f,7330
7327,f,7330
7330,f,7330
7327,f,7331
7330,f,7331
7329,f,7331
7328,f,7331
7331,f,7331
7332,f,7331
7334,f,7333
7333,f,7333
7332,f,7333
7331,f,7333
7330,f,7333
7329,f,7333
7330,b,7334
7332,b,7334
7331,b,7334
7333,b,7334
7335,b,7334
7334,b,7334
7331,c,7335
7336,f,7335
7336,c,7335
7335,f,7335
7335,c,7335
7334,c,7335
7334,f,7335
7333,f,7335
7333,c,7335
7332,f,7335
7332,c,7335
7331,f,7335
7333,e,7336
7337,e,7336
7334,e,7336
7332,e,7336
7335,e,7336
7336,e,7336
7336,f,7337
7335,f,7337
7333,f,7337
7334,f,7337
7337,f,7337
7338,f,7337
7339,e,7339
7338,e,7339
7340,e,7339
7335,e,7339
7337,e,7339
7336,e,7339
7336,f,7340
7338,f,7340
7339,f,7340
7340,f,7340
7337,f,7340
7341,f,7340
7337,d,7341
7338,d,7341
7339,d,7341
7342,d,7341
7341,d,7341
7340,d,7341
7342,f,7342
7341,f,7342
7343,f,7342
7340,f,7342
7339,f,7342
7338,f,7342
7343,c,7343
7340,c,7343
7339,c,7343
7341,c,7343
7344,c,7343
7342,c,7343
7344,e,7344
7344,b,7344
7343,e,7344
7343,b,7344
7345,e,7344
7340,b,7344
7340,e,7344
7345,b,7344
7342,e,7344
7342,b,7344
7341,b,7344
7341,e,7344
7345,c,7345
7345,f,7345
7344,f,7345
7344,c,7345
7341,c,7345
7346,c,7345
7342,f,7345
7342,c,7345
7343,f,7345
7343,c,7345
7341,f,7345
7346,f,7345
7346,d,7346
7346,e,7346
7347,b,7346
7345,e,7346
7345,d,7346
7345,b,7346
7347,d,7346
7347,e,7346
7346,b,7346
7344,b,7346
7343,b,7346
7342,b,7346
7344,e,7346
7344,d,7346
7342,d,7346
7342,e,7346
7343,d,7346
7343,e,7346
7347,f,7347
7347,c,7347
7346,f,7347
7346,c,7347
7344,f,7347
7343,f,7347
7345,f,7347
7345,c,7347
7348,f,7347
7344,c,7347
7343,c,7347
7348,c,7347
7344,e,7348
7346,e,7348
7349,e,7348
7345,e,7348
7347,e,7348
7348,e,7348
7349,f,7349
7350,f,7349
7348,f,7349
7347,f,7349
7346,f,7349
7345,f,7349
7347,b,7351
7351,d,7351
7351,b,7351
7347,d,7351
7350,d,7351
7352,d,7351
7350,b,7351
7352,b,7351
7349,b,7351
7348,b,7351
7348,d,7351
7349,d,7351
7352,c,7352
7352,f,7352
7351,f,7352
7351,c,7352
7348,c,7352
7349,c,7352
7350,f,7352
7350,c,7352
7348,f,7352
7349,f,7352
7353,f,7352
7353,c,7352
7353,e,7353
7352,e,7353
7354,e,7353
7351,e,7353
7349,e,7353
7350,e,7353
7350,f,7354
7355,f,7354
7353,e,7354
7353,f,7354
7355,e,7354
7354,e,7354
7350,e,7354
7352,e,7354
7352,f,7354
7354,f,7354
7351,f,7354
7351,e,7354
7355,f,7355
7356,f,7355
7354,f,7355
7354,d,7355
7355,d,7355
7356,d,7355
7352,d,7355
7353,f,7355
7353,d,7355
7352,f,7355
7351,f,7355
7351,d,7355
7354,f,7356
7352,f,7356
7355,f,7356
7356,f,7356
7353,f,7356
7357,f,7356
7358,d,7359
7360,d,7359
7357,d,7359
7356,d,7359
7355,d,7359
7359,d,7359
7361,f,7360
7360,f,7360
7360,b,7360
7359,b,7360
7359,f,7360
7361,b,7360
7357,b,7360
7358,f,7360
7358,b,7360
7356,b,7360
7356,f,7360
7357,f,7360
7358,f,7361
7361,f,7361
7361,c,7361
7362,c,7361
7360,f,7361
7360,c,7361
7358,c,7361
7357,c,7361
7362,f,7361
7359,f,7361
7359,c,7361
7357,f,7361
7360,e,7362
7362,e,7362
7359,e,7362
7358,e,7362
7361,e,7362
7363,e,7362
7363,f,7363
7360,f,7363
7364,f,7363
7361,f,7363
7359,f,7363
7362,f,7363
7362,a,7364
7364,a,7364
7363,a,7364
7365,a,7364
7360,a,7364
7361,a,7364
7362,a,7365
7365,b,7365
7365,d,7365
7365,f,7365
7366,a,7365
7364,f,7365
7364,d,7365
7364,b,7365
7364,a,7365
7366,b,7365
7366,d,7365
7366,f,7365
7361,f,7365
7362,d,7365
7362,b,7365
7363,f,7365
7363,d,7365
7363,b,7365
7363,a,7365
7361,a,7365
7361,b,7365
7361,d,7365
7365,a,7365
7362,f,7365
7366,c,7366
7365,b,7366
7365,d,7366
7365,c,7366
7367,d,7366
7367,f,7366
7367,c,7366
7366,f,7366
7367,b,7366
7366,d,7366
7365,f,7366
7366,b,7366
7364,c,7366
7364,b,7366
7362,c,7366
7362,d,7366
7362,b,7366
7364,f,7366
7364,d,7366
7362,f,7366
7363,f,7366
7363,b,7366
7363,d,7366
7363,c,7366
7363,f,7367
7363,c,7367
7366,e,7367
7367,f,7367
7367,c,7367
7366,c,7367
7366,f,7367
7367,e,7367
7368,c,7367
7365,e,7367
7365,f,7367
7365,c,7367
7368,f,7367
7364,c,7367
7364,f,7367
7364,e,7367
7368,e,7367
7363,e,7367
7367,c,7368
7367,f,7368
7367,e,7368
7368,e,7368
7369,c,7368
7364,f,7368
7369,e,7368
7364,c,7368
7368,c,7368
7365,c,7368
7365,f,7368
7369,f,7368
7365,e,7368
7366,c,7368
7366,f,7368
7366,e,7368
7364,e,7368
7368,f,7368
7369,e,7369
7370,c,7369
7370,f,7369
7368,e,7369
7368,f,7369
7370,e,7369
7368,c,7369
7369,f,7369
7369,c,7369
7367,e,7369
7367,f,7369
7367,c,7369
7365,c,7369
7366,e,7369
7366,f,7369
7366,c,7369
7365,e,7369
7365,f,7369
7367,f,7370
7371,e,7370
7371,f,7370
7370,e,7370
7370,f,7370
7367,e,7370
7368,f,7370
7369,f,7370
7366,f,7370
7368,e,7370
7366,e,7370
7369,e,7370
7369,b,7372
7371,b,7372
7373,b,7372
7370,b,7372
7368,b,7372
7372,b,7372
7373,c,7373
7374,c,7373
7374,f,7373
7372,c,7373
7372,f,7373
7373,f,7373
7371,f,7373
7369,c,7373
7371,c,7373
7370,f,7373
7370,c,7373
7369,f,7373
7371,e,7374
7372,e,7374
7370,e,7374
7373,e,7374
7375,e,7374
7374,e,7374
7375,f,7375
7371,f,7375
7373,f,7375
7372,f,7375
7374,f,7375
7376,f,7375
7379,e,7378
7376,e,7378
7377,e,7378
7374,e,7378
7375,e,7378
7378,e,7378
7380,c,7379
7379,c,7379
7380,f,7379
7378,c,7379
7378,f,7379
7379,f,7379
7376,f,7379
7375,c,7379
7377,f,7379
7377,c,7379
7375,f,7379
7376,c,7379
7379,e,7380
7380,e,7380
7376,e,7380
7378,e,7380
7377,e,7380
7381,e,7380
7381,d,7381
7381,f,7381
7377,d,7381
7380,f,7381
7380,d,7381
7377,f,7381
7382,d,7381
7382,f,7381
7379,f,7381
7379,d,7381
7378,f,7381
7378,d,7381
7379,f,7382
7380,f,7382
7382,f,7382
7378,f,7382
7381,f,7382
7383,f,7382
7382,b,7383
7383,b,7383
7384,b,7383
7381,b,7383
7380,b,7383
7379,b,7383
7385,c,7384
7384,f,7384
7383,f,7384
7383,c,7384
7384,c,7384
7380,f,7384
7385,f,7384
7382,f,7384
7382,c,7384
7380,c,7384
7381,c,7384
7381,f,7384
7384,e,7385
7386,e,7385
7385,e,7385
7383,e,7385
7381,e,7385
7382,e,7385
7387,f,7386
7387,a,7386
7385,f,7386
7385,a,7386
7382,a,7386
7386,f,7386
7386,a,7386
7384,f,7386
7384,a,7386
7382,f,7386
7383,a,7386
7383,f,7386
7388,b,7387
7388,d,7387
7386,d,7387
7386,b,7387
7387,d,7387
7387,b,7387
7383,b,7387
7384,d,7387
7383,d,7387
7385,d,7387
7385,b,7387
7384,b,7387
7388,f,7388
7389,c,7388
7387,f,7388
7387,c,7388
7384,c,7388
7389,f,7388
7386,f,7388
7386,c,7388
7385,c,7388
7385,f,7388
7384,f,7388
7388,c,7388
7389,e,7389
7390,e,7389
7388,e,7389
7385,e,7389
7387,e,7389
7386,e,7389
7387,f,7390
7388,f,7390
7391,f,7390
7386,f,7390
7389,f,7390
7390,f,7390
7390,f,7391
7392,f,7391
7389,f,7391
7391,f,7391
7388,f,7391
7387,f,7391
7394,f,7393
7393,f,7393
7393,c,7393
7392,f,7393
7392,c,7393
7394,c,7393
7390,c,7393
7389,f,7393
7391,c,7393
7389,c,7393
7391,f,7393
7390,f,7393
7395,e,7394
7395,b,7394
7394,e,7394
7394,b,7394
7393,e,7394
7393,b,7394
7391,b,7394
7390,e,7394
7390,b,7394
7392,b,7394
7392,e,7394
7391,e,7394
7396,c,7395
7395,f,7395
7391,c,7395
7394,f,7395
7395,c,7395
7393,f,7395
7393,c,7395
7392,c,7395
7396,f,7395
7392,f,7395
7391,f,7395
7394,c,7395
7395,c,7396
7396,e,7396
7396,c,7396
7395,e,7396
7397,c,7396
7392,e,7396
7394,e,7396
7392,c,7396
7393,e,7396
7393,c,7396
7397,e,7396
7394,c,7396
7397,b,7397
7396,e,7397
7397,e,7397
7398,b,7397
7398,f,7397
7398,e,7397
7396,f,7397
7396,b,7397
7397,f,7397
7395,e,7397
7395,f,7397
7395,b,7397
7393,b,7397
7393,f,7397
7393,e,7397
7394,b,7397
7394,f,7397
7394,e,7397
7395,f,7398
7398,f,7398
7398,c,7398
7397,f,7398
7399,f,7398
7397,c,7398
7399,c,7398
7395,c,7398
7394,f,7398
7396,c,7398
7394,c,7398
7396,f,7398
7395,e,7399
7399,e,7399
7398,e,7399
7397,e,7399
7400,e,7399
7396,e,7399
7400,f,7400
7399,f,7400
7400,a,7400
7400,d,7400
7401,d,7400
7401,a,7400
7399,a,7400
7399,d,7400
7398,d,7400
7396,a,7400
7396,d,7400
7398,f,7400
7401,f,7400
7398,a,7400
7396,f,7400
7397,a,7400
7397,d,7400
7397,f,7400
7398,d,7401
7401,d,7401
7401,f,7401
7402,b,7401
7400,f,7401
7400,d,7401
7400,b,7401
7402,d,7401
7402,f,7401
7399,f,7401
7399,d,7401
7399,b,7401
7397,b,7401
7397,d,7401
7397,f,7401
7398,f,7401
7398,b,7401
7401,b,7401
7402,c,7402
7403,f,7402
7401,c,7402
7402,f,7402
7403,c,7402
7401,f,7402
7398,c,7402
7400,f,7402
7398,f,7402
7399,c,7402
7399,f,7402
7400,c,7402
7404,e,7403
7402,e,7403
7403,e,7403
7399,e,7403
7401,e,7403
7400,e,7403
7400,f,7404
7405,b,7404
7405,f,7404
7404,b,7404
7403,b,7404
7404,f,7404
7400,b,7404
7403,f,7404
7401,b,7404
7402,b,7404
7402,f,7404
7401,f,7404
7401,c,7405
7405,c,7405
7405,f,7405
7404,c,7405
7401,f,7405
7404,f,7405
7406,c,7405
7403,f,7405
7403,c,7405
7406,f,7405
7402,c,7405
7402,f,7405
7405,f,7406
7406,f,7406
7407,e,7406
7405,e,7406
7402,f,7406
7404,f,7406
7402,e,7406
7403,e,7406
7403,f,7406
7406,e,7406
7404,e,7406
7407,f,7406
7407,f,7407
7408,f,7407
7404,f,7407
7406,f,7407
7405,f,7407
7403,f,7407
7407,d,7410
7411,d,7410
7408,d,7410
7410,d,7410
7409,d,7410
7406,d,7410
7411,f,7411
7410,f,7411
7412,f,7411
7408,f,7411
7407,f,7411
7409,f,7411
7408,f,7412
7410,f,7412
7413,f,7412
7412,f,7412
7411,f,7412
7409,f,7412
7414,b,7413
7413,b,7413
7412,b,7413
7409,b,7413
7411,b,7413
7410,b,7413
7413,c,7414
7414,f,7414
7414,c,7414
7411,f,7414
7413,f,7414
7415,f,7414
7410,c,7414
7415,c,7414
7412,f,7414
7412,c,7414
7410,f,7414
7411,c,7414
7412,e,7415
7413,e,7415
7416,e,7415
7415,e,7415
7414,e,7415
7411,e,7415
7416,f,7416
7415,f,7416
7415,d,7416
7416,d,7416
7417,f,7416
7414,f,7416
7414,d,7416
7413,f,7416
7412,d,7416
7412,f,7416
7417,d,7416
7413,d,7416
7414,e,7417
7417,f,7417
7417,e,7417
7418,f,7417
7416,e,7417
7416,f,7417
7414,f,7417
7415,e,7417
7415,f,7417
7413,f,7417
7413,e,7417
7418,e,7417
7418,f,7418
7417,f,7418
7419,d,7418
7419,f,7418
7418,d,7418
7417,d,7418
7416,f,7418
7416,d,7418
7415,f,7418
7415,d,7418
7414,d,7418
7414,f,7418
7416,f,7419
7417,f,7419
7420,f,7419
7415,f,7419
7418,f,7419
7419,f,7419
7421,b,7420
7416,b,7420
7419,b,7420
7420,b,7420
7418,b,7420
7417,b,7420
7418,f,7421
7421,f,7421
7420,f,7421
7420,c,7421
7417,c,7421
7421,c,7421
7422,c,7421
7419,f,7421
7419,c,7421
7417,f,7421
7418,c,7421
7422,f,7421
7422,e,7422
7421,e,7422
7418,e,7422
7423,e,7422
7420,e,7422
7419,e,7422
7419,f,7423
7423,f,7423
7422,f,7423
7422,b,7423
7419,b,7423
7424,b,7423
7423,b,7423
7421,f,7423
7421,b,7423
7420,b,7423
7420,f,7423
7424,f,7423
7425,f,7424
7424,c,7424
7423,f,7424
7423,c,7424
7425,c,7424
7424,f,7424
7422,f,7424
7422,c,7424
7420,f,7424
7421,c,7424
7421,f,7424
7420,c,7424
7426,e,7425
7424,e,7425
7421,e,7425
7425,e,7425
7423,e,7425
7422,e,7425
7425,e,7426
7426,e,7426
7427,f,7426
7425,f,7426
7427,e,7426
7422,f,7426
7424,e,7426
7426,f,7426
7422,e,7426
7423,e,7426
7423,f,7426
7424,f,7426
7427,d,7427
7428,d,7427
7428,f,7427
7426,f,7427
7427,f,7427
7426,d,7427
7423,f,7427
7425,f,7427
7425,d,7427
7424,d,7427
7424,f,7427
7423,d,7427
7424,a,7428
7424,f,7428
7428,f,7428
7427,f,7428
7429,a,7428
7426,f,7428
7426,a,7428
7429,f,7428
7425,a,7428
7425,f,7428
7428,a,7428
7427,a,7428
7428,d,7429
7429,d,7429
7429,b,7429
7428,b,7429
7430,b,7429
7425,d,7429
7427,d,7429
7425,b,7429
7426,d,7429
7426,b,7429
7430,d,7429
7427,b,7429
7430,b,7430
7429,f,7430
7429,c,7430
7430,c,7430
7431,f,7430
7430,f,7430
7431,b,7430
7429,b,7430
7431,c,7430
7428,c,7430
7426,b,7430
7428,f,7430
7428,b,7430
7426,f,7430
7427,b,7430
7427,c,7430
7427,f,7430
7426,c,7430
7431,c,7431
7431,f,7431
7431,e,7431
7432,c,7431
7430,e,7431
7430,f,7431
7430,c,7431
7427,c,7431
7432,e,7431
7429,e,7431
7429,f,7431
7429,c,7431
7427,f,7431
7427,e,7431
7428,c,7431
7428,f,7431
7428,e,7431
7432,f,7431
7432,f,7432
7432,e,7432
7431,e,7432
7431,f,7432
7433,e,7432
7428,e,7432
7433,f,7432
7429,f,7432
7430,f,7432
7428,f,7432
7430,e,7432
7429,e,7432
7431,b,7433
7431,f,7433
7433,f,7433
7429,b,7433
7432,b,7433
7434,f,7433
7434,b,7433
7430,f,7433
7433,b,7433
7429,f,7433
7430,b,7433
7432,f,7433
7435,f,7434
7433,c,7434
7433,f,7434
7433,e,7434
7434,f,7434
7434,e,7434
7435,e,7434
7434,c,7434
7435,c,7434
7430,e,7434
7430,f,7434
7431,e,7434
7431,f,7434
7431,c,7434
7432,c,7434
7432,f,7434
7430,c,7434
7432,e,7434
7436,a,7435
7431,f,7435
7434,e,7435
7434,f,7435
7434,a,7435
7435,e,7435
7435,f,7435
7435,a,7435
7431,a,7435
7436,f,7435
7436,e,7435
7433,e,7435
7433,f,7435
7433,a,7435
7431,e,7435
7432,a,7435
7432,f,7435
7432,e,7435
7436,b,7436
7436,d,7436
7437,a,7436
7437,b,7436
7435,d,7436
7435,a,7436
7437,d,7436
7436,a,7436
7432,b,7436
7435,b,7436
7433,b,7436
7433,d,7436
7432,a,7436
7434,a,7436
7434,d,7436
7433,a,7436
7434,b,7436
7432,d,7436
7437,b,7437
7437,d,7437
7436,c,7437
7437,c,7437
7436,b,7437
7438,c,7437
7433,b,7437
7433,d,7437
7433,c,7437
7436,d,7437
7438,b,7437
7435,c,7437
7435,d,7437
7434,c,7437
7434,d,7437
7434,b,7437
7438,d,7437
7435,b,7437
7439,f,7438
7434,f,7438
7438,c,7438
7438,f,7438
7438,e,7438
7437,e,7438
7437,f,7438
7437,c,7438
7434,c,7438
7434,e,7438
7436,e,7438
7436,f,7438
7436,c,7438
7435,c,7438
7435,f,7438
7435,e,7438
7439,e,7438
7439,c,7438
7438,f,7439
7438,e,7439
7440,b,7439
7439,e,7439
7438,b,7439
7435,f,7439
7440,e,7439
7435,b,7439
7439,b,7439
7435,e,7439
7436,b,7439
7440,f,7439
7436,e,7439
7436,f,7439
7437,b,7439
7437,f,7439
7437,e,7439
7439,f,7439
7441,c,7440
7439,f,7440
7439,c,7440
7440,f,7440
7441,f,7440
7440,c,7440
7438,f,7440
7436,c,7440
7438,c,7440
7436,f,7440
7437,f,7440
7437,c,7440
7438,e,7441
7441,e,7441
7440,e,7441
7442,e,7441
7437,e,7441
7439,e,7441
7438,f,7442
7439,f,7442
7441,f,7442
7442,f,7442
7443,f,7442
7440,f,7442
7444,b,7444
7445,b,7444
7442,b,7444
7441,b,7444
7443,b,7444
7440,b,7444
7446,c,7445
7445,c,7445
7445,a,7445
7444,f,7445
7444,c,7445
7444,a,7445
7446,f,7445
7446,a,7445
7443,f,7445
7445,f,7445
7443,a,7445
7442,a,7445
7441,f,7445
7441,c,7445
7442,c,7445
7443,c,7445
7441,a,7445
7442,f,7445
7446,e,7446
7446,b,7446
7447,b,7446
7447,d,7446
7445,e,7446
7445,c,7446
7445,d,7446
7445,b,7446
7447,c,7446
7447,e,7446
7446,c,7446
7446,d,7446
7442,d,7446
7443,e,7446
7443,b,7446
7442,e,7446
7442,c,7446
7443,c,7446
7442,b,7446
7444,b,7446
7443,d,7446
7444,c,7446
7444,e,7446
7444,d,7446
7444,e,7447
7447,c,7447
7447,f,7447
7447,e,7447
7446,e,7447
7446,f,7447
7446,c,7447
7443,c,7447
7443,e,7447
7443,f,7447
7448,c,7447
7444,c,7447
7448,f,7447
7448,e,7447
7445,e,7447
7445,f,7447
7445,c,7447
7444,f,7447
7448,b,7448
7448,f,7448
7447,e,7448
7447,f,7448
7447,b,7448
7448,e,7448
7449,e,7448
7444,f,7448
7449,b,7448
7449,f,7448
7444,b,7448
7444,e,7448
7446,e,7448
7446,f,7448
7446,b,7448
7445,b,7448
7445,f,7448
7445,e,7448
7449,c,7449
7449,f,7449
7448,f,7449
7448,c,7449
7445,c,7449
7446,f,7449
7450,c,7449
7450,f,7449
7447,f,7449
7447,c,7449
7446,c,7449
7445,f,7449
7450,e,7450
7449,e,7450
7450,c,7450
7449,c,7450
7451,e,7450
7451,c,7450
7446,c,7450
7448,e,7450
7448,c,7450
7447,e,7450
7447,c,7450
7446,e,7450
7452,e,7451
7452,f,7451
7451,e,7451
7451,f,7451
7450,e,7451
7450,f,7451
7448,e,7451
7449,e,7451
7449,f,7451
7447,e,7451
7448,f,7451
7447,f,7451
7449,f,7452
7450,f,7452
7451,f,7452
7452,f,7452
7448,f,7452
7453,f,7452
7455,c,7456
7455,f,7456
7456,a,7456
7456,c,7456
7457,c,7456
7457,a,7456
7455,a,7456
7457,f,7456
7456,f,7456
7454,f,7456
7454,c,7456
7452,a,7456
7452,c,7456
7452,f,7456
7453,a,7456
7453,c,7456
7453,f,7456
7454,a,7456
7457,b,7457
7457,f,7457
7457,e,7457
7458,b,7457
7456,e,7457
7456,f,7457
7456,d,7457
7456,b,7457
7458,f,7457
7458,d,7457
7457,d,7457
7455,e,7457
7455,f,7457
7455,d,7457
7455,b,7457
7453,b,7457
7453,d,7457
7453,f,7457
7458,e,7457
7454,e,7457
7453,e,7457
7454,b,7457
7454,f,7457
7454,d,7457
7459,f,7458
7458,c,7458
7457,f,7458
7458,f,7458
7457,c,7458
7459,c,7458
7455,f,7458
7454,c,7458
7454,f,7458
7455,c,7458
7456,f,7458
7456,c,7458
7458,e,7459
7459,e,7459
7459,c,7459
7458,c,7459
7460,e,7459
7460,c,7459
7455,e,7459
7457,e,7459
7456,e,7459
7456,c,7459
7457,c,7459
7455,c,7459
7460,f,7460
7459,e,7460
7459,f,7460
7460,e,7460
7456,f,7460
7461,e,7460
7458,e,7460
7458,f,7460
7456,e,7460
7457,f,7460
7457,e,7460
7461,f,7460
7462,f,7461
7460,f,7461
7461,f,7461
7457,f,7461
7459,f,7461
7458,f,7461
7462,d,7462
7462,c,7462
7461,c,7462
7461,d,7462
7461,a,7462
7458,a,7462
7463,a,7462
7463,d,7462
7463,c,7462
7462,a,7462
7459,a,7462
7460,c,7462
7460,d,7462
7460,a,7462
7458,d,7462
7458,c,7462
7459,d,7462
7459,c,7462
7464,f,7463
7462,b,7463
7462,d,7463
7462,f,7463
7463,f,7463
7463,e,7463
7462,e,7463
7464,d,7463
7463,d,7463
7464,e,7463
7463,b,7463
7459,b,7463
7464,b,7463
7460,e,7463
7460,f,7463
7460,d,7463
7460,b,7463
7461,b,7463
7461,f,7463
7461,e,7463
7461,d,7463
7459,e,7463
7459,f,7463
7459,d,7463
7464,e,7464
7460,f,7464
7464,f,7464
7463,f,7464
7463,c,7464
7463,a,7464
7464,c,7464
7464,a,7464
7460,a,7464
7460,c,7464
7463,e,7464
7461,f,7464
7461,e,7464
7465,f,7464
7461,c,7464
7461,a,7464
7465,c,7464
7462,a,7464
7462,c,7464
7462,f,7464
7462,e,7464
7460,e,7464
7465,a,7464
7465,e,7464
7466,e,7465
7466,f,7465
7466,d,7465
7466,b,7465
7466,a,7465
7465,e,7465
7465,d,7465
7464,a,7465
7464,b,7465
7464,d,7465
7464,f,7465
7465,a,7465
7465,b,7465
7465,f,7465
7464,e,7465
7463,f,7465
7461,e,7465
7462,f,7465
7462,d,7465
7461,a,7465
7461,b,7465
7461,d,7465
7461,f,7465
7463,e,7465
7463,d,7465
7463,b,7465
7463,a,7465
7462,e,7465
7462,b,7465
7462,a,7465
7467,b,7466
7465,d,7466
7465,b,7466
7465,f,7466
7465,e,7466
7466,e,7466
7466,b,7466
7466,d,7466
7465,c,7466
7466,c,7466
7462,b,7466
7462,c,7466
7463,e,7466
7463,f,7466
7463,c,7466
7463,d,7466
7463,b,7466
7462,e,7466
7462,f,7466
7462,d,7466
7464,b,7466
7466,f,7466
7464,c,7466
7464,f,7466
7464,e,7466
7467,e,7466
7467,f,7466
7467,c,7466
7467,d,7466
7464,d,7466
7466,e,7467
7466,f,7467
7466,c,7467
7468,f,7467
7467,c,7467
7467,f,7467
7468,e,7467
7463,f,7467
7465,e,7467
7465,f,7467
7465,c,7467
7463,e,7467
7467,e,7467
7464,e,7467
7464,f,7467
7464,c,7467
7463,c,7467
7468,c,7467
7468,e,7468
7469,f,7468
7469,e,7468
7468,f,7468
7467,e,7468
7467,f,7468
7466,e,7468
7466,f,7468
7465,e,7468
7465,f,7468
7464,e,7468
7464,f,7468
7471,d,7472
7471,a,7472
7472,a,7472
7472,d,7472
7470,d,7472
7470,a,7472
7468,a,7472
7468,d,7472
7473,d,7472
7469,a,7472
7469,d,7472
7473,a,7472
7473,d,7473
7474,c,7473
7474,d,7473
7472,a,7473
7472,d,7473
7472,c,7473
7472,f,7473
7474,b,7473
7474,a,7473
7474,f,7473
7473,f,7473
7473,c,7473
7472,b,7473
7471,f,7473
7471,b,7473
7471,d,7473
7469,a,7473
7469,b,7473
7469,d,7473
7469,c,7473
7469,f,7473
7470,a,7473
7470,b,7473
7470,d,7473
7471,c,7473
7470,f,7473
7470,c,7473
7473,b,7473
7471,a,7473
7473,a,7473
7474,e,7474
7474,f,7474
7474,c,7474
7474,d,7474
7474,b,7474
7473,b,7474
7475,e,7474
7475,f,7474
7473,f,7474
7473,e,7474
7475,b,7474
7475,d,7474
7475,c,7474
7473,d,7474
7473,c,7474
7472,d,7474
7471,e,7474
7471,d,7474
7471,b,7474
7472,b,7474
7471,c,7474
7470,e,7474
7470,f,7474
7471,f,7474
7472,f,7474
7472,e,7474
7470,c,7474
7470,d,7474
7470,b,7474
7472,c,7474
7476,c,7475
7476,f,7475
7474,e,7475
7474,f,7475
7474,c,7475
7475,e,7475
7475,f,7475
7471,c,7475
7471,f,7475
7471,e,7475
7475,c,7475
7476,e,7475
7472,e,7475
7472,f,7475
7472,c,7475
7473,c,7475
7473,e,7475
7473,f,7475
7475,f,7476
7475,e,7476
7476,e,7476
7476,f,7476
7477,f,7476
7477,e,7476
7473,f,7476
7474,e,7476
7473,e,7476
7474,f,7476
7472,f,7476
7472,e,7476
7478,f,7477
7475,f,7477
7473,f,7477
7474,f,7477
7476,f,7477
7477,f,7477
7478,c,7478
7478,a,7478
7479,c,7478
7477,c,7478
7477,a,7478
7474,c,7478
7479,a,7478
7474,a,7478
7475,a,7478
7475,c,7478
7476,c,7478
7476,a,7478
7475,e,7479
7479,e,7479
7480,b,7479
7480,d,7479
7478,e,7479
7478,d,7479
7478,b,7479
7475,b,7479
7475,d,7479
7479,d,7479
7480,e,7479
7477,e,7479
7477,d,7479
7477,b,7479
7479,b,7479
7476,b,7479
7476,d,7479
7476,e,7479
7480,c,7480
7480,f,7480
7479,f,7480
7479,c,7480
7481,c,7480
7481,f,7480
7477,f,7480
7478,f,7480
7476,f,7480
7477,c,7480
7476,c,7480
7478,c,7480
7478,e,7481
7479,e,7481
7482,e,7481
7480,e,7481
7481,e,7481
7477,e,7481
7478,b,7482
7481,b,7482
7481,f,7482
7482,f,7482
7482,b,7482
7483,b,7482
7483,f,7482
7480,f,7482
7480,b,7482
7479,f,7482
7479,b,7482
7478,f,7482
7483,f,7483
7482,e,7483
7483,e,7483
7484,c,7483
7484,f,7483
7484,e,7483
7482,f,7483
7482,c,7483
7483,c,7483
7481,c,7483
7480,f,7483
7481,e,7483
7481,f,7483
7479,c,7483
7479,f,7483
7479,e,7483
7480,e,7483
7480,c,7483
7485,f,7484
7483,e,7484
7483,f,7484
7481,f,7484
7480,f,7484
7485,e,7484
7482,e,7484
7482,f,7484
7480,e,7484
7484,f,7484
7481,e,7484
7484,e,7484
7486,f,7485
7485,f,7485
7483,f,7485
7482,f,7485
7481,f,7485
7484,f,7485
7484,b,7488
7485,b,7488
7489,b,7488
7486,b,7488
7488,b,7488
7487,b,7488
7489,f,7489
7489,c,7489
7488,f,7489
7488,c,7489
7490,f,7489
7487,f,7489
7490,c,7489
7486,c,7489
7485,c,7489
7486,f,7489
7485,f,7489
7487,c,7489
7490,b,7490
7490,c,7490
7490,e,7490
7489,e,7490
7489,c,7490
7489,b,7490
7487,b,7490
7486,c,7490
7487,c,7490
7487,e,7490
7491,e,7490
7491,c,7490
7486,e,7490
7488,e,7490
7491,b,7490
7488,b,7490
7488,c,7490
7486,b,7490
7491,c,7491
7490,f,7491
7490,c,7491
7490,e,7491
7492,f,7491
7492,c,7491
7488,e,7491
7489,e,7491
7489,f,7491
7489,c,7491
7488,f,7491
7488,c,7491
7487,e,7491
7487,f,7491
7487,c,7491
7491,f,7491
7492,e,7491
7491,e,7491
7492,f,7492
7492,e,7492
7493,f,7492
7493,e,7492
7491,e,7492
7488,e,7492
7489,f,7492
7488,f,7492
7491,f,7492
7490,e,7492
7490,f,7492
7489,e,7492
7494,f,7493
7492,f,7493
7490,f,7493
7489,f,7493
7491,f,7493
7493,f,7493
7494,d,7495
7496,d,7495
7496,e,7495
7494,e,7495
7493,e,7495
7495,d,7495
7495,e,7495
7492,e,7495
7492,d,7495
7491,e,7495
7491,d,7495
7493,d,7495
7495,f,7496
7496,f,7496
7497,f,7496
7494,f,7496
7493,f,7496
7492,f,7496
7494,f,7497
7495,f,7497
7498,f,7497
7497,f,7497
7496,f,7497
7493,f,7497
7498,e,7498
7497,e,7498
7497,b,7498
7498,b,7498
7495,e,7498
7499,b,7498
7496,b,7498
7494,b,7498
7499,e,7498
7494,e,7498
7495,b,7498
7496,e,7498
7499,c,7499
7499,f,7499
7498,f,7499
7498,c,7499
7500,c,7499
7496,c,7499
7497,f,7499
7497,c,7499
7495,c,7499
7495,f,7499
7496,f,7499
7500,f,7499
7500,e,7500
7501,c,7500
7499,e,7500
7499,c,7500
7501,e,7500
7500,c,7500
7496,c,7500
7498,e,7500
7498,c,7500
7496,e,7500
7497,c,7500
7497,e,7500
7498,e,7501
7501,f,7501
7502,f,7501
7500,e,7501
7500,f,7501
7497,f,7501
7497,e,7501
7502,e,7501
7499,e,7501
7499,f,7501
7498,f,7501
7501,e,7501
7502,f,7502
7501,f,7502
7503,f,7502
7498,f,7502
7500,f,7502
7499,f,7502
7501,f,7503
7499,f,7503
7502,f,7503
7500,f,7503
7504,f,7503
7503,f,7503
7505,b,7505
7503,b,7505
7504,b,7505
7506,b,7505
7501,b,7505
7502,b,7505
7506,c,7506
7506,f,7506
7507,a,7506
7505,f,7506
7505,c,7506
7505,a,7506
7507,c,7506
7507,f,7506
7506,a,7506
7502,f,7506
7503,f,7506
7504,c,7506
7502,c,7506
7504,a,7506
7502,a,7506
7503,a,7506
7504,f,7506
7503,c,7506
7506,b,7507
7506,d,7507
7507,e,7507
7508,e,7507
7508,d,7507
7508,b,7507
7507,b,7507
7506,e,7507
7507,d,7507
7503,b,7507
7503,d,7507
7503,e,7507
7505,e,7507
7505,d,7507
7504,b,7507
7504,d,7507
7504,e,7507
7505,b,7507
7504,c,7508
7509,c,7508
7509,f,7508
7507,f,7508
7507,c,7508
7508,c,7508
7508,f,7508
7506,f,7508
7506,c,7508
7505,c,7508
7505,f,7508
7504,f,7508
7509,f,7509
7509,e,7509
7510,d,7509
7510,f,7509
7505,e,7509
7508,e,7509
7508,f,7509
7510,e,7509
7508,d,7509
7505,f,7509
7509,d,7509
7505,d,7509
7507,e,7509
7507,f,7509
7507,d,7509
7506,e,7509
7506,d,7509
7506,f,7509
7509,f,7510
7507,f,7510
7508,f,7510
7510,f,7510
7506,f,7510
7511,f,7510
7510,a,7511
7511,a,7511
7507,a,7511
7512,a,7511
7509,a,7511
7508,a,7511
7511,d,7512
7512,b,7512
7512,d,7512
7511,b,7512
7513,d,7512
7513,b,7512
7510,b,7512
7509,d,7512
7508,b,7512
7508,d,7512
7509,b,7512
7510,d,7512
7510,f,7513
7513,c,7513
7513,f,7513
7512,f,7513
7512,c,7513
7514,c,7513
7514,f,7513
7511,f,7513
7511,c,7513
7509,c,7513
7509,f,7513
7510,c,7513
7515,e,7514
7513,e,7514
7513,c,7514
7514,e,7514
7515,c,7514
7514,c,7514
7511,c,7514
7512,e,7514
7512,c,7514
7510,c,7514
7510,e,7514
7511,e,7514
7512,e,7515
7515,e,7515
7515,f,7515
7514,e,7515
7516,e,7515
7514,f,7515
7511,e,7515
7512,f,7515
7513,f,7515
7511,f,7515
7513,e,7515
7516,f,7515
7517,f,7516
7513,f,7516
7512,f,7516
7515,f,7516
7516,f,7516
7514,f,7516
7517,d,7517
7516,f,7517
7518,d,7517
7517,f,7517
7516,d,7517
7518,f,7517
7515,f,7517
7515,d,7517
7514,f,7517
7514,d,7517
7513,f,7517
7513,d,7517
7515,f,7518
7514,f,7518
7516,f,7518
7517,f,7518
7519,f,7518
7518,f,7518
7515,d,7519
7520,d,7519
7519,d,7519
7518,d,7519
7517,d,7519
7516,d,7519
7517,e,7520
7517,f,7520
7521,e,7520
7518,f,7520
7518,e,7520
7521,f,7520
7516,e,7520
7519,f,7520
7519,e,7520
7516,f,7520
7520,f,7520
7520,e,7520
7521,f,7521
7519,f,7521
7517,f,7521
7518,f,7521
7520,f,7521
7522,f,7521
7523,d,7524
7525,d,7524
7524,d,7524
7520,d,7524
7521,d,7524
7522,d,7524
7522,f,7525
7521,f,7525
7523,f,7525
7524,f,7525
7526,f,7525
7525,f,7525
7527,c,7527
7526,c,7527
7528,c,7527
7524,c,7527
7523,c,7527
7525,c,7527
7525,e,7528
7527,e,7528
7524,e,7528
7526,e,7528
7529,e,7528
7528,e,7528
7529,f,7529
7529,c,7529
7528,f,7529
7528,c,7529
7530,f,7529
7530,c,7529
7525,c,7529
7527,f,7529
7527,c,7529
7525,f,7529
7526,c,7529
7526,f,7529
7530,f,7530
7530,e,7530
7531,a,7530
7531,f,7530
7529,e,7530
7529,f,7530
7529,a,7530
7531,e,7530
7530,a,7530
7527,a,7530
7528,e,7530
7528,f,7530
7528,a,7530
7526,a,7530
7526,f,7530
7526,e,7530
7527,e,7530
7527,f,7530
7531,b,7531
7532,b,7531
7532,d,7531
7532,f,7531
7530,f,7531
7530,b,7531
7531,f,7531
7531,d,7531
7530,d,7531
7529,b,7531
7527,d,7531
7528,d,7531
7528,f,7531
7528,b,7531
7529,d,7531
7527,f,7531
7529,f,7531
7527,b,7531
7529,c,7532
7533,f,7532
7533,c,7532
7530,c,7532
7528,f,7532
7528,c,7532
7530,f,7532
7531,c,7532
7531,f,7532
7529,f,7532
7532,f,7532
7532,c,7532
7533,e,7533
7532,e,7533
7529,e,7533
7534,e,7533
7531,e,7533
7530,e,7533
7531,f,7534
7532,f,7534
7532,e,7534
7535,e,7534
7535,f,7534
7530,e,7534
7530,f,7534
7533,f,7534
7533,e,7534
7534,f,7534
7534,e,7534
7531,e,7534
7536,f,7535
7535,f,7535
7534,f,7535
7533,f,7535
7532,f,7535
7531,f,7535
7533,a,7536
7534,a,7536
7537,a,7536
7532,a,7536
7535,a,7536
7536,a,7536
7533,b,7537
7537,d,7537
7537,b,7537
7538,d,7537
7536,d,7537
7536,b,7537
7538,b,7537
7533,d,7537
7535,d,7537
7535,b,7537
7534,d,7537
7534,b,7537
7539,f,7538
7535,f,7538
7535,c,7538
7536,c,7538
7536,f,7538
7539,c,7538
7537,f,7538
7537,c,7538
7538,f,7538
7538,c,7538
7534,f,7538
7534,c,7538
7539,a,7539
7538,e,7539
7539,e,7539
7538,a,7539
7540,e,7539
7537,e,7539
7536,a,7539
7540,a,7539
7535,e,7539
7535,a,7539
7537,a,7539
7536,e,7539
7537,b,7540
7541,b,7540
7539,a,7540
7539,d,7540
7541,d,7540
7539,f,7540
7541,a,7540
7540,f,7540
7540,d,7540
7540,b,7540
7540,a,7540
7539,b,7540
7537,a,7540
7541,f,7540
7536,f,7540
7537,d,7540
7536,d,7540
7536,b,7540
7536,a,7540
7538,a,7540
7537,f,7540
7538,d,7540
7538,f,7540
7538,b,7540
7541,f,7541
7541,b,7541
7542,b,7541
7540,f,7541
7540,c,7541
7540,d,7541
7540,b,7541
7542,d,7541
7542,c,7541
7542,f,7541
7541,c,7541
7541,d,7541
7539,d,7541
7538,f,7541
7537,d,7541
7537,c,7541
7537,f,7541
7539,f,7541
7539,c,7541
7538,c,7541
7538,d,7541
7539,b,7541
7537,b,7541
7538,b,7541
7541,c,7542
7543,e,7542
7541,e,7542
7543,c,7542
7542,e,7542
7542,f,7542
7541,f,7542
7543,f,7542
7538,c,7542
7538,e,7542
7540,e,7542
7540,f,7542
7540,c,7542
7539,c,7542
7539,f,7542
7539,e,7542
7538,f,7542
7542,c,7542
7543,f,7543
7543,e,7543
7544,f,7543
7544,e,7543
7542,e,7543
7542,f,7543
7539,e,7543
7539,f,7543
7540,f,7543
7540,e,7543
7541,e,7543
7541,f,7543
7540,e,7544
7544,f,7544
7545,e,7544
7543,e,7544
7543,f,7544
7540,f,7544
7545,f,7544
7542,e,7544
7542,f,7544
7541,f,7544
7541,e,7544
7544,e,7544
7541,f,7545
7546,d,7545
7546,f,7545
7545,d,7545
7541,d,7545
7545,f,7545
7544,d,7545
7543,f,7545
7543,d,7545
7544,f,7545
7542,f,7545
7542,d,7545
7544,a,7548
7548,e,7548
7547,e,7548
7547,d,7548
7547,a,7548
7549,a,7548
7549,d,7548
7549,e,7548
7546,e,7548
7546,a,7548
7546,d,7548
7548,a,7548
7544,d,7548
7544,e,7548
7545,e,7548
7545,d,7548
7548,d,7548
7545,a,7548
7548,b,7549
7548,d,7549
7548,c,7549
7550,b,7549
7550,c,7549
7549,b,7549
7549,d,7549
7550,f,7549
7550,d,7549
7549,f,7549
7548,f,7549
7549,c,7549
7546,f,7549
7545,b,7549
7545,d,7549
7545,c,7549
7547,f,7549
7547,c,7549
7547,d,7549
7547,b,7549
7546,c,7549
7546,d,7549
7546,b,7549
7545,f,7549
7549,e,7550
7549,f,7550
7551,c,7550
7550,e,7550
7549,c,7550
7547,e,7550
7546,c,7550
7546,f,7550
7551,f,7550
7551,e,7550
7548,e,7550
7548,f,7550
7548,c,7550
7546,e,7550
7547,c,7550
7547,f,7550
7550,f,7550
7550,c,7550
7551,f,7551
7550,e,7551
7550,f,7551
7551,e,7551
7547,f,7551
7549,e,7551
7549,f,7551
7552,e,7551
7548,e,7551
7548,f,7551
7547,e,7551
7552,f,7551
7549,f,7552
7550,f,7552
7553,f,7552
7548,f,7552
7551,f,7552
7552,f,7552
7552,e,7553
7553,e,7553
7554,e,7553
7551,e,7553
7549,e,7553
7550,e,7553
7551,f,7554
7554,f,7554
7553,f,7554
7555,f,7554
7552,f,7554
7550,f,7554
7552,e,7555
7555,e,7555
7551,e,7555
7556,e,7555
7554,e,7555
7553,e,7555
7557,b,7556
7557,e,7556
7556,e,7556
7556,f,7556
7555,e,7556
7555,f,7556
7555,b,7556
7557,f,7556
7556,b,7556
7552,b,7556
7554,e,7556
7554,f,7556
7554,b,7556
7552,f,7556
7552,e,7556
7553,b,7556
7553,f,7556
7553,e,7556
7554,f,7557
7557,f,7557
7557,c,7557
7554,c,7557
7558,f,7557
7556,c,7557
7556,f,7557
7555,c,7557
7553,f,7557
7553,c,7557
7555,f,7557
7558,c,7557
7555,c,7558
7558,c,7558
7558,f,7558
7558,e,7558
7557,e,7558
7557,f,7558
7557,c,7558
7554,c,7558
7554,f,7558
7554,e,7558
7559,c,7558
7559,f,7558
7559,e,7558
7556,e,7558
7556,f,7558
7556,c,7558
7555,f,7558
7555,e,7558
7558,f,7559
7558,e,7559
7560,f,7559
7560,b,7559
7558,b,7559
7559,b,7559
7559,e,7559
7557,e,7559
7557,f,7559
7557,b,7559
7556,e,7559
7556,f,7559
7556,b,7559
7559,f,7559
7555,e,7559
7555,f,7559
7555,b,7559
7560,e,7559
7561,f,7560
7560,c,7560
7561,c,7560
7559,f,7560
7560,f,7560
7557,f,7560
7558,f,7560
7558,c,7560
7559,c,7560
7557,c,7560
7556,f,7560
7556,c,7560
7558,e,7561
7561,e,7561
7562,e,7561
7560,e,7561
7557,e,7561
7559,e,7561
7563,a,7564
7565,a,7564
7565,c,7564
7562,c,7564
7562,a,7564
7563,c,7564
7564,a,7564
7564,c,7564
7561,c,7564
7561,a,7564
7560,c,7564
7560,a,7564
7566,e,7565
7565,e,7565
7565,d,7565
7565,b,7565
7564,e,7565
7564,d,7565
7564,b,7565
7566,b,7565
7566,d,7565
7563,e,7565
7562,b,7565
7563,d,7565
7563,b,7565
7561,b,7565
7561,d,7565
7561,e,7565
7562,d,7565
7562,e,7565
7566,f,7566
7566,c,7566
7565,f,7566
7565,c,7566
7563,f,7566
7562,f,7566
7564,f,7566
7564,c,7566
7567,f,7566
7563,c,7566
7562,c,7566
7567,c,7566
7563,e,7567
7565,e,7567
7568,e,7567
7564,e,7567
7566,e,7567
7567,e,7567
7569,f,7568
7567,f,7568
7568,f,7568
7566,f,7568
7565,f,7568
7564,f,7568
7569,a,7569
7566,a,7569
7565,a,7569
7567,a,7569
7570,a,7569
7568,a,7569
7566,d,7570
7570,d,7570
7570,b,7570
7569,d,7570
7569,b,7570
7571,d,7570
7566,b,7570
7571,b,7570
7567,b,7570
7568,d,7570
7568,b,7570
7567,d,7570
7571,a,7571
7571,c,7571
7571,f,7571
7570,f,7571
7570,c,7571
7570,a,7571
7567,a,7571
7567,c,7571
7568,a,7571
7568,c,7571
7572,f,7571
7569,f,7571
7569,c,7571
7569,a,7571
7567,f,7571
7568,f,7571
7572,c,7571
7572,a,7571
7571,e,7572
7571,d,7572
7571,b,7572
7573,e,7572
7572,b,7572
7572,d,7572
7572,e,7572
7573,b,7572
7573,d,7572
7569,d,7572
7569,b,7572
7568,e,7572
7570,e,7572
7570,d,7572
7570,b,7572
7569,e,7572
7568,d,7572
7568,b,7572
7574,c,7573
7572,f,7573
7572,c,7573
7573,f,7573
7573,c,7573
7573,b,7573
7572,b,7573
7574,b,7573
7570,b,7573
7569,c,7573
7570,f,7573
7570,c,7573
7571,f,7573
7571,c,7573
7571,b,7573
7569,b,7573
7574,f,7573
7569,f,7573
7575,c,7574
7575,a,7574
7573,a,7574
7573,c,7574
7575,e,7574
7574,e,7574
7574,f,7574
7574,c,7574
7573,e,7574
7574,a,7574
7573,f,7574
7575,f,7574
7570,c,7574
7571,e,7574
7571,c,7574
7571,a,7574
7572,e,7574
7572,f,7574
7572,c,7574
7572,a,7574
7571,f,7574
7570,a,7574
7570,f,7574
7570,e,7574
7576,b,7575
7574,d,7575
7574,f,7575
7574,b,7575
7575,d,7575
7575,f,7575
7575,e,7575
7576,e,7575
7576,f,7575
7574,e,7575
7575,b,7575
7576,d,7575
7571,d,7575
7572,e,7575
7572,f,7575
7572,d,7575
7572,b,7575
7571,e,7575
7573,b,7575
7571,b,7575
7573,f,7575
7573,d,7575
7571,f,7575
7573,e,7575
7574,e,7576
7572,c,7576
7576,c,7576
7576,f,7576
7576,e,7576
7575,e,7576
7575,f,7576
7575,c,7576
7577,c,7576
7577,f,7576
7573,e,7576
7573,f,7576
7573,c,7576
7577,e,7576
7574,c,7576
7572,f,7576
7574,f,7576
7572,e,7576
7576,f,7577
7576,e,7577
7577,e,7577
7574,f,7577
7578,e,7577
7575,e,7577
7575,f,7577
7574,e,7577
7573,e,7577
7573,f,7577
7578,f,7577
7577,f,7577
7578,c,7578
7578,f,7578
7579,c,7578
7579,f,7578
7577,c,7578
7577,f,7578
7576,f,7578
7576,c,7578
7574,c,7578
7575,f,7578
7575,c,7578
7574,f,7578
7580,e,7579
7576,e,7579
7579,e,7579
7577,e,7579
7575,e,7579
7578,e,7579
7581,c,7581
7580,c,7581
7578,c,7581
7577,c,7581
7579,c,7581
7582,c,7581
7579,e,7582
7582,e,7582
7580,e,7582
7583,e,7582
7578,e,7582
7581,e,7582
7583,f,7583
7583,c,7583
7582,f,7583
7582,c,7583
7580,c,7583
7581,f,7583
7581,c,7583
7580,f,7583
7584,f,7583
7579,f,7583
7579,c,7583
7584,c,7583
7580,e,7584
7582,e,7584
7585,e,7584
7583,e,7584
7584,e,7584
7581,e,7584
7585,f,7585
7584,f,7585
7581,f,7585
7583,f,7585
7582,f,7585
7586,f,7585
7583,b,7586
7582,b,7586
7584,b,7586
7587,b,7586
7586,b,7586
7585,b,7586
7588,f,7587
7587,f,7587
7587,c,7587
7586,c,7587
7588,c,7587
7586,f,7587
7584,c,7587
7585,f,7587
7585,c,7587
7583,c,7587
7583,f,7587
7584,f,7587
7588,e,7588
7588,d,7588
7589,e,7588
7585,d,7588
7587,e,7588
7587,d,7588
7585,e,7588
7584,d,7588
7586,e,7588
7586,d,7588
7584,e,7588
7589,d,7588
7587,f,7589
7590,f,7589
7586,f,7589
7589,f,7589
7585,f,7589
7588,f,7589
7590,e,7590
7591,e,7590
7589,e,7590
7586,e,7590
7587,e,7590
7588,e,7590
7588,f,7591
7590,a,7591
7588,a,7591
7591,e,7591
7591,a,7591
7592,a,7591
7589,e,7591
7589,f,7591
7589,a,7591
7587,a,7591
7587,f,7591
7587,e,7591
7592,f,7591
7592,e,7591
7591,f,7591
7588,e,7591
7590,f,7591
7590,e,7591
7591,b,7592
7593,b,7592
7591,f,7592
7593,d,7592
7592,b,7592
7591,d,7592
7592,d,7592
7590,b,7592
7590,f,7592
7590,d,7592
7589,f,7592
7589,d,7592
7589,b,7592
7588,f,7592
7588,d,7592
7588,b,7592
7593,f,7592
7592,f,7592
7593,c,7593
7594,f,7593
7593,f,7593
7594,c,7593
7592,f,7593
7592,c,7593
7590,c,7593
7591,f,7593
7591,c,7593
7590,f,7593
7589,f,7593
7589,c,7593
7591,e,7594
7592,e,7594
7590,e,7594
7593,e,7594
7594,e,7594
7595,e,7594
7596,f,7595
7594,f,7595
7595,f,7595
7591,f,7595
7593,f,7595
7592,f,7595
7598,b,7597
7598,f,7597
7595,f,7597
7595,b,7597
7596,b,7597
7596,f,7597
7597,b,7597
7597,f,7597
7594,f,7597
7594,b,7597
7593,f,7597
7593,b,7597
7599,a,7598
7598,c,7598
7598,a,7598
7597,f,7598
7597,c,7598
7599,f,7598
7598,f,7598
7599,c,7598
7597,a,7598
7594,a,7598
7595,c,7598
7595,a,7598
7594,f,7598
7596,f,7598
7596,c,7598
7596,a,7598
7595,f,7598
7594,c,7598
7598,b,7599
7598,d,7599
7596,d,7599
7600,d,7599
7599,b,7599
7599,d,7599
7599,e,7599
7600,e,7599
7596,b,7599
7595,b,7599
7598,e,7599
7597,b,7599
7596,e,7599
7595,e,7599
7595,d,7599
7597,d,7599
7600,b,7599
7597,e,7599
7597,c,7600
7600,c,7600
7600,f,7600
7600,e,7600
7599,e,7600
7599,f,7600
7599,c,7600
7596,c,7600
7596,f,7600
7597,e,7600
7596,e,7600
7601,c,7600
7601,f,7600
7601,e,7600
7598,e,7600
7598,f,7600
7598,c,7600
7597,f,7600
7602,e,7601
7601,c,7601
7601,f,7601
7601,e,7601
7600,e,7601
7600,f,7601
7600,c,7601
7602,f,7601
7602,c,7601
7597,e,7601
7597,f,7601
7599,e,7601
7599,f,7601
7599,c,7601
7598,c,7601
7598,f,7601
7598,e,7601
7597,c,7601
7602,a,7602
7602,f,7602
7602,e,7602
7601,f,7602
7601,a,7602
7598,a,7602
7598,f,7602
7598,e,7602
7601,e,7602
7603,a,7602
7603,f,7602
7603,e,7602
7600,e,7602
7600,f,7602
7600,a,7602
7599,a,7602
7599,f,7602
7599,e,7602
7602,d,7603
7602,b,7603
7603,b,7603
7599,f,7603
7604,b,7603
7602,f,7603
7599,d,7603
7604,f,7603
7601,f,7603
7601,d,7603
7601,b,7603
7603,d,7603
7600,f,7603
7600,d,7603
7600,b,7603
7599,b,7603
7604,d,7603
7603,f,7603
7604,c,7604
7604,f,7604
7605,c,7604
7603,f,7604
7603,c,7604
7605,f,7604
7602,f,7604
7602,c,7604
7601,f,7604
7601,c,7604
7600,f,7604
7600,c,7604
7603,e,7605
7601,e,7605
7604,e,7605
7606,e,7605
7602,e,7605
7605,e,7605
7606,d,7607
7608,d,7607
7604,d,7607
7603,d,7607
7605,d,7607
7607,d,7607
7608,f,7608
7607,f,7608
7609,f,7608
7605,f,7608
7604,f,7608
7606,f,7608
7615,b,7615
7614,b,7615
7613,b,7615
7616,b,7615
7612,b,7615
7611,b,7615
7612,c,7616
7616,f,7616
7615,f,7616
7615,c,7616
7617,c,7616
7617,f,7616
7612,f,7616
7616,c,7616
7614,f,7616
7613,f,7616
7613,c,7616
7614,c,7616
7617,e,7617
7618,e,7617
7618,b,7617
7616,e,7617
7616,b,7617
7617,b,7617
7614,e,7617
7615,e,7617
7615,b,7617
7613,b,7617
7613,e,7617
7614,b,7617
7615,f,7618
7618,f,7618
7618,c,7618
7619,f,7618
7617,f,7618
7617,c,7618
7614,f,7618
7616,f,7618
7616,c,7618
7615,c,7618
7614,c,7618
7619,c,7618
7615,e,7619
7617,e,7619
7620,e,7619
7616,e,7619
7618,e,7619
7619,e,7619
7621,f,7620
7620,f,7620
7619,f,7620
7616,f,7620
7617,f,7620
7618,f,7620
7621,a,7621
7621,e,7621
7617,a,7621
7620,a,7621
7620,e,7621
7619,e,7621
7622,a,7621
7619,a,7621
7618,a,7621
7618,e,7621
7617,e,7621
7622,e,7621
7621,f,7622
7621,c,7622
7621,d,7622
7621,b,7622
7618,a,7622
7621,e,7622
7618,b,7622
7622,b,7622
7622,c,7622
7622,f,7622
7622,e,7622
7623,a,7622
7623,b,7622
7623,d,7622
7623,c,7622
7623,f,7622
7623,e,7622
7622,a,7622
7622,d,7622
7621,a,7622
7620,a,7622
7619,d,7622
7619,c,7622
7619,f,7622
7620,b,7622
7620,d,7622
7620,c,7622
7620,e,7622
7620,f,7622
7619,b,7622
7619,a,7622
7618,e,7622
7618,f,7622
7618,c,7622
7618,d,7622
7619,e,7622
7622,d,7623
7622,b,7623
7622,c,7623
7620,c,7623
7622,e,7623
7624,b,7623
7623,e,7623
7623,f,7623
7619,b,7623
7623,c,7623
7622,f,7623
7619,d,7623
7619,f,7623
7620,d,7623
7620,f,7623
7620,e,7623
7623,b,7623
7620,b,7623
7619,e,7623
7621,b,7623
7619,c,7623
7621,d,7623
7623,d,7623
7621,f,7623
7621,e,7623
7624,e,7623
7624,f,7623
7624,c,7623
7624,d,7623
7621,c,7623
7623,e,7624
7623,c,7624
7624,e,7624
7624,f,7624
7625,c,7624
7625,f,7624
7625,e,7624
7623,f,7624
7624,c,7624
7620,c,7624
7621,e,7624
7620,e,7624
7620,f,7624
7622,c,7624
7621,f,7624
7621,c,7624
7622,f,7624
7622,e,7624
7625,d,7625
7625,e,7625
7626,d,7625
7624,e,7625
7626,e,7625
7624,f,7625
7625,f,7625
7622,e,7625
7626,f,7625
7623,d,7625
7621,d,7625
7624,d,7625
7621,f,7625
7621,e,7625
7623,e,7625
7623,f,7625
7622,f,7625
7622,d,7625
7626,f,7626
7622,f,7626
7625,f,7626
7623,f,7626
7624,f,7626
7627,f,7626
7629,e,7629
7627,e,7629
7630,e,7629
7628,e,7629
7625,e,7629
7626,e,7629
7631,f,7630
7630,f,7630
7626,f,7630
7629,f,7630
7627,f,7630
7628,f,7630
7632,e,7631
7629,e,7631
7631,e,7631
7627,e,7631
7628,e,7631
7630,e,7631
7631,f,7632
7633,f,7632
7628,f,7632
7632,f,7632
7629,f,7632
7630,f,7632
7633,f,7633
7634,f,7633
7634,e,7633
7632,f,7633
7633,e,7633
7632,e,7633
7631,e,7633
7631,f,7633
7629,f,7633
7629,e,7633
7630,e,7633
7630,f,7633
7634,f,7634
7631,f,7634
7635,f,7634
7633,f,7634
7630,f,7634
7632,f,7634
7638,f,7637
7637,f,7637
7637,b,7637
7636,f,7637
7636,b,7637
7638,b,7637
7635,f,7637
7633,b,7637
7633,f,7637
7634,b,7637
7634,f,7637
7635,b,7637
7638,c,7638
7637,f,7638
7637,c,7638
7639,c,7638
7636,f,7638
7636,c,7638
7634,c,7638
7634,f,7638
7635,f,7638
7635,c,7638
7639,f,7638
7638,f,7638
7639,e,7639
7638,e,7639
7640,e,7639
7637,e,7639
7636,e,7639
7635,e,7639
7638,f,7640
7637,f,7640
7640,f,7640
7641,f,7640
7639,f,7640
7636,f,7640
7640,e,7644
7643,e,7644
7641,e,7644
7645,e,7644
7642,e,7644
7644,e,7644
7646,f,7645
7644,f,7645
7644,d,7645
7645,d,7645
7642,d,7645
7643,d,7645
7642,f,7645
7641,f,7645
7641,d,7645
7645,f,7645
7643,f,7645
7646,d,7645
7647,f,7646
7646,f,7646
7643,f,7646
7645,f,7646
7644,f,7646
7642,f,7646
7646,e,7649
7645,e,7649
7647,e,7649
7650,e,7649
7648,e,7649
7649,e,7649
7650,f,7650
7649,f,7650
7651,f,7650
7648,f,7650
7646,f,7650
7647,f,7650
7650,a,7651
7651,a,7651
7652,a,7651
7648,a,7651
7649,a,7651
7647,a,7651
7653,d,7652
7652,b,7652
7651,d,7652
7651,b,7652
7648,d,7652
7652,d,7652
7648,b,7652
7650,d,7652
7650,b,7652
7649,b,7652
7653,b,7652
7649,d,7652
7652,c,7653
7654,c,7653
7652,f,7653
7653,f,7653
7651,f,7653
7651,c,7653
7653,c,7653
7650,f,7653
7650,c,7653
7649,f,7653
7649,c,7653
7654,f,7653
7655,e,7654
7653,e,7654
7654,e,7654
7651,e,7654
7652,e,7654
7650,e,7654
7653,f,7655
7651,f,7655
7654,f,7655
7655,f,7655
7656,f,7655
7652,f,7655
7659,d,7659
7660,d,7659
7658,d,7659
7655,d,7659
7657,d,7659
7656,d,7659
7657,f,7660
7656,f,7660
7658,f,7660
7661,f,7660
7660,f,7660
7659,f,7660
7661,b,7661
7660,b,7661
7659,b,7661
7662,b,7661
7657,b,7661
7658,b,7661
7659,a,7662
7662,b,7662
7662,c,7662
7662,f,7662
7661,f,7662
7661,c,7662
7661,b,7662
7661,a,7662
7663,a,7662
7663,b,7662
7663,c,7662
7663,f,7662
7658,f,7662
7660,b,7662
7659,b,7662
7659,c,7662
7660,c,7662
7658,a,7662
7660,a,7662
7658,b,7662
7658,c,7662
7662,a,7662
7659,f,7662
7660,f,7662
7663,f,7663
7662,b,7663
7662,d,7663
7662,c,7663
7662,f,7663
7664,d,7663
7664,f,7663
7664,c,7663
7664,b,7663
7663,e,7663
7663,d,7663
7663,c,7663
7662,e,7663
7663,b,7663
7664,e,7663
7659,e,7663
7660,e,7663
7660,d,7663
7660,b,7663
7659,f,7663
7659,c,7663
7660,f,7663
7659,b,7663
7659,d,7663
7661,d,7663
7661,c,7663
7661,f,7663
7661,e,7663
7661,b,7663
7660,c,7663
7664,c,7664
7663,e,7664
7663,f,7664
7663,c,7664
7665,f,7664
7664,f,7664
7664,e,7664
7665,e,7664
7665,c,7664
7660,f,7664
7660,e,7664
7661,e,7664
7661,f,7664
7661,c,7664
7662,c,7664
7662,f,7664
7662,e,7664
7660,c,7664
7665,f,7665
7664,e,7665
7664,f,7665
7661,e,7665
7662,f,7665
7665,e,7665
7666,f,7665
7666,e,7665
7663,e,7665
7663,f,7665
7662,e,7665
7661,f,7665
7665,a,7666
7665,f,7666
7665,e,7666
7666,a,7666
7667,e,7666
7666,e,7666
7666,f,7666
7664,a,7666
7667,a,7666
7662,a,7666
7663,e,7666
7663,f,7666
7663,a,7666
7662,e,7666
7664,e,7666
7664,f,7666
7667,f,7666
7662,f,7666
7668,a,7667
7666,a,7667
7666,d,7667
7668,b,7667
7666,f,7667
7667,f,7667
7667,d,7667
7667,b,7667
7667,a,7667
7666,b,7667
7664,b,7667
7664,d,7667
7664,a,7667
7664,f,7667
7668,f,7667
7663,f,7667
7663,d,7667
7663,b,7667
7663,a,7667
7668,d,7667
7665,b,7667
7665,d,7667
7665,f,7667
7665,a,7667
7668,e,7668
7667,e,7668
7667,c,7668
7667,d,7668
7667,b,7668
7669,b,7668
7669,d,7668
7669,c,7668
7669,e,7668
7668,c,7668
7668,d,7668
7668,b,7668
7664,e,7668
7665,e,7668
7665,c,7668
7665,d,7668
7665,b,7668
7666,d,7668
7666,c,7668
7666,b,7668
7664,b,7668
7664,d,7668
7666,e,7668
7664,c,7668
7669,e,7669
7665,c,7669
7668,c,7669
7668,a,7669
7669,c,7669
7669,a,7669
7665,a,7669
7668,e,7669
7667,a,7669
7670,e,7669
7666,e,7669
7670,a,7669
7670,c,7669
7667,e,7669
7667,c,7669
7665,e,7669
7666,c,7669
7666,a,7669
7670,b,7670
7671,d,7670
7669,d,7670
7669,f,7670
7670,e,7670
7671,b,7670
7669,b,7670
7669,e,7670
7666,f,7670
7671,e,7670
7666,d,7670
7666,b,7670
7667,b,7670
7667,d,7670
7667,f,7670
7667,e,7670
7671,f,7670
7670,f,7670
7670,d,7670
7668,b,7670
7668,d,7670
7668,f,7670
7668,e,7670
7666,e,7670
7671,f,7671
7670,f,7671
7670,c,7671
7672,c,7671
7672,f,7671
7671,c,7671
7669,c,7671
7668,c,7671
7668,f,7671
7667,c,7671
7669,f,7671
7667,f,7671
7673,e,7672
7668,e,7672
7670,e,7672
7669,e,7672
7671,e,7672
7672,e,7672
7673,d,7673
7669,f,7673
7674,d,7673
7672,f,7673
7672,d,7673
7674,f,7673
7673,f,7673
7669,d,7673
7670,d,7673
7670,f,7673
7671,f,7673
7671,d,7673
7675,a,7674
7674,c,7674
7674,f,7674
7673,f,7674
7673,c,7674
7673,a,7674
7670,a,7674
7670,c,7674
7670,f,7674
7671,f,7674
7674,a,7674
7675,f,7674
7672,f,7674
7672,c,7674
7672,a,7674
7671,a,7674
7671,c,7674
7675,c,7674
7675,b,7675
7675,d,7675
7676,e,7675
7674,e,7675
7674,d,7675
7674,b,7675
7675,e,7675
7676,b,7675
7676,d,7675
7673,b,7675
7673,e,7675
7673,d,7675
7671,b,7675
7671,d,7675
7671,e,7675
7672,b,7675
7672,d,7675
7672,e,7675
7673,f,7676
7676,f,7676
7676,c,7676
7677,f,7676
7675,f,7676
7675,c,7676
7672,f,7676
7673,c,7676
7674,c,7676
7674,f,7676
7672,c,7676
7677,c,7676
7678,e,7677
7675,e,7677
7677,e,7677
7674,e,7677
7673,e,7677
7676,e,7677
7679,f,7678
7677,f,7678
7677,d,7678
7679,c,7678
7679,d,7678
7678,f,7678
7678,c,7678
7677,c,7678
7678,d,7678
7676,f,7678
7675,d,7678
7674,f,7678
7674,c,7678
7674,d,7678
7675,c,7678
7676,d,7678
7676,c,7678
7675,f,7678
7679,d,7679
7679,f,7679
7680,a,7679
7680,d,7679
7678,e,7679
7678,f,7679
7678,d,7679
7678,a,7679
7680,f,7679
7680,e,7679
7679,a,7679
7676,a,7679
7679,e,7679
7675,f,7679
7675,d,7679
7675,a,7679
7677,a,7679
7677,d,7679
7677,f,7679
7675,e,7679
7676,e,7679
7676,f,7679
7676,d,7679
7677,e,7679
7677,f,7680
7676,c,7680
7681,b,7680
7681,d,7680
7679,f,7680
7679,c,7680
7679,d,7680
7679,b,7680
7681,c,7680
7676,d,7680
7680,b,7680
7680,f,7680
7676,b,7680
7680,d,7680
7677,c,7680
7677,d,7680
7677,b,7680
7678,b,7680
7676,f,7680
7678,d,7680
7680,c,7680
7678,f,7680
7681,f,7680
7678,c,7680
7682,c,7681
7680,f,7681
7680,c,7681
7681,e,7681
7681,f,7681
7681,c,7681
7682,f,7681
7682,e,7681
7680,e,7681
7677,c,7681
7679,e,7681
7679,f,7681
7679,c,7681
7677,f,7681
7677,e,7681
7678,c,7681
7678,e,7681
7678,f,7681
7679,e,7682
7683,e,7682
7683,f,7682
7682,e,7682
7682,f,7682
7681,e,7682
7678,f,7682
7678,e,7682
7680,e,7682
7680,f,7682
7679,f,7682
7681,f,7682
7679,f,7683
7681,f,7683
7680,f,7683
7682,f,7683
7683,f,7683
7684,f,7683
7686,b,7687
7688,b,7687
7687,b,7687
7685,b,7687
7684,b,7687
7683,b,7687
7684,f,7688
7689,e,7688
7684,e,7688
7688,e,7688
7688,f,7688
7688,c,7688
7689,c,7688
7687,e,7688
7687,f,7688
7687,c,7688
7689,f,7688
7686,f,7688
7685,e,7688
7684,c,7688
7686,c,7688
7685,f,7688
7686,e,7688
7685,c,7688
7689,f,7689
7688,e,7689
7688,f,7689
7690,a,7689
7689,b,7689
7689,a,7689
7688,b,7689
7688,a,7689
7685,a,7689
7685,b,7689
7685,f,7689
7689,e,7689
7686,a,7689
7690,b,7689
7690,e,7689
7686,b,7689
7686,f,7689
7686,e,7689
7690,f,7689
7687,a,7689
7687,f,7689
7685,e,7689
7687,e,7689
7687,b,7689
7690,c,7690
7690,f,7690
7689,d,7690
7691,b,7690
7689,b,7690
7691,d,7690
7691,c,7690
7690,d,7690
7690,b,7690
7689,f,7690
7689,c,7690
7688,c,7690
7687,f,7690
7687,b,7690
7691,f,7690
7686,f,7690
7687,d,7690
7688,b,7690
7687,c,7690
7688,f,7690
7686,c,7690
7686,d,7690
7686,b,7690
7688,d,7690
7691,f,7691
7692,c,7691
7690,e,7691
7690,f,7691
7690,c,7691
7691,e,7691
7691,c,7691
7687,c,7691
7687,f,7691
7692,f,7691
7692,e,7691
7688,e,7691
7688,f,7691
7689,e,7691
7689,f,7691
7688,c,7691
7687,e,7691
7689,c,7691
7691,e,7692
7693,e,7692
7692,e,7692
7692,f,7692
7691,f,7692
7693,f,7692
7688,e,7692
7689,e,7692
7688,f,7692
7690,e,7692
7690,f,7692
7689,f,7692
7694,f,7693
7692,f,7693
7692,c,7693
7693,f,7693
7690,f,7693
7689,f,7693
7694,c,7693
7691,f,7693
7691,c,7693
7690,c,7693
7689,c,7693
7693,c,7693
7690,e,7694
7693,e,7694
7694,e,7694
7692,e,7694
7691,e,7694
7695,e,7694
7695,a,7696
7697,a,7696
7697,d,7696
7694,d,7696
7694,a,7696
7695,d,7696
7693,a,7696
7693,d,7696
7696,d,7696
7692,d,7696
7692,a,7696
7696,a,7696
7698,b,7697
7697,d,7697
7697,b,7697
7698,d,7697
7696,d,7697
7698,f,7697
7696,b,7697
7697,f,7697
7696,f,7697
7693,b,7697
7694,d,7697
7694,b,7697
7693,f,7697
7695,f,7697
7695,d,7697
7695,b,7697
7694,f,7697
7693,d,7697
7697,a,7698
7697,c,7698
7697,f,7698
7695,c,7698
7699,c,7698
7698,a,7698
7698,c,7698
7698,f,7698
7699,f,7698
7695,a,7698
7694,a,7698
7699,a,7698
7696,c,7698
7695,f,7698
7694,f,7698
7696,f,7698
7694,c,7698
7696,a,7698
7695,e,7699
7695,d,7699
7695,b,7699
7695,a,7699
7698,a,7699
7700,a,7699
7698,d,7699
7698,e,7699
7699,e,7699
7699,d,7699
7699,b,7699
7699,a,7699
7698,b,7699
7700,b,7699
7697,b,7699
7700,e,7699
7696,e,7699
7696,d,7699
7696,b,7699
7700,d,7699
7697,a,7699
7697,d,7699
7697,e,7699
7696,a,7699
7700,c,7700
7700,d,7700
7700,b,7700
7700,a,7700
7699,c,7700
7699,d,7700
7699,b,7700
7699,a,7700
7699,f,7700
7701,d,7700
7701,f,7700
7701,c,7700
7701,a,7700
7700,f,7700
7701,b,7700
7696,b,7700
7696,d,7700
7697,f,7700
7697,a,7700
7698,a,7700
7698,b,7700
7698,d,7700
7698,f,7700
7698,c,7700
7696,f,7700
7696,c,7700
7697,d,7700
7697,c,7700
7696,a,7700
7697,b,7700
7700,d,7701
7700,b,7701
7700,c,7701
7702,d,7701
7700,e,7701
7702,f,7701
7702,c,7701
7702,b,7701
7701,e,7701
7701,f,7701
7701,c,7701
7700,f,7701
7697,b,7701
7697,d,7701
7697,c,7701
7698,e,7701
7698,f,7701
7698,c,7701
7698,d,7701
7698,b,7701
7697,e,7701
7701,b,7701
7699,d,7701
7699,c,7701
7699,b,7701
7699,e,7701
7702,e,7701
7697,f,7701
7699,f,7701
7701,d,7701
7703,f,7702
7703,c,7702
7701,e,7702
7701,f,7702
7701,c,7702
7702,e,7702
7702,f,7702
7702,c,7702
7703,e,7702
7698,e,7702
7700,f,7702
7700,e,7702
7699,e,7702
7698,c,7702
7699,c,7702
7699,f,7702
7700,c,7702
7698,f,7702
7704,f,7703
7699,c,7703
7702,e,7703
7703,c,7703
7703,f,7703
7703,e,7703
7704,c,7703
7702,c,7703
7699,f,7703
7702,f,7703
7700,c,7703
7700,e,7703
7700,f,7703
7699,e,7703
7701,f,7703
7701,e,7703
7701,c,7703
7704,e,7703
7700,e,7704
7704,f,7704
7704,e,7704
7705,f,7704
7703,e,7704
7703,f,7704
7702,e,7704
7700,f,7704
7701,e,7704
7701,f,7704
7702,f,7704
7705,e,7704
7706,f,7705
7704,c,7705
7705,c,7705
7706,c,7705
7705,f,7705
7704,f,7705
7703,f,7705
7701,c,7705
7701,f,7705
7702,c,7705
7702,f,7705
7703,c,7705
7703,e,7706
7706,e,7706
7702,e,7706
7705,e,7706
7704,e,7706
7707,e,7706
7703,e,7707
7707,e,7707
7705,e,7707
7708,e,7707
7704,e,7707
7706,e,7707
7709,b,7708
7708,d,7708
7708,b,7708
7707,f,7708
7707,d,7708
7709,d,7708
7707,b,7708
7708,f,7708
7706,d,7708
7705,f,7708
7704,b,7708
7706,f,7708
7709,f,7708
7706,b,7708
7704,d,7708
7704,f,7708
7705,b,7708
7705,d,7708
7709,f,7709
7708,f,7709
7708,c,7709
7706,f,7709
7710,c,7709
7710,f,7709
7707,f,7709
7707,c,7709
7705,c,7709
7705,f,7709
7706,c,7709
7709,c,7709
7710,e,7710
7711,e,7710
7709,e,7710
7708,e,7710
7707,e,7710
7706,e,7710
7709,f,7711
7707,f,7711
7710,f,7711
7708,f,7711
7711,f,7711
7712,f,7711
7714,f,7714
7714,b,7714
7713,f,7714
7713,b,7714
7715,f,7714
7712,f,7714
7715,b,7714
7711,f,7714
7711,b,7714
7710,b,7714
7710,f,7714
7712,b,7714
7711,f,7715
7715,c,7715
7715,f,7715
7714,f,7715
7714,c,7715
7712,f,7715
7713,f,7715
7713,c,7715
7716,f,7715
7711,c,7715
7712,c,7715
7716,c,7715
7715,e,7716
7716,f,7716
7715,f,7716
7716,e,7716
7713,e,7716
7714,e,7716
7714,f,7716
7713,f,7716
7712,e,7716
7712,f,7716
7717,e,7716
7717,f,7716
7714,f,7717
7713,f,7717
7715,f,7717
7718,f,7717
7717,f,7717
7716,f,7717
7717,d,7718
7718,d,7718
7719,d,7718
7715,d,7718
7714,d,7718
7716,d,7718
7718,a,7719
7718,f,7719
7719,a,7719
7716,f,7719
7719,f,7719
7717,f,7719
7715,a,7719
7715,f,7719
7716,a,7719
7720,f,7719
7720,a,7719
7717,a,7719
7721,a,7720
7716,a,7720
7719,d,7720
7719,b,7720
7721,b,7720
7720,d,7720
7720,b,7720
7720,a,7720
7719,a,7720
7721,d,7720
7718,b,7720
7718,d,7720
7716,b,7720
7716,d,7720
7717,a,7720
7717,b,7720
7718,a,7720
7717,d,7720
7721,d,7721
7722,c,7721
7721,f,7721
7721,b,7721
7721,c,7721
7720,b,7721
7720,d,7721
7720,c,7721
7720,f,7721
7722,f,7721
7722,d,7721
7722,b,7721
7719,b,7721
7717,b,7721
7717,d,7721
7717,c,7721
7719,f,7721
7719,c,7721
7719,d,7721
7717,f,7721
7718,b,7721
7718,d,7721
7718,c,7721
7718,f,7721
7723,c,7722
7719,e,7722
7718,a,7722
7723,a,7722
7721,a,7722
7721,c,7722
7723,f,7722
7723,e,7722
7722,c,7722
7722,f,7722
7719,f,7722
7719,c,7722
7719,a,7722
7722,a,7722
7718,e,7722
7718,f,7722
7722,e,7722
7718,c,7722
7720,c,7722
7720,f,7722
7720,e,7722
7721,f,7722
7720,a,7722
7721,e,7722
7722,d,7723
7722,b,7723
7724,d,7723
7722,f,7723
7722,e,7723
7723,b,7723
7723,d,7723
7723,c,7723
7724,c,7723
7723,f,7723
7723,e,7723
7722,c,7723
7724,b,7723
7724,e,7723
7720,e,7723
7719,e,7723
7719,c,7723
7720,f,7723
7724,f,7723
7721,b,7723
7721,d,7723
7719,f,7723
7721,c,7723
7721,e,7723
7720,b,7723
7720,d,7723
7720,c,7723
7719,d,7723
7719,b,7723
7721,f,7723
7723,b,7724
7720,b,7724
7723,f,7724
7723,e,7724
7724,f,7724
7724,c,7724
7724,b,7724
7723,c,7724
7724,e,7724
7720,e,7724
7720,c,7724
7725,b,7724
7725,c,7724
7725,f,7724
7725,e,7724
7722,e,7724
7722,f,7724
7722,c,7724
7721,e,7724
7721,f,7724
7722,b,7724
7721,c,7724
7720,f,7724
7721,b,7724
7726,e,7725
7726,f,7725
7724,f,7725
7725,e,7725
7724,e,7725
7725,f,7725
7725,c,7725
7724,c,7725
7726,c,7725
7723,e,7725
7722,e,7725
7721,c,7725
7721,f,7725
7723,f,7725
7723,c,7725
7721,e,7725
7722,c,7725
7722,f,7725
7726,e,7726
7727,a,7726
7727,f,7726
7725,e,7726
7725,f,7726
7725,a,7726
7726,f,7726
7726,a,7726
7722,f,7726
7722,e,7726
7727,e,7726
7724,e,7726
7724,f,7726
7724,a,7726
7723,a,7726
7723,f,7726
7723,e,7726
7722,a,7726
7727,b,7727
7727,d,7727
7723,d,7727
7726,d,7727
7726,b,7727
7723,b,7727
7728,b,7727
7728,d,7727
7724,b,7727
7724,d,7727
7725,d,7727
7725,b,7727
7728,c,7728
7726,c,7728
7727,c,7728
7729,c,7728
7725,c,7728
7724,c,7728
7730,d,7729
7728,d,7729
7728,e,7729
7729,d,7729
7729,c,7729
7730,c,7729
7729,e,7729
7730,e,7729
7728,c,7729
7726,c,7729
7726,e,7729
7727,e,7729
7727,c,7729
7727,d,7729
7725,e,7729
7726,d,7729
7725,c,7729
7725,d,7729
7727,f,7730
7729,e,7730
7730,f,7730
7730,e,7730
7731,d,7730
7727,d,7730
7731,e,7730
7730,d,7730
7729,f,7730
7731,f,7730
7729,d,7730
7728,e,7730
7728,f,7730
7728,d,7730
7726,d,7730
7726,f,7730
7726,e,7730
7727,e,7730
7727,f,7731
7729,f,7731
7732,f,7731
7728,f,7731
7730,f,7731
7731,f,7731
7732,e,7732
7731,e,7732
7733,e,7732
7730,e,7732
7729,e,7732
7728,e,7732
7730,f,7733
7731,f,7733
7729,f,7733
7734,f,7733
7733,f,7733
7732,f,7733
7734,c,7735
7734,b,7735
7736,b,7735
7736,c,7735
7733,c,7735
7733,b,7735
7735,c,7735
7735,b,7735
7731,b,7735
7731,c,7735
7732,b,7735
7732,c,7735
7735,a,7736
7735,c,7736
7735,f,7736
7737,a,7736
7737,f,7736
7736,a,7736
7736,c,7736
7737,e,7736
7736,f,7736
7737,c,7736
7736,e,7736
7735,e,7736
7733,c,7736
7733,a,7736
7733,e,7736
7732,e,7736
7734,e,7736
7734,f,7736
7734,c,7736
7734,a,7736
7733,f,7736
7732,f,7736
7732,a,7736
7732,c,7736
7736,b,7737
7736,d,7737
7736,f,7737
7736,e,7737
7734,d,7737
7737,d,7737
7737,f,7737
7737,e,7737
7738,d,7737
7738,f,7737
7738,e,7737
7734,b,7737
7737,b,7737
7738,b,7737
7733,d,7737
7734,e,7737
7734,f,7737
7733,e,7737
7733,f,7737
7735,b,7737
7735,d,7737
7735,e,7737
7735,f,7737
7733,b,7737
7735,f,7738
7735,c,7738
7739,c,7738
7734,c,7738
7739,f,7738
7736,f,7738
7736,c,7738
7734,f,7738
7737,c,7738
7737,f,7738
7738,f,7738
7738,c,7738
7739,e,7739
7738,e,7739
7738,b,7739
7739,b,7739
7740,b,7739
7740,e,7739
7735,e,7739
7735,b,7739
7737,e,7739
7737,b,7739
7736,b,7739
7736,e,7739
7741,c,7740
7739,c,7740
7739,a,7740
7741,a,7740
7740,f,7740
7741,f,7740
7736,a,7740
7740,c,7740
7738,f,7740
7738,c,7740
7738,a,7740
7736,c,7740
7736,f,7740
7737,a,7740
7737,c,7740
7737,f,7740
7740,a,7740
7739,f,7740
7740,b,7741
7741,e,7741
7740,e,7741
7742,b,7741
7741,b,7741
7742,d,7741
7740,d,7741
7741,d,7741
7738,d,7741
7738,e,7741
7737,b,7741
7739,e,7741
7739,d,7741
7739,b,7741
7737,d,7741
7737,e,7741
7742,e,7741
7738,b,7741
7742,f,7742
7741,f,7742
7741,c,7742
7739,f,7742
7738,c,7742
7738,f,7742
7743,c,7742
7743,f,7742
7740,f,7742
7740,c,7742
7739,c,7742
7742,c,7742
7742,e,7743
7744,e,7743
7743,e,7743
7741,e,7743
7740,e,7743
7739,e,7743
7742,f,7744
7740,f,7744
7741,f,7744
7743,f,7744
7744,f,7744
7745,f,7744
7749,e,7748
7747,d,7748
7747,f,7748
7748,e,7748
7749,f,7748
7749,d,7748
7746,e,7748
7747,e,7748
7746,f,7748
7748,f,7748
7748,d,7748
7745,e,7748
7745,f,7748
7745,d,7748
7744,e,7748
7744,f,7748
7744,d,7748
7746,d,7748
7750,d,7749
7749,f,7749
7749,d,7749
7748,d,7749
7750,f,7749
7748,f,7749
7747,f,7749
7747,d,7749
7746,f,7749
7746,d,7749
7745,d,7749
7745,f,7749
7747,f,7750
7748,f,7750
7751,f,7750
7746,f,7750
7749,f,7750
7750,f,7750
7752,c,7751
7751,c,7751
7747,c,7751
7750,c,7751
7749,c,7751
7748,c,7751
7749,e,7752
7752,e,7752
7751,e,7752
7748,e,7752
7753,e,7752
7750,e,7752
7750,f,7753
7749,f,7753
7754,f,7753
7753,f,7753
7752,f,7753
7751,f,7753
7755,b,7754
7755,c,7754
7754,b,7754
7753,c,7754
7753,b,7754
7754,c,7754
7751,b,7754
7750,b,7754
7752,c,7754
7752,b,7754
7750,c,7754
7751,c,7754
7756,e,7755
7756,f,7755
7756,c,7755
7755,e,7755
7755,f,7755
7755,c,7755
7752,c,7755
7754,e,7755
7754,f,7755
7754,c,7755
7752,f,7755
7753,e,7755
7752,e,7755
7751,c,7755
7753,f,7755
7753,c,7755
7751,f,7755
7751,e,7755
7755,f,7756
7756,e,7756
7756,f,7756
7752,f,7756
7752,e,7756
7755,e,7756
7757,f,7756
7754,e,7756
7754,f,7756
7753,f,7756
7753,e,7756
7757,e,7756
7758,f,7757
7755,f,7757
7754,f,7757
7756,f,7757
7757,f,7757
7753,f,7757
7759,d,7758
7757,d,7758
7755,d,7758
7756,d,7758
7754,d,7758
7758,d,7758
7759,f,7759
7760,f,7759
7756,f,7759
7757,f,7759
7755,f,7759
7758,f,7759
7768,d,7768
7769,d,7768
7766,d,7768
7767,d,7768
7765,d,7768
7764,d,7768
7766,f,7769
7767,f,7769
7768,f,7769
7770,f,7769
7765,f,7769
7769,f,7769
7772,a,7771
7771,a,7771
7769,a,7771
7770,a,7771
7767,a,7771
7768,a,7771
7769,b,7772
7772,d,7772
7772,b,7772
7768,d,7772
7771,d,7772
7771,b,7772
7773,b,7772
7770,d,7772
7770,b,7772
7773,d,7772
7768,b,7772
7769,d,7772
7770,f,7773
7773,c,7773
7773,f,7773
7772,f,7773
7772,c,7773
7769,c,7773
7769,f,7773
7774,c,7773
7770,c,7773
7774,f,7773
7771,f,7773
7771,c,7773
7774,c,7774
7773,c,7774
7775,c,7774
7775,e,7774
7773,e,7774
7774,e,7774
7772,e,7774
7772,c,7774
7770,c,7774
7770,e,7774
7771,e,7774
7771,c,7774
7772,e,7775
7776,e,7775
7776,f,7775
7775,f,7775
7774,e,7775
7774,f,7775
7775,e,7775
7771,f,7775
7773,e,7775
7773,f,7775
7772,f,7775
7771,e,7775
7777,f,7776
7776,f,7776
7772,f,7776
7775,f,7776
7773,f,7776
7774,f,7776
7779,b,7779
7780,b,7779
7775,b,7779
7777,b,7779
7776,b,7779
7778,b,7779
7780,c,7780
7781,f,7780
7779,f,7780
7779,c,7780
7779,a,7780
7778,f,7780
7780,a,7780
7780,f,7780
7778,a,7780
7781,a,7780
7777,a,7780
7776,f,7780
7776,c,7780
7777,c,7780
7777,f,7780
7776,a,7780
7781,c,7780
7778,c,7780
7780,b,7781
7782,d,7781
7780,e,7781
7781,e,7781
7781,d,7781
7781,b,7781
7782,b,7781
7780,d,7781
7777,e,7781
7782,e,7781
7778,b,7781
7779,e,7781
7779,d,7781
7779,b,7781
7777,b,7781
7777,d,7781
7778,d,7781
7778,e,7781
7783,c,7782
7781,b,7782
7782,b,7782
7781,f,7782
7783,f,7782
7782,f,7782
7782,c,7782
7781,c,7782
7783,b,7782
7779,f,7782
7778,b,7782
7779,c,7782
7779,b,7782
7778,f,7782
7778,c,7782
7780,c,7782
7780,b,7782
7780,f,7782
7782,e,7783
7784,f,7783
7782,f,7783
7782,c,7783
7784,c,7783
7783,f,7783
7783,c,7783
7779,c,7783
7779,f,7783
7784,e,7783
7783,e,7783
7780,f,7783
7780,e,7783
7780,c,7783
7781,c,7783
7781,f,7783
7779,e,7783
7781,e,7783
7785,d,7784
7785,a,7784
7784,e,7784
7784,a,7784
7784,f,7784
7783,e,7784
7783,f,7784
7783,d,7784
7783,a,7784
7780,e,7784
7785,f,7784
7785,e,7784
7784,d,7784
7780,f,7784
7780,a,7784
7782,a,7784
7782,d,7784
7781,d,7784
7781,a,7784
7781,f,7784
7780,d,7784
7781,e,7784
7782,e,7784
7782,f,7784
7785,b,7785
7785,d,7785
7784,f,7785
7786,d,7785
7784,b,7785
7785,f,7785
7786,b,7785
7784,d,7785
7786,f,7785
7781,d,7785
7782,f,7785
7782,d,7785
7782,b,7785
7781,b,7785
7783,d,7785
7783,f,7785
7783,b,7785
7781,f,7785
7785,c,7786
7782,c,7786
7786,c,7786
7786,f,7786
7787,c,7786
7785,f,7786
7782,f,7786
7783,f,7786
7784,c,7786
7784,f,7786
7783,c,7786
7787,f,7786
7788,d,7787
7787,e,7787
7786,e,7787
7786,d,7787
7788,e,7787
7787,d,7787
7783,e,7787
7785,e,7787
7785,d,7787
7784,e,7787
7784,d,7787
7783,d,7787
7789,a,7788
7785,a,7788
7786,a,7788
7788,a,7788
7784,a,7788
7787,a,7788
7789,d,7789
7788,d,7789
7788,b,7789
7785,d,7789
7790,b,7789
7785,b,7789
7787,d,7789
7789,b,7789
7786,d,7789
7786,b,7789
7790,d,7789
7787,b,7789
7790,f,7790
7789,f,7790
7789,c,7790
7791,c,7790
7791,f,7790
7790,c,7790
7786,f,7790
7787,c,7790
7788,f,7790
7788,c,7790
7787,f,7790
7786,c,7790
7790,a,7791
7790,f,7791
7790,e,7791
7788,f,7791
7791,a,7791
7791,e,7791
7792,a,7791
7792,f,7791
7792,e,7791
7791,f,7791
7787,a,7791
7788,e,7791
7788,a,7791
7789,e,7791
7789,f,7791
7787,e,7791
7787,f,7791
7789,a,7791
7788,c,7792
7791,f,7792
7791,c,7792
7791,d,7792
7791,b,7792
7788,f,7792
7788,d,7792
7792,d,7792
7792,b,7792
7793,b,7792
7792,c,7792
7793,d,7792
7790,f,7792
7790,c,7792
7790,d,7792
7790,b,7792
7789,b,7792
7789,d,7792
7793,f,7792
7789,c,7792
7789,f,7792
7793,c,7792
7788,b,7792
7792,f,7792
7789,f,7793
7792,f,7793
7794,c,7793
7793,e,7793
7793,f,7793
7792,c,7793
7792,e,7793
7791,c,7793
7794,e,7793
7789,e,7793
7790,c,7793
7790,f,7793
7790,e,7793
7794,f,7793
7793,c,7793
7791,f,7793
7791,e,7793
7789,c,7793
7795,b,7794
7795,f,7794
7793,f,7794
7793,b,7794
7795,e,7794
7794,e,7794
7794,f,7794
7794,b,7794
7793,e,7794
7791,b,7794
7790,f,7794
7792,e,7794
7792,f,7794
7790,b,7794
7790,e,7794
7792,b,7794
7791,f,7794
7791,e,7794
7796,f,7795
7796,c,7795
7795,f,7795
7795,c,7795
7794,f,7795
7794,c,7795
7792,f,7795
7791,c,7795
7791,f,7795
7793,f,7795
7793,c,7795
7792,c,7795
7795,e,7796
7793,e,7796
7792,e,7796
7797,e,7796
7794,e,7796
7796,e,7796
7798,e,7797
7796,d,7797
7796,e,7797
7798,a,7797
7797,e,7797
7797,d,7797
7798,d,7797
7796,a,7797
7795,e,7797
7797,a,7797
7793,e,7797
7795,d,7797
7795,a,7797
7793,a,7797
7793,d,7797
7794,a,7797
7794,e,7797
7794,d,7797
7797,b,7798
7797,d,7798
7798,d,7798
7798,f,7798
7799,d,7798
7799,b,7798
7798,b,7798
7797,f,7798
7799,f,7798
7794,d,7798
7795,b,7798
7796,f,7798
7796,d,7798
7794,b,7798
7794,f,7798
7796,b,7798
7795,f,7798
7795,d,7798
7800,c,7799
7799,f,7799
7799,c,7799
7798,f,7799
7798,c,7799
7796,f,7799
7795,c,7799
7795,f,7799
7797,f,7799
7797,c,7799
7796,c,7799
7800,f,7799
7798,e,7800
7801,e,7800
7796,e,7800
7797,e,7800
7799,e,7800
7800,e,7800
7801,f,7801
7800,f,7801
7798,f,7801
7797,f,7801
7799,f,7801
7802,f,7801
7805,d,7804
7802,d,7804
7803,d,7804
7804,d,7804
7801,d,7804
7800,d,7804
7801,a,7805
7801,f,7805
7806,a,7805
7805,f,7805
7805,a,7805
7804,f,7805
7804,a,7805
7806,f,7805
7802,f,7805
7803,f,7805
7803,a,7805
7802,a,7805
7807,b,7806
7803,b,7806
7804,b,7806
7804,d,7806
7806,b,7806
7803,d,7806
7806,d,7806
7802,d,7806
7802,b,7806
7805,b,7806
7805,d,7806
7807,d,7806
7803,c,7807
7807,f,7807
7806,c,7807
7806,f,7807
7805,c,7807
7808,f,7807
7805,f,7807
7804,f,7807
7804,c,7807
7803,f,7807
7808,c,7807
7807,c,7807
7808,e,7808
7809,e,7808
7807,e,7808
7806,e,7808
7804,e,7808
7805,e,7808
7806,f,7809
7809,f,7809
7808,f,7809
7810,f,7809
7807,f,7809
7805,f,7809
7810,b,7810
7806,b,7810
7811,b,7810
7807,b,7810
7809,b,7810
7808,b,7810
7812,c,7811
7812,f,7811
7811,f,7811
7811,c,7811
7810,f,7811
7810,c,7811
7807,c,7811
7808,f,7811
7809,f,7811
7809,c,7811
7807,f,7811
7808,c,7811
7812,d,7812
7813,e,7812
7811,e,7812
7811,d,7812
7809,e,7812
7808,d,7812
7810,e,7812
7810,d,7812
7808,e,7812
7809,d,7812
7812,e,7812
7813,d,7812
7814,f,7813
7813,f,7813
7809,f,7813
7812,f,7813
7811,f,7813
7810,f,7813
7813,c,7816
7817,c,7816
7814,c,7816
7812,c,7816
7815,c,7816
7816,c,7816
7817,e,7817
7817,f,7817
7816,e,7817
7816,f,7817
7818,e,7817
7818,f,7817
7815,e,7817
7815,f,7817
7814,e,7817
7814,f,7817
7813,e,7817
7813,f,7817
7819,f,7818
7814,f,7818
7816,f,7818
7818,f,7818
7817,f,7818
7815,f,7818
7818,f,7819
7818,a,7819
7819,f,7819
7819,a,7819
7817,a,7819
7820,a,7819
7817,f,7819
7820,f,7819
7815,a,7819
7816,f,7819
7815,f,7819
7816,a,7819
7820,b,7820
7820,d,7820
7819,d,7820
7819,b,7820
7821,b,7820
7821,d,7820
7817,d,7820
7818,d,7820
7818,b,7820
7816,b,7820
7816,d,7820
7817,b,7820
7821,c,7821
7822,f,7821
7821,f,7821
7820,f,7821
7820,c,7821
7820,d,7821
7822,d,7821
7822,c,7821
7821,d,7821
7818,c,7821
7817,c,7821
7819,f,7821
7819,c,7821
7819,d,7821
7817,d,7821
7818,f,7821
7818,d,7821
7817,f,7821
7823,e,7822
7823,f,7822
7822,e,7822
7822,f,7822
7821,f,7822
7819,e,7822
7818,e,7822
7820,e,7822
7820,f,7822
7819,f,7822
7818,f,7822
7821,e,7822
7819,f,7823
7821,f,7823
7820,f,7823
7822,f,7823
7823,f,7823
7824,f,7823
7826,a,7827
7828,a,7827
7827,a,7827
7825,a,7827
7824,a,7827
7823,a,7827
7824,b,7828
7829,d,7828
7829,b,7828
7828,d,7828
7828,b,7828
7827,d,7828
7827,b,7828
7824,d,7828
7826,d,7828
7826,b,7828
7825,b,7828
7825,d,7828
7828,f,7829
7829,f,7829
7829,c,7829
7826,f,7829
7828,c,7829
7825,c,7829
7830,c,7829
7830,f,7829
7827,f,7829
7827,c,7829
7826,c,7829
7825,f,7829
7828,e,7830
7831,e,7830
7827,e,7830
7829,e,7830
7830,e,7830
7826,e,7830
7831,e,7831
7832,e,7831
7831,f,7831
7830,e,7831
7830,f,7831
7832,f,7831
7828,e,7831
7827,f,7831
7829,e,7831
7829,f,7831
7827,e,7831
7828,f,7831
7833,c,7832
7833,f,7832
7831,f,7832
7831,c,7832
7832,f,7832
7829,f,7832
7830,f,7832
7830,c,7832
7828,c,7832
7828,f,7832
7829,c,7832
7832,c,7832
7834,e,7833
7833,e,7833
7832,e,7833
7829,e,7833
7831,e,7833
7830,e,7833
7832,f,7834
7831,f,7834
7833,f,7834
7830,f,7834
7834,f,7834
7835,f,7834
7836,b,7837
7838,b,7837
7835,b,7837
7837,b,7837
7834,b,7837
7833,b,7837
7837,c,7838
7838,c,7838
7839,f,7838
7837,f,7838
7838,f,7838
7839,c,7838
7835,f,7838
7834,c,7838
7836,f,7838
7836,c,7838
7835,c,7838
7834,f,7838
7836,e,7839
7837,e,7839
7840,e,7839
7839,e,7839
7835,e,7839
7838,e,7839
7839,d,7840
7839,f,7840
7839,e,7840
7836,f,7840
7841,d,7840
7840,d,7840
7841,f,7840
7841,e,7840
7838,f,7840
7838,e,7840
7836,d,7840
7838,d,7840
7837,e,7840
7837,f,7840
7837,d,7840
7836,e,7840
7840,f,7840
7840,e,7840
7841,f,7841
7842,f,7841
7837,f,7841
7840,f,7841
7839,f,7841
7838,f,7841
7840,a,7843
7842,b,7843
7842,a,7843
7844,a,7843
7844,b,7843
7843,b,7843
7841,b,7843
7843,a,7843
7839,a,7843
7839,b,7843
7840,b,7843
7841,a,7843
7844,c,7844
7844,d,7844
7845,b,7844
7845,d,7844
7843,f,7844
7843,c,7844
7843,d,7844
7845,c,7844
7845,f,7844
7843,b,7844
7844,f,7844
7844,b,7844
7840,d,7844
7841,f,7844
7841,c,7844
7841,d,7844
7841,b,7844
7842,d,7844
7842,c,7844
7842,b,7844
7842,f,7844
7840,b,7844
7840,f,7844
7840,c,7844
7845,f,7845
7846,a,7845
7844,e,7845
7844,f,7845
7844,c,7845
7844,a,7845
7845,c,7845
7845,a,7845
7841,a,7845
7845,e,7845
7842,a,7845
7846,e,7845
7842,c,7845
7842,f,7845
7842,e,7845
7846,f,7845
7841,e,7845
7841,f,7845
7841,c,7845
7846,c,7845
7843,c,7845
7843,f,7845
7843,e,7845
7843,a,7845
7845,d,7846
7845,b,7846
7846,f,7846
7846,e,7846
7847,b,7846
7847,d,7846
7845,e,7846
7846,d,7846
7846,b,7846
7845,f,7846
7847,e,7846
7843,e,7846
7843,b,7846
7842,e,7846
7842,f,7846
7843,d,7846
7847,f,7846
7843,f,7846
7844,d,7846
7844,f,7846
7844,e,7846
7842,d,7846
7842,b,7846
7844,b,7846
7847,f,7847
7846,f,7847
7846,c,7847
7847,c,7847
7844,f,7847
7843,c,7847
7843,f,7847
7848,c,7847
7848,f,7847
7845,f,7847
7845,c,7847
7844,c,7847
7848,d,7848
7848,f,7848
7847,e,7848
7847,f,7848
7847,d,7848
7849,e,7848
7849,d,7848
7849,f,7848
7848,e,7848
7845,e,7848
7844,d,7848
7845,d,7848
7845,f,7848
7844,e,7848
7844,f,7848
7846,d,7848
7846,f,7848
7846,e,7848
7845,f,7849
7847,f,7849
7850,f,7849
7848,f,7849
7849,f,7849
7846,f,7849
7851,b,7850
7849,b,7850
7846,b,7850
7850,b,7850
7848,b,7850
7847,b,7850
7848,c,7851
7852,c,7851
7847,c,7851
7850,c,7851
7851,c,7851
7849,c,7851
7853,e,7852
7850,e,7852
7852,e,7852
7849,e,7852
7848,e,7852
7851,e,7852
7853,f,7853
7852,f,7853
7852,b,7853
7854,b,7853
7854,f,7853
7853,b,7853
7851,b,7853
7849,b,7853
7850,f,7853
7850,b,7853
7849,f,7853
7851,f,7853
7855,f,7854
7854,b,7854
7853,f,7854
7854,f,7854
7853,b,7854
7855,b,7854
7855,c,7854
7854,c,7854
7853,c,7854
7850,b,7854
7851,c,7854
7851,b,7854
7850,f,7854
7852,f,7854
7852,c,7854
7852,b,7854
7851,f,7854
7850,c,7854
7854,a,7855
7854,c,7855
7856,c,7855
7854,e,7855
7852,c,7855
7855,a,7855
7855,c,7855
7855,f,7855
7855,e,7855
7856,e,7855
7856,a,7855
7852,a,7855
7851,a,7855
7854,f,7855
7851,f,7855
7852,f,7855
7852,e,7855
7851,e,7855
7851,c,7855
7853,a,7855
7853,c,7855
7856,f,7855
7853,e,7855
7853,f,7855
7853,e,7856
7853,f,7856
7856,b,7856
7856,d,7856
7856,f,7856
7856,e,7856
7855,e,7856
7855,f,7856
7855,d,7856
7855,b,7856
7852,b,7856
7852,d,7856
7852,f,7856
7857,e,7856
7853,d,7856
7857,d,7856
7853,b,7856
7857,b,7856
7854,e,7856
7854,f,7856
7854,d,7856
7854,b,7856
7852,e,7856
7857,f,7856
7856,f,7857
7858,c,7857
7856,c,7857
7857,f,7857
7857,c,7857
7855,f,7857
7855,c,7857
7854,f,7857
7854,c,7857
7853,f,7857
7853,c,7857
7858,f,7857
7859,e,7858
7858,c,7858
7858,f,7858
7858,e,7858
7859,c,7858
7857,e,7858
7857,f,7858
7857,c,7858
7859,f,7858
7855,e,7858
7856,e,7858
7856,f,7858
7854,c,7858
7854,f,7858
7854,e,7858
7856,c,7858
7855,c,7858
7855,f,7858
7856,e,7859
7859,e,7859
7858,e,7859
7857,e,7859
7855,e,7859
7860,e,7859
7860,b,7860
7858,b,7860
7861,b,7860
7856,b,7860
7857,b,7860
7859,b,7860
7862,f,7861
7862,c,7861
7861,f,7861
7860,f,7861
7860,c,7861
7861,c,7861
7858,c,7861
7857,c,7861
7859,f,7861
7859,c,7861
7857,f,7861
7858,f,7861
7863,e,7862
7863,a,7862
7862,e,7862
7862,a,7862
7859,a,7862
7861,e,7862
7861,a,7862
7858,a,7862
7859,e,7862
7858,e,7862
7860,a,7862
7860,e,7862
7859,f,7863
7862,f,7863
7859,d,7863
7863,f,7863
7863,d,7863
7863,b,7863
7862,d,7863
7859,b,7863
7861,d,7863
7861,b,7863
7860,b,7863
7860,d,7863
7860,f,7863
7864,f,7863
7864,b,7863
7864,d,7863
7861,f,7863
7862,b,7863
7860,f,7864
7863,c,7864
7863,e,7864
7864,e,7864
7864,f,7864
7864,c,7864
7863,d,7864
7863,f,7864
7862,c,7864
7865,c,7864
7860,e,7864
7860,d,7864
7861,d,7864
7861,c,7864
7861,f,7864
7865,d,7864
7861,e,7864
7862,d,7864
7860,c,7864
7862,f,7864
7862,e,7864
7865,f,7864
7865,e,7864
7864,d,7864
7865,f,7865
7865,e,7865
7864,e,7865
7864,f,7865
7861,e,7865
7862,e,7865
7861,f,7865
7866,e,7865
7862,f,7865
7866,f,7865
7863,f,7865
7863,e,7865
7864,f,7866
7866,d,7866
7866,f,7866
7865,f,7866
7865,d,7866
7864,d,7866
7863,d,7866
7862,d,7866
7867,d,7866
7867,f,7866
7862,f,7866
7863,f,7866
7868,f,7867
7866,f,7867
7867,f,7867
7864,f,7867
7863,f,7867
7865,f,7867
7868,a,7868
7867,e,7868
7867,a,7868
7864,a,7868
7864,e,7868
7868,e,7868
7869,e,7868
7869,a,7868
7866,e,7868
7866,a,7868
7865,a,7868
7865,e,7868
7869,b,7869
7869,d,7869
7865,d,7869
7868,d,7869
7870,d,7869
7868,b,7869
7868,a,7869
7869,a,7869
7870,b,7869
7865,b,7869
7870,a,7869
7866,d,7869
7866,b,7869
7866,a,7869
7867,a,7869
7867,d,7869
7867,b,7869
7865,a,7869
7870,f,7870
7866,b,7870
7870,c,7870
7869,c,7870
7869,d,7870
7869,b,7870
7870,d,7870
7870,b,7870
7869,f,7870
7866,d,7870
7867,c,7870
7868,b,7870
7867,f,7870
7866,c,7870
7871,b,7870
7868,f,7870
7868,c,7870
7868,d,7870
7867,d,7870
7866,f,7870
7867,b,7870
7871,d,7870
7871,c,7870
7871,f,7870
7871,c,7871
7870,f,7871
7870,c,7871
7872,c,7871
7870,e,7871
7868,f,7871
7872,e,7871
7867,c,7871
7867,f,7871
7867,e,7871
7871,f,7871
7868,c,7871
7872,f,7871
7868,e,7871
7869,c,7871
7869,f,7871
7869,e,7871
7871,e,7871
7873,f,7872
7872,e,7872
7871,e,7872
7871,f,7872
7871,d,7872
7872,f,7872
7873,e,7872
7873,d,7872
7872,d,7872
7870,e,7872
7868,f,7872
7868,e,7872
7868,d,7872
7869,f,7872
7869,e,7872
7869,d,7872
7870,d,7872
7870,f,7872
7871,f,7873
7872,f,7873
7874,f,7873
7873,f,7873
7869,f,7873
7870,f,7873
7874,c,7875
7876,c,7875
7873,c,7875
7875,c,7875
7872,c,7875
7871,c,7875
7877,f,7876
7876,e,7876
7876,f,7876
7876,d,7876
7877,e,7876
7875,e,7876
7875,f,7876
7877,d,7876
7875,d,7876
7874,e,7876
7872,d,7876
7872,f,7876
7873,d,7876
7873,f,7876
7873,e,7876
7872,e,7876
7874,d,7876
7874,f,7876
7875,f,7877
7876,f,7877
7877,f,7877
7874,f,7877
7878,f,7877
7873,f,7877
7876,e,7880
7881,e,7880
7877,e,7880
7878,e,7880
7879,e,7880
7880,e,7880
7882,f,7881
7881,f,7881
7877,f,7881
7879,f,7881
7878,f,7881
7880,f,7881
7885,d,7886
7887,c,7886
7887,d,7886
7886,c,7886
7886,d,7886
7885,c,7886
7884,c,7886
7882,d,7886
7884,d,7886
7882,c,7886
7883,d,7886
7883,c,7886
7887,e,7887
7887,f,7887
7888,e,7887
7886,e,7887
7888,f,7887
7884,f,7887
7885,e,7887
7885,f,7887
7883,f,7887
7883,e,7887
7884,e,7887
7886,f,7887
7885,f,7888
7886,f,7888
7889,f,7888
7888,f,7888
7884,f,7888
7887,f,7888
7888,e,7889
7889,e,7889
7890,e,7889
7885,e,7889
7887,e,7889
7886,e,7889
7889,b,7890
7891,b,7890
7891,f,7890
7887,f,7890
7889,f,7890
7888,f,7890
7887,b,7890
7886,f,7890
7890,b,7890
7890,f,7890
7886,b,7890
7888,b,7890
7890,f,7891
7890,c,7891
7890,d,7891
7891,d,7891
7891,f,7891
7891,e,7891
7892,d,7891
7892,c,7891
7892,f,7891
7890,e,7891
7892,e,7891
7891,c,7891
7887,f,7891
7887,e,7891
7888,d,7891
7888,c,7891
7888,f,7891
7887,c,7891
7888,e,7891
7889,e,7891
7889,d,7891
7889,f,7891
7889,c,7891
7887,d,7891
7891,e,7892
7892,f,7892
7889,e,7892
7892,e,7892
7893,f,7892
7891,f,7892
7889,f,7892
7888,e,7892
7893,e,7892
7890,e,7892
7888,f,7892
7890,f,7892
7894,b,7893
7889,b,7893
7892,f,7893
7892,b,7893
7894,f,7893
7893,b,7893
7893,f,7893
7889,f,7893
7890,b,7893
7890,f,7893
7891,f,7893
7891,b,7893
7893,f,7894
7894,f,7894
7894,c,7894
7895,f,7894
7893,c,7894
7890,c,7894
7895,c,7894
7892,f,7894
7892,c,7894
7891,c,7894
7891,f,7894
7890,f,7894
7892,e,7895
7893,e,7895
7896,e,7895
7894,e,7895
7895,e,7895
7891,e,7895
7897,d,7896
7896,d,7896
7895,d,7896
7893,d,7896
7894,d,7896
7892,d,7896
7898,a,7897
7894,f,7897
7894,a,7897
7893,f,7897
7895,a,7897
7895,f,7897
7897,a,7897
7896,f,7897
7897,f,7897
7893,a,7897
7898,f,7897
7896,a,7897
7899,b,7898
7897,d,7898
7898,d,7898
7898,b,7898
7897,b,7898
7899,d,7898
7894,d,7898
7894,b,7898
7896,b,7898
7895,d,7898
7895,b,7898
7896,d,7898
7899,c,7899
7898,f,7899
7900,f,7899
7899,f,7899
7900,d,7899
7900,c,7899
7898,c,7899
7898,d,7899
7899,d,7899
7896,d,7899
7895,f,7899
7895,d,7899
7896,c,7899
7896,f,7899
7897,f,7899
7897,c,7899
7897,d,7899
7895,c,7899
7901,e,7900
7896,b,7900
7896,f,7900
7899,e,7900
7900,e,7900
7900,f,7900
7901,f,7900
7899,b,7900
7898,e,7900
7898,f,7900
7898,b,7900
7896,e,7900
7897,b,7900
7897,f,7900
7897,e,7900
7901,b,7900
7900,b,7900
7899,f,7900
7900,b,7901
7900,f,7901
7900,c,7901
7902,b,7901
7901,f,7901
7901,c,7901
7901,d,7901
7901,b,7901
7900,d,7901
7902,d,7901
7897,d,7901
7902,f,7901
7897,c,7901
7897,f,7901
7898,b,7901
7898,d,7901
7898,c,7901
7898,f,7901
7902,c,7901
7899,d,7901
7899,b,7901
7897,b,7901
7899,c,7901
7899,f,7901
7903,f,7902
7901,e,7902
7901,f,7902
7901,c,7902
7902,e,7902
7902,f,7902
7902,c,7902
7903,c,7902
7903,e,7902
7898,c,7902
7900,c,7902
7898,f,7902
7899,c,7902
7899,f,7902
7899,e,7902
7898,e,7902
7900,e,7902
7900,f,7902
7901,b,7903
7904,e,7903
7900,e,7903
7902,e,7903
7902,f,7903
7902,b,7903
7900,f,7903
7900,b,7903
7903,e,7903
7899,e,7903
7904,f,7903
7904,b,7903
7903,b,7903
7903,f,7903
7901,e,7903
7901,f,7903
7899,f,7903
7899,b,7903
7900,c,7904
7904,f,7904
7905,c,7904
7905,f,7904
7904,c,7904
7903,f,7904
7900,f,7904
7901,f,7904
7901,c,7904
7902,f,7904
7902,c,7904
7903,c,7904
7906,e,7905
7905,e,7905
7903,e,7905
7901,e,7905
7902,e,7905
7904,e,7905
7904,b,7907
7905,b,7907
7908,b,7907
7903,b,7907
7906,b,7907
7907,b,7907
7909,f,7908
7909,c,7908
7907,c,7908
7908,f,7908
7908,c,7908
7907,f,7908
7904,c,7908
7906,f,7908
7906,c,7908
7905,f,7908
7905,c,7908
7904,f,7908
7906,e,7909
7907,e,7909
7905,e,7909
7908,e,7909
7910,e,7909
7909,e,7909
7911,f,7910
7910,f,7910
7909,f,7910
7908,f,7910
7907,f,7910
7906,f,7910
7910,e,7914
7911,e,7914
7912,e,7914
7915,e,7914
7913,e,7914
7914,e,7914
7914,c,7915
7916,c,7915
7915,f,7915
7916,f,7915
7914,f,7915
7915,c,7915
7913,f,7915
7913,c,7915
7912,f,7915
7912,c,7915
7911,f,7915
7911,c,7915
7912,e,7916
7914,e,7916
7913,e,7916
7915,e,7916
7917,e,7916
7916,e,7916
7913,f,7917
7917,f,7917
7918,f,7917
7914,f,7917
7915,f,7917
7916,f,7917
7916,a,7920
7920,a,7920
7919,a,7920
7918,a,7920
7921,a,7920
7917,a,7920
7918,b,7921
7921,d,7921
7920,d,7921
7920,b,7921
7922,b,7921
7921,b,7921
7922,d,7921
7917,b,7921
7917,d,7921
7918,d,7921
7919,d,7921
7919,b,7921
7922,f,7922
7922,c,7922
7921,e,7922
7921,f,7922
7922,e,7922
7923,c,7922
7923,f,7922
7923,e,7922
7921,c,7922
7918,e,7922
7919,e,7922
7918,f,7922
7918,c,7922
7919,f,7922
7919,c,7922
7920,f,7922
7920,e,7922
7920,c,7922
7923,f,7923
7923,d,7923
7923,e,7923
7922,e,7923
7922,f,7923
7922,d,7923
7924,e,7923
7920,f,7923
7920,e,7923
7919,d,7923
7920,d,7923
7919,e,7923
7919,f,7923
7921,d,7923
7924,f,7923
7921,e,7923
7921,f,7923
7924,d,7923
7925,f,7924
7922,f,7924
7921,f,7924
7923,f,7924
7920,f,7924
7924,f,7924
7924,c,7925
7925,c,7925
7926,c,7925
7923,c,7925
7921,c,7925
7922,c,7925
7927,e,7926
7926,e,7926
7925,e,7926
7925,d,7926
7927,d,7926
7926,d,7926
7924,e,7926
7924,d,7926
7922,d,7926
7922,e,7926
7923,d,7926
7923,e,7926
7928,c,7927
7926,f,7927
7926,c,7927
7927,c,7927
7928,f,7927
7927,f,7927
7923,c,7927
7925,f,7927
7925,c,7927
7924,f,7927
7924,c,7927
7923,f,7927
7929,e,7928
7928,e,7928
7927,e,7928
7925,e,7928
7926,e,7928
7924,e,7928
7927,f,7929
7925,f,7929
7926,f,7929
7928,f,7929
7929,f,7929
7930,f,7929
7934,f,7935
7936,f,7935
7936,d,7935
7935,f,7935
7935,d,7935
7933,f,7935
7934,d,7935
7931,d,7935
7933,d,7935
7931,f,7935
7932,f,7935
7932,d,7935
7937,f,7936
7936,f,7936
7935,f,7936
7933,f,7936
7934,f,7936
7932,f,7936
7935,d,7938
7939,d,7938
7937,c,7938
7937,d,7938
7938,d,7938
7939,c,7938
7934,c,7938
7938,c,7938
7936,d,7938
7934,d,7938
7935,c,7938
7936,c,7938
7939,f,7939
7940,f,7939
7940,e,7939
7938,e,7939
7938,f,7939
7939,e,7939
7935,f,7939
7937,e,7939
7937,f,7939
7936,e,7939
7936,f,7939
7935,e,7939
7941,f,7940
7937,f,7940
7940,f,7940
7936,f,7940
7938,f,7940
7939,f,7940
7946,f,7945
7941,f,7945
7942,f,7945
7943,f,7945
7944,f,7945
7945,f,7945
7947,f,7946
7946,f,7946
7942,f,7946
7945,f,7946
7944,f,7946
7943,f,7946
7949,d,7949
7949,c,7949
7948,c,7949
7948,d,7949
7948,a,7949
7950,a,7949
7950,d,7949
7950,c,7949
7949,a,7949
7947,d,7949
7945,a,7949
7946,c,7949
7945,d,7949
7945,c,7949
7946,a,7949
7946,d,7949
7947,a,7949
7947,c,7949
7949,f,7950
7951,f,7950
7951,e,7950
7950,e,7950
7949,d,7950
7949,b,7950
7950,b,7950
7950,f,7950
7949,e,7950
7950,d,7950
7951,b,7950
7947,e,7950
7948,e,7950
7948,f,7950
7948,d,7950
7948,b,7950
7946,f,7950
7946,e,7950
7951,d,7950
7947,b,7950
7946,b,7950
7946,d,7950
7947,d,7950
7947,f,7950
7950,c,7951
7948,f,7951
7952,f,7951
7952,c,7951
7950,f,7951
7949,f,7951
7949,c,7951
7947,c,7951
7947,f,7951
7948,c,7951
7951,c,7951
7951,f,7951
7953,a,7952
7951,e,7952
7952,a,7952
7952,e,7952
7951,a,7952
7953,e,7952
7948,e,7952
7948,a,7952
7950,e,7952
7950,a,7952
7949,a,7952
7949,e,7952
7949,b,7953
7953,b,7953
7954,b,7953
7954,d,7953
7954,f,7953
7952,f,7953
7952,d,7953
7952,b,7953
7953,d,7953
7953,f,7953
7951,f,7953
7951,d,7953
7951,b,7953
7949,f,7953
7950,b,7953
7950,d,7953
7950,f,7953
7949,d,7953
7954,f,7954
7955,c,7954
7955,f,7954
7950,f,7954
7953,f,7954
7950,c,7954
7954,c,7954
7951,f,7954
7951,c,7954
7953,c,7954
7952,f,7954
7952,c,7954
7956,e,7955
7955,e,7955
7951,e,7955
7954,e,7955
7953,e,7955
7952,e,7955
7952,f,7956
7954,f,7956
7956,f,7956
7957,f,7956
7953,f,7956
7955,f,7956
7956,a,7957
7957,a,7957
7958,a,7957
7954,a,7957
7953,a,7957
7955,a,7957
7957,d,7958
7957,b,7958
7959,d,7958
7957,e,7958
7958,e,7958
7958,d,7958
7959,b,7958
7959,e,7958
7958,b,7958
7956,e,7958
7956,d,7958
7956,b,7958
7955,d,7958
7955,b,7958
7954,e,7958
7954,d,7958
7954,b,7958
7955,e,7958
7959,f,7959
7960,f,7959
7958,f,7959
7958,c,7959
7959,c,7959
7960,c,7959
7955,c,7959
7957,f,7959
7957,c,7959
7955,f,7959
7956,c,7959
7956,f,7959
7961,e,7960
7961,f,7960
7960,e,7960
7960,f,7960
7959,e,7960
7959,f,7960
7957,e,7960
7956,e,7960
7957,f,7960
7958,f,7960
7956,f,7960
7958,e,7960
7961,f,7961
7960,f,7961
7958,f,7961
7957,f,7961
7962,f,7961
7959,f,7961
7963,b,7962
7962,c,7962
7961,c,7962
7961,b,7962
7958,c,7962
7958,b,7962
7962,b,7962
7963,c,7962
7960,c,7962
7959,b,7962
7960,b,7962
7959,c,7962
7963,f,7963
7963,e,7963
7964,e,7963
7962,e,7963
7962,f,7963
7962,c,7963
7964,f,7963
7963,c,7963
7964,c,7963
7961,e,7963
7959,f,7963
7959,c,7963
7961,f,7963
7961,c,7963
7960,c,7963
7960,f,7963
7959,e,7963
7960,e,7963
7964,f,7964
7964,e,7964
7963,e,7964
7963,f,7964
7961,e,7964
7965,f,7964
7965,e,7964
7962,e,7964
7962,f,7964
7961,f,7964
7960,e,7964
7960,f,7964
7964,f,7965
7965,f,7965
7966,f,7965
7961,f,7965
7963,f,7965
7962,f,7965
7963,c,7966
7964,c,7966
7967,c,7966
7962,c,7966
7966,c,7966
7965,c,7966
7967,e,7967
7967,d,7967
7966,e,7967
7966,d,7967
7968,d,7967
7968,e,7967
7964,d,7967
7965,e,7967
7965,d,7967
7964,e,7967
7963,d,7967
7963,e,7967
7965,f,7968
7969,f,7968
7968,f,7968
7964,f,7968
7966,f,7968
7967,f,7968
7971,e,7972
7968,e,7972
7969,e,7972
7970,e,7972
7973,e,7972
7972,e,7972
7974,f,7973
7972,f,7973
7973,f,7973
7971,f,7973
7970,f,7973
7969,f,7973
7974,b,7974
7970,b,7974
7972,b,7974
7975,b,7974
7973,b,7974
7971,b,7974
7975,f,7975
7975,c,7975
7974,f,7975
7974,c,7975
7976,f,7975
7971,c,7975
7976,c,7975
7973,f,7975
7973,c,7975
7971,f,7975
7972,c,7975
7972,f,7975
7976,c,7976
7976,e,7976
7975,e,7976
7975,c,7976
7977,c,7976
7973,c,7976
7973,e,7976
7974,e,7976
7974,c,7976
7972,c,7976
7972,e,7976
7977,e,7976
7977,f,7977
7978,e,7977
7977,e,7977
7976,e,7977
7976,f,7977
7976,b,7977
7978,b,7977
7978,f,7977
7977,b,7977
7974,b,7977
7973,b,7977
7973,e,7977
7974,f,7977
7974,e,7977
7975,b,7977
7973,f,7977
7975,e,7977
7975,f,7977
7978,c,7978
7978,f,7978
7977,f,7978
7977,c,7978
7975,f,7978
7974,c,7978
7974,f,7978
7975,c,7978
7979,f,7978
7976,f,7978
7976,c,7978
7979,c,7978
7979,c,7979
7979,f,7979
7980,e,7979
7979,e,7979
7975,e,7979
7978,e,7979
7978,f,7979
7978,c,7979
7980,c,7979
7975,f,7979
7980,f,7979
7975,c,7979
7976,c,7979
7977,e,7979
7977,f,7979
7977,c,7979
7976,f,7979
7976,e,7979
7980,a,7980
7980,f,7980
7980,e,7980
7979,e,7980
7979,f,7980
7979,a,7980
7976,a,7980
7976,f,7980
7976,e,7980
7981,f,7980
7981,e,7980
7977,e,7980
7978,e,7980
7978,f,7980
7978,a,7980
7981,a,7980
7977,a,7980
7977,f,7980
7982,d,7981
7982,f,7981
7981,f,7981
7980,f,7981
7980,d,7981
7981,d,7981
7981,b,7981
7980,b,7981
7982,b,7981
7979,d,7981
7977,b,7981
7977,f,7981
7979,f,7981
7979,b,7981
7978,b,7981
7978,d,7981
7978,f,7981
7977,d,7981
7982,c,7982
7982,f,7982
7981,f,7982
7981,c,7982
7983,c,7982
7978,c,7982
7983,f,7982
7980,f,7982
7980,c,7982
7979,c,7982
7979,f,7982
7978,f,7982
7983,b,7983
7983,d,7983
7983,e,7983
7982,e,7983
7982,d,7983
7982,b,7983
7984,e,7983
7979,d,7983
7984,b,7983
7979,e,7983
7981,e,7983
7981,d,7983
7981,b,7983
7979,b,7983
7984,d,7983
7980,b,7983
7980,e,7983
7980,d,7983
7984,c,7984
7983,c,7984
7980,c,7984
7985,c,7984
7982,c,7984
7981,c,7984
7984,e,7985
7985,e,7985
7986,e,7985
7982,e,7985
7983,e,7985
7981,e,7985
7983,f,7986
7984,f,7986
7987,f,7986
7982,f,7986
7985,f,7986
7986,f,7986
7983,b,7987
7988,d,7987
7988,b,7987
7987,b,7987
7986,d,7987
7986,b,7987
7987,d,7987
7984,d,7987
7985,d,7987
7985,b,7987
7983,d,7987
7984,b,7987
7988,c,7988
7984,c,7988
7984,f,7988
7988,f,7988
7985,f,7988
7987,f,7988
7986,f,7988
7986,c,7988
7985,c,7988
7989,f,7988
7987,c,7988
7989,c,7988
7988,f,7989
7989,f,7989
7988,e,7989
7989,e,7989
7985,f,7989
7987,e,7989
7987,f,7989
7990,f,7989
7990,e,7989
7986,e,7989
7986,f,7989
7985,e,7989
7989,f,7990
7990,d,7990
7989,d,7990
7990,f,7990
7991,d,7990
7988,f,7990
7988,d,7990
7991,f,7990
7987,f,7990
7987,d,7990
7986,f,7990
7986,d,7990
7990,f,7991
7992,d,7991
7990,d,7991
7992,f,7991
7987,d,7991
7989,f,7991
7989,d,7991
7988,f,7991
7988,d,7991
7987,f,7991
7991,d,7991
7991,f,7991
7992,e,7992
7993,f,7992
7993,e,7992
7991,e,7992
7991,f,7992
7992,f,7992
7990,e,7992
7990,f,7992
7989,e,7992
7989,f,7992
7988,e,7992
7988,f,7992
7990,f,7993
7991,f,7993
7994,f,7993
7989,f,7993
7992,f,7993
7993,f,7993
7995,a,7995
7993,a,7995
7996,a,7995
7992,a,7995
7991,a,7995
7994,a,7995
7996,d,7996
7995,d,7996
7995,b,7996
7997,b,7996
7997,d,7996
7993,d,7996
7994,b,7996
7996,b,7996
7993,b,7996
7992,d,7996
7992,b,7996
7994,d,7996
7997,c,7997
7996,f,7997
7996,c,7997
7997,f,7997
7998,f,7997
7995,c,7997
7998,c,7997
7995,f,7997
7993,c,7997
7993,f,7997
7994,c,7997
7994,f,7997
7998,b,7998
7998,e,7998
7997,e,7998
7997,b,7998
7999,e,7998
7999,b,7998
7996,e,7998
7996,b,7998
7994,b,7998
7994,e,7998
7995,b,7998
7995,e,7998
7999,f,7999
8000,e,7999
7998,e,7999
7999,e,7999
7998,f,7999
7998,c,7999
8000,c,7999
7999,c,7999
8000,f,7999
7997,c,7999
7995,e,7999
7995,c,7999
7997,e,7999
7997,f,7999
7996,c,7999
7996,f,7999
7996,e,7999
7995,f,7999
8000,a,8000
8000,f,8000
8000,e,8000
7999,f,8000
7999,a,8000
7996,a,8000
7996,f,8000
7999,e,8000
8001,a,8000
7998,e,8000
7998,f,8000
7998,a,8000
7996,e,8000
8001,f,8000
7997,a,8000
7997,f,8000
7997,e,8000
8001,e,8000
8000,d,8001
8001,f,8001
8000,b,8001
8002,b,8001
8000,f,8001
7997,d,8001
8002,f,8001
7997,f,8001
7998,b,8001
7998,d,8001
8002,d,8001
7997,b,8001
7998,f,8001
8001,b,8001
7999,b,8001
7999,d,8001
7999,f,8001
8001,d,8001
8001,f,8002
8001,c,8002
8003,f,8002
8002,c,8002
8002,f,8002
8003,c,8002
8000,f,8002
8000,c,8002
7999,f,8002
7999,c,8002
7998,f,8002
7998,c,8002
8000,e,8003
8001,e,8003
7999,e,8003
8002,e,8003
8004,e,8003
8003,e,8003
8000,f,8004
8005,f,8004
8003,f,8004
8004,f,8004
8001,f,8004
8002,f,8004
8003,a,8006
8006,a,8006
8005,a,8006
8007,a,8006
8002,a,8006
8004,a,8006
8004,b,8007
8007,d,8007
8003,b,8007
8006,d,8007
8006,b,8007
8003,d,8007
8008,b,8007
8008,d,8007
8005,d,8007
8007,b,8007
8004,d,8007
8005,b,8007
8007,f,8008
8009,f,8008
8008,f,8008
8009,c,8008
8007,c,8008
8008,c,8008
8006,c,8008
8006,f,8008
8004,c,8008
8004,f,8008
8005,c,8008
8005,f,8008
8008,e,8009
8009,e,8009
8009,b,8009
8010,e,8009
8008,b,8009
8010,b,8009
8007,b,8009
8007,e,8009
8006,e,8009
8006,b,8009
8005,e,8009
8005,b,8009
8010,c,8010
8010,f,8010
8009,f,8010
8009,c,8010
8006,c,8010
8011,f,8010
8008,f,8010
8008,c,8010
8006,f,8010
8007,c,8010
8007,f,8010
8011,c,8010
8011,e,8011
8010,e,8011
8012,e,8011
8007,e,8011
8009,e,8011
8008,e,8011
8009,f,8012
8009,c,8012
8010,c,8012
8010,f,8012
8013,f,8012
8008,f,8012
8008,c,8012
8011,c,8012
8011,f,8012
8013,c,8012
8012,f,8012
8012,c,8012
8014,e,8013
8012,e,8013
8013,e,8013
8009,e,8013
8011,e,8013
8010,e,8013
8011,f,8014
8015,f,8014
8014,f,8014
8010,f,8014
8012,f,8014
8013,f,8014
8013,f,8017
8014,f,8017
8015,f,8017
8016,f,8017
8018,f,8017
8017,f,8017
8018,e,8019
8017,e,8019
8020,e,8019
8015,e,8019
8016,e,8019
8019,e,8019
8020,f,8020
8021,e,8020
8019,e,8020
8019,f,8020
8020,e,8020
8021,f,8020
8018,e,8020
8016,e,8020
8017,f,8020
8017,e,8020
8016,f,8020
8018,f,8020
8019,f,8021
8017,f,8021
8020,f,8021
8018,f,8021
8022,f,8021
8021,f,8021
8023,f,8023
8022,f,8023
8019,f,8023
8024,f,8023
8020,f,8023
8021,f,8023
8025,e,8024
8024,e,8024
8020,e,8024
8022,e,8024
8023,e,8024
8021,e,8024
8026,f,8025
8024,f,8025
8021,f,8025
8023,f,8025
8022,f,8025
8025,f,8025
8026,a,8027
8028,a,8027
8027,a,8027
8025,a,8027
8024,a,8027
8023,a,8027
8025,b,8028
8028,d,8028
8028,b,8028
8024,d,8028
8029,b,8028
8027,b,8028
8027,d,8028
8029,d,8028
8026,d,8028
8026,b,8028
8024,b,8028
8025,d,8028
8029,c,8029
8029,f,8029
8028,f,8029
8028,c,8029
8025,c,8029
8026,f,8029
8026,c,8029
8025,f,8029
8027,f,8029
8027,c,8029
8030,c,8029
8030,f,8029
8029,e,8030
8027,e,8030
8028,e,8030
8026,e,8030
8031,e,8030
8030,e,8030
8031,f,8031
8032,f,8031
8029,f,8031
8028,f,8031
8027,f,8031
8030,f,8031
8030,d,8034
8034,d,8034
8035,d,8034
8033,d,8034
8031,d,8034
8032,d,8034
8032,f,8035
8031,f,8035
8033,f,8035
8034,f,8035
8036,f,8035
8035,f,8035
8037,f,8037
8036,f,8037
8038,f,8037
8034,f,8037
8033,f,8037
8035,f,8037
8035,e,8038
8038,e,8038
8036,e,8038
8039,e,8038
8037,e,8038
8034,e,8038
8040,f,8039
8039,f,8039
8038,f,8039
8036,f,8039
8037,f,8039
8035,f,8039
8037,d,8040
8038,d,8040
8036,d,8040
8041,d,8040
8039,d,8040
8040,d,8040
8038,f,8041
8039,f,8041
8042,f,8041
8040,f,8041
8037,f,8041
8041,f,8041
8042,f,8042
8041,f,8042
8043,f,8042
8039,f,8042
8038,f,8042
8040,f,8042
8041,f,8045
8042,f,8045
8043,f,8045
8044,f,8045
8045,f,8045
8046,f,8045
8049,c,8048
8049,a,8048
8048,c,8048
8048,a,8048
8047,a,8048
8046,c,8048
8046,a,8048
8047,c,8048
8045,a,8048
8044,a,8048
8044,c,8048
8045,c,8048
8045,c,8049
8050,c,8049
8048,b,8049
8048,d,8049
8048,c,8049
8048,e,8049
8050,d,8049
8050,b,8049
8049,e,8049
8049,d,8049
8049,b,8049
8050,e,8049
8045,e,8049
8049,c,8049
8045,d,8049
8047,e,8049
8047,c,8049
8047,d,8049
8047,b,8049
8045,b,8049
8046,b,8049
8046,d,8049
8046,c,8049
8046,e,8049
8050,c,8050
8049,d,8050
8049,c,8050
8051,e,8050
8049,e,8050
8050,f,8050
8051,f,8050
8051,c,8050
8051,d,8050
8050,e,8050
8049,f,8050
8050,d,8050
8048,f,8050
8048,e,8050
8046,d,8050
8046,c,8050
8048,c,8050
8048,d,8050
8046,f,8050
8046,e,8050
8047,e,8050
8047,f,8050
8047,c,8050
8047,d,8050
8048,e,8051
8052,e,8051
8052,f,8051
8051,f,8051
8050,e,8051
8051,e,8051
8047,f,8051
8047,e,8051
8048,f,8051
8049,e,8051
8049,f,8051
8050,f,8051
8050,f,8052
8053,f,8052
8052,f,8052
8048,f,8052
8051,f,8052
8049,f,8052
8051,a,8054
8053,b,8054
8053,a,8054
8050,a,8054
8055,a,8054
8055,b,8054
8052,b,8054
8054,a,8054
8050,b,8054
8054,b,8054
8051,b,8054
8052,a,8054
8055,b,8055
8055,c,8055
8055,f,8055
8054,f,8055
8054,c,8055
8054,d,8055
8056,f,8055
8056,c,8055
8054,b,8055
8055,d,8055
8056,d,8055
8056,b,8055
8053,f,8055
8052,d,8055
8052,b,8055
8051,f,8055
8051,c,8055
8052,f,8055
8052,c,8055
8053,d,8055
8053,c,8055
8051,d,8055
8051,b,8055
8053,b,8055
8056,e,8056
8055,e,8056
8055,f,8056
8055,c,8056
8056,f,8056
8056,c,8056
8053,c,8056
8052,f,8056
8057,f,8056
8057,e,8056
8054,e,8056
8054,f,8056
8054,c,8056
8052,c,8056
8052,e,8056
8053,e,8056
8053,f,8056
8057,c,8056
8056,f,8057
8057,f,8057
8057,e,8057
8056,e,8057
8053,f,8057
8058,f,8057
8055,e,8057
8055,f,8057
8058,e,8057
8053,e,8057
8054,f,8057
8054,e,8057
8058,c,8058
8058,f,8058
8057,f,8058
8057,c,8058
8054,c,8058
8059,c,8058
8059,f,8058
8056,f,8058
8056,c,8058
8054,f,8058
8055,c,8058
8055,f,8058
8060,b,8059
8059,b,8059
8059,e,8059
8058,b,8059
8060,e,8059
8058,e,8059
8055,e,8059
8057,e,8059
8057,b,8059
8056,b,8059
8056,e,8059
8055,b,8059
8060,b,8060
8060,c,8060
8060,f,8060
8059,f,8060
8059,c,8060
8059,b,8060
8056,b,8060
8056,c,8060
8061,b,8060
8061,c,8060
8061,f,8060
8057,c,8060
8058,f,8060
8058,c,8060
8058,b,8060
8057,f,8060
8056,f,8060
8057,b,8060
8062,e,8061
8062,f,8061
8062,c,8061
8060,d,8061
8060,c,8061
8061,c,8061
8060,e,8061
8061,d,8061
8061,e,8061
8061,f,8061
8060,f,8061
8057,d,8061
8062,d,8061
8057,c,8061
8058,c,8061
8058,d,8061
8057,e,8061
8057,f,8061
8058,e,8061
8059,d,8061
8058,f,8061
8059,f,8061
8059,e,8061
8059,c,8061
8062,b,8062
8062,f,8062
8061,e,8062
8061,f,8062
8063,f,8062
8062,e,8062
8063,b,8062
8061,b,8062
8063,e,8062
8058,f,8062
8059,e,8062
8059,f,8062
8059,b,8062
8060,b,8062
8058,b,8062
8060,e,8062
8060,f,8062
8058,e,8062
8059,f,8063
8060,c,8063
8064,f,8063
8061,f,8063
8061,c,8063
8060,f,8063
8062,c,8063
8062,f,8063
8063,f,8063
8063,c,8063
8064,c,8063
8059,c,8063
8064,e,8064
8063,e,8064
8065,e,8064
8062,e,8064
8061,e,8064
8060,e,8064
8062,f,8065
8063,f,8065
8066,f,8065
8065,f,8065
8064,f,8065
8061,f,8065
8067,b,8066
8065,b,8066
8066,b,8066
8063,b,8066
8064,b,8066
8062,b,8066
8068,c,8067
8067,f,8067
8066,f,8067
8066,c,8067
8063,c,8067
8067,c,8067
8064,f,8067
8065,f,8067
8065,c,8067
8063,f,8067
8064,c,8067
8068,f,8067
8068,e,8068
8067,e,8068
8064,e,8068
8069,e,8068
8066,e,8068
8065,e,8068
8065,f,8069
8069,f,8069
8070,b,8069
8068,f,8069
8068,b,8069
8065,b,8069
8069,b,8069
8067,f,8069
8067,b,8069
8066,b,8069
8066,f,8069
8070,f,8069
8070,f,8070
8070,c,8070
8071,f,8070
8069,f,8070
8069,c,8070
8071,c,8070
8067,c,8070
8068,f,8070
8066,c,8070
8066,f,8070
8068,c,8070
8067,f,8070
8068,e,8071
8071,e,8071
8070,e,8071
8069,e,8071
8067,e,8071
8072,e,8071
8072,f,8072
8070,f,8072
8073,f,8072
8069,f,8072
8068,f,8072
8071,f,8072
8074,e,8073
8073,e,8073
8072,e,8073
8071,e,8073
8070,e,8073
8069,e,8073
8072,f,8074
8070,f,8074
8073,f,8074
8074,f,8074
8075,f,8074
8071,f,8074
8078,f,8080
8081,b,8080
8080,f,8080
8080,b,8080
8079,f,8080
8079,b,8080
8078,b,8080
8077,f,8080
8076,b,8080
8081,f,8080
8076,f,8080
8077,b,8080
8077,f,8081
8081,f,8081
8081,e,8081
8082,c,8081
8080,e,8081
8080,f,8081
8080,c,8081
8082,f,8081
8077,e,8081
8082,e,8081
8079,e,8081
8079,f,8081
8079,c,8081
8077,c,8081
8078,e,8081
8078,f,8081
8078,c,8081
8081,c,8081
8082,e,8082
8083,f,8082
8083,e,8082
8081,e,8082
8081,f,8082
8082,f,8082
8079,e,8082
8078,e,8082
8080,e,8082
8079,f,8082
8080,f,8082
8078,f,8082
8083,f,8083
8083,e,8083
8082,e,8083
8082,f,8083
8084,f,8083
8080,e,8083
8084,e,8083
8081,e,8083
8081,f,8083
8080,f,8083
8079,e,8083
8079,f,8083
8084,f,8084
8083,f,8084
8085,f,8084
8080,f,8084
8082,f,8084
8081,f,8084
8082,c,8085
8083,c,8085
8086,c,8085
8085,c,8085
8084,c,8085
8081,c,8085
8086,a,8086
8085,e,8086
8087,e,8086
8086,e,8086
8087,a,8086
8085,a,8086
8082,a,8086
8084,e,8086
8084,a,8086
8082,e,8086
8083,a,8086
8083,e,8086
8088,f,8087
8088,d,8087
8088,b,8087
8087,f,8087
8087,d,8087
8087,b,8087
8086,f,8087
8086,d,8087
8086,b,8087
8084,b,8087
8083,f,8087
8083,b,8087
8085,f,8087
8085,d,8087
8085,b,8087
8083,d,8087
8084,d,8087
8084,f,8087
8088,c,8088
8089,c,8088
8088,f,8088
8087,c,8088
8087,f,8088
8089,f,8088
8086,f,8088
8086,c,8088
8085,c,8088
8085,f,8088
8084,f,8088
8084,c,8088
8090,a,8089
8088,a,8089
8088,c,8089
8088,e,8089
8089,e,8089
8089,c,8089
8089,a,8089
8090,c,8089
8090,e,8089
8085,e,8089
8087,c,8089
8085,a,8089
8087,e,8089
8085,c,8089
8087,a,8089
8086,a,8089
8086,c,8089
8086,e,8089
8089,b,8090
8089,d,8090
8089,f,8090
8090,d,8090
8090,b,8090
8091,f,8090
8091,d,8090
8091,b,8090
8090,e,8090
8090,f,8090
8089,e,8090
8091,e,8090
8088,d,8090
8086,f,8090
8086,b,8090
8086,d,8090
8086,e,8090
8087,b,8090
8087,d,8090
8087,e,8090
8087,f,8090
8088,e,8090
8088,b,8090
8088,f,8090
8090,c,8091
8088,f,8091
8088,c,8091
8092,c,8091
8092,f,8091
8090,f,8091
8089,f,8091
8091,f,8091
8091,c,8091
8089,c,8091
8087,c,8091
8087,f,8091
8091,e,8092
8091,d,8092
8092,e,8092
8093,d,8092
8092,d,8092
8093,e,8092
8088,d,8092
8089,d,8092
8090,e,8092
8090,d,8092
8088,e,8092
8089,e,8092
8094,f,8093
8093,f,8093
8090,f,8093
8092,f,8093
8089,f,8093
8091,f,8093
8097,f,8096
8093,f,8096
8094,f,8096
8095,f,8096
8092,f,8096
8096,f,8096
8099,d,8098
8097,d,8098
8098,d,8098
8095,d,8098
8094,d,8098
8096,d,8098
8096,f,8099
8095,f,8099
8097,f,8099
8100,f,8099
8099,f,8099
8098,f,8099
8100,b,8100
8099,b,8100
8098,b,8100
8101,b,8100
8096,b,8100
8097,b,8100
8098,a,8101
8101,b,8101
8101,c,8101
8101,f,8101
8100,f,8101
8100,c,8101
8100,b,8101
8100,a,8101
8102,a,8101
8102,b,8101
8102,c,8101
8097,f,8101
8099,f,8101
8102,f,8101
8099,a,8101
8098,b,8101
8098,c,8101
8099,b,8101
8101,a,8101
8097,a,8101
8097,b,8101
8098,f,8101
8097,c,8101
8099,c,8101
8101,b,8102
8101,d,8102
8101,c,8102
8101,f,8102
8102,c,8102
8103,f,8102
8102,e,8102
8102,f,8102
8101,e,8102
8102,b,8102
8102,d,8102
8103,c,8102
8103,e,8102
8100,e,8102
8103,b,8102
8099,c,8102
8099,d,8102
8099,b,8102
8098,e,8102
8098,f,8102
8099,f,8102
8100,b,8102
8099,e,8102
8100,c,8102
8100,f,8102
8103,d,8102
8098,c,8102
8098,d,8102
8098,b,8102
8100,d,8102
8103,e,8103
8102,e,8103
8102,f,8103
8102,c,8103
8103,c,8103
8103,f,8103
8099,c,8103
8099,f,8103
8104,c,8103
8104,f,8103
8104,e,8103
8100,e,8103
8100,f,8103
8101,e,8103
8101,f,8103
8100,c,8103
8099,e,8103
8101,c,8103
8105,e,8104
8103,e,8104
8103,f,8104
8105,f,8104
8104,e,8104
8104,f,8104
8104,c,8104
8103,c,8104
8105,c,8104
8101,c,8104
8102,c,8104
8100,c,8104
8100,f,8104
8100,e,8104
8101,e,8104
8101,f,8104
8102,e,8104
8102,f,8104
8105,c,8105
8104,c,8105
8101,e,8105
8104,e,8105
8101,c,8105
8106,c,8105
8105,e,8105
8104,f,8105
8101,f,8105
8105,f,8105
8102,c,8105
8106,e,8105
8102,e,8105
8102,f,8105
8103,e,8105
8103,f,8105
8103,c,8105
8106,f,8105
8107,f,8106
8107,e,8106
8105,d,8106
8105,c,8106
8107,d,8106
8105,e,8106
8106,e,8106
8106,f,8106
8106,c,8106
8106,d,8106
8105,f,8106
8107,c,8106
8104,d,8106
8104,e,8106
8104,f,8106
8104,c,8106
8102,d,8106
8103,e,8106
8103,f,8106
8103,c,8106
8103,d,8106
8102,c,8106
8102,f,8106
8102,e,8106
8104,b,8107
8104,e,8107
8108,e,8107
8108,b,8107
8107,b,8107
8107,e,8107
8106,e,8107
8106,b,8107
8103,b,8107
8103,e,8107
8105,b,8107
8105,e,8107
8106,b,8110
8109,c,8110
8109,b,8110
8111,b,8110
8111,c,8110
8108,c,8110
8106,c,8110
8108,b,8110
8107,c,8110
8107,b,8110
8110,c,8110
8110,b,8110
8111,e,8111
8112,d,8111
8111,f,8111
8111,c,8111
8111,d,8111
8112,c,8111
8112,f,8111
8110,f,8111
8110,c,8111
8110,d,8111
8112,e,8111
8110,e,8111
8107,e,8111
8108,c,8111
8108,f,8111
8108,e,8111
8109,e,8111
8109,f,8111
8109,c,8111
8109,d,8111
8108,d,8111
8107,f,8111
8107,d,8111
8107,c,8111
8111,b,8112
8111,f,8112
8109,f,8112
8112,f,8112
8112,e,8112
8113,b,8112
8113,f,8112
8113,e,8112
8109,b,8112
8112,b,8112
8111,e,8112
8109,e,8112
8108,b,8112
8110,e,8112
8110,f,8112
8110,b,8112
8108,f,8112
8108,e,8112
8112,c,8113
8113,f,8113
8113,c,8113
8109,c,8113
8109,f,8113
8112,f,8113
8114,c,8113
8110,f,8113
8111,f,8113
8111,c,8113
8114,f,8113
8110,c,8113
8112,e,8114
8115,e,8114
8111,e,8114
8113,e,8114
8114,e,8114
8110,e,8114
8114,f,8115
8115,f,8115
8116,f,8115
8113,f,8115
8112,f,8115
8111,f,8115
8113,b,8116
8112,b,8116
8114,b,8116
8117,b,8116
8115,b,8116
8116,b,8116
8118,f,8117
8117,f,8117
8117,c,8117
8116,f,8117
8116,c,8117
8118,c,8117
8114,c,8117
8113,c,8117
8114,f,8117
8115,c,8117
8115,f,8117
8113,f,8117
8119,e,8118
8116,e,8118
8117,e,8118
8118,e,8118
8115,e,8118
8114,e,8118
8118,b,8119
8118,c,8119
8118,f,8119
8118,e,8119
8120,f,8119
8119,b,8119
8119,f,8119
8119,e,8119
8120,b,8119
8120,c,8119
8120,e,8119
8119,c,8119
8115,f,8119
8117,b,8119
8116,f,8119
8115,e,8119
8115,b,8119
8116,b,8119
8117,e,8119
8117,f,8119
8117,c,8119
8116,e,8119
8115,c,8119
8116,c,8119
8119,c,8120
8119,f,8120
8117,e,8120
8121,c,8120
8120,c,8120
8119,e,8120
8116,c,8120
8116,e,8120
8117,f,8120
8121,f,8120
8121,e,8120
8118,e,8120
8118,f,8120
8118,c,8120
8120,f,8120
8117,c,8120
8116,f,8120
8120,e,8120
8121,f,8121
8120,e,8121
8120,f,8121
8122,f,8121
8122,e,8121
8121,e,8121
8119,e,8121
8117,f,8121
8119,f,8121
8117,e,8121
8118,e,8121
8118,f,8121
8123,f,8122
8121,f,8122
8122,f,8122
8120,f,8122
8118,f,8122
8119,f,8122
8124,c,8124
8123,c,8124
8121,c,8124
8125,c,8124
8120,c,8124
8122,c,8124
8122,e,8125
8123,e,8125
8121,e,8125
8124,e,8125
8126,e,8125
8125,e,8125
8127,f,8126
8126,f,8126
8125,f,8126
8124,f,8126
8123,f,8126
8122,f,8126
8125,f,8128
8126,f,8128
8129,f,8128
8127,f,8128
8124,f,8128
8128,f,8128
8129,b,8130
8131,b,8130
8128,b,8130
8130,b,8130
8127,b,8130
8126,b,8130
8131,f,8131
8131,c,8131
8130,c,8131
8130,f,8131
8132,c,8131
8132,f,8131
8127,f,8131
8129,f,8131
8129,c,8131
8127,c,8131
8128,c,8131
8128,f,8131
8129,e,8132
8132,e,8132
8131,e,8132
8133,e,8132
8130,e,8132
8128,e,8132
8131,f,8133
8132,f,8133
8129,f,8133
8133,f,8133
8130,f,8133
8134,f,8133
8133,d,8134
8135,d,8134
8134,d,8134
8134,c,8134
8134,e,8134
8135,c,8134
8135,e,8134
8133,c,8134
8133,e,8134
8130,c,8134
8131,c,8134
8131,d,8134
8132,e,8134
8132,c,8134
8132,d,8134
8131,e,8134
8130,d,8134
8130,e,8134
8132,f,8135
8134,c,8135
8134,f,8135
8135,c,8135
8135,f,8135
8135,e,8135
8132,c,8135
8136,e,8135
8136,f,8135
8131,c,8135
8134,e,8135
8136,c,8135
8132,e,8135
8131,e,8135
8133,e,8135
8133,f,8135
8131,f,8135
8133,c,8135
8132,f,8136
8132,e,8136
8135,e,8136
8132,b,8136
8137,b,8136
8137,f,8136
8136,e,8136
8135,b,8136
8136,f,8136
8134,e,8136
8134,f,8136
8134,b,8136
8133,b,8136
8133,f,8136
8133,e,8136
8136,b,8136
8137,e,8136
8135,f,8136
8136,b,8137
8137,c,8137
8137,f,8137
8136,f,8137
8137,b,8137
8137,d,8137
8138,c,8137
8138,f,8137
8136,d,8137
8136,c,8137
8135,b,8137
8138,d,8137
8133,d,8137
8134,f,8137
8134,c,8137
8134,d,8137
8134,b,8137
8133,f,8137
8138,b,8137
8135,c,8137
8135,f,8137
8133,c,8137
8133,b,8137
8135,d,8137
8138,f,8138
8137,c,8138
8137,f,8138
8134,c,8138
8139,c,8138
8138,c,8138
8139,e,8138
8137,e,8138
8136,e,8138
8136,f,8138
8136,c,8138
8134,f,8138
8134,e,8138
8135,c,8138
8135,f,8138
8135,e,8138
8139,f,8138
8138,e,8138
8139,e,8139
8138,f,8139
8140,a,8139
8139,a,8139
8139,f,8139
8140,f,8139
8140,e,8139
8138,e,8139
8138,a,8139
8135,a,8139
8136,a,8139
8135,e,8139
8135,f,8139
8136,e,8139
8136,f,8139
8137,f,8139
8137,e,8139
8137,a,8139
8140,d,8140
8140,b,8140
8139,f,8140
8139,d,8140
8141,d,8140
8140,f,8140
8141,b,8140
8137,f,8140
8139,b,8140
8136,d,8140
8137,d,8140
8137,b,8140
8136,f,8140
8138,b,8140
8136,b,8140
8138,d,8140
8138,f,8140
8141,f,8140
8139,c,8141
8138,c,8141
8140,c,8141
8141,c,8141
8142,c,8141
8137,c,8141
8142,d,8142
8142,e,8142
8143,e,8142
8141,e,8142
8141,d,8142
8143,d,8142
8140,e,8142
8138,d,8142
8140,d,8142
8139,e,8142
8139,d,8142
8138,e,8142
8141,f,8143
8139,f,8143
8142,f,8143
8143,f,8143
8140,f,8143
8144,f,8143
8145,d,8146
8147,d,8146
8144,d,8146
8143,d,8146
8142,d,8146
8146,d,8146
8146,f,8147
8147,f,8147
8148,f,8147
8145,f,8147
8144,f,8147
8143,f,8147
8150,f,8149
8149,f,8149
8149,c,8149
8148,f,8149
8150,c,8149
8148,c,8149
8147,f,8149
8147,c,8149
8145,c,8149
8145,f,8149
8146,f,8149
8146,c,8149
8147,e,8150
8150,e,8150
8146,e,8150
8148,e,8150
8151,e,8150
8149,e,8150
8150,b,8151
8151,b,8151
8151,f,8151
8152,b,8151
8147,b,8151
8150,f,8151
8152,f,8151
8148,f,8151
8148,b,8151
8147,f,8151
8149,f,8151
8149,b,8151
8151,f,8152
8151,c,8152
8152,c,8152
8152,f,8152
8153,c,8152
8150,f,8152
8149,c,8152
8148,f,8152
8150,c,8152
8148,c,8152
8149,f,8152
8153,f,8152
8154,d,8153
8154,b,8153
8150,b,8153
8152,d,8153
8152,f,8153
8152,e,8153
8153,e,8153
8153,f,8153
8153,d,8153
8153,b,8153
8154,f,8153
8152,b,8153
8154,e,8153
8149,e,8153
8150,d,8153
8151,e,8153
8151,f,8153
8151,d,8153
8151,b,8153
8149,b,8153
8149,d,8153
8149,f,8153
8150,f,8153
8150,e,8153
8155,f,8154
8153,a,8154
8154,c,8154
8153,f,8154
8155,a,8154
8154,a,8154
8154,f,8154
8153,c,8154
8155,c,8154
8152,f,8154
8150,c,8154
8150,f,8154
8151,f,8154
8151,c,8154
8151,a,8154
8152,c,8154
8152,a,8154
8150,a,8154
8156,e,8155
8151,b,8155
8151,a,8155
8154,a,8155
8154,e,8155
8154,d,8155
8156,b,8155
8156,a,8155
8155,e,8155
8155,d,8155
8155,b,8155
8154,b,8155
8151,e,8155
8151,d,8155
8152,a,8155
8152,e,8155
8152,d,8155
8152,b,8155
8156,d,8155
8153,a,8155
8153,b,8155
8155,a,8155
8153,e,8155
8153,d,8155
8157,b,8156
8157,d,8156
8156,f,8156
8155,f,8156
8155,c,8156
8155,d,8156
8155,b,8156
8156,c,8156
8156,d,8156
8156,b,8156
8157,c,8156
8157,f,8156
8152,c,8156
8152,f,8156
8152,d,8156
8153,c,8156
8153,d,8156
8154,b,8156
8154,d,8156
8152,b,8156
8153,f,8156
8154,c,8156
8154,f,8156
8153,b,8156
8158,c,8157
8158,f,8157
8156,e,8157
8156,f,8157
8156,c,8157
8157,f,8157
8157,c,8157
8157,e,8157
8158,e,8157
8153,c,8157
8153,e,8157
8155,e,8157
8155,f,8157
8155,c,8157
8154,c,8157
8154,f,8157
8154,e,8157
8153,f,8157
8158,f,8158
8158,e,8158
8159,f,8158
8159,e,8158
8154,e,8158
8157,f,8158
8154,f,8158
8157,e,8158
8156,f,8158
8156,e,8158
8155,e,8158
8155,f,8158
8159,f,8159
8156,b,8159
8158,b,8159
8158,f,8159
8155,b,8159
8159,b,8159
8157,f,8159
8157,b,8159
8156,f,8159
8160,b,8159
8160,f,8159
8155,f,8159
8156,f,8160
8159,a,8160
8159,f,8160
8161,c,8160
8161,a,8160
8160,f,8160
8159,c,8160
8161,f,8160
8158,f,8160
8157,f,8160
8156,c,8160
8156,a,8160
8157,a,8160
8157,c,8160
8160,c,8160
8158,a,8160
8158,c,8160
8160,a,8160
8162,b,8161
8162,d,8161
8161,b,8161
8160,e,8161
8160,d,8161
8160,b,8161
8161,d,8161
8161,e,8161
8162,e,8161
8158,d,8161
8159,d,8161
8157,e,8161
8158,b,8161
8158,e,8161
8159,b,8161
8157,b,8161
8157,d,8161
8159,e,8161
8163,c,8162
8158,c,8162
8160,c,8162
8159,c,8162
8161,c,8162
8162,c,8162
8163,a,8163
8162,e,8163
8164,a,8163
8164,e,8163
8162,a,8163
8163,e,8163
8159,a,8163
8159,e,8163
8160,e,8163
8161,e,8163
8161,a,8163
8160,a,8163
8164,f,8164
8164,e,8164
8161,f,8164
8163,e,8164
8164,b,8164
8165,d,8164
8163,f,8164
8163,d,8164
8163,b,8164
8160,b,8164
8160,d,8164
8160,f,8164
8165,b,8164
8164,d,8164
8161,e,8164
8161,b,8164
8161,d,8164
8165,e,8164
8160,e,8164
8162,b,8164
8165,f,8164
8162,f,8164
8162,e,8164
8162,d,8164
8165,f,8165
8164,c,8165
8164,a,8165
8165,c,8165
8166,a,8165
8166,c,8165
8166,f,8165
8165,a,8165
8164,f,8165
8161,f,8165
8162,f,8165
8162,c,8165
8162,a,8165
8163,a,8165
8163,c,8165
8161,c,8165
8161,a,8165
8163,f,8165
8166,e,8166
8162,e,8166
8165,b,8166
8166,d,8166
8166,b,8166
8162,b,8166
8162,d,8166
8165,e,8166
8165,d,8166
8167,e,8166
8167,d,8166
8164,e,8166
8164,d,8166
8164,b,8166
8163,b,8166
8163,d,8166
8163,e,8166
8167,b,8166
8167,c,8167
8167,a,8167
8166,c,8167
8166,a,8167
8167,f,8167
8166,f,8167
8163,c,8167
8163,f,8167
8164,a,8167
8164,c,8167
8164,f,8167
8165,a,8167
8165,c,8167
8163,a,8167
8168,f,8167
8168,c,8167
8168,a,8167
8165,f,8167
8167,e,8168
8169,e,8168
8168,b,8168
8168,d,8168
8168,e,8168
8167,b,8168
8167,d,8168
8164,e,8168
8169,b,8168
8165,e,8168
8165,d,8168
8165,b,8168
8169,d,8168
8166,e,8168
8166,d,8168
8166,b,8168
8164,d,8168
8164,b,8168
8168,c,8169
8170,a,8169
8168,f,8169
8169,f,8169
8169,c,8169
8169,a,8169
8168,a,8169
8170,f,8169
8170,c,8169
8166,a,8169
8166,f,8169
8167,f,8169
8167,c,8169
8167,a,8169
8165,a,8169
8165,c,8169
8165,f,8169
8166,c,8169
8171,e,8170
8171,b,8170
8169,b,8170
8169,d,8170
8171,f,8170
8169,e,8170
8170,b,8170
8170,e,8170
8170,f,8170
8170,d,8170
8169,f,8170
8171,d,8170
8166,d,8170
8167,e,8170
8166,f,8170
8166,e,8170
8167,f,8170
8168,e,8170
8168,f,8170
8168,d,8170
8168,b,8170
8167,d,8170
8166,b,8170
8167,b,8170
8170,d,8171
8171,d,8171
8170,f,8171
8172,f,8171
8172,d,8171
8171,f,8171
8170,c,8171
8172,c,8171
8167,d,8171
8167,f,8171
8169,f,8171
8169,c,8171
8169,d,8171
8168,d,8171
8168,c,8171
8168,f,8171
8167,c,8171
8171,c,8171
8172,f,8172
8172,e,8172
8173,f,8172
8173,e,8172
8171,e,8172
8171,f,8172
8168,f,8172
8169,f,8172
8169,e,8172
8168,e,8172
8170,f,8172
8170,e,8172
8174,f,8173
8173,f,8173
8173,b,8173
8172,f,8173
8172,b,8173
8169,b,8173
8169,f,8173
8174,b,8173
8171,b,8173
8171,f,8173
8170,f,8173
8170,b,8173
8174,c,8174
8174,f,8174
8173,f,8174
8173,c,8174
8170,f,8174
8170,c,8174
8172,c,8174
8175,f,8174
8172,f,8174
8171,c,8174
8171,f,8174
8175,c,8174
8175,a,8175
8175,e,8175
8174,e,8175
8174,a,8175
8176,e,8175
8176,a,8175
8173,a,8175
8171,e,8175
8173,e,8175
8172,a,8175
8172,e,8175
8171,a,8175
8176,b,8176
8176,d,8176
8175,d,8176
8175,b,8176
8172,b,8176
8172,d,8176
8177,b,8176
8174,d,8176
8174,b,8176
8173,b,8176
8173,d,8176
8177,d,8176
8177,a,8177
8176,f,8177
8177,c,8177
8177,f,8177
8178,a,8177
8176,c,8177
8176,a,8177
8178,f,8177
8173,c,8177
8178,c,8177
8174,f,8177
8173,a,8177
8173,f,8177
8175,f,8177
8175,c,8177
8175,a,8177
8174,a,8177
8174,c,8177
8178,b,8178
8179,b,8178
8179,d,8178
8179,e,8178
8177,e,8178
8177,d,8178
8177,b,8178
8178,d,8178
8178,e,8178
8174,d,8178
8176,e,8178
8176,d,8178
8176,b,8178
8174,e,8178
8175,b,8178
8175,d,8178
8175,e,8178
8174,b,8178
8179,f,8179
8180,c,8179
8180,f,8179
8175,c,8179
8178,f,8179
8178,c,8179
8175,f,8179
8179,c,8179
8177,f,8179
8177,c,8179
8176,c,8179
8176,f,8179
8178,e,8180
8181,e,8180
8177,e,8180
8176,e,8180
8179,e,8180
8180,e,8180
8177,f,8181
8182,f,8181
8182,c,8181
8181,c,8181
8180,f,8181
8180,c,8181
8181,f,8181
8178,f,8181
8179,f,8181
8179,c,8181
8178,c,8181
8177,c,8181
8183,e,8182
8182,e,8182
8181,e,8182
8179,e,8182
8178,e,8182
8180,e,8182
8183,f,8183
8182,f,8183
8180,f,8183
8179,f,8183
8184,f,8183
8181,f,8183
8185,a,8184
8180,a,8184
8183,a,8184
8182,a,8184
8184,a,8184
8181,a,8184
8184,b,8185
8184,d,8185
8184,c,8185
8186,d,8185
8186,b,8185
8185,b,8185
8185,d,8185
8186,e,8185
8186,c,8185
8184,e,8185
8185,e,8185
8185,c,8185
8183,e,8185
8182,d,8185
8182,b,8185
8181,e,8185
8181,c,8185
8181,d,8185
8182,e,8185
8181,b,8185
8183,d,8185
8183,c,8185
8183,b,8185
8182,c,8185
8186,c,8186
8186,e,8186
8187,c,8186
8185,e,8186
8185,f,8186
8185,c,8186
8187,f,8186
8187,e,8186
8183,c,8186
8186,f,8186
8183,f,8186
8184,e,8186
8183,e,8186
8184,f,8186
8184,c,8186
8182,c,8186
8182,f,8186
8182,e,8186
8187,e,8187
8187,f,8187
8183,f,8187
8188,f,8187
8186,e,8187
8186,f,8187
8183,e,8187
8188,e,8187
8184,e,8187
8184,f,8187
8185,f,8187
8185,e,8187
8187,f,8188
8187,b,8188
8184,b,8188
8189,b,8188
8184,f,8188
8189,f,8188
8188,f,8188
8185,b,8188
8186,f,8188
8186,b,8188
8185,f,8188
8188,b,8188
8190,f,8189
8190,c,8189
8188,c,8189
8188,f,8189
8185,f,8189
8187,f,8189
8187,c,8189
8189,c,8189
8186,f,8189
8185,c,8189
8189,f,8189
8186,c,8189
8191,e,8190
8189,b,8190
8189,e,8190
8190,a,8190
8190,b,8190
8191,a,8190
8191,b,8190
8189,a,8190
8190,e,8190
8187,b,8190
8186,a,8190
8186,b,8190
8187,a,8190
8188,e,8190
8188,b,8190
8188,a,8190
8186,e,8190
8187,e,8190
8188,f,8191
8191,b,8191
8190,b,8191
8190,d,8191
8192,d,8191
8190,f,8191
8192,b,8191
8191,f,8191
8191,c,8191
8190,c,8191
8188,c,8191
8187,b,8191
8192,f,8191
8188,d,8191
8188,b,8191
8192,c,8191
8187,c,8191
8187,d,8191
8189,b,8191
8187,f,8191
8189,c,8191
8189,f,8191
8189,d,8191
8191,d,8191
8192,e,8192
8191,e,8192
8191,f,8192
8191,c,8192
8192,f,8192
8193,c,8192
8193,f,8192
8192,c,8192
8193,e,8192
8188,c,8192
8190,e,8192
8188,f,8192
8188,e,8192
8189,c,8192
8189,f,8192
8190,f,8192
8190,c,8192
8189,e,8192
8192,e,8193
8193,e,8193
8193,f,8193
8194,e,8193
8192,f,8193
8194,f,8193
8189,e,8193
8190,e,8193
8190,f,8193
8191,f,8193
8191,e,8193
8189,f,8193
8194,b,8194
8194,f,8194
8193,f,8194
8193,b,8194
8191,b,8194
8195,f,8194
8192,f,8194
8192,b,8194
8190,f,8194
8191,f,8194
8195,b,8194
8190,b,8194
8195,c,8195
8195,f,8195
8194,f,8195
8194,c,8195
8196,f,8195
8196,c,8195
8191,c,8195
8191,f,8195
8193,f,8195
8193,c,8195
8192,c,8195
8192,f,8195
8193,e,8196
8197,c,8196
8195,e,8196
8195,c,8196
8192,c,8196
8192,e,8196
8197,e,8196
8194,e,8196
8194,c,8196
8193,c,8196
8196,e,8196
8196,c,8196
8198,e,8197
8196,e,8197
8197,e,8197
8193,e,8197
8195,e,8197
8194,e,8197
8195,f,8198
8199,f,8198
8197,f,8198
8198,f,8198
8194,f,8198
8196,f,8198
8197,f,8200
8198,f,8200
8201,f,8200
8196,f,8200
8199,f,8200
8200,f,8200
8200,f,8202
8201,b,8202
8203,b,8202
8203,f,8202
8201,f,8202
8199,b,8202
8199,f,8202
8198,f,8202
8198,b,8202
8202,f,8202
8200,b,8202
8202,b,8202
8203,f,8203
8203,c,8203
8204,c,8203
8202,f,8203
8202,c,8203
8204,f,8203
8199,c,8203
8201,f,8203
8201,c,8203
8200,f,8203
8200,c,8203
8199,f,8203
8205,e,8204
8204,e,8204
8203,e,8204
8201,e,8204
8202,e,8204
8200,e,8204
8203,f,8205
8202,f,8205
8204,f,8205
8205,f,8205
8201,f,8205
8206,f,8205
8207,f,8209
8209,f,8209
8209,b,8209
8208,f,8209
8208,b,8209
8210,f,8209
8207,b,8209
8205,f,8209
8205,b,8209
8206,b,8209
8206,f,8209
8210,b,8209
8206,c,8210
8209,f,8210
8209,c,8210
8209,d,8210
8210,d,8210
8206,d,8210
8207,f,8210
8211,d,8210
8206,f,8210
8211,c,8210
8208,f,8210
8208,c,8210
8208,d,8210
8207,d,8210
8207,c,8210
8211,f,8210
8210,c,8210
8210,f,8210
8211,f,8211
8211,e,8211
8210,f,8211
8210,e,8211
8208,e,8211
8212,f,8211
8212,e,8211
8207,f,8211
8209,e,8211
8209,f,8211
8207,e,8211
8208,f,8211
8208,a,8212
8213,a,8212
8213,f,8212
8212,f,8212
8212,a,8212
8210,f,8212
8210,a,8212
8208,f,8212
8209,a,8212
8209,f,8212
8211,a,8212
8211,f,8212
8212,b,8213
8214,b,8213
8213,b,8213
8213,d,8213
8214,d,8213
8212,d,8213
8209,d,8213
8209,b,8213
8211,d,8213
8211,b,8213
8210,b,8213
8210,d,8213
8214,c,8214
8214,f,8214
8215,b,8214
8215,c,8214
8213,f,8214
8213,c,8214
8213,b,8214
8210,b,8214
8210,c,8214
8214,b,8214
8215,f,8214
8211,b,8214
8211,f,8214
8212,f,8214
8212,c,8214
8212,b,8214
8210,f,8214
8211,c,8214
8216,e,8215
8214,c,8215
8211,c,8215
8215,f,8215
8215,c,8215
8216,f,8215
8216,c,8215
8215,e,8215
8214,e,8215
8211,f,8215
8214,f,8215
8213,e,8215
8211,e,8215
8212,c,8215
8212,f,8215
8212,e,8215
8213,f,8215
8213,c,8215
8215,e,8216
8217,e,8216
8216,e,8216
8216,f,8216
8216,d,8216
8217,f,8216
8215,f,8216
8215,d,8216
8212,d,8216
8217,d,8216
8212,e,8216
8213,e,8216
8213,f,8216
8213,d,8216
8214,d,8216
8212,f,8216
8214,e,8216
8214,f,8216
8213,f,8217
8218,f,8217
8218,d,8217
8215,f,8217
8215,d,8217
8214,d,8217
8214,f,8217
8213,d,8217
8217,d,8217
8216,d,8217
8216,f,8217
8217,f,8217
8218,b,8218
8217,f,8218
8218,f,8218
8219,f,8218
8217,b,8218
8219,b,8218
8216,b,8218
8214,b,8218
8216,f,8218
8215,b,8218
8215,f,8218
8214,f,8218
8220,c,8219
8220,f,8219
8218,f,8219
8218,c,8219
8215,c,8219
8215,f,8219
8219,f,8219
8217,f,8219
8217,c,8219
8216,c,8219
8216,f,8219
8219,c,8219
8219,a,8220
8219,e,8220
8220,e,8220
8220,a,8220
8221,a,8220
8216,a,8220
8218,e,8220
8217,e,8220
8217,a,8220
8216,e,8220
8221,e,8220
8218,a,8220
8221,b,8221
8220,e,8221
8221,d,8221
8221,e,8221
8222,b,8221
8222,e,8221
8220,d,8221
8220,b,8221
8222,d,8221
8217,d,8221
8219,e,8221
8219,d,8221
8219,b,8221
8217,e,8221
8218,b,8221
8217,b,8221
8218,e,8221
8218,d,8221
8222,c,8222
8222,f,8222
8223,c,8222
8221,f,8222
8221,c,8222
8219,f,8222
8220,f,8222
8220,c,8222
8218,f,8222
8219,c,8222
8223,f,8222
8218,c,8222
8223,e,8223
8219,e,8223
8222,e,8223
8224,e,8223
8220,e,8223
8221,e,8223
8224,f,8224
8221,f,8224
8221,b,8224
8222,b,8224
8222,f,8224
8223,f,8224
8225,f,8224
8225,b,8224
8224,b,8224
8223,b,8224
8220,f,8224
8220,b,8224
8225,f,8225
8224,b,8225
8224,f,8225
8225,b,8225
8225,c,8225
8226,f,8225
8226,c,8225
8224,c,8225
8226,b,8225
8223,c,8225
8221,b,8225
8221,c,8225
8221,f,8225
8223,f,8225
8223,b,8225
8222,b,8225
8222,c,8225
8222,f,8225
8225,c,8226
8226,e,8226
8225,e,8226
8225,f,8226
8223,e,8226
8226,c,8226
8222,c,8226
8227,f,8226
8227,e,8226
8224,e,8226
8224,f,8226
8224,c,8226
8222,f,8226
8222,e,8226
8223,c,8226
8223,f,8226
8227,c,8226
8226,f,8226
8228,e,8227
8226,e,8227
8226,f,8227
8227,f,8227
8223,f,8227
8225,e,8227
8225,f,8227
8227,e,8227
8224,e,8227
8224,f,8227
8223,e,8227
8228,f,8227
8229,f,8228
8228,f,8228
8226,f,8228
8227,f,8228
8225,f,8228
8224,f,8228
8232,d,8231
8230,d,8231
8229,d,8231
8231,d,8231
8228,d,8231
8227,d,8231
8229,f,8232
8230,f,8232
8231,f,8232
8232,f,8232
8233,f,8232
8228,f,8232
8234,f,8236
8235,f,8236
8235,b,8236
8237,b,8236
8237,f,8236
8234,b,8236
8232,f,8236
8233,f,8236
8233,b,8236
8236,f,8236
8232,b,8236
8236,b,8236
8238,c,8237
8237,c,8237
8236,f,8237
8236,c,8237
8237,f,8237
8234,c,8237
8235,f,8237
8235,c,8237
8234,f,8237
8238,f,8237
8233,f,8237
8233,c,8237
8235,e,8238
8236,e,8238
8239,e,8238
8234,e,8238
8237,e,8238
8238,e,8238
8238,f,8239
8239,f,8239
8240,f,8239
8236,f,8239
8235,f,8239
8237,f,8239
8238,e,8242
8242,e,8242
8243,e,8242
8241,e,8242
8240,e,8242
8239,e,8242
8243,d,8243
8243,f,8243
8243,a,8243
8244,f,8243
8242,f,8243
8242,c,8243
8244,c,8243
8242,a,8243
8241,f,8243
8243,c,8243
8241,c,8243
8242,d,8243
8241,a,8243
8239,a,8243
8239,d,8243
8239,c,8243
8239,f,8243
8244,d,8243
8240,a,8243
8240,d,8243
8241,d,8243
8240,c,8243
8240,f,8243
8244,a,8243
8240,d,8244
8240,e,8244
8241,b,8244
8244,b,8244
8244,d,8244
8244,f,8244
8244,e,8244
8243,e,8244
8243,f,8244
8243,d,8244
8243,b,8244
8241,d,8244
8240,b,8244
8241,e,8244
8241,f,8244
8245,d,8244
8240,f,8244
8245,b,8244
8242,b,8244
8245,f,8244
8245,e,8244
8242,d,8244
8242,f,8244
8242,e,8244
8245,c,8245
8246,a,8245
8246,c,8245
8244,c,8245
8245,a,8245
8245,f,8245
8244,f,8245
8244,a,8245
8246,f,8245
8243,c,8245
8241,a,8245
8241,c,8245
8242,f,8245
8242,c,8245
8242,a,8245
8241,f,8245
8243,f,8245
8243,a,8245
8245,a,8246
8245,b,8246
8245,d,8246
8242,b,8246
8242,a,8246
8247,d,8246
8247,b,8246
8247,a,8246
8246,e,8246
8246,d,8246
8246,b,8246
8245,e,8246
8247,e,8246
8246,a,8246
8242,e,8246
8243,e,8246
8243,d,8246
8244,e,8246
8244,d,8246
8244,b,8246
8244,a,8246
8242,d,8246
8243,a,8246
8243,b,8246
8248,f,8247
8248,c,8247
8246,b,8247
8246,c,8247
8247,b,8247
8248,d,8247
8248,b,8247
8243,f,8247
8247,f,8247
8247,c,8247
8247,d,8247
8246,f,8247
8243,c,8247
8246,d,8247
8244,c,8247
8245,f,8247
8245,b,8247
8244,f,8247
8245,c,8247
8244,d,8247
8244,b,8247
8245,d,8247
8243,d,8247
8243,b,8247
8248,c,8248
8247,f,8248
8247,c,8248
8248,f,8248
8244,c,8248
8244,f,8248
8244,e,8248
8248,e,8248
8249,e,8248
8247,e,8248
8249,c,8248
8246,f,8248
8245,e,8248
8249,f,8248
8245,f,8248
8246,e,8248
8245,c,8248
8246,c,8248
8245,f,8249
8249,a,8249
8249,f,8249
8249,e,8249
8248,e,8249
8248,f,8249
8248,a,8249
8245,a,8249
8250,f,8249
8250,e,8249
8246,a,8249
8246,e,8249
8246,f,8249
8247,a,8249
8247,f,8249
8245,e,8249
8250,a,8249
8247,e,8249
8250,f,8250
8249,f,8250
8249,d,8250
8249,b,8250
8251,b,8250
8251,d,8250
8250,d,8250
8250,b,8250
8249,e,8250
8246,d,8250
8251,e,8250
8246,b,8250
8250,e,8250
8246,f,8250
8246,e,8250
8247,b,8250
8247,d,8250
8251,f,8250
8247,f,8250
8248,b,8250
8248,d,8250
8248,f,8250
8248,e,8250
8247,e,8250
8252,c,8251
8251,f,8251
8251,c,8251
8252,f,8251
8250,f,8251
8249,f,8251
8249,c,8251
8248,f,8251
8248,c,8251
8247,f,8251
8247,c,8251
8250,c,8251
8250,e,8252
8249,e,8252
8248,e,8252
8251,e,8252
8252,e,8252
8253,e,8252
8256,b,8255
8255,b,8255
8254,b,8255
8253,b,8255
8251,b,8255
8252,b,8255
8256,c,8256
8257,c,8256
8255,f,8256
8255,c,8256
8252,f,8256
8257,f,8256
8254,f,8256
8254,c,8256
8252,c,8256
8253,f,8256
8253,c,8256
8256,f,8256
8258,e,8257
8256,e,8257
8257,e,8257
8255,e,8257
8254,e,8257
8253,e,8257
8256,f,8258
8254,f,8258
8257,f,8258
8258,f,8258
8255,f,8258
8259,f,8258
8261,e,8261
8260,e,8261
8259,e,8261
8258,e,8261
8257,e,8261
8262,e,8261
8259,f,8262
8260,f,8262
8263,f,8262
8262,f,8262
8261,f,8262
8258,f,8262
8263,b,8263
8264,b,8263
8262,b,8263
8260,b,8263
8261,b,8263
8259,b,8263
8265,f,8264
8261,c,8264
8260,f,8264
8262,c,8264
8262,f,8264
8263,f,8264
8263,c,8264
8261,f,8264
8264,f,8264
8264,c,8264
8265,c,8264
8260,c,8264
8266,c,8265
8266,a,8265
8264,a,8265
8264,e,8265
8265,e,8265
8265,c,8265
8265,a,8265
8264,c,8265
8266,e,8265
8261,a,8265
8262,c,8265
8261,c,8265
8261,e,8265
8262,a,8265
8262,e,8265
8263,e,8265
8263,a,8265
8263,c,8265
8267,d,8266
8267,f,8266
8266,e,8266
8266,d,8266
8265,e,8266
8267,e,8266
8265,d,8266
8265,b,8266
8266,f,8266
8267,b,8266
8266,b,8266
8265,f,8266
8262,e,8266
8263,e,8266
8263,b,8266
8262,f,8266
8263,f,8266
8262,b,8266
8262,d,8266
8264,b,8266
8264,d,8266
8264,f,8266
8264,e,8266
8263,d,8266
8266,f,8267
8266,c,8267
8268,f,8267
8267,f,8267
8267,c,8267
8264,f,8267
8263,f,8267
8264,c,8267
8265,c,8267
8265,f,8267
8263,c,8267
8268,c,8267
8269,e,8268
8265,e,8268
8266,e,8268
8264,e,8268
8267,e,8268
8268,e,8268
8268,f,8269
8268,c,8269
8269,c,8269
8270,f,8269
8270,c,8269
8270,a,8269
8269,a,8269
8268,a,8269
8269,f,8269
8265,a,8269
8265,f,8269
8267,f,8269
8267,c,8269
8267,a,8269
8266,a,8269
8266,c,8269
8266,f,8269
8265,c,8269
8270,b,8270
8270,d,8270
8270,e,8270
8269,e,8270
8269,d,8270
8269,b,8270
8267,b,8270
8267,d,8270
8271,e,8270
8268,e,8270
8268,d,8270
8268,b,8270
8266,b,8270
8266,d,8270
8266,e,8270
8267,e,8270
8271,d,8270
8271,b,8270
8270,f,8271
8270,c,8271
8271,c,8271
8271,f,8271
8269,f,8271
8272,c,8271
8272,f,8271
8269,c,8271
8267,c,8271
8267,f,8271
8268,c,8271
8268,f,8271
8271,e,8272
8268,e,8272
8272,e,8272
8270,e,8272
8269,e,8272
8273,e,8272
8272,a,8273
8273,f,8273
8272,f,8273
8273,a,8273
8270,f,8273
8274,a,8273
8271,f,8273
8271,a,8273
8274,f,8273
8270,a,8273
8269,a,8273
8269,f,8273
8274,b,8274
8274,d,8274
8273,d,8274
8273,b,8274
8275,b,8274
8275,d,8274
8271,d,8274
8272,d,8274
8272,b,8274
8270,b,8274
8270,d,8274
8271,b,8274
8275,c,8275
8275,f,8275
8274,f,8275
8276,b,8275
8274,c,8275
8274,b,8275
8276,c,8275
8276,f,8275
8275,b,8275
8273,c,8275
8273,f,8275
8273,b,8275
8271,b,8275
8271,c,8275
8271,f,8275
8272,b,8275
8272,c,8275
8272,f,8275
8275,f,8276
8277,c,8276
8276,e,8276
8276,f,8276
8276,c,8276
8275,e,8276
8277,f,8276
8275,c,8276
8277,e,8276
8272,f,8276
8273,e,8276
8273,f,8276
8273,c,8276
8272,e,8276
8272,c,8276
8274,f,8276
8274,c,8276
8274,e,8276
8273,f,8277
8277,f,8277
8277,e,8277
8276,e,8277
8276,f,8277
8275,e,8277
8273,e,8277
8274,f,8277
8275,f,8277
8278,f,8277
8278,e,8277
8274,e,8277
8279,f,8278
8277,f,8278
8277,c,8278
8278,f,8278
8279,c,8278
8278,c,8278
8274,f,8278
8276,f,8278
8276,c,8278
8274,c,8278
8275,c,8278
8275,f,8278
8279,e,8279
8278,e,8279
8276,e,8279
8277,e,8279
8275,e,8279
8280,e,8279
8280,f,8280
8278,f,8280
8281,f,8280
8276,f,8280
8277,f,8280
8279,f,8280
8281,f,8281
8281,e,8281
8280,e,8281
8280,f,8281
8279,f,8281
8282,f,8281
8279,e,8281
8282,e,8281
8277,f,8281
8277,e,8281
8278,f,8281
8278,e,8281
8282,f,8282
8281,f,8282
8283,f,8282
8280,f,8282
8278,f,8282
8279,f,8282
8283,c,8283
8284,f,8283
8282,f,8283
8282,c,8283
8283,f,8283
8284,c,8283
8280,f,8283
8281,f,8283
8281,c,8283
8280,c,8283
8279,f,8283
8279,c,8283
8281,e,8284
8282,e,8284
8280,e,8284
8283,e,8284
8284,e,8284
8285,e,8284
8286,f,8285
8284,f,8285
8283,f,8285
8281,f,8285
8282,f,8285
8285,f,8285
8287,c,8287
8286,c,8287
8288,c,8287
8285,c,8287
8284,c,8287
8283,c,8287
8285,f,8288
8285,e,8288
8284,e,8288
8284,f,8288
8286,f,8288
8286,e,8288
8289,e,8288
8289,f,8288
8287,f,8288
8287,e,8288
8288,e,8288
8288,f,8288
8289,f,8289
8288,f,8289
8290,f,8289
8287,f,8289
8286,f,8289
8285,f,8289
8290,d,8290
8288,d,8290
8291,d,8290
8286,d,8290
8289,d,8290
8287,d,8290
8290,f,8291
8291,f,8291
8292,f,8291
8289,f,8291
8288,f,8291
8287,f,8291
8289,a,8292
8292,a,8292
8290,a,8292
8293,a,8292
8291,a,8292
8288,a,8292
8294,b,8293
8293,d,8293
8293,b,8293
8292,d,8293
8292,b,8293
8294,d,8293
8291,d,8293
8289,d,8293
8291,b,8293
8290,b,8293
8290,d,8293
8289,b,8293
8294,c,8294
8294,f,8294
8295,c,8294
8293,f,8294
8293,c,8294
8290,c,8294
8292,f,8294
8292,c,8294
8290,f,8294
8291,c,8294
8295,f,8294
8291,f,8294
8295,e,8295
8294,e,8295
8296,e,8295
8291,e,8295
8292,e,8295
8293,e,8295
8293,f,8296
8296,f,8296
8295,f,8296
8292,f,8296
8297,f,8296
8294,f,8296
8294,b,8297
8293,b,8297
8298,b,8297
8297,b,8297
8296,b,8297
8295,b,8297
8299,f,8298
8298,c,8298
8297,f,8298
8297,c,8298
8298,f,8298
8299,c,8298
8294,c,8298
8296,f,8298
8296,c,8298
8294,f,8298
8295,c,8298
8295,f,8298
8299,e,8299
8300,c,8299
8298,e,8299
8298,c,8299
8300,e,8299
8299,c,8299
8296,e,8299
8297,e,8299
8297,c,8299
8295,c,8299
8295,e,8299
8296,c,8299
8300,b,8300
8301,b,8300
8301,f,8300
8301,e,8300
8299,e,8300
8299,b,8300
8300,e,8300
8300,f,8300
8299,f,8300
8296,f,8300
8296,e,8300
8298,e,8300
8296,b,8300
8298,f,8300
8297,b,8300
8298,b,8300
8297,f,8300
8297,e,8300
8297,f,8301
8302,c,8301
8300,f,8301
8300,c,8301
8301,f,8301
8301,c,8301
8302,f,8301
8299,f,8301
8299,c,8301
8298,c,8301
8298,f,8301
8297,c,8301
8302,e,8302
8301,e,8302
8298,e,8302
8300,e,8302
8299,e,8302
8303,e,8302
8301,f,8303
8299,f,8303
8302,f,8303
8304,f,8303
8300,f,8303
8303,f,8303
8305,a,8305
8306,a,8305
8303,a,8305
8304,a,8305
8302,a,8305
8301,a,8305
8303,b,8306
8306,d,8306
8306,b,8306
8307,d,8306
8307,b,8306
8305,b,8306
8305,d,8306
8302,d,8306
8304,d,8306
8304,b,8306
8302,b,8306
8303,d,8306
8306,f,8307
8306,c,8307
8303,c,8307
8303,f,8307
8307,c,8307
8307,f,8307
8304,f,8307
8304,c,8307
8308,c,8307
8308,f,8307
8305,f,8307
8305,c,8307
8308,d,8308
8308,e,8308
8307,d,8308
8307,e,8308
8309,d,8308
8309,e,8308
8305,e,8308
8305,d,8308
8304,e,8308
8306,e,8308
8304,d,8308
8306,d,8308
8310,b,8309
8310,a,8309
8308,a,8309
8306,b,8309
8310,f,8309
8308,f,8309
8308,e,8309
8309,e,8309
8309,f,8309
8309,b,8309
8309,a,8309
8308,b,8309
8306,a,8309
8310,e,8309
8306,f,8309
8306,e,8309
8307,e,8309
8307,f,8309
8307,b,8309
8307,a,8309
8305,a,8309
8305,b,8309
8305,f,8309
8305,e,8309
8310,b,8310
8311,f,8310
8311,c,8310
8309,b,8310
8309,d,8310
8311,e,8310
8309,f,8310
8309,e,8310
8311,d,8310
8310,d,8310
8310,f,8310
8310,c,8310
8309,c,8310
8311,b,8310
8310,e,8310
8306,d,8310
8307,e,8310
8307,d,8310
8307,b,8310
8306,e,8310
8306,f,8310
8306,c,8310
8307,f,8310
8306,b,8310
8307,c,8310
8308,b,8310
8308,d,8310
8308,c,8310
8308,f,8310
8308,e,8310
8310,e,8311
8310,f,8311
8312,f,8311
8311,f,8311
8311,e,8311
8312,e,8311
8311,c,8311
8310,c,8311
8312,c,8311
8307,f,8311
8307,e,8311
8308,e,8311
8308,f,8311
8308,c,8311
8309,c,8311
8309,f,8311
8309,e,8311
8307,c,8311
8312,f,8312
8312,e,8312
8311,e,8312
8311,f,8312
8308,e,8312
8309,f,8312
8309,e,8312
8313,f,8312
8313,e,8312
8310,e,8312
8310,f,8312
8308,f,8312
8312,f,8313
8313,a,8313
8313,b,8313
8313,f,8313
8314,f,8313
8314,b,8313
8314,a,8313
8312,b,8313
8312,a,8313
8310,b,8313
8310,a,8313
8311,f,8313
8311,b,8313
8311,a,8313
8309,f,8313
8310,f,8313
8309,b,8313
8309,a,8313
8313,b,8314
8313,d,8314
8313,c,8314
8313,f,8314
8311,f,8314
8314,c,8314
8314,f,8314
8315,b,8314
8315,d,8314
8315,c,8314
8315,f,8314
8311,c,8314
8314,d,8314
8314,b,8314
8310,d,8314
8311,d,8314
8310,f,8314
8310,c,8314
8312,b,8314
8311,b,8314
8312,c,8314
8312,f,8314
8312,d,8314
8310,b,8314
8316,c,8315
8316,e,8315
8313,e,8315
8313,c,8315
8312,c,8315
8312,e,8315
8315,e,8315
8314,c,8315
8314,e,8315
8315,c,8315
8311,c,8315
8311,e,8315
8316,e,8316
8315,e,8316
8317,e,8316
8313,e,8316
8314,e,8316
8312,e,8316
8318,a,8317
8313,a,8317
8316,f,8317
8318,f,8317
8317,f,8317
8315,a,8317
8313,f,8317
8317,a,8317
8314,a,8317
8314,f,8317
8315,f,8317
8316,a,8317
8317,b,8318
8317,d,8318
8319,e,8318
8319,d,8318
8318,d,8318
8318,e,8318
8317,e,8318
8319,b,8318
8318,b,8318
8315,e,8318
8314,b,8318
8314,d,8318
8316,e,8318
8316,d,8318
8316,b,8318
8314,e,8318
8315,b,8318
8315,d,8318
8320,c,8319
8320,f,8319
8318,f,8319
8318,c,8319
8319,f,8319
8315,c,8319
8317,f,8319
8317,c,8319
8315,f,8319
8316,c,8319
8316,f,8319
8319,c,8319
8320,f,8320
8321,f,8320
8321,e,8320
8316,f,8320
8319,e,8320
8319,f,8320
8316,e,8320
8320,e,8320
8317,e,8320
8317,f,8320
8318,e,8320
8318,f,8320
8318,f,8321
8321,f,8321
8317,f,8321
8322,f,8321
8320,f,8321
8319,f,8321
8320,d,8322
8323,d,8322
8318,d,8322
8319,d,8322
8321,d,8322
8322,d,8322
8322,f,8323
8323,f,8323
8324,f,8323
8320,f,8323
8319,f,8323
8321,f,8323
8327,d,8327
8325,d,8327
8326,d,8327
8328,d,8327
8324,d,8327
8323,d,8327
8328,f,8328
8328,b,8328
8327,f,8328
8327,b,8328
8329,b,8328
8329,f,8328
8324,f,8328
8326,f,8328
8326,b,8328
8325,f,8328
8325,b,8328
8324,b,8328
8330,f,8329
8329,f,8329
8330,c,8329
8328,f,8329
8329,c,8329
8328,c,8329
8325,c,8329
8327,f,8329
8327,c,8329
8325,f,8329
8326,c,8329
8326,f,8329
8329,e,8330
8326,e,8330
8330,e,8330
8331,e,8330
8328,e,8330
8327,e,8330
8327,f,8331
8332,b,8331
8332,f,8331
8330,f,8331
8330,b,8331
8331,b,8331
8327,b,8331
8331,f,8331
8328,b,8331
8329,f,8331
8329,b,8331
8328,f,8331
8329,f,8332
8332,a,8332
8332,c,8332
8332,f,8332
8331,f,8332
8331,c,8332
8331,a,8332
8328,a,8332
8328,c,8332
8328,f,8332
8333,c,8332
8333,a,8332
8330,f,8332
8330,c,8332
8330,a,8332
8329,a,8332
8333,f,8332
8329,c,8332
8333,b,8333
8334,b,8333
8334,e,8333
8333,e,8333
8332,f,8333
8332,d,8333
8333,f,8333
8333,d,8333
8332,e,8333
8332,b,8333
8329,b,8333
8334,f,8333
8330,f,8333
8331,e,8333
8331,f,8333
8331,d,8333
8331,b,8333
8329,d,8333
8329,f,8333
8329,e,8333
8330,e,8333
8334,d,8333
8330,d,8333
8330,b,8333
8334,c,8334
8334,f,8334
8333,f,8334
8333,c,8334
8331,c,8334
8330,c,8334
8335,c,8334
8335,f,8334
8332,f,8334
8332,c,8334
8330,f,8334
8331,f,8334
8334,e,8335
8335,e,8335
8336,e,8335
8331,e,8335
8333,e,8335
8332,e,8335
8333,f,8336
8337,c,8336
8336,f,8336
8336,c,8336
8335,f,8336
8335,c,8336
8337,f,8336
8332,f,8336
8332,c,8336
8334,f,8336
8334,c,8336
8333,c,8336
8334,e,8337
8335,e,8337
8333,e,8337
8336,e,8337
8338,e,8337
8337,e,8337
8339,f,8338
8337,f,8338
8338,f,8338
8336,f,8338
8335,f,8338
8334,f,8338
8344,e,8343
8343,e,8343
8341,e,8343
8342,e,8343
8340,e,8343
8339,e,8343
8341,f,8344
8342,f,8344
8343,f,8344
8344,f,8344
8340,f,8344
8345,f,8344
8346,d,8347
8348,d,8347
8347,d,8347
8344,d,8347
8345,d,8347
8343,d,8347
8345,f,8348
8344,f,8348
8346,f,8348
8349,f,8348
8347,f,8348
8348,f,8348
8350,d,8349
8348,d,8349
8349,d,8349
8347,d,8349
8346,d,8349
8345,d,8349
8346,f,8350
8349,f,8350
8351,f,8350
8347,f,8350
8350,f,8350
8348,f,8350
8348,d,8352
8353,d,8352
8351,f,8352
8351,d,8352
8353,f,8352
8350,d,8352
8349,f,8352
8349,d,8352
8352,f,8352
8348,f,8352
8350,f,8352
8352,d,8352
8353,f,8353
8354,f,8353
8352,f,8353
8349,f,8353
8351,f,8353
8350,f,8353
8355,b,8354
8351,b,8354
8352,b,8354
8350,b,8354
8353,b,8354
8354,b,8354
8356,f,8355
8356,c,8355
8355,f,8355
8355,c,8355
8351,f,8355
8354,f,8355
8354,c,8355
8351,c,8355
8353,c,8355
8352,c,8355
8353,f,8355
8352,f,8355
8354,f,8356
8354,e,8356
8356,e,8356
8357,e,8356
8352,e,8356
8352,f,8356
8357,f,8356
8355,e,8356
8356,f,8356
8353,e,8356
8353,f,8356
8355,f,8356
8356,f,8357
8358,f,8357
8357,f,8357
8355,f,8357
8354,f,8357
8353,f,8357
8357,e,8358
8359,e,8358
8358,e,8358
8356,e,8358
8355,e,8358
8354,e,8358
8359,f,8359
8358,f,8359
8360,d,8359
8358,d,8359
8359,d,8359
8360,f,8359
8355,f,8359
8355,d,8359
8357,f,8359
8357,d,8359
8356,d,8359
8356,f,8359
8357,f,8360
8361,d,8360
8361,f,8360
8359,f,8360
8359,d,8360
8356,d,8360
8358,f,8360
8358,d,8360
8356,f,8360
8357,d,8360
8360,d,8360
8360,f,8360
8361,f,8361
8362,f,8361
8360,f,8361
8357,f,8361
8359,f,8361
8358,f,8361
8360,f,8362
8362,f,8362
8359,f,8362
8358,f,8362
8361,f,8362
8363,f,8362
8365,d,8364
8364,d,8364
8363,e,8364
8363,d,8364
8365,e,8364
8364,e,8364
8362,d,8364
8361,e,8364
8362,e,8364
8361,d,8364
8360,e,8364
8360,d,8364
8362,f,8365
8361,f,8365
8363,f,8365
8366,f,8365
8364,f,8365
8365,f,8365
8367,d,8366
8365,d,8366
8366,d,8366
8362,d,8366
8364,d,8366
8363,d,8366
8366,f,8367
8367,f,8367
8367,a,8367
8364,f,8367
8368,f,8367
8366,a,8367
8363,a,8367
8368,a,8367
8363,f,8367
8365,f,8367
8365,a,8367
8364,a,8367
8368,b,8368
8368,d,8368
8367,d,8368
8367,b,8368
8364,d,8368
8369,d,8368
8364,b,8368
8366,d,8368
8366,b,8368
8365,b,8368
8365,d,8368
8369,b,8368
8368,f,8369
8370,c,8369
8368,c,8369
8369,f,8369
8369,c,8369
8367,f,8369
8367,c,8369
8366,f,8369
8366,c,8369
8365,f,8369
8365,c,8369
8370,f,8369
8370,e,8370
8369,e,8370
8371,e,8370
8367,e,8370
8368,e,8370
8366,e,8370
8368,f,8371
8369,f,8371
8372,f,8371
8367,f,8371
8370,f,8371
8371,f,8371
8372,e,8372
8371,e,8372
8373,e,8372
8370,e,8372
8368,e,8372
8369,e,8372
8371,f,8373
8369,f,8373
8372,f,8373
8373,f,8373
8374,f,8373
8370,f,8373
8375,a,8377
8376,a,8377
8373,a,8377
8377,a,8377
8374,a,8377
8378,a,8377
8377,c,8378
8377,b,8378
8377,d,8378
8379,c,8378
8378,d,8378
8378,c,8378
8379,d,8378
8378,b,8378
8376,c,8378
8379,b,8378
8374,b,8378
8375,b,8378
8374,c,8378
8374,d,8378
8375,c,8378
8375,d,8378
8376,d,8378
8376,b,8378
8379,e,8379
8379,f,8379
8380,c,8379
8380,f,8379
8378,e,8379
8378,f,8379
8378,c,8379
8380,e,8379
8379,c,8379
8376,c,8379
8377,e,8379
8377,f,8379
8376,f,8379
8377,c,8379
8376,e,8379
8375,c,8379
8375,f,8379
8375,e,8379
8377,e,8380
8381,e,8380
8381,f,8380
8380,e,8380
8380,f,8380
8376,e,8380
8376,f,8380
8378,e,8380
8379,f,8380
8377,f,8380
8378,f,8380
8379,e,8380
8381,f,8381
8380,f,8381
8379,f,8381
8382,f,8381
8377,f,8381
8378,f,8381
8380,c,8383
8379,c,8383
8381,c,8383
8384,c,8383
8383,c,8383
8382,c,8383
8384,a,8384
8384,e,8384
8383,e,8384
8383,a,8384
8382,e,8384
8380,e,8384
8385,a,8384
8385,e,8384
8380,a,8384
8381,e,8384
8381,a,8384
8382,a,8384
8385,b,8385
8385,d,8385
8385,f,8385
8384,f,8385
8384,d,8385
8384,b,8385
8386,b,8385
8386,d,8385
8381,f,8385
8386,f,8385
8383,f,8385
8383,d,8385
8382,b,8385
8383,b,8385
8381,b,8385
8381,d,8385
8382,d,8385
8382,f,8385
8385,a,8386
8386,f,8386
8387,f,8386
8386,a,8386
8387,a,8386
8385,f,8386
8385,c,8386
8387,c,8386
8386,c,8386
8382,a,8386
8382,c,8386
8382,f,8386
8383,a,8386
8383,c,8386
8384,a,8386
8383,f,8386
8384,f,8386
8384,c,8386
8383,e,8387
8387,b,8387
8384,e,8387
8384,d,8387
8388,b,8387
8388,d,8387
8388,e,8387
8386,e,8387
8386,d,8387
8386,b,8387
8384,b,8387
8387,d,8387
8383,b,8387
8383,d,8387
8385,e,8387
8385,d,8387
8385,b,8387
8387,e,8387
8388,f,8388
8389,c,8388
8389,f,8388
8387,f,8388
8387,c,8388
8388,c,8388
8384,c,8388
8385,c,8388
8386,f,8388
8386,c,8388
8384,f,8388
8385,f,8388
8387,e,8389
8386,e,8389
8385,e,8389
8388,e,8389
8390,e,8389
8389,e,8389
8390,f,8390
8389,f,8390
8386,f,8390
8388,f,8390
8387,f,8390
8391,f,8390
8388,f,8392
8389,f,8392
8390,f,8392
8393,f,8392
8392,f,8392
8391,f,8392
8393,c,8393
8392,c,8393
8394,c,8393
8391,c,8393
8389,c,8393
8390,c,8393
8395,e,8394
8395,b,8394
8394,e,8394
8394,b,8394
8393,e,8394
8393,b,8394
8391,b,8394
8392,e,8394
8392,b,8394
8390,b,8394
8391,e,8394
8390,e,8394
8394,c,8395
8395,f,8395
8395,c,8395
8391,c,8395
8394,f,8395
8392,f,8395
8391,f,8395
8396,c,8395
8396,f,8395
8393,f,8395
8393,c,8395
8392,c,8395
8394,e,8396
8397,e,8396
8393,e,8396
8395,e,8396
8396,e,8396
8392,e,8396
8397,f,8397
8396,f,8397
8396,c,8397
8397,c,8397
8394,c,8397
8395,f,8397
8395,c,8397
8394,f,8397
8398,f,8397
8393,f,8397
8393,c,8397
8398,c,8397
8395,e,8398
8394,e,8398
8396,e,8398
8399,e,8398
8397,e,8398
8398,e,8398
8398,f,8399
8400,f,8399
8399,f,8399
8397,f,8399
8395,f,8399
8396,f,8399
8397,c,8400
8400,c,8400
8399,c,8400
8401,c,8400
8398,c,8400
8396,c,8400
8398,e,8401
8401,e,8401
8402,e,8401
8397,e,8401
8400,e,8401
8399,e,8401
8403,e,8402
8402,e,8402
8402,f,8402
8401,f,8402
8403,f,8402
8401,e,8402
8400,e,8402
8400,f,8402
8398,f,8402
8398,e,8402
8399,f,8402
8399,e,8402
8400,f,8403
8403,f,8403
8402,f,8403
8404,f,8403
8401,f,8403
8399,f,8403
8402,a,8404
8403,a,8404
8404,a,8404
8400,a,8404
8401,a,8404
8405,a,8404
8404,a,8405
8406,a,8405
8405,a,8405
8405,b,8405
8405,d,8405
8406,d,8405
8406,b,8405
8404,b,8405
8404,d,8405
8401,a,8405
8403,d,8405
8402,b,8405
8402,a,8405
8403,b,8405
8403,a,8405
8402,d,8405
8401,b,8405
8401,d,8405
8403,b,8406
8405,b,8406
8405,d,8406
8405,c,8406
8405,f,8406
8406,b,8406
8406,c,8406
8406,f,8406
8407,b,8406
8407,d,8406
8407,f,8406
8406,d,8406
8402,b,8406
8407,c,8406
8402,c,8406
8402,d,8406
8404,b,8406
8403,d,8406
8403,c,8406
8404,d,8406
8402,f,8406
8404,f,8406
8403,f,8406
8404,c,8406
8408,c,8407
8408,f,8407
8406,e,8407
8406,f,8407
8403,c,8407
8406,c,8407
8407,e,8407
8403,f,8407
8408,e,8407
8407,c,8407
8405,e,8407
8405,f,8407
8405,c,8407
8404,c,8407
8404,f,8407
8404,e,8407
8403,e,8407
8407,f,8407
8408,f,8408
8408,e,8408
8409,f,8408
8409,e,8408
8404,e,8408
8407,e,8408
8407,f,8408
8404,f,8408
8405,e,8408
8405,f,8408
8406,f,8408
8406,e,8408
8408,e,8409
8410,f,8409
8408,f,8409
8405,e,8409
8406,f,8409
8409,f,8409
8409,e,8409
8406,e,8409
8407,e,8409
8407,f,8409
8410,e,8409
8405,f,8409
8409,b,8410
8409,f,8410
8410,b,8410
8410,f,8410
8411,b,8410
8408,f,8410
8408,b,8410
8411,f,8410
8407,f,8410
8407,b,8410
8406,b,8410
8406,f,8410
8410,b,8411
8410,f,8411
8412,b,8411
8411,f,8411
8410,c,8411
8412,c,8411
8407,b,8411
8409,f,8411
8409,c,8411
8409,b,8411
8408,f,8411
8408,c,8411
8408,b,8411
8407,f,8411
8407,c,8411
8411,b,8411
8412,f,8411
8411,c,8411
8412,c,8412
8412,e,8412
8411,e,8412
8411,c,8412
8413,e,8412
8413,c,8412
8410,e,8412
8410,c,8412
8409,e,8412
8409,c,8412
8408,e,8412
8408,c,8412
8410,e,8413
8411,e,8413
8409,e,8413
8412,e,8413
8414,e,8413
8413,e,8413
8415,f,8414
8413,f,8414
8414,f,8414
8412,f,8414
8411,f,8414
8410,f,8414
8412,c,8416
8413,c,8416
8414,c,8416
8415,c,8416
8416,c,8416
8417,c,8416
8413,e,8417
8418,e,8417
8414,e,8417
8415,e,8417
8416,e,8417
8417,e,8417
8417,f,8418
8415,f,8418
8416,f,8418
8414,f,8418
8418,f,8418
8419,f,8418
8420,e,8420
8419,e,8420
8421,e,8420
8418,e,8420
8417,e,8420
8416,e,8420
8422,f,8421
8417,f,8421
8419,f,8421
8420,f,8421
8418,f,8421
8421,f,8421
8423,a,8423
8422,a,8423
8421,a,8423
8424,a,8423
8419,a,8423
8420,a,8423
8421,b,8424
8424,b,8424
8423,d,8424
8423,b,8424
8424,d,8424
8420,d,8424
8425,d,8424
8425,b,8424
8422,b,8424
8420,b,8424
8421,d,8424
8422,d,8424
8425,a,8425
8424,f,8425
8424,c,8425
8426,c,8425
8424,b,8425
8424,a,8425
8425,b,8425
8425,c,8425
8425,f,8425
8426,f,8425
8423,f,8425
8426,a,8425
8426,b,8425
8421,a,8425
8422,c,8425
8422,b,8425
8422,a,8425
8421,f,8425
8423,b,8425
8423,a,8425
8421,c,8425
8423,c,8425
8422,f,8425
8421,b,8425
8423,b,8426
8427,c,8426
8427,d,8426
8427,b,8426
8425,d,8426
8425,c,8426
8425,f,8426
8425,e,8426
8426,e,8426
8426,f,8426
8426,c,8426
8426,d,8426
8426,b,8426
8425,b,8426
8427,e,8426
8427,f,8426
8422,d,8426
8423,e,8426
8422,e,8426
8422,f,8426
8422,c,8426
8422,b,8426
8424,d,8426
8424,b,8426
8424,f,8426
8424,e,8426
8423,f,8426
8423,c,8426
8423,d,8426
8424,c,8426
8428,c,8427
8428,e,8427
8428,f,8427
8426,a,8427
8427,b,8427
8426,c,8427
8426,f,8427
8426,e,8427
8427,a,8427
8428,a,8427
8427,e,8427
8427,f,8427
8427,c,8427
8426,b,8427
8428,b,8427
8423,b,8427
8425,a,8427
8423,a,8427
8424,e,8427
8423,c,8427
8423,f,8427
8423,e,8427
8424,f,8427
8425,e,8427
8425,f,8427
8425,c,8427
8425,b,8427
8424,c,8427
8424,b,8427
8424,a,8427
8427,b,8428
8427,d,8428
8427,f,8428
8427,e,8428
8428,e,8428
8424,b,8428
8428,f,8428
8428,c,8428
8427,c,8428
8424,d,8428
8424,c,8428
8424,f,8428
8429,e,8428
8425,e,8428
8425,f,8428
8425,c,8428
8425,d,8428
8425,b,8428
8426,b,8428
8428,b,8428
8426,d,8428
8428,d,8428
8426,f,8428
8426,e,8428
8429,f,8428
8429,c,8428
8429,d,8428
8429,b,8428
8424,e,8428
8426,c,8428
8430,c,8429
8428,e,8429
8428,f,8429
8428,c,8429
8429,e,8429
8430,f,8429
8425,f,8429
8430,e,8429
8425,c,8429
8426,c,8429
8426,f,8429
8426,e,8429
8425,e,8429
8429,f,8429
8427,c,8429
8427,f,8429
8427,e,8429
8429,c,8429
8429,e,8430
8431,f,8430
8431,e,8430
8430,e,8430
8430,f,8430
8429,f,8430
8428,f,8430
8426,e,8430
8427,f,8430
8427,e,8430
8426,f,8430
8428,e,8430
8431,a,8431
8430,a,8431
8427,a,8431
8432,a,8431
8429,a,8431
8428,a,8431
8432,d,8432
8433,b,8432
8433,d,8432
8431,d,8432
8428,d,8432
8432,b,8432
8428,b,8432
8431,b,8432
8430,d,8432
8430,b,8432
8429,b,8432
8429,d,8432
8430,f,8433
8433,f,8433
8433,c,8433
8432,c,8433
8429,c,8433
8432,f,8433
8434,c,8433
8431,f,8433
8431,c,8433
8430,c,8433
8429,f,8433
8434,f,8433
8430,e,8434
8432,e,8434
8431,e,8434
8433,e,8434
8435,e,8434
8434,e,8434
8436,f,8435
8435,f,8435
8434,f,8435
8432,f,8435
8431,f,8435
8433,f,8435
8433,a,8437
8436,c,8437
8436,a,8437
8438,a,8437
8438,c,8437
8437,c,8437
8435,c,8437
8433,c,8437
8434,c,8437
8434,a,8437
8435,a,8437
8437,a,8437
8438,e,8438
8438,b,8438
8439,b,8438
8439,d,8438
8437,e,8438
8437,d,8438
8439,e,8438
8437,b,8438
8438,d,8438
8434,d,8438
8435,d,8438
8435,b,8438
8436,e,8438
8436,d,8438
8436,b,8438
8434,b,8438
8435,e,8438
8434,e,8438
8440,c,8439
8438,c,8439
8438,f,8439
8436,c,8439
8439,b,8439
8439,c,8439
8439,f,8439
8440,f,8439
8436,b,8439
8435,b,8439
8438,b,8439
8440,b,8439
8436,f,8439
8437,f,8439
8435,f,8439
8437,c,8439
8435,c,8439
8437,b,8439
8440,c,8440
8440,f,8440
8440,e,8440
8439,e,8440
8439,f,8440
8439,c,8440
8436,c,8440
8436,f,8440
8436,e,8440
8441,f,8440
8438,e,8440
8438,f,8440
8438,c,8440
8437,c,8440
8437,f,8440
8437,e,8440
8441,e,8440
8441,c,8440
8440,f,8441
8440,e,8441
8442,c,8441
8441,e,8441
8440,c,8441
8441,f,8441
8442,e,8441
8437,c,8441
8437,f,8441
8437,e,8441
8441,c,8441
8442,f,8441
8438,f,8441
8438,c,8441
8439,c,8441
8439,f,8441
8439,e,8441
8438,e,8441
8442,e,8442
8441,e,8442
8441,f,8442
8443,e,8442
8443,f,8442
8442,f,8442
8438,f,8442
8440,e,8442
8438,e,8442
8440,f,8442
8439,f,8442
8439,e,8442
8444,f,8443
8443,f,8443
8442,f,8443
8440,f,8443
8441,f,8443
8439,f,8443
8442,e,8444
8444,e,8444
8445,e,8444
8440,e,8444
8441,e,8444
8443,e,8444
8441,b,8445
8444,b,8445
8444,a,8445
8445,a,8445
8445,b,8445
8443,b,8445
8446,b,8445
8446,a,8445
8442,b,8445
8442,a,8445
8441,a,8445
8443,a,8445
8446,c,8446
8445,f,8446
8445,c,8446
8445,d,8446
8445,b,8446
8446,d,8446
8446,b,8446
8446,f,8446
8444,f,8446
8447,b,8446
8444,d,8446
8442,b,8446
8442,d,8446
8442,c,8446
8442,f,8446
8447,f,8446
8443,b,8446
8443,d,8446
8443,c,8446
8443,f,8446
8444,c,8446
8447,c,8446
8444,b,8446
8447,d,8446
8448,c,8447
8447,f,8447
8446,a,8447
8446,c,8447
8446,f,8447
8446,e,8447
8448,a,8447
8447,e,8447
8448,f,8447
8444,e,8447
8444,c,8447
8443,a,8447
8443,c,8447
8443,f,8447
8443,e,8447
8444,a,8447
8448,e,8447
8444,f,8447
8447,a,8447
8447,c,8447
8445,a,8447
8445,c,8447
8445,f,8447
8445,e,8447
8449,d,8448
8448,e,8448
8447,e,8448
8447,f,8448
8447,d,8448
8447,b,8448
8448,f,8448
8448,d,8448
8449,e,8448
8449,f,8448
8448,b,8448
8449,b,8448
8445,b,8448
8446,e,8448
8446,f,8448
8446,d,8448
8444,b,8448
8444,d,8448
8444,f,8448
8446,b,8448
8445,e,8448
8445,f,8448
8445,d,8448
8444,e,8448
8449,f,8449
8449,c,8449
8448,f,8449
8448,c,8449
8446,f,8449
8445,c,8449
8445,f,8449
8447,f,8449
8447,c,8449
8446,c,8449
8450,f,8449
8450,c,8449
8448,e,8450
8451,e,8450
8446,e,8450
8447,e,8450
8449,e,8450
8450,e,8450
8452,f,8451
8450,f,8451
8451,f,8451
8449,f,8451
8447,f,8451
8448,f,8451
8449,f,8452
8452,f,8452
8451,f,8452
8453,f,8452
8450,f,8452
8448,f,8452
8451,e,8454
8455,e,8454
8453,e,8454
8454,e,8454
8452,e,8454
8450,e,8454
8453,f,8455
8454,f,8455
8455,f,8455
8456,f,8455
8451,f,8455
8452,f,8455
8461,b,8463
8462,a,8463
8464,a,8463
8464,b,8463
8462,b,8463
8461,a,8463
8459,b,8463
8459,a,8463
8463,b,8463
8460,a,8463
8460,b,8463
8463,a,8463
8464,b,8464
8464,c,8464
8465,c,8464
8465,b,8464
8463,f,8464
8465,d,8464
8465,f,8464
8463,c,8464
8463,d,8464
8463,b,8464
8464,d,8464
8464,f,8464
8461,f,8464
8460,d,8464
8461,d,8464
8461,c,8464
8460,c,8464
8460,b,8464
8461,b,8464
8462,b,8464
8460,f,8464
8462,c,8464
8462,f,8464
8462,d,8464
8465,e,8465
8465,f,8465
8462,f,8465
8466,c,8465
8464,e,8465
8464,f,8465
8464,c,8465
8466,f,8465
8466,e,8465
8465,c,8465
8462,e,8465
8461,f,8465
8462,c,8465
8461,c,8465
8463,e,8465
8463,f,8465
8463,c,8465
8461,e,8465
8466,e,8466
8466,f,8466
8462,f,8466
8462,e,8466
8467,f,8466
8467,e,8466
8465,e,8466
8465,f,8466
8463,f,8466
8463,e,8466
8464,e,8466
8464,f,8466
8465,f,8467
8467,f,8467
8464,f,8467
8463,f,8467
8466,f,8467
8468,f,8467
8468,a,8469
8468,d,8469
8470,c,8469
8469,a,8469
8469,d,8469
8469,c,8469
8470,a,8469
8470,d,8469
8468,c,8469
8467,c,8469
8465,c,8469
8467,a,8469
8466,a,8469
8465,d,8469
8466,d,8469
8467,d,8469
8465,a,8469
8466,c,8469
8470,b,8470
8470,f,8470
8470,e,8470
8471,e,8470
8469,e,8470
8471,d,8470
8469,d,8470
8469,b,8470
8471,f,8470
8470,d,8470
8469,f,8470
8471,b,8470
8467,b,8470
8467,f,8470
8467,e,8470
8468,e,8470
8468,f,8470
8468,d,8470
8468,b,8470
8466,b,8470
8467,d,8470
8466,e,8470
8466,f,8470
8466,d,8470
8467,c,8471
8467,f,8471
8471,c,8471
8472,c,8471
8472,f,8471
8470,c,8471
8469,f,8471
8469,c,8471
8468,c,8471
8468,f,8471
8471,f,8471
8470,f,8471
8471,b,8472
8473,d,8472
8471,e,8472
8472,b,8472
8472,d,8472
8473,b,8472
8473,e,8472
8471,d,8472
8472,e,8472
8470,e,8472
8470,d,8472
8470,b,8472
8469,b,8472
8469,d,8472
8469,e,8472
8468,e,8472
8468,d,8472
8468,b,8472
8469,d,8473
8474,f,8473
8472,f,8473
8472,c,8473
8472,d,8473
8473,f,8473
8473,d,8473
8471,f,8473
8471,c,8473
8471,d,8473
8469,c,8473
8469,f,8473
8470,d,8473
8470,c,8473
8470,f,8473
8473,c,8473
8474,c,8473
8474,d,8473
8473,e,8474
8470,e,8474
8474,f,8474
8474,e,8474
8470,f,8474
8475,d,8474
8475,f,8474
8474,d,8474
8473,f,8474
8472,e,8474
8471,e,8474
8470,d,8474
8471,d,8474
8475,e,8474
8472,f,8474
8472,d,8474
8471,f,8474
8473,d,8474
8476,f,8475
8472,f,8475
8471,f,8475
8473,f,8475
8474,f,8475
8475,f,8475
8476,a,8477
8478,a,8477
8475,a,8477
8477,a,8477
8474,a,8477
8473,a,8477
8475,b,8478
8479,e,8478
8478,e,8478
8478,d,8478
8478,b,8478
8479,d,8478
8474,e,8478
8477,e,8478
8477,d,8478
8477,b,8478
8479,b,8478
8475,d,8478
8476,e,8478
8476,d,8478
8476,b,8478
8474,b,8478
8475,e,8478
8474,d,8478
8480,c,8479
8479,c,8479
8479,f,8479
8478,f,8479
8478,c,8479
8475,c,8479
8475,f,8479
8477,c,8479
8476,f,8479
8480,f,8479
8477,f,8479
8476,c,8479
8479,c,8480
8480,b,8480
8480,c,8480
8480,e,8480
8479,b,8480
8481,b,8480
8481,c,8480
8479,e,8480
8481,e,8480
8476,c,8480
8477,c,8480
8477,b,8480
8476,b,8480
8476,e,8480
8478,e,8480
8478,c,8480
8478,b,8480
8477,e,8480
8480,d,8481
8482,e,8481
8480,c,8481
8478,e,8481
8480,e,8481
8481,d,8481
8481,c,8481
8480,f,8481
8477,d,8481
8477,c,8481
8477,e,8481
8482,f,8481
8478,f,8481
8478,c,8481
8478,d,8481
8481,f,8481
8477,f,8481
8481,e,8481
8479,c,8481
8479,f,8481
8479,e,8481
8482,c,8481
8482,d,8481
8479,d,8481
8483,f,8482
8481,e,8482
8481,f,8482
8482,e,8482
8478,f,8482
8480,e,8482
8480,f,8482
8479,e,8482
8479,f,8482
8478,e,8482
8483,e,8482
8482,f,8482
8483,f,8483
8484,f,8483
8482,f,8483
8481,f,8483
8480,f,8483
8479,f,8483
8481,c,8485
8486,f,8485
8486,c,8485
8485,f,8485
8481,f,8485
8484,f,8485
8484,c,8485
8485,c,8485
8482,f,8485
8483,f,8485
8483,c,8485
8482,c,8485
8487,e,8486
8483,e,8486
8484,e,8486
8485,e,8486
8482,e,8486
8486,e,8486
8486,f,8487
8486,d,8487
8488,d,8487
8488,a,8487
8487,f,8487
8487,d,8487
8486,a,8487
8488,f,8487
8483,d,8487
8483,f,8487
8485,f,8487
8485,d,8487
8485,a,8487
8487,a,8487
8484,a,8487
8483,a,8487
8484,f,8487
8484,d,8487
8488,d,8488
8487,b,8488
8487,d,8488
8489,f,8488
8489,d,8488
8489,b,8488
8488,b,8488
8487,f,8488
8488,f,8488
8486,f,8488
8484,d,8488
8484,b,8488
8486,d,8488
8485,b,8488
8485,d,8488
8485,f,8488
8486,b,8488
8484,f,8488
8489,c,8489
8489,f,8489
8488,f,8489
8485,c,8489
8488,c,8489
8490,c,8489
8487,f,8489
8487,c,8489
8490,f,8489
8486,c,8489
8486,f,8489
8485,f,8489
8491,f,8490
8489,f,8490
8489,e,8490
8486,f,8490
8488,e,8490
8488,f,8490
8490,f,8490
8487,e,8490
8487,f,8490
8486,e,8490
8491,e,8490
8490,e,8490
8492,f,8491
8491,f,8491
8489,f,8491
8488,f,8491
8490,f,8491
8487,f,8491
8490,b,8494
8495,b,8494
8494,b,8494
8492,b,8494
8493,b,8494
8491,b,8494
8492,c,8495
8492,f,8495
8495,c,8495
8493,c,8495
8493,f,8495
8496,f,8495
8496,c,8495
8491,c,8495
8494,c,8495
8494,f,8495
8491,f,8495
8495,f,8495
8496,e,8496
8495,e,8496
8497,e,8496
8494,e,8496
8493,e,8496
8492,e,8496
8495,f,8497
8493,f,8497
8496,f,8497
8497,f,8497
8498,f,8497
8494,f,8497
8500,a,8501
8502,d,8501
8502,a,8501
8501,d,8501
8501,a,8501
8500,d,8501
8499,d,8501
8497,d,8501
8497,a,8501
8499,a,8501
8498,a,8501
8498,d,8501
8503,f,8502
8503,d,8502
8503,b,8502
8502,f,8502
8502,d,8502
8502,b,8502
8501,f,8502
8501,d,8502
8501,b,8502
8498,f,8502
8499,d,8502
8499,f,8502
8498,d,8502
8498,b,8502
8500,f,8502
8500,d,8502
8500,b,8502
8499,b,8502
8504,f,8503
8503,f,8503
8502,c,8503
8502,f,8503
8504,c,8503
8499,f,8503
8501,f,8503
8501,c,8503
8500,c,8503
8500,f,8503
8503,c,8503
8499,c,8503
8503,a,8504
8503,d,8504
8503,e,8504
8504,e,8504
8504,d,8504
8504,a,8504
8505,a,8504
8505,d,8504
8500,d,8504
8502,d,8504
8500,e,8504
8501,a,8504
8502,e,8504
8500,a,8504
8502,a,8504
8501,d,8504
8505,e,8504
8501,e,8504
8504,b,8505
8504,d,8505
8505,b,8505
8506,b,8505
8505,f,8505
8505,d,8505
8506,f,8505
8504,f,8505
8506,d,8505
8502,d,8505
8502,b,8505
8501,b,8505
8501,d,8505
8501,f,8505
8503,f,8505
8503,d,8505
8503,b,8505
8502,f,8505
8502,c,8506
8505,b,8506
8505,c,8506
8507,c,8506
8507,f,8506
8507,b,8506
8506,f,8506
8505,f,8506
8502,b,8506
8506,c,8506
8502,f,8506
8503,f,8506
8503,c,8506
8503,b,8506
8506,b,8506
8504,c,8506
8504,b,8506
8504,f,8506
8508,f,8507
8508,c,8507
8507,e,8507
8506,e,8507
8506,f,8507
8506,c,8507
8507,f,8507
8503,e,8507
8508,e,8507
8503,f,8507
8507,c,8507
8503,c,8507
8504,c,8507
8504,f,8507
8505,e,8507
8505,f,8507
8505,c,8507
8504,e,8507
8507,f,8508
8508,e,8508
8508,f,8508
8507,e,8508
8509,f,8508
8509,e,8508
8504,e,8508
8506,e,8508
8506,f,8508
8505,f,8508
8505,e,8508
8504,f,8508
8507,f,8509
8506,f,8509
8508,f,8509
8510,f,8509
8509,f,8509
8505,f,8509
8511,f,8510
8510,f,8510
8509,f,8510
8506,f,8510
8508,f,8510
8507,f,8510
8508,e,8512
8512,e,8512
8511,e,8512
8513,e,8512
8510,e,8512
8509,e,8512
8513,f,8513
8511,f,8513
8514,f,8513
8509,f,8513
8510,f,8513
8512,f,8513
8514,e,8514
8513,e,8514
8515,e,8514
8512,e,8514
8511,e,8514
8510,e,8514
8512,f,8515
8511,f,8515
8513,f,8515
8516,f,8515
8514,f,8515
8515,f,8515
8516,b,8516
8515,b,8516
8517,b,8516
8512,b,8516
8514,b,8516
8513,b,8516
8518,f,8517
8517,f,8517
8516,f,8517
8516,c,8517
8513,c,8517
8518,c,8517
8517,c,8517
8514,f,8517
8515,f,8517
8515,c,8517
8513,f,8517
8514,c,8517
8519,c,8518
8517,e,8518
8517,c,8518
8519,e,8518
8518,e,8518
8518,c,8518
8514,c,8518
8516,e,8518
8516,c,8518
8514,e,8518
8515,c,8518
8515,e,8518
8516,e,8519
8520,e,8519
8520,f,8519
8519,f,8519
8518,e,8519
8518,f,8519
8519,e,8519
8517,f,8519
8515,e,8519
8517,e,8519
8515,f,8519
8516,f,8519
8518,f,8520
8517,f,8520
8516,f,8520
8519,f,8520
8521,f,8520
8520,f,8520
8521,b,8522
8523,b,8522
8520,b,8522
8522,b,8522
8519,b,8522
8518,b,8522
8524,c,8523
8523,f,8523
8523,c,8523
8523,b,8523
8524,f,8523
8522,f,8523
8522,c,8523
8524,b,8523
8522,b,8523
8521,f,8523
8519,f,8523
8519,b,8523
8521,c,8523
8521,b,8523
8520,b,8523
8520,c,8523
8520,f,8523
8519,c,8523
8524,c,8524
8524,f,8524
8524,e,8524
8523,e,8524
8523,f,8524
8523,c,8524
8520,c,8524
8521,c,8524
8525,f,8524
8525,e,8524
8522,e,8524
8522,f,8524
8522,c,8524
8520,f,8524
8520,e,8524
8521,e,8524
8521,f,8524
8525,c,8524
8524,f,8525
8525,f,8525
8525,e,8525
8524,e,8525
8526,f,8525
8521,e,8525
8522,f,8525
8522,e,8525
8523,e,8525
8523,f,8525
8526,e,8525
8521,f,8525
8526,f,8526
8522,d,8526
8527,d,8526
8527,f,8526
8525,d,8526
8524,f,8526
8524,d,8526
8522,f,8526
8523,d,8526
8523,f,8526
8526,d,8526
8525,f,8526
8528,b,8527
8526,b,8527
8528,e,8527
8526,e,8527
8527,b,8527
8527,f,8527
8528,f,8527
8526,f,8527
8527,e,8527
8525,f,8527
8525,e,8527
8525,b,8527
8523,b,8527
8523,f,8527
8524,e,8527
8524,f,8527
8524,b,8527
8523,e,8527
8525,f,8528
8529,c,8528
8528,f,8528
8528,c,8528
8529,f,8528
8527,f,8528
8524,c,8528
8526,f,8528
8526,c,8528
8524,f,8528
8525,c,8528
8527,c,8528
8527,e,8529
8525,e,8529
8526,e,8529
8528,e,8529
8530,e,8529
8529,e,8529
8531,c,8531
8530,c,8531
8529,c,8531
8532,c,8531
8527,c,8531
8528,c,8531
8529,f,8532
8532,e,8532
8531,e,8532
8531,f,8532
8533,f,8532
8528,e,8532
8533,e,8532
8530,e,8532
8530,f,8532
8532,f,8532
8529,e,8532
8528,f,8532
8534,f,8533
8533,f,8533
8534,d,8533
8532,d,8533
8533,d,8533
8532,f,8533
8529,d,8533
8531,f,8533
8531,d,8533
8529,f,8533
8530,d,8533
8530,f,8533
8535,f,8534
8533,f,8534
8534,f,8534
8530,f,8534
8532,f,8534
8531,f,8534
8535,c,8535
8536,d,8535
8536,c,8535
8534,c,8535
8534,d,8535
8531,c,8535
8531,d,8535
8535,d,8535
8532,d,8535
8532,c,8535
8533,c,8535
8533,d,8535
8535,e,8536
8537,e,8536
8535,f,8536
8532,f,8536
8532,e,8536
8537,f,8536
8534,e,8536
8534,f,8536
8533,f,8536
8533,e,8536
8536,f,8536
8536,e,8536
8538,f,8537
8533,f,8537
8536,f,8537
8535,f,8537
8534,f,8537
8537,f,8537
8538,e,8539
8539,e,8539
8540,e,8539
8536,e,8539
8535,e,8539
8537,e,8539
8537,f,8540
8536,f,8540
8538,f,8540
8541,f,8540
8540,f,8540
8539,f,8540
8541,b,8541
8540,b,8541
8542,b,8541
8539,b,8541
8538,b,8541
8537,b,8541
8539,f,8542
8539,c,8542
8538,f,8542
8538,c,8542
8540,c,8542
8540,f,8542
8543,f,8542
8541,c,8542
8541,f,8542
8543,c,8542
8542,f,8542
8542,c,8542
8543,e,8543
8542,e,8543
8539,e,8543
8541,e,8543
8540,e,8543
8544,e,8543
8541,f,8544
8542,f,8544
8540,f,8544
8543,f,8544
8545,f,8544
8544,f,8544
8546,a,8546
8545,a,8546
8544,a,8546
8543,a,8546
8547,a,8546
8542,a,8546
8547,d,8547
8546,d,8547
8546,b,8547
8548,b,8547
8543,d,8547
8544,b,8547
8545,b,8547
8547,b,8547
8543,b,8547
8544,d,8547
8545,d,8547
8548,d,8547
8548,c,8548
8548,f,8548
8549,c,8548
8547,f,8548
8547,c,8548
8544,c,8548
8546,f,8548
8546,c,8548
8545,f,8548
8545,c,8548
8544,f,8548
8549,f,8548
8546,e,8549
8547,e,8549
8545,e,8549
8548,e,8549
8550,e,8549
8549,e,8549
8550,f,8550
8549,f,8550
8551,f,8550
8548,f,8550
8547,f,8550
8546,f,8550
8549,b,8552
8548,b,8552
8550,b,8552
8553,b,8552
8551,b,8552
8552,b,8552
8553,f,8553
8553,c,8553
8552,f,8553
8552,c,8553
8554,f,8553
8554,c,8553
8551,f,8553
8551,c,8553
8550,f,8553
8550,c,8553
8549,f,8553
8549,c,8553
8550,e,8554
8552,e,8554
8554,e,8554
8555,e,8554
8551,e,8554
8553,e,8554
8556,d,8555
8554,d,8555
8554,f,8555
8555,d,8555
8556,f,8555
8555,f,8555
8553,d,8555
8553,f,8555
8551,d,8555
8551,f,8555
8552,d,8555
8552,f,8555
8553,f,8556
8556,f,8556
8555,f,8556
8557,f,8556
8554,f,8556
8552,f,8556
8554,c,8557
8553,c,8557
8558,c,8557
8557,c,8557
8556,c,8557
8555,c,8557
8559,a,8558
8559,e,8558
8558,a,8558
8557,e,8558
8557,a,8558
8558,e,8558
8555,a,8558
8554,e,8558
8556,e,8558
8556,a,8558
8555,e,8558
8554,a,8558
8556,b,8559
8558,b,8559
8558,d,8559
8558,f,8559
8558,e,8559
8559,f,8559
8559,e,8559
8560,b,8559
8560,d,8559
8560,f,8559
8560,e,8559
8559,b,8559
8555,b,8559
8559,d,8559
8556,f,8559
8555,d,8559
8556,e,8559
8555,f,8559
8556,d,8559
8557,b,8559
8557,d,8559
8555,e,8559
8557,e,8559
8557,f,8559
8560,b,8560
8560,c,8560
8560,f,8560
8556,b,8560
8556,c,8560
8559,f,8560
8561,c,8560
8559,b,8560
8561,b,8560
8556,f,8560
8559,c,8560
8561,f,8560
8558,b,8560
8557,f,8560
8557,c,8560
8557,b,8560
8558,f,8560
8558,c,8560
8557,e,8561
8561,c,8561
8561,f,8561
8561,e,8561
8560,e,8561
8560,f,8561
8560,c,8561
8562,c,8561
8558,c,8561
8558,f,8561
8557,c,8561
8559,e,8561
8559,f,8561
8559,c,8561
8558,e,8561
8562,e,8561
8562,f,8561
8557,f,8561
8561,e,8562
8561,f,8562
8563,f,8562
8559,e,8562
8560,e,8562
8560,f,8562
8559,f,8562
8562,f,8562
8558,e,8562
8558,f,8562
8563,e,8562
8562,e,8562
8563,f,8563
8562,f,8563
8564,f,8563
8559,f,8563
8561,f,8563
8560,f,8563
8562,d,8564
8560,d,8564
8563,d,8564
8565,d,8564
8561,d,8564
8564,d,8564
8565,b,8566
8567,b,8566
8564,b,8566
8566,b,8566
8563,b,8566
8562,b,8566
8567,c,8567
8568,c,8567
8566,f,8567
8566,c,8567
8567,f,8567
8568,f,8567
8565,f,8567
8565,c,8567
8564,f,8567
8564,c,8567
8563,f,8567
8563,c,8567
8565,e,8568
8564,e,8568
8566,e,8568
8569,e,8568
8567,e,8568
8568,e,8568
8569,f,8569
8568,f,8569
8565,f,8569
8570,f,8569
8567,f,8569
8566,f,8569
8567,a,8570
8570,a,8570
8570,d,8570
8566,d,8570
8568,a,8570
8566,a,8570
8569,d,8570
8567,d,8570
8571,d,8570
8571,a,8570
8569,a,8570
8568,d,8570
8570,d,8571
8570,b,8571
8572,f,8571
8571,d,8571
8571,f,8571
8572,b,8571
8572,d,8571
8570,f,8571
8571,b,8571
8569,d,8571
8567,b,8571
8567,d,8571
8569,f,8571
8567,f,8571
8569,b,8571
8568,b,8571
8568,d,8571
8568,f,8571
8568,d,8572
8572,d,8572
8573,d,8572
8573,c,8572
8571,f,8572
8571,c,8572
8571,d,8572
8572,f,8572
8568,c,8572
8573,f,8572
8570,f,8572
8570,c,8572
8570,d,8572
8568,f,8572
8572,c,8572
8569,d,8572
8569,c,8572
8569,f,8572
8573,f,8573
8573,e,8573
8572,e,8573
8574,f,8573
8574,e,8573
8570,e,8573
8569,e,8573
8569,f,8573
8571,e,8573
8571,f,8573
8572,f,8573
8570,f,8573
8575,f,8574
8574,f,8574
8573,f,8574
8571,f,8574
8572,f,8574
8570,f,8574
8573,c,8576
8575,e,8576
8575,c,8576
8577,c,8576
8577,e,8576
8576,e,8576
8574,e,8576
8576,c,8576
8572,c,8576
8572,e,8576
8573,e,8576
8574,c,8576
8577,a,8577
8577,e,8577
8576,e,8577
8576,f,8577
8578,a,8577
8578,e,8577
8576,a,8577
8577,f,8577
8578,f,8577
8573,a,8577
8573,f,8577
8575,e,8577
8575,f,8577
8575,a,8577
8573,e,8577
8574,a,8577
8574,f,8577
8574,e,8577
8578,d,8578
8578,f,8578
8579,b,8578
8579,d,8578
8577,f,8578
8577,d,8578
8577,b,8578
8575,d,8578
8579,f,8578
8576,f,8578
8576,d,8578
8576,b,8578
8574,d,8578
8574,f,8578
8575,b,8578
8575,f,8578
8578,b,8578
8574,b,8578
8579,f,8579
8580,c,8579
8578,f,8579
8578,c,8579
8580,f,8579
8579,c,8579
8575,f,8579
8576,f,8579
8575,c,8579
8576,c,8579
8577,f,8579
8577,c,8579
8581,e,8580
8577,e,8580
8578,e,8580
8580,e,8580
8579,e,8580
8576,e,8580
8577,f,8581
8580,c,8581
8580,f,8581
8582,c,8581
8582,d,8581
8581,d,8581
8580,d,8581
8582,f,8581
8579,c,8581
8579,f,8581
8581,c,8581
8579,d,8581
8578,f,8581
8578,c,8581
8578,d,8581
8577,d,8581
8577,c,8581
8581,f,8581
8582,e,8582
8583,f,8582
8583,e,8582
8581,e,8582
8582,f,8582
8580,e,8582
8578,f,8582
8580,f,8582
8581,f,8582
8579,e,8582
8579,f,8582
8578,e,8582
8580,f,8583
8584,f,8583
8583,f,8583
8582,f,8583
8579,f,8583
8581,f,8583
8583,b,8586
8584,b,8586
8587,b,8586
8585,b,8586
8582,b,8586
8586,b,8586
8586,c,8587
8588,f,8587
8588,c,8587
8587,f,8587
8587,c,8587
8586,f,8587
8583,c,8587
8585,f,8587
8585,c,8587
8584,f,8587
8584,c,8587
8583,f,8587
8585,e,8588
8586,e,8588
8584,e,8588
8587,e,8588
8588,e,8588
8589,e,8588
8585,f,8589
8590,f,8589
8589,f,8589
8588,f,8589
8587,f,8589
8586,f,8589
8590,c,8594
8591,c,8594
8592,c,8594
8595,c,8594
8593,c,8594
8594,c,8594
8596,e,8595
8596,b,8595
8595,e,8595
8595,b,8595
8594,e,8595
8594,b,8595
8591,b,8595
8593,e,8595
8593,b,8595
8591,e,8595
8592,b,8595
8592,e,8595
8596,c,8596
8596,f,8596
8595,f,8596
8595,c,8596
8593,c,8596
8594,f,8596
8594,c,8596
8592,c,8596
8592,f,8596
8597,c,8596
8597,f,8596
8593,f,8596
8598,f,8597
8597,f,8597
8596,f,8597
8596,b,8597
8597,b,8597
8598,b,8597
8596,e,8597
8595,b,8597
8595,e,8597
8595,f,8597
8594,e,8597
8594,f,8597
8594,b,8597
8593,e,8597
8593,f,8597
8593,b,8597
8598,e,8597
8597,e,8597
8598,c,8598
8598,f,8598
8599,c,8598
8599,f,8598
8597,f,8598
8597,c,8598
8594,f,8598
8596,f,8598
8596,c,8598
8595,f,8598
8595,c,8598
8594,c,8598
8596,e,8599
8597,e,8599
8600,e,8599
8595,e,8599
8598,e,8599
8599,e,8599
8600,f,8600
8599,f,8600
8601,f,8600
8598,f,8600
8597,f,8600
8596,f,8600
8601,d,8601
8598,d,8601
8599,d,8601
8602,d,8601
8597,d,8601
8600,d,8601
8601,f,8602
8603,f,8602
8602,f,8602
8600,f,8602
8599,f,8602
8598,f,8602
8600,b,8604
8604,f,8604
8604,b,8604
8600,f,8604
8603,f,8604
8603,b,8604
8602,f,8604
8605,b,8604
8605,f,8604
8601,b,8604
8601,f,8604
8602,b,8604
8602,a,8605
8605,a,8605
8605,c,8605
8605,f,8605
8604,f,8605
8604,c,8605
8604,a,8605
8606,a,8605
8606,c,8605
8606,f,8605
8601,f,8605
8602,c,8605
8602,f,8605
8601,c,8605
8603,a,8605
8601,a,8605
8603,c,8605
8603,f,8605
8605,d,8606
8605,b,8606
8606,b,8606
8606,d,8606
8606,e,8606
8607,b,8606
8605,a,8606
8607,a,8606
8605,e,8606
8606,a,8606
8607,e,8606
8602,b,8606
8602,a,8606
8603,d,8606
8603,b,8606
8603,a,8606
8602,e,8606
8604,e,8606
8604,d,8606
8604,b,8606
8604,a,8606
8607,d,8606
8603,e,8606
8602,d,8606
8606,b,8607
8604,f,8607
8606,c,8607
8606,f,8607
8607,f,8607
8607,c,8607
8607,d,8607
8607,b,8607
8606,d,8607
8603,b,8607
8608,b,8607
8608,d,8607
8604,d,8607
8604,b,8607
8603,c,8607
8604,c,8607
8603,d,8607
8605,b,8607
8603,f,8607
8605,c,8607
8605,f,8607
8608,f,8607
8608,c,8607
8605,d,8607
8608,f,8608
8607,f,8608
8608,c,8608
8607,c,8608
8608,e,8608
8609,c,8608
8609,f,8608
8609,e,8608
8607,e,8608
8606,e,8608
8606,f,8608
8606,c,8608
8604,c,8608
8604,f,8608
8604,e,8608
8605,c,8608
8605,f,8608
8605,e,8608
8608,f,8609
8610,e,8609
8609,e,8609
8609,f,8609
8609,c,8609
8608,e,8609
8610,f,8609
8608,c,8609
8610,c,8609
8605,f,8609
8606,e,8609
8606,f,8609
8606,c,8609
8607,c,8609
8607,f,8609
8605,c,8609
8607,e,8609
8605,e,8609
8606,f,8610
8611,e,8610
8611,f,8610
8608,f,8610
8607,f,8610
8606,e,8610
8607,e,8610
8608,e,8610
8610,f,8610
8609,f,8610
8609,e,8610
8610,e,8610
8611,e,8611
8612,f,8611
8611,f,8611
8610,f,8611
8612,e,8611
8610,e,8611
8609,e,8611
8609,f,8611
8607,f,8611
8607,e,8611
8608,e,8611
8608,f,8611
8609,f,8612
8613,f,8612
8613,d,8612
8612,d,8612
8611,f,8612
8611,d,8612
8612,f,8612
8608,f,8612
8610,f,8612
8610,d,8612
8609,d,8612
8608,d,8612
8611,d,8613
8610,d,8613
8612,d,8613
8613,d,8613
8614,d,8613
8609,d,8613
8617,b,8618
8618,b,8618
8616,b,8618
8615,b,8618
8614,b,8618
8619,b,8618
8620,d,8619
8620,c,8619
8618,f,8619
8618,c,8619
8618,d,8619
8619,d,8619
8620,f,8619
8617,f,8619
8615,d,8619
8617,d,8619
8616,f,8619
8616,c,8619
8616,d,8619
8615,f,8619
8615,c,8619
8619,c,8619
8617,c,8619
8619,f,8619
8620,e,8620
8620,f,8620
8621,f,8620
8621,e,8620
8619,e,8620
8617,e,8620
8618,e,8620
8618,f,8620
8619,f,8620
8617,f,8620
8616,e,8620
8616,f,8620
8618,f,8621
8619,f,8621
8617,f,8621
8620,f,8621
8622,f,8621
8621,f,8621
8624,a,8623
8623,a,8623
8621,a,8623
8622,a,8623
8619,a,8623
8620,a,8623
8621,b,8624
8624,d,8624
8624,b,8624
8620,d,8624
8623,b,8624
8623,d,8624
8625,b,8624
8622,b,8624
8625,d,8624
8620,b,8624
8621,d,8624
8622,d,8624
8625,c,8625
8625,f,8625
8624,f,8625
8624,c,8625
8621,c,8625
8622,c,8625
8626,f,8625
8623,f,8625
8623,c,8625
8622,f,8625
8621,f,8625
8626,c,8625
8625,e,8626
8626,e,8626
8623,e,8626
8627,e,8626
8624,e,8626
8622,e,8626
8626,f,8627
8626,c,8627
8627,c,8627
8623,c,8627
8627,f,8627
8628,c,8627
8625,f,8627
8625,c,8627
8623,f,8627
8624,c,8627
8624,f,8627
8628,f,8627
8628,e,8628
8627,e,8628
8627,b,8628
8628,b,8628
8629,b,8628
8625,e,8628
8624,b,8628
8629,e,8628
8625,b,8628
8624,e,8628
8626,e,8628
8626,b,8628
8626,d,8629
8625,a,8629
8628,a,8629
8628,d,8629
8628,f,8629
8630,c,8629
8630,d,8629
8630,a,8629
8629,f,8629
8629,c,8629
8629,d,8629
8628,c,8629
8626,a,8629
8630,f,8629
8629,a,8629
8626,c,8629
8626,f,8629
8627,f,8629
8627,c,8629
8627,d,8629
8627,a,8629
8625,d,8629
8625,c,8629
8625,f,8629
8631,e,8630
8631,f,8630
8629,d,8630
8630,d,8630
8629,e,8630
8631,d,8630
8630,b,8630
8630,e,8630
8630,f,8630
8629,f,8630
8631,b,8630
8629,b,8630
8626,b,8630
8626,d,8630
8626,f,8630
8626,e,8630
8627,b,8630
8627,d,8630
8627,f,8630
8628,b,8630
8628,d,8630
8627,e,8630
8628,e,8630
8628,f,8630
8630,f,8631
8628,f,8631
8628,c,8631
8632,c,8631
8632,f,8631
8630,c,8631
8631,c,8631
8631,f,8631
8627,c,8631
8627,f,8631
8629,f,8631
8629,c,8631
8633,d,8632
8632,d,8632
8631,e,8632
8631,d,8632
8628,e,8632
8633,e,8632
8632,e,8632
8628,d,8632
8629,d,8632
8630,e,8632
8630,d,8632
8629,e,8632
8634,f,8633
8631,f,8633
8633,f,8633
8630,f,8633
8629,f,8633
8632,f,8633
8634,f,8634
8633,f,8634
8633,d,8634
8635,d,8634
8635,f,8634
8630,f,8634
8634,d,8634
8632,d,8634
8631,f,8634
8631,d,8634
8630,d,8634
8632,f,8634
8634,f,8635
8634,c,8635
8635,f,8635
8636,c,8635
8636,f,8635
8635,c,8635
8633,c,8635
8631,c,8635
8633,f,8635
8631,f,8635
8632,c,8635
8632,f,8635
8636,d,8636
8633,e,8636
8637,d,8636
8637,c,8636
8637,e,8636
8635,e,8636
8635,c,8636
8635,d,8636
8632,d,8636
8634,e,8636
8634,c,8636
8634,d,8636
8632,c,8636
8632,e,8636
8633,d,8636
8633,c,8636
8636,c,8636
8636,e,8636
8637,f,8637
8637,e,8637
8638,f,8637
8636,e,8637
8638,e,8637
8633,f,8637
8635,e,8637
8635,f,8637
8634,e,8637
8636,f,8637
8634,f,8637
8633,e,8637
8636,f,8638
8639,f,8638
8635,f,8638
8634,f,8638
8637,f,8638
8638,f,8638
8639,c,8640
8641,c,8640
8638,c,8640
8640,c,8640
8637,c,8640
8636,c,8640
8641,b,8641
8642,e,8641
8640,b,8641
8642,b,8641
8641,e,8641
8640,e,8641
8639,e,8641
8637,b,8641
8639,b,8641
8637,e,8641
8638,b,8641
8638,e,8641
8642,c,8642
8642,f,8642
8641,f,8642
8641,c,8642
8639,c,8642
8643,f,8642
8640,f,8642
8640,c,8642
8638,c,8642
8638,f,8642
8639,f,8642
8643,c,8642
8644,e,8643
8642,c,8643
8643,c,8643
8643,e,8643
8642,e,8643
8644,c,8643
8639,c,8643
8641,e,8643
8641,c,8643
8639,e,8643
8640,c,8643
8640,e,8643
8641,f,8644
8641,e,8644
8645,f,8644
8644,e,8644
8643,f,8644
8642,e,8644
8642,f,8644
8640,f,8644
8640,e,8644
8644,f,8644
8645,e,8644
8643,e,8644
8644,f,8645
8645,b,8645
8646,b,8645
8644,b,8645
8646,f,8645
8645,f,8645
8643,f,8645
8643,b,8645
8641,f,8645
8641,b,8645
8642,b,8645
8642,f,8645
8643,f,8646
8647,f,8646
8647,c,8646
8646,f,8646
8645,f,8646
8645,c,8646
8646,c,8646
8644,f,8646
8644,c,8646
8643,c,8646
8642,f,8646
8642,c,8646
8644,e,8647
8645,e,8647
8648,e,8647
8643,e,8647
8646,e,8647
8647,e,8647
8644,f,8648
8648,f,8648
8648,c,8648
8647,f,8648
8647,c,8648
8649,c,8648
8646,f,8648
8646,c,8648
8649,f,8648
8645,f,8648
8645,c,8648
8644,c,8648
8646,e,8649
8647,e,8649
8645,e,8649
8649,e,8649
8648,e,8649
8650,e,8649
8650,f,8650
8649,f,8650
8649,c,8650
8650,c,8650
8647,f,8650
8651,c,8650
8651,f,8650
8648,f,8650
8648,c,8650
8647,c,8650
8646,c,8650
8646,f,8650
8651,a,8651
8651,e,8651
8650,e,8651
8650,a,8651
8652,a,8651
8648,a,8651
8648,e,8651
8649,e,8651
8649,a,8651
8647,a,8651
8647,e,8651
8652,e,8651
8652,d,8652
8651,f,8652
8653,f,8652
8651,d,8652
8652,f,8652
8651,b,8652
8653,b,8652
8653,d,8652
8652,b,8652
8650,d,8652
8650,f,8652
8650,b,8652
8648,b,8652
8648,d,8652
8648,f,8652
8649,b,8652
8649,d,8652
8649,f,8652
8650,f,8653
8653,f,8653
8653,c,8653
8652,f,8653
8654,f,8653
8652,c,8653
8654,c,8653
8650,c,8653
8649,f,8653
8649,c,8653
8651,f,8653
8651,c,8653
8650,e,8654
8654,e,8654
8651,e,8654
8652,e,8654
8653,e,8654
8655,e,8654
8655,f,8655
8654,f,8655
8655,d,8655
8655,c,8655
8656,d,8655
8654,d,8655
8654,c,8655
8653,d,8655
8656,f,8655
8651,d,8655
8653,f,8655
8653,c,8655
8656,c,8655
8651,c,8655
8651,f,8655
8652,d,8655
8652,c,8655
8652,f,8655
8656,f,8656
8656,e,8656
8655,e,8656
8655,f,8656
8653,e,8656
8657,e,8656
8654,e,8656
8654,f,8656
8652,f,8656
8652,e,8656
8653,f,8656
8657,f,8656
8657,c,8657
8656,f,8657
8656,c,8657
8658,f,8657
8657,f,8657
8658,c,8657
8655,f,8657
8655,c,8657
8654,f,8657
8654,c,8657
8653,f,8657
8653,c,8657
8655,e,8658
8656,e,8658
8659,e,8658
8654,e,8658
8657,e,8658
8658,e,8658
8655,f,8659
8659,f,8659
8660,f,8659
8658,e,8659
8658,f,8659
8657,f,8659
8657,e,8659
8659,e,8659
8656,e,8659
8656,f,8659
8660,e,8659
8655,e,8659
8660,f,8660
8661,f,8660
8659,f,8660
8657,f,8660
8656,f,8660
8658,f,8660
8663,d,8664
8660,d,8664
8661,d,8664
8662,d,8664
8665,d,8664
8664,d,8664
8665,f,8665
8664,f,8665
8662,f,8665
8661,f,8665
8663,f,8665
8666,f,8665
8666,d,8668
8667,d,8668
8669,d,8668
8668,d,8668
8665,d,8668
8664,d,8668
8670,f,8669
8668,f,8669
8669,f,8669
8666,f,8669
8665,f,8669
8667,f,8669
8668,c,8672
8669,c,8672
8673,c,8672
8670,c,8672
8671,c,8672
8672,c,8672
8673,e,8673
8672,e,8673
8674,e,8673
8671,e,8673
8670,e,8673
8669,e,8673
8673,f,8674
8675,f,8674
8670,f,8674
8672,f,8674
8671,f,8674
8674,f,8674
8675,e,8675
8674,e,8675
8676,c,8675
8674,c,8675
8676,e,8675
8675,c,8675
8673,e,8675
8673,c,8675
8672,e,8675
8672,c,8675
8671,e,8675
8671,c,8675
8676,f,8676
8677,f,8676
8675,e,8676
8675,f,8676
8676,e,8676
8677,e,8676
8674,e,8676
8672,e,8676
8672,f,8676
8674,f,8676
8673,f,8676
8673,e,8676
8678,f,8677
8677,f,8677
8676,f,8677
8674,f,8677
8675,f,8677
8673,f,8677
8679,f,8678
8676,f,8678
8678,f,8678
8674,f,8678
8675,f,8678
8677,f,8678
8678,e,8679
8679,e,8679
8680,e,8679
8675,e,8679
8676,e,8679
8677,e,8679
8680,f,8680
8681,c,8680
8681,f,8680
8679,f,8680
8679,c,8680
8680,c,8680
8678,c,8680
8678,f,8680
8676,c,8680
8676,f,8680
8677,c,8680
8677,f,8680
8678,e,8681
8681,e,8681
8680,e,8681
8679,e,8681
8682,e,8681
8677,e,8681
8680,f,8682
8683,f,8682
8682,f,8682
8679,f,8682
8681,f,8682
8678,f,8682
8683,b,8684
8684,d,8684
8685,b,8684
8685,d,8684
8684,b,8684
8682,d,8684
8683,d,8684
8680,b,8684
8682,b,8684
8681,d,8684
8680,d,8684
8681,b,8684
8682,c,8685
8685,f,8685
8685,c,8685
8686,f,8685
8684,f,8685
8684,c,8685
8686,c,8685
8683,f,8685
8683,c,8685
8681,c,8685
8682,f,8685
8681,f,8685
8687,a,8686
8686,a,8686
8686,e,8686
8685,e,8686
8685,a,8686
8682,a,8686
8682,e,8686
8684,a,8686
8687,e,8686
8684,e,8686
8683,a,8686
8683,e,8686
8687,b,8687
8687,d,8687
8687,f,8687
8686,f,8687
8686,d,8687
8686,b,8687
8688,b,8687
8688,f,8687
8688,d,8687
8684,f,8687
8685,f,8687
8685,d,8687
8685,b,8687
8683,b,8687
8683,d,8687
8683,f,8687
8684,b,8687
8684,d,8687
8687,f,8688
8688,f,8688
8688,c,8688
8689,f,8688
8687,c,8688
8689,c,8688
8686,f,8688
8684,f,8688
8685,f,8688
8685,c,8688
8686,c,8688
8684,c,8688
8689,b,8689
8689,e,8689
8688,e,8689
8688,b,8689
8685,b,8689
8690,b,8689
8690,e,8689
8685,e,8689
8687,e,8689
8687,b,8689
8686,e,8689
8686,b,8689
8689,f,8690
8689,c,8690
8691,f,8690
8691,c,8690
8690,f,8690
8690,c,8690
8688,f,8690
8688,c,8690
8686,c,8690
8686,f,8690
8687,f,8690
8687,c,8690
8688,e,8691
8689,e,8691
8692,e,8691
8690,e,8691
8691,e,8691
8687,e,8691
8688,a,8692
8691,a,8692
8692,f,8692
8692,a,8692
8691,f,8692
8693,a,8692
8690,a,8692
8690,f,8692
8689,f,8692
8689,a,8692
8693,f,8692
8688,f,8692
8692,f,8693
8692,d,8693
8692,b,8693
8693,b,8693
8693,d,8693
8693,f,8693
8694,f,8693
8694,b,8693
8689,b,8693
8691,f,8693
8691,d,8693
8691,b,8693
8690,f,8693
8689,d,8693
8689,f,8693
8694,d,8693
8690,b,8693
8690,d,8693
8695,c,8694
8694,c,8694
8694,f,8694
8693,f,8694
8693,c,8694
8691,f,8694
8695,f,8694
8692,f,8694
8692,c,8694
8690,c,8694
8690,f,8694
8691,c,8694
8694,e,8695
8695,a,8695
8695,f,8695
8695,e,8695
8694,f,8695
8694,a,8695
8696,a,8695
8696,f,8695
8696,e,8695
8693,a,8695
8691,a,8695
8691,f,8695
8693,e,8695
8693,f,8695
8691,e,8695
8692,a,8695
8692,f,8695
8692,e,8695
8692,b,8696
8696,b,8696
8697,b,8696
8697,d,8696
8695,f,8696
8695,d,8696
8695,b,8696
8696,f,8696
8692,d,8696
8697,f,8696
8694,f,8696
8694,d,8696
8694,b,8696
8692,f,8696
8693,b,8696
8693,d,8696
8693,f,8696
8696,d,8696
8697,f,8697
8698,c,8697
8696,f,8697
8698,f,8697
8693,c,8697
8697,c,8697
8694,c,8697
8696,c,8697
8695,f,8697
8695,c,8697
8693,f,8697
8694,f,8697
8699,e,8698
8698,e,8698
8695,e,8698
8696,e,8698
8694,e,8698
8697,e,8698
8697,e,8700
8699,e,8700
8696,e,8700
8701,e,8700
8698,e,8700
8700,e,8700
8702,c,8701
8700,f,8701
8700,c,8701
8702,f,8701
8702,b,8701
8701,f,8701
8701,c,8701
8700,b,8701
8699,f,8701
8701,b,8701
8698,b,8701
8697,b,8701
8697,c,8701
8699,b,8701
8698,f,8701
8698,c,8701
8699,c,8701
8697,f,8701
8701,c,8702
8701,f,8702
8702,e,8702
8703,e,8702
8703,f,8702
8702,c,8702
8702,f,8702
8701,e,8702
8703,c,8702
8699,c,8702
8699,e,8702
8700,e,8702
8700,f,8702
8698,c,8702
8698,f,8702
8698,e,8702
8700,c,8702
8699,f,8702
8703,f,8703
8704,e,8703
8702,e,8703
8702,f,8703
8700,e,8703
8703,e,8703
8699,f,8703
8699,e,8703
8701,e,8703
8701,f,8703
8700,f,8703
8704,f,8703
8705,f,8704
8704,f,8704
8703,f,8704
8702,f,8704
8701,f,8704
8700,f,8704
8709,d,8709
8707,d,8709
8708,d,8709
8706,d,8709
8705,d,8709
8710,d,8709
8707,f,8710
8708,f,8710
8711,f,8710
8710,f,8710
8709,f,8710
8706,f,8710
8712,d,8711
8712,b,8711
8711,d,8711
8711,b,8711
8710,d,8711
8710,b,8711
8707,b,8711
8707,d,8711
8709,d,8711
8709,b,8711
8708,b,8711
8708,d,8711
8708,c,8712
8713,c,8712
8713,f,8712
8711,f,8712
8711,c,8712
8712,c,8712
8709,f,8712
8710,f,8712
8710,c,8712
8708,f,8712
8709,c,8712
8712,f,8712
8714,e,8713
8713,e,8713
8709,e,8713
8712,e,8713
8711,e,8713
8710,e,8713
8710,f,8714
8712,f,8714
8715,f,8714
8711,f,8714
8713,f,8714
8714,f,8714
8715,d,8715
8714,d,8715
8716,d,8715
8713,d,8715
8711,d,8715
8712,d,8715
8713,f,8716
8714,f,8716
8717,f,8716
8712,f,8716
8715,f,8716
8716,f,8716
8716,f,8717
8718,f,8717
8717,f,8717
8715,f,8717
8714,f,8717
8713,f,8717
8719,f,8718
8718,f,8718
8715,f,8718
8716,f,8718
8714,f,8718
8717,f,8718
8721,b,8723
8722,f,8723
8722,b,8723
8723,f,8723
8724,b,8723
8721,f,8723
8720,f,8723
8723,b,8723
8720,b,8723
8719,f,8723
8719,b,8723
8724,f,8723
8724,c,8724
8723,f,8724
8723,c,8724
8724,f,8724
8725,c,8724
8722,f,8724
8722,c,8724
8725,f,8724
8721,f,8724
8720,c,8724
8720,f,8724
8721,c,8724
8725,a,8725
8725,e,8725
8724,e,8725
8724,a,8725
8722,a,8725
8726,a,8725
8723,e,8725
8723,a,8725
8721,a,8725
8721,e,8725
8726,e,8725
8722,e,8725
8726,b,8726
8725,f,8726
8727,f,8726
8726,f,8726
8725,d,8726
8725,b,8726
8727,b,8726
8727,d,8726
8726,d,8726
8722,b,8726
8724,f,8726
8724,d,8726
8724,b,8726
8722,f,8726
8723,b,8726
8723,d,8726
8723,f,8726
8722,d,8726
8727,c,8727
8727,f,8727
8728,c,8727
8726,f,8727
8726,c,8727
8723,c,8727
8728,f,8727
8725,f,8727
8725,c,8727
8723,f,8727
8724,c,8727
8724,f,8727
8728,e,8728
8729,d,8728
8729,c,8728
8727,e,8728
8727,c,8728
8727,d,8728
8729,e,8728
8728,d,8728
8724,e,8728
8728,c,8728
8724,c,8728
8726,e,8728
8726,c,8728
8724,d,8728
8725,d,8728
8725,c,8728
8726,d,8728
8725,e,8728
8728,f,8729
8729,e,8729
8729,f,8729
8728,e,8729
8730,e,8729
8730,f,8729
8725,f,8729
8725,e,8729
8726,e,8729
8726,f,8729
8727,f,8729
8727,e,8729
8730,f,8730
8729,f,8730
8727,f,8730
8726,f,8730
8731,f,8730
8728,f,8730
8730,d,8731
8730,e,8731
8731,d,8731
8732,d,8731
8731,e,8731
8732,e,8731
8729,e,8731
8729,d,8731
8727,d,8731
8727,e,8731
8728,d,8731
8728,e,8731
8729,e,8732
8732,e,8732
8732,f,8732
8731,e,8732
8733,e,8732
8731,f,8732
8730,e,8732
8730,f,8732
8728,f,8732
8728,e,8732
8729,f,8732
8733,f,8732
8730,f,8733
8729,f,8733
8731,f,8733
8734,f,8733
8732,f,8733
8733,f,8733
8734,f,8734
8733,f,8734
8735,f,8734
8731,f,8734
8732,f,8734
8730,f,8734
8732,e,8735
8733,e,8735
8731,e,8735
8734,e,8735
8735,e,8735
8736,e,8735
8732,f,8736
8735,f,8736
8737,f,8736
8733,f,8736
8734,f,8736
8736,f,8736
8737,b,8738
8739,b,8738
8736,b,8738
8735,b,8738
8734,b,8738
8738,b,8738
8740,c,8739
8738,c,8739
8738,f,8739
8740,f,8739
8739,f,8739
8739,c,8739
8737,f,8739
8737,c,8739
8736,f,8739
8736,c,8739
8735,f,8739
8735,c,8739
8736,e,8740
8738,e,8740
8739,e,8740
8737,e,8740
8741,e,8740
8740,e,8740
8737,f,8741
8742,f,8741
8740,f,8741
8741,f,8741
8738,f,8741
8739,f,8741
8740,e,8743
8743,e,8743
8742,e,8743
8744,e,8743
8739,e,8743
8741,e,8743
8741,c,8744
8744,f,8744
8743,f,8744
8743,c,8744
8740,c,8744
8745,c,8744
8745,f,8744
8742,c,8744
8742,f,8744
8744,c,8744
8740,f,8744
8741,f,8744
8744,e,8745
8744,b,8745
8746,b,8745
8746,e,8745
8745,e,8745
8745,b,8745
8741,e,8745
8743,b,8745
8742,e,8745
8742,b,8745
8743,e,8745
8741,b,8745
8747,a,8746
8743,d,8746
8742,d,8746
8742,a,8746
8745,a,8746
8743,c,8746
8745,c,8746
8745,f,8746
8746,f,8746
8746,c,8746
8746,d,8746
8746,a,8746
8745,d,8746
8747,c,8746
8747,d,8746
8743,f,8746
8744,f,8746
8744,c,8746
8744,d,8746
8744,a,8746
8742,c,8746
8742,f,8746
8743,a,8746
8747,f,8746
8747,a,8747
8748,b,8747
8748,a,8747
8748,e,8747
8746,a,8747
8746,b,8747
8747,f,8747
8746,f,8747
8747,e,8747
8746,e,8747
8747,d,8747
8747,b,8747
8746,d,8747
8748,d,8747
8748,f,8747
8745,a,8747
8744,f,8747
8744,d,8747
8744,b,8747
8743,b,8747
8744,a,8747
8743,e,8747
8743,f,8747
8744,e,8747
8743,d,8747
8745,d,8747
8745,f,8747
8745,e,8747
8743,a,8747
8745,b,8747
8747,d,8748
8747,b,8748
8747,c,8748
8747,f,8748
8748,b,8748
8748,d,8748
8744,b,8748
8749,c,8748
8749,b,8748
8749,d,8748
8748,c,8748
8744,c,8748
8749,f,8748
8746,f,8748
8746,c,8748
8746,d,8748
8746,b,8748
8744,f,8748
8745,b,8748
8745,d,8748
8745,c,8748
8745,f,8748
8744,d,8748
8748,f,8748
8749,e,8749
8748,f,8749
8748,e,8749
8750,c,8749
8749,c,8749
8750,f,8749
8748,c,8749
8749,f,8749
8746,e,8749
8745,c,8749
8745,f,8749
8747,e,8749
8747,f,8749
8747,c,8749
8745,e,8749
8750,e,8749
8746,c,8749
8746,f,8749
8746,b,8750
8750,f,8750
8750,e,8750
8751,b,8750
8749,e,8750
8749,f,8750
8749,b,8750
8750,b,8750
8746,f,8750
8746,e,8750
8751,f,8750
8751,e,8750
8748,e,8750
8748,f,8750
8748,b,8750
8747,b,8750
8747,f,8750
8747,e,8750
8751,c,8751
8751,f,8751
8750,f,8751
8750,c,8751
8752,f,8751
8752,c,8751
8747,f,8751
8749,f,8751
8747,c,8751
8749,c,8751
8748,c,8751
8748,f,8751
8749,e,8752
8752,e,8752
8752,b,8752
8751,e,8752
8753,e,8752
8751,b,8752
8748,e,8752
8750,e,8752
8750,b,8752
8749,b,8752
8748,b,8752
8753,b,8752
8750,c,8753
8751,c,8753
8754,c,8753
8753,c,8753
8749,c,8753
8752,c,8753
8755,e,8754
8754,e,8754
8753,e,8754
8752,e,8754
8750,e,8754
8751,e,8754
8752,e,8755
8755,f,8755
8755,d,8755
8756,f,8755
8756,e,8755
8754,e,8755
8754,f,8755
8754,d,8755
8751,d,8755
8753,e,8755
8753,f,8755
8753,d,8755
8751,f,8755
8751,e,8755
8755,e,8755
8752,d,8755
8752,f,8755
8756,d,8755
8756,f,8756
8757,f,8756
8753,f,8756
8755,f,8756
8754,f,8756
8752,f,8756
8757,b,8758
8754,b,8758
8759,b,8758
8756,b,8758
8755,b,8758
8758,b,8758
8759,f,8759
8760,c,8759
8758,f,8759
8758,c,8759
8760,f,8759
8755,c,8759
8757,f,8759
8757,c,8759
8756,f,8759
8756,c,8759
8755,f,8759
8759,c,8759
8761,e,8760
8759,e,8760
8760,e,8760
8758,e,8760
8757,e,8760
8756,e,8760
8758,f,8761
8759,f,8761
8762,f,8761
8761,f,8761
8757,f,8761
8760,f,8761
8763,d,8762
8758,d,8762
8761,d,8762
8762,d,8762
8759,d,8762
8760,d,8762
8760,b,8763
8759,a,8763
8762,a,8763
8762,b,8763
8762,f,8763
8763,b,8763
8763,a,8763
8761,f,8763
8761,a,8763
8763,f,8763
8759,f,8763
8760,a,8763
8764,a,8763
8764,b,8763
8764,f,8763
8760,f,8763
8761,b,8763
8759,b,8763
8763,f,8764
8763,d,8764
8763,c,8764
8765,c,8764
8765,d,8764
8765,b,8764
8764,f,8764
8764,b,8764
8763,b,8764
8765,f,8764
8762,c,8764
8761,d,8764
8760,b,8764
8760,d,8764
8760,c,8764
8760,f,8764
8764,d,8764
8761,b,8764
8761,c,8764
8764,c,8764
8762,b,8764
8762,d,8764
8762,f,8764
8761,f,8764
8766,e,8765
8765,c,8765
8766,f,8765
8764,e,8765
8764,f,8765
8764,c,8765
8766,c,8765
8765,e,8765
8765,f,8765
8761,c,8765
8763,e,8765
8761,f,8765
8761,e,8765
8763,f,8765
8763,c,8765
8762,e,8765
8762,f,8765
8762,c,8765
8763,e,8766
8767,f,8766
8766,e,8766
8766,f,8766
8765,e,8766
8765,f,8766
8767,e,8766
8762,e,8766
8763,f,8766
8762,f,8766
8764,f,8766
8764,e,8766
8767,f,8767
8763,f,8767
8768,f,8767
8766,f,8767
8764,f,8767
8765,f,8767
8767,b,8768
8766,b,8768
8768,b,8768
8764,b,8768
8765,b,8768
8769,b,8768
8768,c,8769
8768,b,8769
8769,b,8769
8769,c,8769
8767,c,8769
8770,c,8769
8766,c,8769
8766,b,8769
8765,b,8769
8765,c,8769
8770,b,8769
8767,b,8769
8767,c,8770
8770,c,8770
8770,f,8770
8770,e,8770
8769,e,8770
8769,f,8770
8769,c,8770
8771,c,8770
8771,f,8770
8768,e,8770
8768,f,8770
8768,c,8770
8766,c,8770
8766,f,8770
8766,e,8770
8767,f,8770
8771,e,8770
8767,e,8770
8771,f,8771
8772,e,8771
8770,e,8771
8770,f,8771
8772,f,8771
8771,e,8771
8767,f,8771
8769,e,8771
8769,f,8771
8767,e,8771
8768,f,8771
8768,e,8771
8772,f,8772
8771,f,8772
8771,d,8772
8768,d,8772
8769,f,8772
8772,d,8772
8773,d,8772
8773,f,8772
8770,f,8772
8770,d,8772
8769,d,8772
8768,f,8772
8773,f,8773
8772,f,8773
8769,f,8773
8774,f,8773
8770,f,8773
8771,f,8773
8774,b,8774
8774,d,8774
8773,d,8774
8773,b,8774
8773,a,8774
8770,a,8774
8770,b,8774
8775,a,8774
8775,b,8774
8771,d,8774
8775,d,8774
8771,a,8774
8772,d,8774
8772,b,8774
8772,a,8774
8770,d,8774
8774,a,8774
8771,b,8774
8776,d,8775
8776,b,8775
8774,b,8775
8774,d,8775
8775,b,8775
8775,d,8775
8774,c,8775
8774,f,8775
8775,c,8775
8775,f,8775
8776,f,8775
8776,c,8775
8771,c,8775
8772,f,8775
8772,c,8775
8772,d,8775
8772,b,8775
8771,f,8775
8773,b,8775
8773,d,8775
8771,d,8775
8773,f,8775
8771,b,8775
8773,c,8775
8777,a,8776
8772,c,8776
8775,f,8776
8775,c,8776
8775,a,8776
8776,e,8776
8776,f,8776
8776,c,8776
8776,a,8776
8772,a,8776
8775,e,8776
8773,e,8776
8777,e,8776
8773,c,8776
8777,f,8776
8772,e,8776
8772,f,8776
8774,a,8776
8774,c,8776
8773,a,8776
8774,e,8776
8773,f,8776
8774,f,8776
8777,c,8776
8777,e,8777
8777,d,8777
8776,e,8777
8776,f,8777
8776,d,8777
8776,b,8777
8777,b,8777
8778,b,8777
8778,d,8777
8778,f,8777
8778,e,8777
8777,f,8777
8773,e,8777
8775,b,8777
8774,e,8777
8775,d,8777
8773,f,8777
8775,e,8777
8775,f,8777
8774,d,8777
8774,b,8777
8773,b,8777
8773,d,8777
8774,f,8777
8777,b,8778
8774,b,8778
8774,c,8778
8774,f,8778
8779,b,8778
8777,f,8778
8779,f,8778
8777,c,8778
8778,f,8778
8778,c,8778
8776,f,8778
8776,c,8778
8776,b,8778
8775,b,8778
8775,c,8778
8775,f,8778
8778,b,8778
8779,c,8778
8778,c,8779
8778,a,8779
8778,e,8779
8779,a,8779
8779,c,8779
8779,f,8779
8779,e,8779
8780,a,8779
8780,c,8779
8775,e,8779
8778,f,8779
8780,e,8779
8780,f,8779
8776,c,8779
8776,a,8779
8775,a,8779
8776,e,8779
8777,a,8779
8776,f,8779
8777,f,8779
8777,e,8779
8775,c,8779
8775,f,8779
8777,c,8779
8780,d,8780
8780,f,8780
8781,b,8780
8779,e,8780
8779,f,8780
8779,d,8780
8779,b,8780
8780,b,8780
8780,e,8780
8776,b,8780
8776,d,8780
8781,d,8780
8781,f,8780
8781,e,8780
8778,e,8780
8778,f,8780
8778,d,8780
8778,b,8780
8776,f,8780
8776,e,8780
8777,b,8780
8777,d,8780
8777,f,8780
8777,e,8780
8780,c,8781
8781,c,8781
8782,c,8781
8779,c,8781
8777,c,8781
8778,c,8781
8782,e,8782
8781,e,8782
8781,a,8782
8778,a,8782
8778,e,8782
8783,a,8782
8782,a,8782
8780,e,8782
8780,a,8782
8779,a,8782
8779,e,8782
8783,e,8782
8782,f,8783
8784,b,8783
8783,b,8783
8783,f,8783
8782,d,8783
8782,b,8783
8784,f,8783
8784,d,8783
8783,d,8783
8779,b,8783
8779,f,8783
8781,f,8783
8781,d,8783
8781,b,8783
8780,b,8783
8780,d,8783
8779,d,8783
8780,f,8783
8784,c,8784
8784,f,8784
8783,f,8784
8783,c,8784
8785,c,8784
8780,c,8784
8782,f,8784
8782,c,8784
8780,f,8784
8781,c,8784
8781,f,8784
8785,f,8784
8785,d,8785
8785,e,8785
8784,e,8785
8784,d,8785
8781,e,8785
8783,e,8785
8786,e,8785
8783,d,8785
8781,d,8785
8782,e,8785
8782,d,8785
8786,d,8785
8783,f,8786
8784,f,8786
8787,f,8786
8786,f,8786
8782,f,8786
8785,f,8786
8786,e,8787
8787,e,8787
8784,e,8787
8788,e,8787
8785,e,8787
8783,e,8787
8788,f,8788
8789,b,8788
8787,f,8788
8787,b,8788
8788,b,8788
8785,f,8788
8789,f,8788
8786,f,8788
8786,b,8788
8784,b,8788
8784,f,8788
8785,b,8788
8789,f,8789
8788,f,8789
8788,c,8789
8790,c,8789
8789,c,8789
8790,f,8789
8787,c,8789
8787,f,8789
8786,f,8789
8786,c,8789
8785,c,8789
8785,f,8789
8790,e,8790
8787,e,8790
8788,e,8790
8791,e,8790
8786,e,8790
8789,e,8790
8791,f,8791
8791,d,8791
8790,f,8791
8790,d,8791
8787,f,8791
8787,d,8791
8792,f,8791
8789,f,8791
8789,d,8791
8792,d,8791
8788,d,8791
8788,f,8791
8792,a,8792
8792,f,8792
8792,e,8792
8791,e,8792
8791,f,8792
8791,a,8792
8788,a,8792
8793,a,8792
8793,f,8792
8789,a,8792
8789,f,8792
8793,e,8792
8789,e,8792
8790,e,8792
8790,f,8792
8790,a,8792
8788,f,8792
8788,e,8792
8794,f,8793
8794,d,8793
8794,e,8793
8792,d,8793
8793,d,8793
8792,e,8793
8793,b,8793
8793,e,8793
8793,f,8793
8792,f,8793
8794,b,8793
8792,b,8793
8790,f,8793
8789,b,8793
8791,e,8793
8791,f,8793
8791,d,8793
8791,b,8793
8789,d,8793
8789,f,8793
8790,e,8793
8789,e,8793
8790,d,8793
8790,b,8793
8795,c,8794
8795,f,8794
8793,f,8794
8793,c,8794
8791,f,8794
8790,c,8794
8790,f,8794
8792,f,8794
8792,c,8794
8791,c,8794
8794,c,8794
8794,f,8794
8795,e,8795
8796,e,8795
8794,e,8795
8793,e,8795
8792,e,8795
8791,e,8795
8794,f,8796
8793,f,8796
8792,f,8796
8795,f,8796
8796,f,8796
8797,f,8796
8797,f,8799
8799,f,8799
8798,f,8799
8800,f,8799
8796,f,8799
8795,f,8799
8797,b,8800
8800,b,8800
8796,b,8800
8799,b,8800
8801,b,8800
8798,b,8800
8798,f,8801
8801,f,8801
8801,e,8801
8800,e,8801
8800,f,8801
8800,c,8801
8797,c,8801
8797,f,8801
8798,c,8801
8802,c,8801
8802,e,8801
8799,e,8801
8801,c,8801
8799,c,8801
8797,e,8801
8798,e,8801
8802,f,8801
8799,f,8801
8801,e,8802
8802,f,8802
8801,f,8802
8802,e,8802
8800,e,8802
8803,f,8802
8798,f,8802
8798,e,8802
8803,e,8802
8800,f,8802
8799,f,8802
8799,e,8802
8799,a,8803
8804,f,8803
8803,f,8803
8799,f,8803
8804,a,8803
8801,f,8803
8801,a,8803
8803,a,8803
8800,a,8803
8800,f,8803
8802,a,8803
8802,f,8803
8804,b,8804
8804,d,8804
8803,d,8804
8803,b,8804
8801,d,8804
8805,b,8804
8802,d,8804
8802,b,8804
8805,d,8804
8800,b,8804
8800,d,8804
8801,b,8804
8805,c,8805
8805,f,8805
8804,f,8805
8804,c,8805
8806,c,8805
8806,f,8805
8803,f,8805
8803,c,8805
8801,c,8805
8801,f,8805
8802,c,8805
8802,f,8805
8807,e,8806
8806,c,8806
8805,c,8806
8806,e,8806
8805,b,8806
8807,b,8806
8806,b,8806
8807,c,8806
8805,e,8806
8802,b,8806
8802,c,8806
8802,e,8806
8803,e,8806
8804,e,8806
8804,c,8806
8804,b,8806
8803,c,8806
8803,b,8806
8806,c,8807
8808,c,8807
8806,e,8807
8803,c,8807
8807,e,8807
8807,f,8807
8806,f,8807
8808,f,8807
8803,f,8807
8805,e,8807
8805,f,8807
8805,c,8807
8804,e,8807
8803,e,8807
8804,c,8807
8804,f,8807
8808,e,8807
8807,c,8807
8808,f,8808
8808,e,8808
8809,f,8808
8807,e,8808
8807,f,8808
8809,e,8808
8804,f,8808
8806,e,8808
8804,e,8808
8805,f,8808
8806,f,8808
8805,e,8808
8806,f,8809
8810,c,8809
8809,f,8809
8809,c,8809
8808,f,8809
8808,c,8809
8810,f,8809
8805,f,8809
8805,c,8809
8806,c,8809
8807,f,8809
8807,c,8809
8811,e,8810
8806,e,8810
8809,e,8810
8810,e,8810
8807,e,8810
8808,e,8810
8809,f,8811
8807,f,8811
8808,f,8811
8811,f,8811
8810,f,8811
8812,f,8811
8811,f,8813
8812,f,8813
8813,f,8813
8810,f,8813
8809,f,8813
8814,f,8813
8813,e,8814
8813,c,8814
8813,f,8814
8813,a,8814
8815,c,8814
8814,c,8814
8814,f,8814
8814,e,8814
8815,a,8814
8815,f,8814
8815,e,8814
8812,e,8814
8814,a,8814
8812,f,8814
8811,f,8814
8812,a,8814
8810,a,8814
8810,c,8814
8810,f,8814
8810,e,8814
8811,e,8814
8811,c,8814
8811,a,8814
8812,c,8814
8816,c,8815
8816,d,8815
8811,a,8815
8815,a,8815
8814,a,8815
8814,b,8815
8814,f,8815
8814,c,8815
8814,e,8815
8816,b,8815
8816,a,8815
8815,e,8815
8815,f,8815
8815,c,8815
8815,d,8815
8814,d,8815
8816,e,8815
8816,f,8815
8815,b,8815
8812,e,8815
8812,f,8815
8812,c,8815
8811,e,8815
8811,f,8815
8811,c,8815
8811,d,8815
8813,a,8815
8811,b,8815
8813,d,8815
8813,c,8815
8813,f,8815
8813,e,8815
8812,d,8815
8812,b,8815
8812,a,8815
8813,b,8815
8817,f,8816
8817,e,8816
8815,b,8816
8816,b,8816
8815,c,8816
8815,f,8816
8815,e,8816
8817,c,8816
8816,d,8816
8817,b,8816
8816,e,8816
8816,f,8816
8816,c,8816
8815,d,8816
8817,d,8816
8813,d,8816
8812,e,8816
8813,c,8816
8813,b,8816
8814,b,8816
8814,d,8816
8813,e,8816
8812,f,8816
8813,f,8816
8814,f,8816
8814,e,8816
8812,c,8816
8812,d,8816
8812,b,8816
8814,c,8816
8817,e,8817
8818,d,8817
8818,f,8817
8816,e,8817
8816,f,8817
8816,c,8817
8816,d,8817
8818,e,8817
8817,d,8817
8818,c,8817
8813,d,8817
8813,c,8817
8814,e,8817
8814,f,8817
8814,c,8817
8814,d,8817
8815,d,8817
8815,c,8817
8817,c,8817
8817,f,8817
8815,e,8817
8813,e,8817
8813,f,8817
8815,f,8817
8817,f,8818
8819,e,8818
8819,f,8818
8818,e,8818
8818,f,8818
8817,e,8818
8814,f,8818
8815,f,8818
8815,e,8818
8814,e,8818
8816,e,8818
8816,f,8818
8818,b,8819
8819,c,8819
8819,b,8819
8818,c,8819
8815,b,8819
8815,c,8819
8820,b,8819
8816,b,8819
8817,c,8819
8817,b,8819
8816,c,8819
8820,c,8819
8818,c,8820
8821,c,8820
8817,c,8820
8819,c,8820
8820,c,8820
8816,c,8820
8822,e,8821
8822,c,8821
8821,c,8821
8820,e,8821
8820,c,8821
8821,e,8821
8818,e,8821
8819,e,8821
8819,c,8821
8817,e,8821
8818,c,8821
8817,c,8821
8822,f,8822
8822,e,8822
8823,f,8822
8821,e,8822
8821,f,8822
8819,e,8822
8820,e,8822
8820,f,8822
8818,f,8822
8818,e,8822
8819,f,8822
8823,e,8822
8823,f,8823
8822,f,8823
8819,f,8823
8824,f,8823
8821,f,8823
8820,f,8823
8824,a,8824
8821,a,8824
8822,a,8824
8825,a,8824
8820,a,8824
8823,a,8824
8825,d,8825
8825,b,8825
8824,d,8825
8824,b,8825
8826,b,8825
8826,d,8825
8823,d,8825
8822,b,8825
8823,b,8825
8821,b,8825
8821,d,8825
8822,d,8825
8826,f,8826
8826,c,8826
8823,f,8826
8825,f,8826
8825,c,8826
8827,f,8826
8827,c,8826
8824,f,8826
8824,c,8826
8822,f,8826
8823,c,8826
8822,c,8826
8824,e,8827
8825,e,8827
8828,e,8827
8826,e,8827
8827,e,8827
8823,e,8827
8827,f,8828
8825,f,8828
8826,f,8828
8824,f,8828
8828,f,8828
8829,f,8828
8830,c,8830
8829,c,8830
8831,c,8830
8827,c,8830
8828,c,8830
8826,c,8830
8827,e,8831
8829,e,8831
8828,e,8831
8830,e,8831
8832,e,8831
8831,e,8831
8828,f,8832
8833,f,8832
8832,f,8832
8830,f,8832
8829,f,8832
8831,f,8832
8832,b,8836
8833,b,8836
8837,b,8836
8834,b,8836
8836,b,8836
8835,b,8836
8835,f,8837
8837,f,8837
8837,c,8837
8836,f,8837
8836,c,8837
8838,f,8837
8838,c,8837
8834,f,8837
8834,c,8837
8833,c,8837
8833,f,8837
8835,c,8837
8834,e,8838
8838,b,8838
8838,c,8838
8838,e,8838
8837,e,8838
8837,c,8838
8837,b,8838
8839,b,8838
8839,e,8838
8839,c,8838
8835,e,8838
8836,e,8838
8836,c,8838
8836,b,8838
8834,b,8838
8835,b,8838
8835,c,8838
8834,c,8838
8838,c,8839
8840,e,8839
8839,f,8839
8839,c,8839
8840,f,8839
8840,c,8839
8839,e,8839
8838,f,8839
8838,e,8839
8837,e,8839
8836,e,8839
8835,e,8839
8836,c,8839
8836,f,8839
8835,f,8839
8835,c,8839
8837,c,8839
8837,f,8839
8838,e,8840
8840,f,8840
8840,e,8840
8841,f,8840
8839,e,8840
8839,f,8840
8838,f,8840
8837,e,8840
8836,f,8840
8836,e,8840
8841,e,8840
8837,f,8840
8840,f,8841
8840,c,8841
8841,c,8841
8841,f,8841
8837,c,8841
8837,f,8841
8839,c,8841
8838,c,8841
8838,f,8841
8842,c,8841
8842,f,8841
8839,f,8841
8840,e,8842
8843,e,8842
8838,e,8842
8839,e,8842
8841,e,8842
8842,e,8842
8843,c,8843
8842,f,8843
8843,f,8843
8842,c,8843
8844,c,8843
8844,f,8843
8841,f,8843
8841,c,8843
8840,f,8843
8840,c,8843
8839,f,8843
8839,c,8843
8841,e,8844
8840,e,8844
8842,e,8844
8843,e,8844
8845,e,8844
8844,e,8844
8846,f,8845
8841,f,8845
8845,f,8845
8844,f,8845
8843,f,8845
8842,f,8845
8844,b,8847
8843,b,8847
8845,b,8847
8848,b,8847
8847,b,8847
8846,b,8847
8848,f,8848
8848,c,8848
8848,d,8848
8847,f,8848
8847,c,8848
8847,d,8848
8849,f,8848
8846,f,8848
8849,d,8848
8846,d,8848
8845,d,8848
8844,f,8848
8845,c,8848
8845,f,8848
8844,c,8848
8844,d,8848
8849,c,8848
8846,c,8848
8848,a,8849
8850,f,8849
8848,e,8849
8849,e,8849
8849,f,8849
8849,a,8849
8850,a,8849
8848,f,8849
8850,e,8849
8846,f,8849
8846,a,8849
8847,e,8849
8845,e,8849
8847,f,8849
8847,a,8849
8845,a,8849
8845,f,8849
8846,e,8849
8851,f,8850
8849,b,8850
8849,d,8850
8850,d,8850
8851,c,8850
8850,b,8850
8850,f,8850
8849,f,8850
8850,c,8850
8849,c,8850
8851,b,8850
8851,d,8850
8846,b,8850
8846,d,8850
8847,c,8850
8846,c,8850
8847,d,8850
8848,f,8850
8848,c,8850
8848,d,8850
8848,b,8850
8847,f,8850
8847,b,8850
8846,f,8850
8850,c,8851
8847,c,8851
8850,e,8851
8852,f,8851
8851,e,8851
8851,f,8851
8850,f,8851
8852,c,8851
8851,c,8851
8852,e,8851
8848,e,8851
8848,f,8851
8848,c,8851
8847,f,8851
8849,c,8851
8847,e,8851
8849,e,8851
8849,f,8851
8853,f,8852
8851,e,8852
8851,f,8852
8851,c,8852
8853,c,8852
8852,f,8852
8852,c,8852
8853,e,8852
8848,f,8852
8852,e,8852
8849,f,8852
8848,c,8852
8850,e,8852
8848,e,8852
8849,e,8852
8850,f,8852
8850,c,8852
8849,c,8852
8853,f,8853
8853,e,8853
8852,e,8853
8852,f,8853
8854,f,8853
8854,e,8853
8851,e,8853
8851,f,8853
8850,f,8853
8850,e,8853
8849,f,8853
8849,e,8853
8854,a,8854
8855,a,8854
8853,a,8854
8850,a,8854
8851,a,8854
8852,a,8854
8856,b,8855
8854,d,8855
8854,b,8855
8851,b,8855
8851,d,8855
8855,b,8855
8855,d,8855
8853,d,8855
8853,b,8855
8852,b,8855
8852,d,8855
8856,d,8855
8856,c,8856
8857,c,8856
8857,f,8856
8855,f,8856
8855,c,8856
8852,f,8856
8856,f,8856
8852,c,8856
8854,f,8856
8853,c,8856
8853,f,8856
8854,c,8856
8854,e,8857
8857,e,8857
8857,f,8857
8856,e,8857
8853,f,8857
8856,f,8857
8858,e,8857
8855,e,8857
8855,f,8857
8854,f,8857
8853,e,8857
8858,f,8857
8854,f,8858
8856,f,8858
8859,f,8858
8855,f,8858
8857,f,8858
8858,f,8858
8860,c,8859
8859,c,8859
8858,c,8859
8857,c,8859
8856,c,8859
8855,c,8859
8857,e,8860
8858,e,8860
8861,e,8860
8856,e,8860
8859,e,8860
8860,e,8860
8857,c,8861
8861,f,8861
8861,c,8861
8857,f,8861
8860,f,8861
8860,c,8861
8862,c,8861
8859,f,8861
8859,c,8861
8858,f,8861
8858,c,8861
8862,f,8861
8859,e,8862
8860,e,8862
8863,e,8862
8858,e,8862
8861,e,8862
8862,e,8862
8864,f,8863
8862,f,8863
8863,f,8863
8861,f,8863
8860,f,8863
8859,f,8863
8861,b,8864
8865,b,8864
8862,b,8864
8860,b,8864
8863,b,8864
8864,b,8864
8861,c,8865
8865,f,8865
8864,f,8865
8864,c,8865
8866,c,8865
8863,c,8865
8863,f,8865
8861,f,8865
8862,f,8865
8862,c,8865
8866,f,8865
8865,c,8865
8867,e,8866
8865,e,8866
8866,e,8866
8864,e,8866
8863,e,8866
8862,e,8866
8868,f,8867
8867,f,8867
8866,f,8867
8864,f,8867
8865,f,8867
8863,f,8867
8866,f,8869
8865,f,8869
8867,f,8869
8870,f,8869
8868,f,8869
8869,f,8869
8869,d,8871
8872,d,8871
8867,d,8871
8868,d,8871
8871,d,8871
8870,d,8871
8872,f,8872
8870,f,8872
8868,f,8872
8869,f,8872
8873,f,8872
8871,f,8872
8872,c,8873
8872,a,8873
8873,a,8873
8873,c,8873
8871,c,8873
8874,a,8873
8874,c,8873
8869,a,8873
8870,c,8873
8870,a,8873
8869,c,8873
8871,a,8873
8874,b,8874
8874,d,8874
8874,e,8874
8873,e,8874
8873,d,8874
8873,b,8874
8875,b,8874
8875,d,8874
8870,e,8874
8875,e,8874
8872,e,8874
8872,d,8874
8871,b,8874
8872,b,8874
8870,b,8874
8870,d,8874
8871,d,8874
8871,e,8874
8874,b,8875
8875,c,8875
8876,f,8875
8875,b,8875
8876,b,8875
8874,f,8875
8874,c,8875
8876,c,8875
8875,f,8875
8872,f,8875
8871,b,8875
8871,c,8875
8873,f,8875
8873,c,8875
8873,b,8875
8871,f,8875
8872,b,8875
8872,c,8875
8876,c,8876
8877,c,8876
8877,f,8876
8875,e,8876
8875,f,8876
8875,c,8876
8877,e,8876
8876,e,8876
8872,c,8876
8872,f,8876
8874,e,8876
8874,f,8876
8874,c,8876
8872,e,8876
8873,c,8876
8873,f,8876
8873,e,8876
8876,f,8876
8877,f,8877
8878,f,8877
8878,e,8877
8876,e,8877
8876,f,8877
8873,f,8877
8877,e,8877
8875,e,8877
8875,f,8877
8873,e,8877
8874,f,8877
8874,e,8877
8875,f,8878
8876,f,8878
8879,f,8878
8874,f,8878
8877,f,8878
8878,f,8878
8880,a,8879
8875,a,8879
8878,a,8879
8879,a,8879
8876,a,8879
8877,a,8879
8880,d,8880
8879,d,8880
8879,b,8880
8876,b,8880
8876,d,8880
8880,b,8880
8881,b,8880
8878,d,8880
8878,b,8880
8877,b,8880
8877,d,8880
8881,d,8880
8881,c,8881
8881,f,8881
8880,f,8881
8880,c,8881
8877,f,8881
8882,c,8881
8879,f,8881
8879,c,8881
8877,c,8881
8878,f,8881
8878,c,8881
8882,f,8881
8879,e,8882
8880,e,8882
8882,e,8882
8883,e,8882
8878,e,8882
8881,e,8882
8884,f,8883
8882,a,8883
8882,f,8883
8883,f,8883
8883,a,8883
8884,a,8883
8881,a,8883
8879,f,8883
8880,a,8883
8879,a,8883
8881,f,8883
8880,f,8883
8881,d,8884
8880,d,8884
8882,b,8884
8880,b,8884
8883,d,8884
8883,b,8884
8884,d,8884
8885,d,8884
8885,b,8884
8884,b,8884
8881,b,8884
8882,d,8884
8884,b,8885
8884,d,8885
8881,b,8885
8881,d,8885
8885,d,8885
8885,c,8885
8885,f,8885
8886,b,8885
8886,d,8885
8886,c,8885
8886,f,8885
8884,f,8885
8885,b,8885
8884,c,8885
8882,b,8885
8882,c,8885
8881,c,8885
8881,f,8885
8882,d,8885
8883,f,8885
8883,c,8885
8883,d,8885
8883,b,8885
8882,f,8885
8885,d,8886
8883,e,8886
8885,c,8886
8885,e,8886
8886,e,8886
8887,e,8886
8886,d,8886
8885,f,8886
8882,d,8886
8882,c,8886
8882,f,8886
8887,f,8886
8883,f,8886
8883,c,8886
8883,d,8886
8882,e,8886
8884,d,8886
8886,c,8886
8886,f,8886
8884,c,8886
8884,f,8886
8884,e,8886
8887,c,8886
8887,d,8886
8886,f,8887
8887,e,8887
8888,f,8887
8886,e,8887
8883,f,8887
8885,e,8887
8885,f,8887
8884,e,8887
8884,f,8887
8883,e,8887
8888,e,8887
8887,f,8887
8888,f,8888
8887,f,8888
8889,f,8888
8884,f,8888
8885,f,8888
8886,f,8888
8886,d,8889
8889,d,8889
8888,d,8889
8885,d,8889
8890,d,8889
8887,d,8889
8886,f,8890
8887,f,8890
8890,f,8890
8891,f,8890
8889,f,8890
8888,f,8890
8892,d,8891
8891,f,8891
8891,d,8891
8890,d,8891
8892,f,8891
8890,f,8891
8889,f,8891
8887,d,8891
8888,d,8891
8888,f,8891
8887,f,8891
8889,d,8891
8888,f,8892
8890,f,8892
8891,f,8892
8889,f,8892
8892,f,8892
8893,f,8892
8895,e,8894
8891,e,8894
8894,e,8894
8892,e,8894
8890,e,8894
8893,e,8894
8894,f,8895
8896,f,8895
8892,f,8895
8895,f,8895
8891,f,8895
8893,f,8895
8896,c,8896
8897,c,8896
8895,c,8896
8894,c,8896
8893,c,8896
8892,c,8896
8898,e,8897
8894,e,8897
8893,e,8897
8895,e,8897
8896,e,8897
8897,e,8897
8898,f,8898
8897,f,8898
8897,c,8898
8894,c,8898
8899,c,8898
8894,f,8898
8896,f,8898
8898,c,8898
8895,f,8898
8895,c,8898
8899,f,8898
8896,c,8898
8899,e,8899
8900,e,8899
8898,e,8899
8895,e,8899
8897,e,8899
8896,e,8899
8901,f,8900
8901,c,8900
8900,f,8900
8900,c,8900
8899,f,8900
8899,c,8900
8897,f,8900
8896,f,8900
8898,f,8900
8898,c,8900
8896,c,8900
8897,c,8900
8898,e,8901
8899,e,8901
8897,e,8901
8900,e,8901
8901,e,8901
8902,e,8901
8903,f,8902
8901,f,8902
8902,f,8902
8899,f,8902
8898,f,8902
8900,f,8902
8904,c,8904
8903,c,8904
8902,c,8904
8905,c,8904
8900,c,8904
8901,c,8904
8902,d,8905
8905,d,8905
8901,e,8905
8906,d,8905
8904,e,8905
8904,c,8905
8904,d,8905
8906,c,8905
8905,c,8905
8906,e,8905
8903,e,8905
8903,c,8905
8903,d,8905
8901,d,8905
8901,c,8905
8902,e,8905
8902,c,8905
8905,e,8905
8906,e,8906
8907,f,8906
8905,e,8906
8905,f,8906
8906,f,8906
8907,e,8906
8904,e,8906
8904,f,8906
8903,e,8906
8903,f,8906
8902,e,8906
8902,f,8906
8905,f,8907
8903,f,8907
8906,f,8907
8907,f,8907
8908,f,8907
8904,f,8907
8911,a,8911
8910,a,8911
8909,a,8911
8912,a,8911
8908,a,8911
8907,a,8911
8908,c,8912
8911,d,8912
8911,b,8912
8912,b,8912
8913,d,8912
8913,c,8912
8908,d,8912
8910,c,8912
8910,d,8912
8910,b,8912
8912,c,8912
8912,d,8912
8909,c,8912
8909,d,8912
8909,b,8912
8908,b,8912
8911,c,8912
8913,b,8912
8912,c,8913
8912,f,8913
8913,c,8913
8913,f,8913
8913,e,8913
8914,c,8913
8914,e,8913
8912,e,8913
8914,f,8913
8911,e,8913
8909,c,8913
8911,c,8913
8909,e,8913
8910,e,8913
8911,f,8913
8910,f,8913
8910,c,8913
8909,f,8913
8914,f,8914
8914,e,8914
8913,f,8914
8915,e,8914
8910,e,8914
8912,e,8914
8912,f,8914
8915,f,8914
8911,f,8914
8911,e,8914
8913,e,8914
8910,f,8914
8916,b,8915
8914,a,8915
8914,b,8915
8914,c,8915
8914,f,8915
8916,a,8915
8915,f,8915
8915,c,8915
8915,b,8915
8915,a,8915
8916,c,8915
8916,f,8915
8911,c,8915
8913,f,8915
8911,b,8915
8911,a,8915
8912,a,8915
8911,f,8915
8913,c,8915
8913,b,8915
8913,a,8915
8912,b,8915
8912,f,8915
8912,c,8915
8915,b,8916
8915,d,8916
8915,c,8916
8915,f,8916
8916,d,8916
8916,c,8916
8917,f,8916
8917,c,8916
8917,d,8916
8917,b,8916
8916,e,8916
8916,f,8916
8916,b,8916
8915,e,8916
8917,e,8916
8913,b,8916
8912,e,8916
8913,f,8916
8914,b,8916
8913,c,8916
8913,d,8916
8912,f,8916
8914,d,8916
8913,e,8916
8914,f,8916
8914,e,8916
8912,b,8916
8912,d,8916
8912,c,8916
8914,c,8916
8917,c,8917
8917,e,8917
8916,e,8917
8916,f,8917
8916,c,8917
8917,f,8917
8913,f,8917
8913,e,8917
8918,c,8917
8918,f,8917
8918,e,8917
8915,e,8917
8915,f,8917
8915,c,8917
8914,c,8917
8914,f,8917
8914,e,8917
8913,c,8917
8917,e,8918
8918,f,8918
8918,e,8918
8917,f,8918
8914,f,8918
8919,f,8918
8915,f,8918
8915,e,8918
8916,e,8918
8916,f,8918
8919,e,8918
8914,e,8918
8920,a,8919
8918,a,8919
8915,a,8919
8915,b,8919
8915,c,8919
8920,b,8919
8920,c,8919
8918,c,8919
8919,c,8919
8917,c,8919
8917,b,8919
8917,a,8919
8916,a,8919
8916,b,8919
8916,c,8919
8919,b,8919
8919,a,8919
8918,b,8919
8919,d,8920
8919,c,8920
8919,b,8920
8921,b,8920
8920,b,8920
8920,d,8920
8920,c,8920
8921,c,8920
8921,d,8920
8919,e,8920
8920,e,8920
8921,e,8920
8917,c,8920
8916,b,8920
8916,d,8920
8916,c,8920
8918,e,8920
8918,c,8920
8918,d,8920
8918,b,8920
8917,d,8920
8917,e,8920
8917,b,8920
8916,e,8920
8920,c,8921
8917,c,8921
8920,e,8921
8922,e,8921
8922,f,8921
8921,e,8921
8920,f,8921
8922,c,8921
8921,c,8921
8917,f,8921
8919,e,8921
8919,f,8921
8919,c,8921
8917,e,8921
8918,c,8921
8918,f,8921
8918,e,8921
8921,f,8921
8922,f,8922
8922,e,8922
8923,f,8922
8923,e,8922
8921,e,8922
8918,f,8922
8921,f,8922
8920,f,8922
8919,e,8922
8918,e,8922
8920,e,8922
8919,f,8922
8924,d,8923
8922,f,8923
8922,d,8923
8919,d,8923
8919,f,8923
8923,f,8923
8924,f,8923
8921,f,8923
8921,d,8923
8920,f,8923
8920,d,8923
8923,d,8923
8924,f,8924
8923,f,8924
8925,f,8924
8920,f,8924
8921,f,8924
8922,f,8924
8922,e,8925
8925,e,8925
8924,e,8925
8921,e,8925
8926,e,8925
8923,e,8925
8923,f,8926
8922,f,8926
8927,f,8926
8926,f,8926
8925,f,8926
8924,f,8926
8928,f,8927
8927,f,8927
8927,a,8927
8926,f,8927
8926,a,8927
8928,a,8927
8923,f,8927
8923,a,8927
8924,a,8927
8925,f,8927
8925,a,8927
8924,f,8927
8925,d,8928
8924,b,8928
8928,d,8928
8929,b,8928
8928,b,8928
8927,b,8928
8926,d,8928
8926,b,8928
8924,d,8928
8925,b,8928
8929,d,8928
8927,d,8928
8925,c,8929
8930,f,8929
8929,c,8929
8929,f,8929
8928,c,8929
8928,f,8929
8930,c,8929
8927,f,8929
8927,c,8929
8925,f,8929
8926,c,8929
8926,f,8929
8927,e,8930
8930,b,8930
8930,e,8930
8929,e,8930
8929,b,8930
8926,b,8930
8931,b,8930
8931,e,8930
8928,e,8930
8928,b,8930
8926,e,8930
8927,b,8930
8932,f,8931
8930,f,8931
8930,c,8931
8932,c,8931
8931,f,8931
8931,c,8931
8929,f,8931
8929,c,8931
8927,c,8931
8928,f,8931
8928,c,8931
8927,f,8931
8928,e,8932
8929,e,8932
8930,e,8932
8932,e,8932
8933,e,8932
8931,e,8932
8932,a,8933
8932,f,8933
8929,a,8933
8933,f,8933
8934,f,8933
8933,a,8933
8929,f,8933
8934,a,8933
8931,f,8933
8931,a,8933
8930,a,8933
8930,f,8933
8931,d,8934
8935,d,8934
8931,b,8934
8932,b,8934
8932,d,8934
8935,b,8934
8934,b,8934
8930,d,8934
8930,b,8934
8933,b,8934
8933,d,8934
8934,d,8934
8934,c,8935
8934,f,8935
8935,f,8935
8935,c,8935
8932,c,8935
8933,f,8935
8933,c,8935
8932,f,8935
8936,f,8935
8931,f,8935
8931,c,8935
8936,c,8935
8932,e,8936
8934,e,8936
8937,e,8936
8936,e,8936
8935,e,8936
8933,e,8936
8936,f,8937
8938,f,8937
8937,f,8937
8933,f,8937
8935,f,8937
8934,f,8937
8937,a,8938
8937,d,8938
8935,d,8938
8938,d,8938
8936,d,8938
8936,a,8938
8934,d,8938
8935,a,8938
8939,a,8938
8939,d,8938
8938,a,8938
8934,a,8938
8938,b,8939
8938,d,8939
8935,b,8939
8940,b,8939
8938,e,8939
8940,d,8939
8940,f,8939
8939,e,8939
8939,b,8939
8938,f,8939
8940,e,8939
8937,d,8939
8936,f,8939
8935,d,8939
8935,f,8939
8935,e,8939
8936,b,8939
8936,d,8939
8936,e,8939
8939,f,8939
8937,b,8939
8939,d,8939
8937,f,8939
8937,e,8939
8940,c,8940
8939,f,8940
8941,c,8940
8941,f,8940
8940,f,8940
8939,c,8940
8936,f,8940
8937,c,8940
8937,f,8940
8936,c,8940
8938,f,8940
8938,c,8940
8941,e,8941
8940,e,8941
8937,e,8941
8942,e,8941
8939,e,8941
8938,e,8941
8942,f,8942
8943,b,8942
8943,f,8942
8938,f,8942
8941,b,8942
8942,b,8942
8938,b,8942
8941,f,8942
8940,f,8942
8940,b,8942
8939,b,8942
8939,f,8942
8940,f,8943
8943,f,8943
8943,c,8943
8942,c,8943
8939,c,8943
8939,f,8943
8942,f,8943
8941,f,8943
8941,c,8943
8940,c,8943
8944,f,8943
8944,c,8943
8940,e,8944
8942,e,8944
8945,e,8944
8941,e,8944
8943,e,8944
8944,e,8944
8945,f,8945
8946,d,8945
8945,d,8945
8944,f,8945
8944,d,8945
8946,f,8945
8943,f,8945
8943,d,8945
8941,d,8945
8942,f,8945
8942,d,8945
8941,f,8945
8943,f,8946
8947,f,8946
8945,f,8946
8946,f,8946
8942,f,8946
8944,f,8946
8947,f,8947
8944,f,8947
8945,f,8947
8948,f,8947
8943,f,8947
8946,f,8947
8951,f,8950
8951,c,8950
8951,b,8950
8950,f,8950
8950,c,8950
8950,b,8950
8949,f,8950
8949,b,8950
8948,f,8950
8948,c,8950
8949,c,8950
8946,b,8950
8946,c,8950
8946,f,8950
8948,b,8950
8947,b,8950
8947,c,8950
8947,f,8950
8947,e,8951
8952,e,8951
8951,e,8951
8951,f,8951
8951,c,8951
8950,f,8951
8950,c,8951
8950,e,8951
8952,c,8951
8948,e,8951
8948,f,8951
8947,c,8951
8949,c,8951
8952,f,8951
8949,e,8951
8948,c,8951
8949,f,8951
8947,f,8951
8952,f,8952
8948,f,8952
8952,e,8952
8951,e,8952
8951,f,8952
8951,d,8952
8952,d,8952
8948,d,8952
8949,e,8952
8949,f,8952
8953,d,8952
8953,f,8952
8953,e,8952
8950,e,8952
8950,f,8952
8950,d,8952
8949,d,8952
8948,e,8952
8952,b,8953
8953,b,8953
8953,f,8953
8952,f,8953
8954,b,8953
8951,f,8953
8951,b,8953
8949,b,8953
8949,f,8953
8950,b,8953
8950,f,8953
8954,f,8953
8955,f,8954
8954,a,8954
8954,c,8954
8954,f,8954
8953,f,8954
8953,c,8954
8953,a,8954
8955,a,8954
8955,c,8954
8950,a,8954
8951,c,8954
8952,f,8954
8952,c,8954
8952,a,8954
8950,c,8954
8950,f,8954
8951,a,8954
8951,f,8954
8956,b,8955
8956,a,8955
8956,e,8955
8954,a,8955
8954,b,8955
8954,d,8955
8955,b,8955
8954,e,8955
8955,d,8955
8955,e,8955
8955,f,8955
8956,f,8955
8955,a,8955
8954,f,8955
8956,d,8955
8953,f,8955
8951,b,8955
8952,f,8955
8952,d,8955
8952,b,8955
8952,a,8955
8952,e,8955
8953,a,8955
8953,b,8955
8951,a,8955
8953,e,8955
8951,e,8955
8951,f,8955
8951,d,8955
8953,d,8955
8956,c,8956
8957,d,8956
8955,c,8956
8955,d,8956
8955,b,8956
8956,d,8956
8957,b,8956
8952,b,8956
8952,c,8956
8953,c,8956
8953,d,8956
8953,b,8956
8952,d,8956
8954,b,8956
8954,d,8956
8956,b,8956
8957,c,8956
8954,c,8956
8958,d,8957
8957,e,8957
8956,e,8957
8956,c,8957
8956,d,8957
8958,c,8957
8957,c,8957
8957,d,8957
8958,e,8957
8953,e,8957
8953,c,8957
8953,d,8957
8954,d,8957
8954,c,8957
8955,e,8957
8954,e,8957
8955,c,8957
8955,d,8957
8957,e,8958
8958,e,8958
8958,f,8958
8959,e,8958
8957,f,8958
8954,f,8958
8959,f,8958
8956,f,8958
8956,e,8958
8955,e,8958
8955,f,8958
8954,e,8958
8959,a,8959
8959,f,8959
8958,f,8959
8958,a,8959
8955,a,8959
8955,f,8959
8960,a,8959
8960,f,8959
8957,f,8959
8957,a,8959
8956,a,8959
8956,f,8959
8961,b,8960
8960,b,8960
8959,b,8960
8959,d,8960
8960,d,8960
8956,b,8960
8961,d,8960
8958,d,8960
8958,b,8960
8956,d,8960
8957,b,8960
8957,d,8960
8957,c,8961
8961,f,8961
8960,f,8961
8960,c,8961
8961,c,8961
8962,f,8961
8959,f,8961
8959,c,8961
8957,f,8961
8958,c,8961
8958,f,8961
8962,c,8961
8962,e,8962
8962,f,8962
8961,e,8962
8961,f,8962
8963,e,8962
8963,f,8962
8960,e,8962
8960,f,8962
8959,e,8962
8959,f,8962
8958,e,8962
8958,f,8962
8961,f,8963
8959,f,8963
8962,f,8963
8960,f,8963
8963,f,8963
8964,f,8963
8967,e,8967
8966,e,8967
8965,e,8967
8968,e,8967
8963,e,8967
8964,e,8967
8964,d,8968
8968,f,8968
8967,f,8968
8967,d,8968
8969,d,8968
8964,f,8968
8969,f,8968
8966,f,8968
8966,d,8968
8965,f,8968
8968,d,8968
8965,d,8968
8968,f,8969
8969,f,8969
8970,f,8969
8968,b,8969
8969,b,8969
8970,b,8969
8965,f,8969
8967,f,8969
8967,b,8969
8965,b,8969
8966,b,8969
8966,f,8969
8970,f,8970
8970,c,8970
8969,f,8970
8969,c,8970
8971,f,8970
8967,f,8970
8968,f,8970
8968,c,8970
8966,f,8970
8967,c,8970
8966,c,8970
8971,c,8970
8968,e,8971
8969,e,8971
8967,e,8971
8972,e,8971
8970,e,8971
8971,e,8971
8973,f,8972
8971,f,8972
8972,f,8972
8970,f,8972
8969,f,8972
8968,f,8972
8970,b,8973
8971,b,8973
8973,b,8973
8969,b,8973
8972,b,8973
8974,b,8973
8970,c,8974
8974,c,8974
8973,f,8974
8973,c,8974
8974,f,8974
8972,c,8974
8975,c,8974
8972,f,8974
8975,f,8974
8971,f,8974
8971,c,8974
8970,f,8974
8975,e,8975
8974,e,8975
8976,e,8975
8973,e,8975
8972,e,8975
8971,e,8975
8977,a,8976
8976,f,8976
8973,a,8976
8972,f,8976
8972,a,8976
8974,a,8976
8974,f,8976
8975,f,8976
8977,f,8976
8973,f,8976
8975,a,8976
8976,a,8976
8976,b,8977
8978,b,8977
8978,c,8977
8977,b,8977
8977,d,8977
8977,c,8977
8976,d,8977
8978,d,8977
8976,c,8977
8973,d,8977
8974,c,8977
8973,c,8977
8973,b,8977
8974,d,8977
8975,b,8977
8974,b,8977
8975,c,8977
8975,d,8977
8978,e,8978
8978,f,8978
8975,f,8978
8979,c,8978
8977,e,8978
8977,f,8978
8977,c,8978
8979,f,8978
8979,e,8978
8978,c,8978
8975,e,8978
8974,e,8978
8975,c,8978
8974,c,8978
8976,e,8978
8976,f,8978
8976,c,8978
8974,f,8978
8979,e,8979
8979,f,8979
8975,f,8979
8975,e,8979
8978,e,8979
8978,f,8979
8980,f,8979
8977,e,8979
8977,f,8979
8976,f,8979
8976,e,8979
8980,e,8979
8978,f,8980
8981,f,8980
8980,f,8980
8977,f,8980
8979,f,8980
8976,f,8980
8980,e,8981
8982,f,8981
8980,f,8981
8978,e,8981
8979,e,8981
8979,f,8981
8978,f,8981
8981,f,8981
8977,e,8981
8977,f,8981
8982,e,8981
8981,e,8981
8982,f,8982
8983,f,8982
8980,f,8982
8979,f,8982
8978,f,8982
8981,f,8982
8987,f,8986
8985,f,8986
8986,f,8986
8983,f,8986
8982,f,8986
8984,f,8986
8984,e,8988
8988,e,8988
8987,e,8988
8989,e,8988
8986,e,8988
8985,e,8988
8990,f,8989
8989,f,8989
8987,f,8989
8985,f,8989
8988,f,8989
8986,f,8989
8989,f,8990
8991,f,8990
8986,f,8990
8988,f,8990
8987,f,8990
8990,f,8990
8993,c,8992
8992,c,8992
8991,c,8992
8989,c,8992
8988,c,8992
8990,c,8992
8990,e,8993
8989,e,8993
8991,e,8993
8992,e,8993
8993,e,8993
8994,e,8993
8990,f,8994
8991,f,8994
8992,f,8994
8993,f,8994
8994,f,8994
8995,f,8994
8997,d,8998
8998,f,8998
8998,d,8998
8997,f,8998
8996,f,8998
8995,f,8998
8999,d,8998
8999,f,8998
8995,d,8998
8994,f,8998
8994,d,8998
8996,d,8998
8999,f,8999
8998,f,8999
8995,f,8999
8997,f,8999
8996,f,8999
9000,f,8999
8999,f,9000
8999,a,9000
9001,a,9000
9001,f,9000
9000,a,9000
9000,f,9000
8998,f,9000
8998,a,9000
8996,a,9000
8996,f,9000
8997,a,9000
8997,f,9000
9000,b,9001
9001,d,9001
9001,b,9001
9000,d,9001
9002,b,9001
8998,d,9001
9002,d,9001
8997,b,9001
8999,d,9001
8999,b,9001
8998,b,9001
8997,d,9001
9002,c,9002
9002,f,9002
9001,f,9002
9001,c,9002
8998,f,9002
8998,c,9002
9003,c,9002
9000,f,9002
9000,c,9002
8999,c,9002
8999,f,9002
9003,f,9002
9002,e,9003
9004,e,9003
9002,f,9003
9003,f,9003
9000,e,9003
9001,e,9003
9001,f,9003
9003,e,9003
9000,f,9003
8999,e,9003
8999,f,9003
9004,f,9003
9005,f,9004
9004,f,9004
9001,f,9004
9002,f,9004
9003,f,9004
9000,f,9004
9008,f,9008
9007,f,9008
9009,f,9008
9005,f,9008
9004,f,9008
9006,f,9008
9012,d,9013
9009,d,9013
9010,d,9013
9011,d,9013
9014,d,9013
9013,d,9013
9015,f,9014
9014,f,9014
9013,f,9014
9012,f,9014
9010,f,9014
9011,f,9014
9012,c,9015
9016,c,9015
9016,a,9015
9012,a,9015
9015,a,9015
9014,c,9015
9014,a,9015
9011,a,9015
9015,c,9015
9011,c,9015
9013,c,9015
9013,a,9015
9017,b,9016
9012,e,9016
9017,d,9016
9016,d,9016
9016,e,9016
9015,e,9016
9016,b,9016
9013,e,9016
9012,d,9016
9015,b,9016
9014,e,9016
9014,d,9016
9014,b,9016
9013,b,9016
9013,d,9016
9017,e,9016
9012,b,9016
9015,d,9016
9018,c,9017
9016,c,9017
9016,f,9017
9016,e,9017
9017,e,9017
9017,f,9017
9017,c,9017
9018,f,9017
9018,e,9017
9013,c,9017
9014,e,9017
9013,f,9017
9013,e,9017
9014,c,9017
9014,f,9017
9015,f,9017
9015,c,9017
9015,e,9017
9019,d,9018
9019,f,9018
9019,e,9018
9018,a,9018
9017,e,9018
9017,f,9018
9017,a,9018
9018,e,9018
9018,f,9018
9019,a,9018
9018,d,9018
9017,d,9018
9014,e,9018
9015,e,9018
9015,f,9018
9015,d,9018
9015,a,9018
9014,f,9018
9016,d,9018
9016,a,9018
9016,f,9018
9016,e,9018
9014,a,9018
9014,d,9018
9018,f,9019
9018,b,9019
9019,d,9019
9019,b,9019
9015,b,9019
9019,f,9019
9015,d,9019
9018,d,9019
9020,b,9019
9017,f,9019
9017,d,9019
9017,b,9019
9020,d,9019
9016,b,9019
9016,d,9019
9016,f,9019
9020,f,9019
9015,f,9019
9019,e,9020
9021,c,9020
9020,e,9020
9019,c,9020
9019,f,9020
9016,f,9020
9021,e,9020
9016,c,9020
9017,c,9020
9017,f,9020
9021,f,9020
9016,e,9020
9017,e,9020
9020,c,9020
9018,c,9020
9018,f,9020
9018,e,9020
9020,f,9020
9020,e,9021
9020,f,9021
9022,e,9021
9021,f,9021
9021,e,9021
9022,f,9021
9017,f,9021
9019,e,9021
9019,f,9021
9017,e,9021
9018,e,9021
9018,f,9021
9023,f,9022
9022,f,9022
9021,f,9022
9019,f,9022
9020,f,9022
9018,f,9022
9021,c,9023
9023,c,9023
9024,c,9023
9020,c,9023
9022,c,9023
9019,c,9023
9020,e,9024
9021,e,9024
9023,e,9024
9024,e,9024
9022,e,9024
9025,e,9024
9024,a,9025
9025,c,9025
9025,a,9025
9025,f,9025
9026,a,9025
9026,c,9025
9026,f,9025
9024,f,9025
9023,f,9025
9024,c,9025
9021,c,9025
9022,a,9025
9023,c,9025
9021,f,9025
9022,c,9025
9021,a,9025
9022,f,9025
9023,a,9025
9026,b,9026
9026,d,9026
9026,f,9026
9026,e,9026
9025,e,9026
9027,e,9026
9025,d,9026
9025,b,9026
9027,d,9026
9027,f,9026
9023,b,9026
9025,f,9026
9027,b,9026
9023,d,9026
9024,e,9026
9024,f,9026
9024,d,9026
9024,b,9026
9022,e,9026
9022,f,9026
9023,f,9026
9022,d,9026
9023,e,9026
9022,b,9026
9023,c,9027
9023,f,9027
9026,f,9027
9027,f,9027
9028,c,9027
9028,f,9027
9027,c,9027
9025,f,9027
9025,c,9027
9024,c,9027
9024,f,9027
9026,c,9027
9027,b,9028
9029,b,9028
9027,e,9028
9029,e,9028
9028,b,9028
9028,c,9028
9029,c,9028
9028,e,9028
9027,c,9028
9025,e,9028
9025,c,9028
9024,e,9028
9024,b,9028
9024,c,9028
9026,e,9028
9026,c,9028
9026,b,9028
9025,b,9028
9028,d,9029
9028,c,9029
9028,f,9029
9028,e,9029
9025,d,9029
9030,f,9029
9030,d,9029
9029,d,9029
9029,c,9029
9030,e,9029
9030,c,9029
9029,e,9029
9025,c,9029
9026,e,9029
9026,f,9029
9026,c,9029
9026,d,9029
9025,e,9029
9029,f,9029
9027,d,9029
9025,f,9029
9027,f,9029
9027,e,9029
9027,c,9029
9029,e,9030
9031,e,9030
9031,f,9030
9029,f,9030
9030,e,9030
9030,f,9030
9026,e,9030
9028,e,9030
9026,f,9030
9027,f,9030
9027,e,9030
9028,f,9030
9031,d,9031
9032,f,9031
9030,f,9031
9030,d,9031
9027,d,9031
9027,f,9031
9031,f,9031
9028,d,9031
9028,f,9031
9029,f,9031
9029,d,9031
9032,d,9031
9032,f,9032
9033,f,9032
9031,f,9032
9030,f,9032
9029,f,9032
9028,f,9032
9036,d,9035
9032,d,9035
9035,d,9035
9033,d,9035
9031,d,9035
9034,d,9035
9037,f,9036
9036,f,9036
9035,f,9036
9033,f,9036
9032,f,9036
9034,f,9036
9036,b,9037
9038,b,9037
9037,b,9037
9035,b,9037
9033,b,9037
9034,b,9037
9035,f,9038
9038,f,9038
9038,c,9038
9037,f,9038
9035,c,9038
9034,c,9038
9037,c,9038
9036,f,9038
9036,c,9038
9034,f,9038
9039,f,9038
9039,c,9038
9036,e,9039
9037,e,9039
9040,e,9039
9035,e,9039
9038,e,9039
9039,e,9039
9039,f,9040
9040,f,9040
9041,f,9040
9038,f,9040
9037,f,9040
9036,f,9040
9038,c,9041
9037,c,9041
9039,c,9041
9042,c,9041
9040,c,9041
9041,c,9041
9043,f,9042
9042,f,9042
9041,e,9042
9043,e,9042
9041,f,9042
9042,e,9042
9040,f,9042
9040,e,9042
9039,e,9042
9039,f,9042
9038,e,9042
9038,f,9042
9039,f,9043
9041,f,9043
9042,f,9043
9040,f,9043
9043,f,9043
9044,f,9043
9047,a,9047
9046,a,9047
9045,a,9047
9048,a,9047
9043,a,9047
9044,a,9047
9044,c,9048
9047,c,9048
9049,b,9048
9049,d,9048
9049,c,9048
9044,d,9048
9046,c,9048
9047,b,9048
9046,d,9048
9048,b,9048
9048,c,9048
9048,d,9048
9045,c,9048
9045,d,9048
9045,b,9048
9044,b,9048
9046,b,9048
9047,d,9048
9048,b,9049
9048,c,9049
9050,e,9049
9049,b,9049
9049,c,9049
9049,f,9049
9049,e,9049
9050,c,9049
9050,f,9049
9048,e,9049
9050,b,9049
9048,f,9049
9046,e,9049
9045,c,9049
9045,f,9049
9046,f,9049
9047,e,9049
9047,f,9049
9047,c,9049
9047,b,9049
9046,c,9049
9045,b,9049
9046,b,9049
9045,e,9049
9046,c,9050
9049,f,9050
9049,e,9050
9050,e,9050
9050,f,9050
9049,c,9050
9051,c,9050
9050,c,9050
9051,f,9050
9051,e,9050
9048,e,9050
9048,f,9050
9048,c,9050
9046,e,9050
9047,c,9050
9047,f,9050
9047,e,9050
9046,f,9050
9051,f,9051
9051,e,9051
9050,e,9051
9050,f,9051
9047,e,9051
9049,e,9051
9047,f,9051
9048,f,9051
9048,e,9051
9049,f,9051
9052,e,9051
9052,f,9051
9050,e,9052
9053,f,9052
9053,e,9052
9048,f,9052
9049,f,9052
9049,e,9052
9051,f,9052
9051,e,9052
9052,e,9052
9052,f,9052
9050,f,9052
9048,e,9052
9052,f,9053
9049,f,9053
9051,f,9053
9050,f,9053
9054,f,9053
9053,f,9053
9055,d,9054
9053,d,9054
9054,d,9054
9051,d,9054
9050,d,9054
9052,d,9054
9053,f,9057
9058,f,9057
9057,e,9057
9057,f,9057
9056,e,9057
9058,e,9057
9055,e,9057
9056,f,9057
9053,e,9057
9054,f,9057
9054,e,9057
9055,f,9057
9055,d,9058
9058,f,9058
9057,f,9058
9057,d,9058
9059,d,9058
9056,f,9058
9056,d,9058
9054,d,9058
9054,f,9058
9055,f,9058
9059,f,9058
9058,d,9058
9058,f,9059
9059,f,9059
9060,f,9059
9057,f,9059
9055,f,9059
9056,f,9059
9061,f,9060
9057,f,9060
9059,f,9060
9060,f,9060
9058,f,9060
9056,f,9060
9058,f,9062
9062,c,9062
9062,f,9062
9061,f,9062
9061,c,9062
9061,d,9062
9063,d,9062
9063,c,9062
9060,f,9062
9060,d,9062
9058,d,9062
9063,f,9062
9059,f,9062
9059,c,9062
9059,d,9062
9058,c,9062
9060,c,9062
9062,d,9062
9062,e,9063
9062,f,9063
9063,f,9063
9063,e,9063
9064,f,9063
9061,e,9063
9061,f,9063
9059,f,9063
9059,e,9063
9064,e,9063
9060,f,9063
9060,e,9063
9065,a,9064
9064,a,9064
9064,f,9064
9063,f,9064
9063,a,9064
9061,a,9064
9062,f,9064
9062,a,9064
9060,a,9064
9060,f,9064
9061,f,9064
9065,f,9064
9066,f,9065
9064,f,9065
9064,d,9065
9065,b,9065
9065,d,9065
9065,f,9065
9064,b,9065
9066,b,9065
9066,d,9065
9061,f,9065
9061,d,9065
9062,b,9065
9062,f,9065
9061,b,9065
9063,b,9065
9063,d,9065
9062,d,9065
9063,f,9065
9066,d,9066
9066,c,9066
9066,f,9066
9067,c,9066
9067,f,9066
9067,e,9066
9065,e,9066
9065,f,9066
9065,c,9066
9065,d,9066
9066,e,9066
9063,e,9066
9062,d,9066
9062,c,9066
9064,e,9066
9064,f,9066
9064,c,9066
9064,d,9066
9062,f,9066
9062,e,9066
9063,d,9066
9063,c,9066
9063,f,9066
9067,d,9066
9067,f,9067
9067,e,9067
9068,f,9067
9068,e,9067
9065,f,9067
9066,e,9067
9066,f,9067
9065,e,9067
9064,e,9067
9064,f,9067
9063,f,9067
9063,e,9067
9070,b,9070
9066,b,9070
9068,b,9070
9069,b,9070
9067,b,9070
9071,b,9070
9068,b,9071
9071,c,9071
9071,f,9071
9070,f,9071
9070,c,9071
9070,b,9071
9072,b,9071
9072,c,9071
9067,b,9071
9067,f,9071
9072,f,9071
9069,f,9071
9069,c,9071
9069,b,9071
9071,b,9071
9068,f,9071
9068,c,9071
9067,c,9071
9073,e,9072
9072,e,9072
9073,c,9072
9073,f,9072
9071,e,9072
9071,f,9072
9071,c,9072
9072,f,9072
9072,c,9072
9070,e,9072
9070,f,9072
9070,c,9072
9068,c,9072
9068,f,9072
9069,e,9072
9069,f,9072
9069,c,9072
9068,e,9072
9070,e,9073
9074,e,9073
9074,f,9073
9073,e,9073
9072,e,9073
9072,f,9073
9073,f,9073
9069,e,9073
9071,e,9073
9069,f,9073
9071,f,9073
9070,f,9073
9072,f,9074
9071,f,9074
9075,f,9074
9070,f,9074
9073,f,9074
9074,f,9074
9076,f,9075
9075,f,9075
9074,f,9075
9073,f,9075
9071,f,9075
9072,f,9075
9074,b,9077
9075,b,9077
9078,b,9077
9076,b,9077
9073,b,9077
9077,b,9077
9077,c,9078
9079,c,9078
9079,f,9078
9078,f,9078
9078,c,9078
9077,f,9078
9074,c,9078
9076,f,9078
9076,c,9078
9075,f,9078
9075,c,9078
9074,f,9078
9076,e,9079
9077,e,9079
9075,e,9079
9078,e,9079
9080,e,9079
9079,e,9079
9081,f,9080
9080,f,9080
9078,f,9080
9076,f,9080
9077,f,9080
9079,f,9080
9084,b,9085
9086,b,9085
9083,b,9085
9085,b,9085
9081,b,9085
9082,b,9085
9087,f,9086
9087,c,9086
9086,f,9086
9086,c,9086
9085,f,9086
9085,c,9086
9082,f,9086
9082,c,9086
9084,f,9086
9084,c,9086
9083,f,9086
9083,c,9086
9084,e,9087
9085,e,9087
9088,e,9087
9083,e,9087
9086,e,9087
9087,e,9087
9089,f,9088
9087,f,9088
9088,f,9088
9086,f,9088
9085,f,9088
9084,f,9088
9089,d,9090
9088,d,9090
9090,d,9090
9091,d,9090
9086,d,9090
9087,d,9090
9088,d,9091
9091,f,9091
9090,f,9091
9090,d,9091
9092,d,9091
9092,f,9091
9087,f,9091
9087,d,9091
9089,f,9091
9089,d,9091
9091,d,9091
9088,f,9091
9091,e,9092
9093,c,9092
9093,f,9092
9093,e,9092
9091,f,9092
9091,c,9092
9092,e,9092
9092,c,9092
9092,f,9092
9088,e,9092
9088,c,9092
9090,e,9092
9090,f,9092
9090,c,9092
9089,c,9092
9089,f,9092
9088,f,9092
9089,e,9092
9093,f,9093
9093,e,9093
9094,f,9093
9092,e,9093
9092,f,9093
9094,e,9093
9089,f,9093
9091,e,9093
9091,f,9093
9089,e,9093
9090,f,9093
9090,e,9093
9094,f,9094
9095,c,9094
9095,f,9094
9093,f,9094
9093,c,9094
9090,c,9094
9090,f,9094
9094,c,9094
9092,c,9094
9091,f,9094
9092,f,9094
9091,c,9094
9092,e,9095
9095,c,9095
9095,e,9095
9096,c,9095
9094,e,9095
9094,c,9095
9091,c,9095
9092,c,9095
9096,e,9095
9091,e,9095
9093,e,9095
9093,c,9095
9096,b,9096
9096,f,9096
9096,e,9096
9097,b,9096
9097,f,9096
9095,e,9096
9095,f,9096
9092,e,9096
9097,e,9096
9092,f,9096
9095,b,9096
9094,e,9096
9094,f,9096
9092,b,9096
9093,b,9096
9093,f,9096
9094,b,9096
9093,e,9096
9094,f,9097
9097,f,9097
9097,c,9097
9096,c,9097
9093,c,9097
9096,f,9097
9098,f,9097
9094,c,9097
9095,c,9097
9095,f,9097
9093,f,9097
9098,c,9097
9099,e,9098
9095,e,9098
9096,e,9098
9094,e,9098
9097,e,9098
9098,e,9098
9098,e,9099
9100,e,9099
9099,e,9099
9098,f,9099
9099,f,9099
9100,f,9099
9096,f,9099
9096,e,9099
9095,f,9099
9095,e,9099
9097,e,9099
9097,f,9099
9100,f,9100
9099,a,9100
9099,f,9100
9101,f,9100
9101,a,9100
9096,a,9100
9098,a,9100
9096,f,9100
9097,a,9100
9097,f,9100
9100,a,9100
9098,f,9100
9100,d,9101
9097,b,9101
9100,e,9101
9101,e,9101
9101,d,9101
9101,b,9101
9100,b,9101
9102,b,9101
9097,d,9101
9102,e,9101
9099,e,9101
9099,d,9101
9098,e,9101
9098,d,9101
9098,b,9101
9097,e,9101
9102,d,9101
9099,b,9101
9102,a,9102
9101,f,9102
9101,c,9102
9102,c,9102
9102,f,9102
9103,f,9102
9101,a,9102
9100,c,9102
9103,a,9102
9100,f,9102
9103,c,9102
9100,a,9102
9098,a,9102
9098,c,9102
9098,f,9102
9099,a,9102
9099,c,9102
9099,f,9102
9102,e,9103
9102,d,9103
9102,b,9103
9099,b,9103
9103,b,9103
9099,d,9103
9104,d,9103
9103,d,9103
9104,e,9103
9101,e,9103
9101,d,9103
9101,b,9103
9099,e,9103
9100,b,9103
9100,d,9103
9100,e,9103
9104,b,9103
9103,e,9103
9104,c,9104
9104,f,9104
9105,c,9104
9103,c,9104
9103,f,9104
9101,f,9104
9105,f,9104
9102,f,9104
9102,c,9104
9100,c,9104
9100,f,9104
9101,c,9104
9106,a,9105
9105,c,9105
9105,e,9105
9104,e,9105
9104,c,9105
9104,a,9105
9101,a,9105
9101,c,9105
9106,c,9105
9105,a,9105
9102,c,9105
9102,e,9105
9103,e,9105
9103,c,9105
9103,a,9105
9101,e,9105
9102,a,9105
9106,e,9105
9107,d,9106
9107,f,9106
9105,b,9106
9105,d,9106
9106,b,9106
9105,f,9106
9105,e,9106
9106,f,9106
9106,d,9106
9107,b,9106
9107,e,9106
9106,e,9106
9104,f,9106
9102,e,9106
9104,e,9106
9104,d,9106
9104,b,9106
9102,b,9106
9102,d,9106
9102,f,9106
9103,e,9106
9103,f,9106
9103,d,9106
9103,b,9106
9108,f,9107
9107,f,9107
9107,c,9107
9106,f,9107
9106,c,9107
9104,f,9107
9103,c,9107
9103,f,9107
9105,f,9107
9105,c,9107
9104,c,9107
9108,c,9107
9106,e,9108
9109,e,9108
9108,e,9108
9105,e,9108
9104,e,9108
9107,e,9108
9108,c,9109
9108,f,9109
9109,f,9109
9110,c,9109
9106,f,9109
9107,f,9109
9107,c,9109
9106,c,9109
9105,f,9109
9105,c,9109
9110,f,9109
9109,c,9109
9111,e,9110
9109,e,9110
9110,e,9110
9108,e,9110
9107,e,9110
9106,e,9110
9109,f,9111
9107,f,9111
9108,f,9111
9110,f,9111
9111,f,9111
9112,f,9111
9115,a,9114
9112,a,9114
9111,a,9114
9113,a,9114
9110,a,9114
9114,a,9114
9116,b,9115
9115,b,9115
9116,d,9115
9114,b,9115
9115,d,9115
9114,d,9115
9113,b,9115
9111,b,9115
9113,d,9115
9111,d,9115
9112,b,9115
9112,d,9115
9113,c,9116
9116,f,9116
9116,c,9116
9117,f,9116
9115,f,9116
9115,c,9116
9117,c,9116
9114,f,9116
9114,c,9116
9113,f,9116
9112,f,9116
9112,c,9116
9117,e,9117
9116,e,9117
9113,e,9117
9118,e,9117
9115,e,9117
9114,e,9117
9117,e,9118
9117,d,9118
9118,d,9118
9118,f,9118
9118,e,9118
9119,e,9118
9119,d,9118
9119,f,9118
9117,f,9118
9115,e,9118
9115,d,9118
9116,e,9118
9116,f,9118
9116,d,9118
9114,e,9118
9115,f,9118
9114,d,9118
9114,f,9118
9118,d,9119
9118,c,9119
9118,f,9119
9116,c,9119
9120,d,9119
9120,c,9119
9120,f,9119
9116,d,9119
9119,c,9119
9119,d,9119
9119,f,9119
9115,c,9119
9115,f,9119
9117,d,9119
9117,c,9119
9117,f,9119
9116,f,9119
9115,d,9119
9118,e,9120
9116,e,9120
9120,e,9120
9121,f,9120
9119,e,9120
9121,e,9120
9119,f,9120
9116,f,9120
9117,e,9120
9117,f,9120
9118,f,9120
9120,f,9120
9122,c,9121
9120,f,9121
9120,c,9121
9122,f,9121
9121,f,9121
9121,c,9121
9117,f,9121
9118,f,9121
9119,f,9121
9119,c,9121
9117,c,9121
9118,c,9121
9123,e,9122
9122,e,9122
9121,e,9122
9119,e,9122
9120,e,9122
9118,e,9122
9121,f,9123
9119,f,9123
9123,f,9123
9120,f,9123
9122,f,9123
9124,f,9123
9126,a,9125
9126,e,9125
9125,e,9125
9125,a,9125
9124,e,9125
9124,a,9125
9123,e,9125
9121,e,9125
9123,a,9125
9122,a,9125
9122,e,9125
9121,a,9125
9123,b,9126
9126,d,9126
9126,f,9126
9125,f,9126
9125,d,9126
9125,b,9126
9127,b,9126
9127,d,9126
9124,f,9126
9124,d,9126
9124,b,9126
9122,b,9126
9122,d,9126
9122,f,9126
9123,f,9126
9123,d,9126
9127,f,9126
9126,b,9126
9127,c,9127
9126,f,9127
9126,c,9127
9127,f,9127
9128,c,9127
9125,f,9127
9125,c,9127
9123,c,9127
9128,f,9127
9124,f,9127
9124,c,9127
9123,f,9127
9125,e,9128
9126,e,9128
9127,e,9128
9129,e,9128
9128,e,9128
9124,e,9128
9130,f,9129
9128,b,9129
9129,b,9129
9128,f,9129
9130,b,9129
9129,f,9129
9127,f,9129
9127,b,9129
9125,b,9129
9125,f,9129
9126,b,9129
9126,f,9129
9127,c,9130
9131,f,9130
9131,c,9130
9130,f,9130
9130,c,9130
9130,b,9130
9127,b,9130
9129,f,9130
9129,c,9130
9129,b,9130
9131,b,9130
9127,f,9130
9126,c,9130
9126,f,9130
9128,f,9130
9128,c,9130
9128,b,9130
9126,b,9130
9127,e,9131
9127,f,9131
9130,c,9131
9132,f,9131
9132,c,9131
9131,e,9131
9131,f,9131
9131,c,9131
9130,f,9131
9130,e,9131
9127,c,9131
9128,c,9131
9128,e,9131
9128,f,9131
9129,e,9131
9129,f,9131
9129,c,9131
9132,e,9131
9133,e,9132
9131,a,9132
9131,f,9132
9132,a,9132
9133,f,9132
9133,a,9132
9132,e,9132
9132,f,9132
9128,a,9132
9128,f,9132
9131,e,9132
9129,e,9132
9129,f,9132
9130,e,9132
9130,f,9132
9130,a,9132
9128,e,9132
9129,a,9132
9134,f,9133
9129,b,9133
9132,b,9133
9132,d,9133
9132,f,9133
9133,b,9133
9133,c,9133
9133,f,9133
9134,b,9133
9134,d,9133
9134,c,9133
9133,d,9133
9129,d,9133
9132,c,9133
9129,f,9133
9130,f,9133
9130,c,9133
9130,d,9133
9130,b,9133
9129,c,9133
9131,d,9133
9131,c,9133
9131,f,9133
9131,b,9133
9133,f,9134
9130,f,9134
9130,c,9134
9134,f,9134
9134,e,9134
9135,c,9134
9133,e,9134
9132,e,9134
9133,c,9134
9134,c,9134
9131,e,9134
9131,f,9134
9130,e,9134
9131,c,9134
9132,c,9134
9132,f,9134
9135,f,9134
9135,e,9134
9134,e,9135
9134,b,9135
9135,e,9135
9136,b,9135
9135,b,9135
9136,e,9135
9133,b,9135
9133,e,9135
9131,b,9135
9132,e,9135
9132,b,9135
9131,e,9135
9133,c,9136
9134,c,9136
9136,c,9136
9137,c,9136
9135,c,9136
9132,c,9136
9136,f,9137
9133,f,9137
9137,f,9137
9137,e,9137
9136,e,9137
9138,e,9137
9138,f,9137
9134,e,9137
9135,e,9137
9135,f,9137
9133,e,9137
9134,f,9137
9135,f,9138
9134,a,9138
9138,f,9138
9137,f,9138
9139,f,9138
9136,f,9138
9136,a,9138
9134,f,9138
9138,a,9138
9135,a,9138
9139,a,9138
9137,a,9138
9138,d,9139
9139,b,9139
9138,b,9139
9139,d,9139
9140,b,9139
9135,b,9139
9137,d,9139
9137,b,9139
9135,d,9139
9136,b,9139
9136,d,9139
9140,d,9139
9137,f,9140
9140,a,9140
9140,c,9140
9140,f,9140
9139,f,9140
9139,c,9140
9139,a,9140
9141,a,9140
9141,c,9140
9141,f,9140
9137,a,9140
9136,f,9140
9136,c,9140
9136,a,9140
9138,a,9140
9137,c,9140
9138,c,9140
9138,f,9140
9142,f,9141
9142,c,9141
9142,d,9141
9142,b,9141
9140,b,9141
9140,d,9141
9140,c,9141
9140,f,9141
9141,e,9141
9141,c,9141
9141,b,9141
9141,f,9141
9142,e,9141
9140,e,9141
9141,d,9141
9139,e,9141
9137,c,9141
9137,d,9141
9137,f,9141
9137,e,9141
9138,b,9141
9138,d,9141
9138,c,9141
9138,f,9141
9137,b,9141
9138,e,9141
9139,b,9141
9139,d,9141
9139,c,9141
9139,f,9141
9140,f,9142
9139,e,9142
9142,f,9142
9139,f,9142
9142,e,9142
9143,c,9142
9143,f,9142
9143,e,9142
9141,e,9142
9141,f,9142
9139,c,9142
9140,c,9142
9138,e,9142
9138,c,9142
9138,f,9142
9140,e,9142
9141,c,9142
9142,c,9142
9143,f,9143
9142,e,9143
9142,f,9143
9143,e,9143
9144,f,9143
9144,e,9143
9139,f,9143
9139,e,9143
9140,f,9143
9140,e,9143
9141,e,9143
9141,f,9143
9145,f,9144
9145,d,9144
9144,f,9144
9144,d,9144
9143,f,9144
9140,d,9144
9140,f,9144
9143,d,9144
9142,d,9144
9141,f,9144
9142,f,9144
9141,d,9144
9141,f,9145
9141,c,9145
9146,c,9145
9144,f,9145
9144,c,9145
9145,f,9145
9146,f,9145
9143,f,9145
9143,c,9145
9142,f,9145
9145,c,9145
9142,c,9145
9147,e,9146
9146,e,9146
9144,e,9146
9143,e,9146
9142,e,9146
9145,e,9146
9145,a,9149
9149,e,9149
9149,a,9149
9150,e,9149
9148,e,9149
9148,a,9149
9147,e,9149
9147,a,9149
9150,a,9149
9146,e,9149
9145,e,9149
9146,a,9149
9146,f,9150
9150,b,9150
9150,d,9150
9150,f,9150
9150,e,9150
9151,b,9150
9149,e,9150
9149,f,9150
9149,d,9150
9149,b,9150
9151,d,9150
9151,f,9150
9151,e,9150
9148,e,9150
9148,f,9150
9148,d,9150
9146,b,9150
9146,d,9150
9147,e,9150
9147,f,9150
9147,d,9150
9147,b,9150
9146,e,9150
9148,b,9150
9151,c,9151
9151,f,9151
9152,c,9151
9152,f,9151
9150,c,9151
9150,f,9151
9147,f,9151
9149,c,9151
9147,c,9151
9148,f,9151
9149,f,9151
9148,c,9151
9149,c,9152
9148,d,9152
9148,c,9152
9148,e,9152
9153,e,9152
9152,c,9152
9152,e,9152
9151,d,9152
9151,c,9152
9151,e,9152
9152,d,9152
9149,e,9152
9150,e,9152
9150,c,9152
9150,d,9152
9153,c,9152
9149,d,9152
9153,d,9152
9154,b,9153
9154,a,9153
9152,a,9153
9152,b,9153
9152,f,9153
9152,e,9153
9153,e,9153
9153,f,9153
9153,b,9153
9153,a,9153
9154,f,9153
9154,e,9153
9149,f,9153
9151,b,9153
9149,b,9153
9149,a,9153
9150,a,9153
9151,e,9153
9150,b,9153
9151,f,9153
9149,e,9153
9151,a,9153
9150,f,9153
9150,e,9153
9153,b,9154
9153,d,9154
9153,c,9154
9154,a,9154
9154,b,9154
9155,d,9154
9155,b,9154
9155,a,9154
9153,f,9154
9154,f,9154
9154,c,9154
9154,d,9154
9155,f,9154
9155,c,9154
9153,a,9154
9150,f,9154
9151,d,9154
9151,b,9154
9151,a,9154
9151,c,9154
9152,a,9154
9152,b,9154
9152,d,9154
9150,c,9154
9151,f,9154
9152,f,9154
9150,d,9154
9150,b,9154
9150,a,9154
9152,c,9154
9155,c,9155
9155,d,9155
9155,b,9155
9154,b,9155
9154,d,9155
9154,f,9155
9154,e,9155
9156,f,9155
9156,d,9155
9156,b,9155
9154,c,9155
9156,c,9155
9151,d,9155
9155,f,9155
9152,e,9155
9152,f,9155
9152,c,9155
9152,d,9155
9152,b,9155
9151,e,9155
9153,b,9155
9151,b,9155
9153,c,9155
9153,d,9155
9153,e,9155
9156,e,9155
9151,f,9155
9151,c,9155
9153,f,9155
9155,e,9155
9152,c,9156
9157,c,9156
9155,e,9156
9155,f,9156
9156,e,9156
9157,f,9156
9156,f,9156
9156,c,9156
9157,e,9156
9152,f,9156
9153,c,9156
9155,c,9156
9154,e,9156
9154,f,9156
9154,c,9156
9153,f,9156
9152,e,9156
9153,e,9156
9153,f,9157
9157,e,9157
9158,f,9157
9156,e,9157
9156,f,9157
9157,f,9157
9154,f,9157
9158,e,9157
9155,e,9157
9155,f,9157
9154,e,9157
9153,e,9157
9158,f,9158
9157,f,9158
9154,f,9158
9156,f,9158
9155,f,9158
9159,f,9158
9157,c,9159
9160,c,9159
9156,c,9159
9159,c,9159
9155,c,9159
9158,c,9159
9161,e,9160
9160,e,9160
9159,e,9160
9158,e,9160
9157,e,9160
9156,e,9160
9157,f,9161
9159,f,9161
9158,f,9161
9160,f,9161
9162,f,9161
9161,f,9161
9163,d,9163
9161,d,9163
9164,d,9163
9159,d,9163
9160,d,9163
9162,d,9163
9163,f,9164
9164,f,9164
9165,f,9164
9161,f,9164
9160,f,9164
9162,f,9164
9161,e,9165
9165,e,9165
9166,c,9165
9164,e,9165
9164,c,9165
9165,c,9165
9166,e,9165
9162,c,9165
9163,e,9165
9163,c,9165
9161,c,9165
9162,e,9165
9167,f,9166
9167,e,9166
9165,f,9166
9166,e,9166
9166,f,9166
9165,e,9166
9164,e,9166
9162,f,9166
9162,e,9166
9163,f,9166
9163,e,9166
9164,f,9166
9164,f,9167
9167,f,9167
9163,f,9167
9166,f,9167
9165,f,9167
9168,f,9167
9168,b,9168
9166,b,9168
9169,b,9168
9165,b,9168
9164,b,9168
9167,b,9168
9170,c,9169
9170,e,9169
9169,f,9169
9169,c,9169
9168,e,9169
9168,f,9169
9168,c,9169
9169,e,9169
9170,f,9169
9167,e,9169
9167,f,9169
9167,c,9169
9165,c,9169
9165,f,9169
9166,e,9169
9166,f,9169
9166,c,9169
9165,e,9169
9167,e,9170
9167,f,9170
9170,e,9170
9170,f,9170
9171,f,9170
9169,e,9170
9166,e,9170
9169,f,9170
9166,f,9170
9168,f,9170
9171,e,9170
9168,e,9170
9169,f,9171
9170,f,9171
9172,f,9171
9167,f,9171
9171,f,9171
9168,f,9171
9172,d,9173
9173,b,9173
9173,d,9173
9172,b,9173
9171,b,9173
9171,d,9173
9174,b,9173
9169,b,9173
9169,d,9173
9170,d,9173
9170,b,9173
9174,d,9173
9174,b,9174
9174,c,9174
9174,f,9174
9173,f,9174
9173,c,9174
9173,b,9174
9175,b,9174
9175,c,9174
9175,f,9174
9170,f,9174
9170,c,9174
9171,f,9174
9170,b,9174
9172,f,9174
9172,c,9174
9172,b,9174
9171,b,9174
9171,c,9174
9174,b,9175
9174,c,9175
9174,f,9175
9175,e,9175
9175,f,9175
9176,f,9175
9176,c,9175
9176,b,9175
9176,e,9175
9175,b,9175
9174,e,9175
9175,c,9175
9171,b,9175
9171,f,9175
9172,c,9175
9172,b,9175
9171,e,9175
9172,f,9175
9173,b,9175
9172,e,9175
9173,f,9175
9173,e,9175
9171,c,9175
9173,c,9175
9177,c,9176
9175,e,9176
9175,f,9176
9175,c,9176
9176,f,9176
9176,c,9176
9172,c,9176
9176,e,9176
9172,f,9176
9172,e,9176
9177,f,9176
9177,e,9176
9174,e,9176
9174,f,9176
9174,c,9176
9173,c,9176
9173,f,9176
9173,e,9176
9177,f,9177
9176,e,9177
9178,e,9177
9177,e,9177
9178,f,9177
9175,f,9177
9175,e,9177
9174,e,9177
9174,f,9177
9173,e,9177
9173,f,9177
9176,f,9177
9175,f,9178
9176,f,9178
9174,f,9178
9177,f,9178
9178,f,9178
9179,f,9178
9182,c,9181
9180,c,9181
9179,c,9181
9178,c,9181
9181,c,9181
9177,c,9181
9179,e,9182
9180,e,9182
9183,e,9182
9182,e,9182
9178,e,9182
9181,e,9182
9183,f,9183
9182,f,9183
9184,f,9183
9179,f,9183
9180,f,9183
9181,f,9183
9181,a,9184
9184,b,9184
9184,e,9184
9183,e,9184
9183,b,9184
9183,a,9184
9185,a,9184
9185,b,9184
9182,e,9184
9185,e,9184
9181,e,9184
9181,b,9184
9184,a,9184
9182,a,9184
9180,a,9184
9180,b,9184
9180,e,9184
9182,b,9184
9186,f,9185
9184,b,9185
9184,d,9185
9184,c,9185
9185,c,9185
9186,d,9185
9185,f,9185
9184,f,9185
9185,b,9185
9185,d,9185
9186,c,9185
9186,b,9185
9183,f,9185
9182,c,9185
9181,b,9185
9181,f,9185
9182,b,9185
9182,d,9185
9182,f,9185
9181,c,9185
9181,d,9185
9183,c,9185
9183,b,9185
9183,d,9185
9187,f,9186
9187,e,9186
9183,e,9186
9185,e,9186
9185,f,9186
9185,c,9186
9183,f,9186
9183,c,9186
9184,c,9186
9186,e,9186
9182,c,9186
9187,c,9186
9186,c,9186
9186,f,9186
9184,e,9186
9184,f,9186
9182,e,9186
9182,f,9186
9183,f,9187
9187,e,9187
9188,f,9187
9188,e,9187
9187,f,9187
9186,e,9187
9185,e,9187
9183,e,9187
9185,f,9187
9184,e,9187
9184,f,9187
9186,f,9187
9186,f,9188
9185,f,9188
9184,f,9188
9187,f,9188
9188,f,9188
9189,f,9188
9189,c,9191
9192,c,9191
9191,c,9191
9190,c,9191
9188,c,9191
9187,c,9191
9189,d,9192
9192,e,9192
9192,d,9192
9193,e,9192
9191,e,9192
9191,d,9192
9188,e,9192
9193,d,9192
9190,e,9192
9190,d,9192
9188,d,9192
9189,e,9192
9191,d,9193
9190,d,9193
9191,f,9193
9194,f,9193
9194,d,9193
9190,f,9193
9189,f,9193
9189,d,9193
9192,d,9193
9192,f,9193
9193,f,9193
9193,d,9193
9195,f,9194
9193,f,9194
9194,f,9194
9190,f,9194
9191,f,9194
9192,f,9194
9196,c,9195
9191,b,9195
9195,b,9195
9196,b,9195
9194,b,9195
9194,c,9195
9193,b,9195
9191,c,9195
9192,b,9195
9192,c,9195
9195,c,9195
9193,c,9195
9195,f,9196
9192,f,9196
9195,c,9196
9192,e,9196
9196,e,9196
9197,c,9196
9197,f,9196
9197,e,9196
9196,f,9196
9196,c,9196
9195,e,9196
9192,c,9196
9193,f,9196
9194,e,9196
9194,f,9196
9194,c,9196
9193,e,9196
9193,c,9196
9197,f,9197
9197,e,9197
9196,e,9197
9196,f,9197
9194,e,9197
9198,f,9197
9198,e,9197
9195,e,9197
9195,f,9197
9194,f,9197
9193,f,9197
9193,e,9197
9198,f,9198
9197,f,9198
9199,f,9198
9194,f,9198
9196,f,9198
9195,f,9198
9197,e,9199
9199,e,9199
9195,e,9199
9198,e,9199
9200,e,9199
9196,e,9199
9200,f,9200
9199,f,9200
9201,f,9200
9198,f,9200
9197,f,9200
9196,f,9200
9198,f,9202
9203,e,9202
9198,e,9202
9202,e,9202
9202,f,9202
9202,d,9202
9203,f,9202
9201,e,9202
9201,f,9202
9201,d,9202
9203,d,9202
9198,d,9202
9199,d,9202
9200,f,9202
9200,d,9202
9199,f,9202
9199,e,9202
9200,e,9202
9200,b,9203
9203,b,9203
9203,d,9203
9203,f,9203
9202,f,9203
9202,d,9203
9202,b,9203
9199,b,9203
9204,b,9203
9204,d,9203
9201,b,9203
9200,d,9203
9200,f,9203
9201,f,9203
9201,d,9203
9199,d,9203
9199,f,9203
9204,f,9203
9205,c,9204
9205,b,9204
9204,b,9204
9204,f,9204
9205,f,9204
9204,c,9204
9203,f,9204
9203,b,9204
9203,c,9204
9202,c,9204
9201,f,9204
9200,b,9204
9202,f,9204
9202,b,9204
9200,c,9204
9200,f,9204
9201,b,9204
9201,c,9204
9205,c,9205
9205,f,9205
9206,c,9205
9206,f,9205
9204,e,9205
9204,f,9205
9204,c,9205
9205,e,9205
9201,c,9205
9201,f,9205
9206,e,9205
9203,e,9205
9203,f,9205
9203,c,9205
9201,e,9205
9202,c,9205
9202,f,9205
9202,e,9205
9206,f,9206
9206,e,9206
9205,e,9206
9205,f,9206
9207,f,9206
9207,e,9206
9202,f,9206
9202,e,9206
9203,f,9206
9204,e,9206
9204,f,9206
9203,e,9206
9204,f,9207
9207,f,9207
9208,f,9207
9206,f,9207
9205,f,9207
9203,f,9207
9207,a,9208
9206,a,9208
9209,a,9208
9208,a,9208
9204,a,9208
9205,a,9208
9209,d,9209
9209,b,9209
9208,d,9209
9208,b,9209
9210,b,9209
9210,d,9209
9207,b,9209
9205,b,9209
9205,d,9209
9206,b,9209
9206,d,9209
9207,d,9209
9207,b,9210
9210,b,9210
9210,c,9210
9210,f,9210
9209,f,9210
9209,c,9210
9209,b,9210
9211,b,9210
9211,f,9210
9211,c,9210
9208,f,9210
9208,c,9210
9208,b,9210
9206,b,9210
9206,c,9210
9206,f,9210
9207,c,9210
9207,f,9210
9211,f,9211
9212,f,9211
9210,c,9211
9210,e,9211
9211,e,9211
9211,c,9211
9212,e,9211
9210,f,9211
9212,c,9211
9209,f,9211
9207,c,9211
9209,e,9211
9209,c,9211
9207,e,9211
9208,c,9211
9208,f,9211
9208,e,9211
9207,f,9211
9213,f,9212
9213,e,9212
9212,f,9212
9211,e,9212
9211,f,9212
9208,e,9212
9212,e,9212
9210,e,9212
9210,f,9212
9209,f,9212
9209,e,9212
9208,f,9212
9212,d,9213
9212,f,9213
9213,f,9213
9213,d,9213
9214,d,9213
9209,d,9213
9211,f,9213
9209,f,9213
9210,f,9213
9210,d,9213
9214,f,9213
9211,d,9213
9214,a,9214
9213,e,9214
9213,f,9214
9214,f,9214
9214,e,9214
9215,a,9214
9215,e,9214
9215,f,9214
9213,a,9214
9210,f,9214
9211,e,9214
9211,a,9214
9212,e,9214
9212,f,9214
9212,a,9214
9210,e,9214
9211,f,9214
9210,a,9214
9214,b,9215
9214,f,9215
9214,e,9215
9212,f,9215
9212,e,9215
9215,f,9215
9215,e,9215
9216,e,9215
9216,f,9215
9216,d,9215
9216,b,9215
9215,b,9215
9215,d,9215
9214,d,9215
9211,d,9215
9212,d,9215
9212,b,9215
9211,e,9215
9211,f,9215
9213,b,9215
9213,d,9215
9213,f,9215
9213,e,9215
9211,b,9215
9212,b,9216
9212,c,9216
9215,c,9216
9215,b,9216
9216,b,9216
9217,c,9216
9213,b,9216
9214,c,9216
9214,b,9216
9213,c,9216
9217,b,9216
9216,c,9216
9216,a,9217
9216,c,9217
9216,e,9217
9218,a,9217
9218,c,9217
9217,c,9217
9217,e,9217
9218,e,9217
9217,a,9217
9214,c,9217
9213,a,9217
9213,c,9217
9215,e,9217
9215,c,9217
9215,a,9217
9213,e,9217
9214,e,9217
9214,a,9217
9217,b,9218
9217,d,9218
9217,f,9218
9218,d,9218
9218,b,9218
9219,e,9218
9219,f,9218
9219,b,9218
9218,e,9218
9218,f,9218
9217,e,9218
9219,d,9218
9215,e,9218
9215,b,9218
9216,e,9218
9216,f,9218
9216,d,9218
9214,b,9218
9214,d,9218
9216,b,9218
9214,f,9218
9214,e,9218
9215,f,9218
9215,d,9218
9220,c,9219
9219,f,9219
9219,c,9219
9218,f,9219
9218,c,9219
9216,f,9219
9220,f,9219
9215,c,9219
9215,f,9219
9217,f,9219
9217,c,9219
9216,c,9219
9218,e,9220
9221,e,9220
9217,e,9220
9219,e,9220
9216,e,9220
9220,e,9220
9222,f,9221
9221,f,9221
9219,f,9221
9218,f,9221
9217,f,9221
9220,f,9221
9226,c,9226
9224,c,9226
9225,c,9226
9227,c,9226
9223,c,9226
9222,c,9226
9227,e,9227
9226,e,9227
9226,c,9227
9223,c,9227
9225,e,9227
9223,e,9227
9227,c,9227
9228,e,9227
9224,e,9227
9224,c,9227
9225,c,9227
9228,c,9227
9227,e,9228
9227,f,9228
9228,e,9228
9228,f,9228
9226,f,9228
9229,e,9228
9226,e,9228
9229,f,9228
9225,e,9228
9224,f,9228
9225,f,9228
9224,e,9228
9229,c,9229
9229,f,9229
9228,f,9229
9228,c,9229
9230,c,9229
9230,f,9229
9227,f,9229
9227,c,9229
9225,c,9229
9225,f,9229
9226,c,9229
9226,f,9229
9229,e,9230
9226,e,9230
9228,e,9230
9227,e,9230
9231,e,9230
9230,e,9230
9231,f,9231
9232,f,9231
9229,f,9231
9230,f,9231
9228,f,9231
9227,f,9231
9234,b,9234
9235,b,9234
9232,b,9234
9230,b,9234
9231,b,9234
9233,b,9234
9231,f,9235
9232,c,9235
9232,f,9235
9236,f,9235
9231,c,9235
9233,c,9235
9233,f,9235
9236,c,9235
9235,f,9235
9234,c,9235
9234,f,9235
9235,c,9235
9235,e,9236
9236,e,9236
9237,e,9236
9234,e,9236
9232,e,9236
9233,e,9236
9238,c,9237
9237,f,9237
9236,f,9237
9236,c,9237
9237,c,9237
9238,f,9237
9234,f,9237
9235,f,9237
9235,c,9237
9233,c,9237
9233,f,9237
9234,c,9237
9239,e,9238
9238,e,9238
9237,e,9238
9237,c,9238
9238,c,9238
9239,c,9238
9235,c,9238
9235,e,9238
9236,e,9238
9236,c,9238
9234,c,9238
9234,e,9238
9239,f,9239
9240,e,9239
9238,e,9239
9238,f,9239
9236,e,9239
9235,f,9239
9235,e,9239
9237,e,9239
9237,f,9239
9236,f,9239
9239,e,9239
9240,f,9239
9240,f,9240
9241,f,9240
9239,f,9240
9238,f,9240
9236,f,9240
9237,f,9240
9240,f,9244
9241,f,9244
9242,f,9244
9244,f,9244
9245,f,9244
9243,f,9244
9244,d,9245
9246,d,9245
9245,d,9245
9242,d,9245
9241,d,9245
9243,d,9245
9245,f,9246
9247,f,9246
9246,f,9246
9243,f,9246
9244,f,9246
9242,f,9246
9245,a,9249
9249,a,9249
9248,a,9249
9247,a,9249
9250,a,9249
9246,a,9249
9246,b,9250
9250,b,9250
9250,d,9250
9249,d,9250
9249,b,9250
9249,a,9250
9250,a,9250
9251,a,9250
9251,b,9250
9251,d,9250
9246,d,9250
9248,d,9250
9248,a,9250
9247,a,9250
9247,b,9250
9246,a,9250
9247,d,9250
9248,b,9250
9250,a,9251
9250,b,9251
9250,d,9251
9252,e,9251
9252,f,9251
9252,c,9251
9250,c,9251
9250,e,9251
9252,d,9251
9252,b,9251
9252,a,9251
9251,a,9251
9251,d,9251
9251,c,9251
9251,f,9251
9250,f,9251
9251,b,9251
9251,e,9251
9247,e,9251
9248,c,9251
9248,d,9251
9248,b,9251
9248,a,9251
9248,f,9251
9249,a,9251
9249,b,9251
9249,d,9251
9249,c,9251
9248,e,9251
9249,e,9251
9247,f,9251
9247,c,9251
9247,d,9251
9247,a,9251
9247,b,9251
9249,f,9251
9252,d,9252
9252,b,9252
9253,c,9252
9251,b,9252
9251,c,9252
9251,f,9252
9251,e,9252
9253,d,9252
9253,b,9252
9252,e,9252
9251,d,9252
9249,c,9252
9248,b,9252
9248,d,9252
9249,f,9252
9249,e,9252
9249,b,9252
9248,e,9252
9248,f,9252
9252,c,9252
9248,c,9252
9250,b,9252
9250,d,9252
9252,f,9252
9250,f,9252
9250,e,9252
9249,d,9252
9253,f,9252
9253,e,9252
9250,c,9252
9254,e,9253
9254,f,9253
9254,c,9253
9253,d,9253
9253,c,9253
9253,f,9253
9252,d,9253
9252,c,9253
9252,f,9253
9254,d,9253
9252,e,9253
9253,e,9253
9250,d,9253
9250,e,9253
9251,d,9253
9251,c,9253
9250,f,9253
9249,f,9253
9249,e,9253
9249,d,9253
9251,f,9253
9251,e,9253
9249,c,9253
9250,c,9253
9254,f,9254
9253,e,9254
9253,f,9254
9255,e,9254
9254,e,9254
9251,e,9254
9250,e,9254
9251,f,9254
9252,f,9254
9252,e,9254
9250,f,9254
9255,f,9254
9256,f,9255
9252,f,9255
9253,f,9255
9254,f,9255
9255,f,9255
9251,f,9255
9255,c,9256
9257,b,9256
9256,b,9256
9256,c,9256
9255,b,9256
9257,c,9256
9254,c,9256
9252,b,9256
9254,b,9256
9253,b,9256
9253,c,9256
9252,c,9256
9257,c,9257
9257,e,9257
9256,c,9257
9258,c,9257
9256,e,9257
9255,e,9257
9255,c,9257
9253,e,9257
9254,c,9257
9254,e,9257
9258,e,9257
9253,c,9257
9259,e,9258
9258,f,9258
9257,e,9258
9257,f,9258
9254,e,9258
9256,e,9258
9256,f,9258
9254,f,9258
9255,e,9258
9255,f,9258
9258,e,9258
9259,f,9258
9260,f,9259
9259,f,9259
9255,f,9259
9257,f,9259
9256,f,9259
9258,f,9259
9259,b,9263
9264,b,9263
9260,b,9263
9261,b,9263
9263,b,9263
9262,b,9263
9264,f,9264
9263,f,9264
9263,c,9264
9265,c,9264
9265,f,9264
9262,c,9264
9261,f,9264
9261,c,9264
9260,f,9264
9260,c,9264
9262,f,9264
9264,c,9264
9265,f,9265
9265,e,9265
9266,f,9265
9266,e,9265
9264,e,9265
9264,f,9265
9263,f,9265
9263,e,9265
9261,f,9265
9261,e,9265
9262,f,9265
9262,e,9265
9263,f,9266
9266,f,9266
9265,f,9266
9264,f,9266
9262,f,9266
9267,f,9266
9267,a,9267
9265,a,9267
9268,a,9267
9264,a,9267
9263,a,9267
9266,a,9267
9268,d,9268
9269,b,9268
9268,b,9268
9267,d,9268
9267,b,9268
9266,d,9268
9265,d,9268
9264,b,9268
9269,d,9268
9266,b,9268
9264,d,9268
9265,b,9268
9269,f,9269
9270,c,9269
9268,f,9269
9268,c,9269
9266,f,9269
9270,f,9269
9267,f,9269
9267,c,9269
9265,c,9269
9265,f,9269
9266,c,9269
9269,c,9269
9270,e,9270
9269,e,9270
9271,e,9270
9268,e,9270
9266,e,9270
9267,e,9270
9268,f,9271
9272,f,9271
9270,f,9271
9267,f,9271
9271,f,9271
9269,f,9271
9270,a,9272
9272,a,9272
9269,a,9272
9268,a,9272
9271,a,9272
9273,a,9272
9269,d,9273
9273,d,9273
9274,b,9273
9272,d,9273
9272,b,9273
9274,d,9273
9273,b,9273
9271,d,9273
9271,b,9273
9270,d,9273
9270,b,9273
9269,b,9273
9275,c,9274
9275,f,9274
9273,f,9274
9273,c,9274
9274,c,9274
9274,f,9274
9270,c,9274
9272,f,9274
9272,c,9274
9271,f,9274
9271,c,9274
9270,f,9274
9272,e,9275
9273,e,9275
9271,e,9275
9274,e,9275
9275,e,9275
9276,e,9275
9272,f,9276
9275,f,9276
9276,f,9276
9274,f,9276
9273,f,9276
9277,f,9276
9277,c,9278
9279,a,9278
9279,c,9278
9276,c,9278
9276,a,9278
9277,a,9278
9278,a,9278
9275,c,9278
9275,a,9278
9278,c,9278
9274,c,9278
9274,a,9278
9280,b,9279
9279,d,9279
9279,b,9279
9278,e,9279
9278,d,9279
9278,b,9279
9280,e,9279
9279,e,9279
9280,d,9279
9277,e,9279
9277,d,9279
9277,b,9279
9275,b,9279
9275,d,9279
9275,e,9279
9276,e,9279
9276,d,9279
9276,b,9279
9277,f,9280
9281,c,9280
9280,f,9280
9280,c,9280
9279,f,9280
9279,c,9280
9281,f,9280
9276,c,9280
9278,f,9280
9277,c,9280
9278,c,9280
9276,f,9280
9279,e,9281
9281,e,9281
9278,e,9281
9280,e,9281
9282,e,9281
9277,e,9281
9282,b,9282
9281,f,9282
9281,b,9282
9282,f,9282
9278,f,9282
9280,f,9282
9283,f,9282
9279,f,9282
9279,b,9282
9278,b,9282
9283,b,9282
9280,b,9282
9282,f,9283
9282,c,9283
9283,c,9283
9283,f,9283
9284,c,9283
9281,f,9283
9281,c,9283
9284,f,9283
9279,c,9283
9279,f,9283
9280,c,9283
9280,f,9283
9285,e,9284
9284,b,9284
9284,e,9284
9283,e,9284
9283,b,9284
9285,b,9284
9281,e,9284
9282,e,9284
9282,b,9284
9280,b,9284
9280,e,9284
9281,b,9284
9285,d,9285
9285,c,9285
9286,f,9285
9284,f,9285
9284,c,9285
9284,d,9285
9285,f,9285
9286,d,9285
9286,c,9285
9282,c,9285
9281,d,9285
9283,f,9285
9283,c,9285
9283,d,9285
9281,c,9285
9282,f,9285
9282,d,9285
9281,f,9285
9287,e,9286
9287,f,9286
9286,e,9286
9286,f,9286
9285,e,9286
9283,e,9286
9282,f,9286
9282,e,9286
9284,e,9286
9285,f,9286
9284,f,9286
9283,f,9286
9285,f,9287
9283,f,9287
9288,f,9287
9284,f,9287
9286,f,9287
9287,f,9287
9288,e,9289
9290,e,9289
9287,e,9289
9289,e,9289
9286,e,9289
9285,e,9289
9290,d,9290
9289,f,9290
9291,f,9290
9289,d,9290
9291,d,9290
9290,f,9290
9288,f,9290
9288,d,9290
9287,f,9290
9287,d,9290
9286,f,9290
9286,d,9290
9287,f,9291
9289,f,9291
9290,f,9291
9288,f,9291
9291,f,9291
9292,f,9291
9294,a,9295
9295,a,9295
9296,a,9295
9293,a,9295
9292,a,9295
9291,a,9295
9296,e,9296
9295,e,9296
9295,d,9296
9296,d,9296
9295,b,9296
9297,d,9296
9297,b,9296
9297,e,9296
9293,e,9296
9294,d,9296
9294,b,9296
9293,d,9296
9293,b,9296
9292,e,9296
9292,d,9296
9292,b,9296
9294,e,9296
9296,b,9296
9297,c,9297
9298,c,9297
9298,f,9297
9296,f,9297
9296,c,9297
9297,f,9297
9293,f,9297
9295,f,9297
9294,c,9297
9294,f,9297
9293,c,9297
9295,c,9297
9298,e,9298
9297,e,9298
9299,e,9298
9294,e,9298
9296,e,9298
9295,e,9298
9295,e,9299
9300,f,9299
9300,e,9299
9298,e,9299
9298,f,9299
9299,f,9299
9295,f,9299
9299,e,9299
9296,e,9299
9297,e,9299
9297,f,9299
9296,f,9299
9299,f,9300
9299,d,9300
9296,d,9300
9296,f,9300
9300,d,9300
9300,f,9300
9301,f,9300
9298,f,9300
9298,d,9300
9297,d,9300
9297,f,9300
9301,d,9300
9300,f,9301
9297,d,9301
9302,d,9301
9302,f,9301
9301,f,9301
9301,d,9301
9300,d,9301
9299,f,9301
9299,d,9301
9298,f,9301
9298,d,9301
9297,f,9301
9299,f,9302
9300,f,9302
9298,f,9302
9301,f,9302
9302,f,9302
9303,f,9302
9308,b,9309
9310,b,9309
9307,b,9309
9305,b,9309
9306,b,9309
9309,b,9309
9311,f,9310
9310,f,9310
9310,c,9310
9309,c,9310
9309,f,9310
9311,c,9310
9308,f,9310
9308,c,9310
9306,c,9310
9306,f,9310
9307,f,9310
9307,c,9310
9308,e,9311
9311,e,9311
9310,e,9311
9312,e,9311
9309,e,9311
9307,e,9311
9308,f,9312
9313,f,9312
9309,f,9312
9311,f,9312
9312,f,9312
9310,f,9312
9313,b,9314
9315,b,9314
9312,b,9314
9311,b,9314
9314,b,9314
9310,b,9314
9316,c,9315
9315,c,9315
9315,b,9315
9314,f,9315
9314,c,9315
9314,b,9315
9316,f,9315
9316,b,9315
9313,f,9315
9315,f,9315
9313,c,9315
9313,b,9315
9311,b,9315
9311,c,9315
9311,f,9315
9312,b,9315
9312,c,9315
9312,f,9315
9313,c,9316
9317,c,9316
9316,e,9316
9316,f,9316
9316,c,9316
9315,e,9316
9317,f,9316
9315,c,9316
9315,f,9316
9317,e,9316
9313,f,9316
9314,e,9316
9314,f,9316
9314,c,9316
9313,e,9316
9312,c,9316
9312,f,9316
9312,e,9316
9317,f,9317
9317,e,9317
9316,e,9317
9316,f,9317
9313,f,9317
9314,e,9317
9318,e,9317
9315,e,9317
9315,f,9317
9314,f,9317
9313,e,9317
9318,f,9317
9319,f,9318
9318,f,9318
9317,f,9318
9316,f,9318
9314,f,9318
9315,f,9318
9320,c,9319
9316,c,9319
9317,c,9319
9319,c,9319
9315,c,9319
9318,c,9319
9320,e,9320
9319,e,9320
9319,b,9320
9321,b,9320
9321,e,9320
9316,b,9320
9318,b,9320
9320,b,9320
9317,e,9320
9317,b,9320
9316,e,9320
9318,e,9320
9322,f,9321
9321,b,9321
9320,f,9321
9320,c,9321
9321,f,9321
9322,b,9321
9322,c,9321
9320,b,9321
9321,c,9321
9317,b,9321
9318,b,9321
9317,f,9321
9317,c,9321
9318,f,9321
9319,b,9321
9318,c,9321
9319,f,9321
9319,c,9321
9322,e,9322
9322,f,9322
9319,f,9322
9323,c,9322
9321,e,9322
9321,f,9322
9321,c,9322
9323,f,9322
9323,e,9322
9322,c,9322
9319,e,9322
9320,f,9322
9318,c,9322
9318,e,9322
9318,f,9322
9320,e,9322
9320,c,9322
9319,c,9322
9319,f,9323
9323,f,9323
9323,e,9323
9322,e,9323
9322,f,9323
9319,e,9323
9324,f,9323
9324,e,9323
9321,e,9323
9321,f,9323
9320,f,9323
9320,e,9323
9324,f,9324
9323,f,9324
9324,e,9324
9323,e,9324
9320,e,9324
9325,f,9324
9322,e,9324
9322,f,9324
9325,e,9324
9320,f,9324
9321,e,9324
9321,f,9324
9322,f,9325
9323,f,9325
9325,f,9325
9326,f,9325
9324,f,9325
9321,f,9325
9325,b,9326
9325,d,9326
9326,b,9326
9327,b,9326
9327,d,9326
9326,d,9326
9322,d,9326
9324,d,9326
9324,b,9326
9323,b,9326
9323,d,9326
9322,b,9326
9327,c,9327
9327,e,9327
9328,e,9327
9326,c,9327
9324,e,9327
9326,e,9327
9325,e,9327
9325,c,9327
9323,c,9327
9323,e,9327
9324,c,9327
9328,c,9327
9328,e,9328
9327,f,9328
9327,e,9328
9329,f,9328
9324,f,9328
9326,e,9328
9326,f,9328
9325,e,9328
9325,f,9328
9324,e,9328
9329,e,9328
9328,f,9328
9329,f,9329
9330,f,9329
9328,f,9329
9327,f,9329
9325,f,9329
9326,f,9329
9327,f,9330
9330,f,9330
9329,f,9330
9326,f,9330
9331,f,9330
9328,f,9330
9327,b,9331
9332,b,9331
9328,b,9331
9330,b,9331
9331,b,9331
9329,b,9331
9332,c,9332
9332,f,9332
9333,d,9332
9332,d,9332
9333,c,9332
9331,f,9332
9331,c,9332
9331,d,9332
9329,c,9332
9330,f,9332
9333,f,9332
9328,d,9332
9329,f,9332
9329,d,9332
9328,f,9332
9330,c,9332
9330,d,9332
9328,c,9332
9332,a,9333
9330,a,9333
9334,f,9333
9334,a,9333
9333,e,9333
9333,f,9333
9332,f,9333
9332,e,9333
9334,e,9333
9333,a,9333
9330,f,9333
9331,e,9333
9331,f,9333
9331,a,9333
9329,a,9333
9329,f,9333
9329,e,9333
9330,e,9333
9335,d,9334
9335,b,9334
9334,d,9334
9333,d,9334
9333,f,9334
9334,b,9334
9334,f,9334
9333,b,9334
9335,f,9334
9330,f,9334
9332,f,9334
9332,d,9334
9330,b,9334
9330,d,9334
9332,b,9334
9331,b,9334
9331,d,9334
9331,f,9334
9332,f,9335
9335,f,9335
9335,c,9335
9334,f,9335
9336,f,9335
9334,c,9335
9331,f,9335
9332,c,9335
9333,c,9335
9333,f,9335
9331,c,9335
9336,c,9335
9337,e,9336
9332,e,9336
9334,e,9336
9335,e,9336
9336,e,9336
9333,e,9336
9336,f,9337
9336,a,9337
9338,f,9337
9338,a,9337
9337,a,9337
9337,f,9337
9335,f,9337
9335,a,9337
9333,a,9337
9333,f,9337
9334,a,9337
9334,f,9337
9337,b,9338
9339,d,9338
9338,d,9338
9338,b,9338
9337,d,9338
9335,d,9338
9339,b,9338
9336,d,9338
9335,b,9338
9334,d,9338
9336,b,9338
9334,b,9338
9340,f,9339
9335,f,9339
9338,f,9339
9338,c,9339
9339,c,9339
9340,c,9339
9337,f,9339
9337,c,9339
9336,c,9339
9336,f,9339
9339,f,9339
9335,c,9339
9339,e,9340
9340,e,9340
9341,e,9340
9338,e,9340
9336,e,9340
9337,e,9340
9342,f,9341
9341,f,9341
9341,e,9341
9340,e,9341
9340,f,9341
9340,a,9341
9341,a,9341
9342,a,9341
9338,e,9341
9342,e,9341
9338,a,9341
9339,e,9341
9339,f,9341
9339,a,9341
9337,a,9341
9337,f,9341
9337,e,9341
9338,f,9341
9342,d,9342
9341,f,9342
9341,d,9342
9341,b,9342
9342,f,9342
9343,b,9342
9342,b,9342
9343,d,9342
9343,f,9342
9339,f,9342
9338,d,9342
9340,f,9342
9340,d,9342
9340,b,9342
9338,f,9342
9339,b,9342
9338,b,9342
9339,d,9342
9343,f,9343
9344,c,9343
9342,f,9343
9342,c,9343
9340,f,9343
9339,f,9343
9344,f,9343
9341,f,9343
9341,c,9343
9340,c,9343
9339,c,9343
9343,c,9343
9344,e,9344
9343,e,9344
9342,e,9344
9341,e,9344
9340,e,9344
9345,e,9344
9342,f,9345
9343,f,9345
9346,f,9345
9345,f,9345
9341,f,9345
9344,f,9345
9347,f,9346
9346,f,9346
9345,f,9346
9343,f,9346
9344,f,9346
9342,f,9346
9344,c,9347
9347,c,9347
9343,c,9347
9346,c,9347
9345,c,9347
9348,c,9347
9347,e,9348
9344,e,9348
9346,e,9348
9349,e,9348
9348,e,9348
9345,e,9348
9349,f,9349
9348,f,9349
9348,b,9349
9349,b,9349
9345,b,9349
9350,b,9349
9347,b,9349
9350,f,9349
9345,f,9349
9346,f,9349
9346,b,9349
9347,f,9349
9350,c,9350
9350,f,9350
9349,f,9350
9349,c,9350
9351,c,9350
9351,f,9350
9347,c,9350
9348,f,9350
9348,c,9350
9346,c,9350
9346,f,9350
9347,f,9350
9351,e,9351
9350,e,9351
9352,b,9351
9352,c,9351
9350,c,9351
9350,b,9351
9352,e,9351
9351,c,9351
9351,b,9351
9347,b,9351
9347,c,9351
9347,e,9351
9349,e,9351
9349,c,9351
9349,b,9351
9348,b,9351
9348,c,9351
9348,e,9351
9348,c,9352
9352,c,9352
9352,e,9352
9353,c,9352
9353,f,9352
9351,e,9352
9351,f,9352
9351,c,9352
9352,f,9352
9348,f,9352
9353,e,9352
9350,e,9352
9350,f,9352
9350,c,9352
9348,e,9352
9349,c,9352
9349,f,9352
9349,e,9352
9353,f,9353
9353,e,9353
9352,e,9353
9352,f,9353
9354,e,9353
9354,f,9353
9351,f,9353
9351,e,9353
9350,f,9353
9350,e,9353
9349,e,9353
9349,f,9353
9353,f,9354
9350,f,9354
9355,f,9354
9352,f,9354
9351,f,9354
9354,f,9354
9356,b,9355
9354,b,9355
9354,e,9355
9355,e,9355
9351,e,9355
9356,e,9355
9351,b,9355
9355,b,9355
9353,b,9355
9352,e,9355
9352,b,9355
9353,e,9355
9356,c,9356
9355,f,9356
9356,f,9356
9357,a,9356
9357,c,9356
9357,f,9356
9355,a,9356
9356,a,9356
9355,c,9356
9353,f,9356
9353,a,9356
9354,f,9356
9354,c,9356
9354,a,9356
9352,f,9356
9353,c,9356
9352,a,9356
9352,c,9356
9356,b,9357
9354,d,9357
9356,e,9357
9354,e,9357
9357,e,9357
9358,b,9357
9358,d,9357
9358,e,9357
9357,d,9357
9357,b,9357
9356,d,9357
9355,b,9357
9353,d,9357
9354,b,9357
9355,e,9357
9355,d,9357
9353,b,9357
9353,e,9357
9358,c,9358
9354,c,9358
9354,f,9358
9354,e,9358
9359,c,9358
9357,e,9358
9357,f,9358
9357,c,9358
9358,f,9358
9358,e,9358
9359,e,9358
9356,e,9358
9356,f,9358
9356,c,9358
9355,c,9358
9355,f,9358
9355,e,9358
9359,f,9358
9359,f,9359
9358,e,9359
9358,f,9359
9360,f,9359
9359,e,9359
9355,f,9359
9357,e,9359
9357,f,9359
9356,e,9359
9356,f,9359
9355,e,9359
9360,e,9359
9358,f,9360
9356,f,9360
9359,f,9360
9361,f,9360
9357,f,9360
9360,f,9360
9362,e,9362
9361,e,9362
9363,e,9362
9360,e,9362
9359,e,9362
9358,e,9362
9364,f,9363
9363,f,9363
9362,f,9363
9360,f,9363
9361,f,9363
9359,f,9363
9361,a,9364
9362,a,9364
9364,a,9364
9360,a,9364
9365,a,9364
9363,a,9364
9361,d,9365
9365,b,9365
9364,d,9365
9364,b,9365
9365,d,9365
9366,b,9365
9363,d,9365
9361,b,9365
9363,b,9365
9366,d,9365
9362,d,9365
9362,b,9365
9365,f,9366
9365,c,9366
9365,b,9366
9366,c,9366
9366,b,9366
9366,f,9366
9367,f,9366
9367,b,9366
9364,f,9366
9362,b,9366
9362,c,9366
9362,f,9366
9363,b,9366
9363,c,9366
9363,f,9366
9367,c,9366
9364,b,9366
9364,c,9366
9367,e,9367
9366,c,9367
9366,f,9367
9366,e,9367
9368,c,9367
9367,f,9367
9368,f,9367
9364,f,9367
9364,e,9367
9363,c,9367
9363,f,9367
9363,e,9367
9364,c,9367
9368,e,9367
9367,c,9367
9365,c,9367
9365,f,9367
9365,e,9367
9369,f,9368
9369,e,9368
9367,e,9368
9367,f,9368
9367,d,9368
9368,e,9368
9368,f,9368
9369,d,9368
9368,d,9368
9366,e,9368
9365,d,9368
9366,f,9368
9364,d,9368
9364,f,9368
9364,e,9368
9366,d,9368
9365,e,9368
9365,f,9368
9369,f,9369
9369,c,9369
9370,f,9369
9368,f,9369
9368,c,9369
9366,f,9369
9365,c,9369
9365,f,9369
9367,f,9369
9367,c,9369
9366,c,9369
9370,c,9369
9368,e,9370
9370,e,9370
9371,e,9370
9367,e,9370
9369,e,9370
9366,e,9370
9370,f,9371
9371,f,9371
9372,f,9371
9369,f,9371
9367,f,9371
9368,f,9371
9373,c,9372
9372,c,9372
9371,c,9372
9371,b,9372
9372,b,9372
9373,b,9372
9369,c,9372
9369,b,9372
9370,c,9372
9370,b,9372
9368,b,9372
9368,c,9372
9373,c,9373
9373,a,9373
9372,e,9373
9372,f,9373
9372,c,9373
9373,e,9373
9374,a,9373
9374,e,9373
9372,a,9373
9374,c,9373
9373,f,9373
9374,f,9373
9371,a,9373
9369,f,9373
9370,e,9373
9370,f,9373
9370,c,9373
9370,a,9373
9369,e,9373
9371,c,9373
9371,f,9373
9369,c,9373
9369,a,9373
9371,e,9373
9371,d,9374
9373,e,9374
9375,d,9374
9373,d,9374
9373,b,9374
9374,e,9374
9374,f,9374
9374,d,9374
9374,b,9374
9370,b,9374
9375,b,9374
9373,f,9374
9371,f,9374
9370,f,9374
9371,e,9374
9371,b,9374
9370,e,9374
9375,e,9374
9370,d,9374
9372,b,9374
9375,f,9374
9372,f,9374
9372,e,9374
9372,d,9374
9375,f,9375
9375,c,9375
9375,b,9375
9374,b,9375
9374,a,9375
9376,a,9375
9376,b,9375
9376,c,9375
9376,f,9375
9374,f,9375
9375,a,9375
9374,c,9375
9371,a,9375
9372,f,9375
9372,c,9375
9372,b,9375
9372,a,9375
9373,b,9375
9373,c,9375
9373,f,9375
9373,a,9375
9371,f,9375
9371,c,9375
9371,b,9375
9376,e,9376
9376,f,9376
9376,c,9376
9372,f,9376
9375,f,9376
9375,d,9376
9375,b,9376
9376,d,9376
9376,b,9376
9372,b,9376
9372,d,9376
9372,c,9376
9375,e,9376
9375,c,9376
9373,b,9376
9377,e,9376
9373,f,9376
9373,e,9376
9372,e,9376
9374,b,9376
9373,d,9376
9374,d,9376
9374,f,9376
9374,e,9376
9377,f,9376
9377,c,9376
9377,d,9376
9377,b,9376
9374,c,9376
9373,c,9376
9377,c,9377
9377,b,9377
9378,b,9377
9376,c,9377
9376,f,9377
9378,c,9377
9376,e,9377
9376,b,9377
9378,f,9377
9373,f,9377
9377,e,9377
9373,e,9377
9373,b,9377
9375,e,9377
9375,f,9377
9375,c,9377
9375,b,9377
9373,c,9377
9377,f,9377
9374,b,9377
9378,e,9377
9374,c,9377
9374,e,9377
9374,f,9377
9378,c,9378
9379,f,9378
9379,c,9378
9378,e,9378
9378,f,9378
9377,e,9378
9379,e,9378
9377,f,9378
9377,c,9378
9374,c,9378
9374,f,9378
9376,e,9378
9376,f,9378
9376,c,9378
9374,e,9378
9375,e,9378
9375,f,9378
9375,c,9378
9380,e,9379
9379,e,9379
9376,e,9379
9375,e,9379
9378,e,9379
9377,e,9379
9381,f,9381
9380,f,9381
9379,f,9381
9378,f,9381
9377,f,9381
9382,f,9381
9379,c,9382
9381,f,9382
9382,c,9382
9378,c,9382
9382,f,9382
9383,c,9382
9383,f,9382
9380,c,9382
9378,f,9382
9379,f,9382
9380,f,9382
9381,c,9382
9382,e,9383
9382,b,9383
9383,b,9383
9383,e,9383
9384,b,9383
9381,e,9383
9381,b,9383
9384,e,9383
9379,b,9383
9379,e,9383
9380,b,9383
9380,e,9383
9381,c,9384
9384,b,9384
9384,c,9384
9384,f,9384
9383,f,9384
9383,c,9384
9383,b,9384
9381,b,9384
9385,c,9384
9382,f,9384
9382,c,9384
9382,b,9384
9380,b,9384
9380,c,9384
9380,f,9384
9385,b,9384
9385,f,9384
9381,f,9384
9384,e,9385
9384,f,9385
9385,c,9385
9384,c,9385
9385,f,9385
9385,e,9385
9381,e,9385
9386,c,9385
9386,f,9385
9386,e,9385
9383,e,9385
9383,f,9385
9383,c,9385
9382,e,9385
9382,f,9385
9382,c,9385
9381,f,9385
9381,c,9385
9386,f,9386
9386,e,9386
9385,f,9386
9385,e,9386
9382,f,9386
9387,f,9386
9384,e,9386
9384,f,9386
9387,e,9386
9382,e,9386
9383,f,9386
9383,e,9386
9384,f,9387
9387,d,9387
9387,f,9387
9386,f,9387
9386,d,9387
9383,d,9387
9388,d,9387
9388,f,9387
9385,f,9387
9385,d,9387
9383,f,9387
9384,d,9387
9388,f,9388
9389,c,9388
9387,f,9388
9387,c,9388
9389,f,9388
9388,c,9388
9386,f,9388
9384,f,9388
9384,c,9388
9386,c,9388
9385,f,9388
9385,c,9388
9389,a,9389
9389,e,9389
9390,a,9389
9390,e,9389
9388,e,9389
9388,a,9389
9385,a,9389
9385,e,9389
9387,e,9389
9387,a,9389
9386,a,9389
9386,e,9389
9390,b,9390
9391,b,9390
9391,d,9390
9386,d,9390
9389,d,9390
9390,d,9390
9386,b,9390
9389,b,9390
9387,b,9390
9387,d,9390
9388,d,9390
9388,b,9390
9388,f,9391
9391,f,9391
9391,c,9391
9387,c,9391
9390,c,9391
9387,f,9391
9390,f,9391
9392,c,9391
9392,f,9391
9388,c,9391
9389,c,9391
9389,f,9391
9392,e,9392
9391,e,9392
9389,e,9392
9393,e,9392
9390,e,9392
9388,e,9392
9394,f,9393
9392,f,9393
9393,c,9393
9394,c,9393
9392,c,9393
9393,f,9393
9391,f,9393
9390,f,9393
9389,c,9393
9391,c,9393
9389,f,9393
9390,c,9393
9395,c,9394
9395,e,9394
9393,e,9394
9393,c,9394
9394,e,9394
9392,e,9394
9392,c,9394
9390,c,9394
9390,e,9394
9391,c,9394
9391,e,9394
9394,c,9394
9395,e,9395
9394,f,9395
9396,e,9395
9395,f,9395
9394,e,9395
9396,f,9395
9391,e,9395
9392,f,9395
9392,e,9395
9391,f,9395
9393,f,9395
9393,e,9395
9395,f,9396
9396,f,9396
9392,f,9396
9397,f,9396
9394,f,9396
9393,f,9396
9395,b,9397
9398,b,9397
9396,b,9397
9397,b,9397
9394,b,9397
9393,b,9397
9398,b,9398
9398,c,9398
9398,f,9398
9397,f,9398
9397,c,9398
9397,b,9398
9399,f,9398
9396,f,9398
9399,b,9398
9395,b,9398
9394,f,9398
9395,f,9398
9394,c,9398
9394,b,9398
9396,c,9398
9395,c,9398
9399,c,9398
9396,b,9398
9398,f,9399
9398,e,9399
9399,e,9399
9399,f,9399
9399,c,9399
9400,c,9399
9400,f,9399
9398,c,9399
9400,e,9399
9397,e,9399
9397,f,9399
9397,c,9399
9395,c,9399
9395,f,9399
9395,e,9399
9396,c,9399
9396,f,9399
9396,e,9399
9400,f,9400
9401,f,9400
9401,b,9400
9399,f,9400
9399,e,9400
9400,b,9400
9400,e,9400
9399,b,9400
9401,e,9400
9397,e,9400
9396,b,9400
9396,f,9400
9398,e,9400
9398,f,9400
9398,b,9400
9396,e,9400
9397,b,9400
9397,f,9400
9397,d,9401
9401,d,9401
9402,d,9401
9402,c,9401
9402,f,9401
9400,f,9401
9400,c,9401
9400,d,9401
9401,f,9401
9397,c,9401
9397,f,9401
9399,f,9401
9399,c,9401
9399,d,9401
9398,d,9401
9398,c,9401
9398,f,9401
9401,c,9401
9402,e,9402
9403,e,9402
9398,e,9402
9402,f,9402
9401,e,9402
9398,f,9402
9403,f,9402
9399,f,9402
9399,e,9402
9401,f,9402
9400,f,9402
9400,e,9402
9403,f,9403
9399,f,9403
9402,f,9403
9401,f,9403
9400,f,9403
9404,f,9403
9400,c,9404
9404,c,9404
9402,c,9404
9405,c,9404
9401,c,9404
9403,c,9404
9406,e,9405
9404,e,9405
9405,e,9405
9403,e,9405
9401,e,9405
9402,e,9405
9403,f,9406
9406,f,9406
9405,f,9406
9407,f,9406
9404,f,9406
9402,f,9406
9405,c,9407
9404,c,9407
9406,c,9407
9403,c,9407
9407,c,9407
9408,c,9407
9405,e,9408
9404,e,9408
9406,e,9408
9409,e,9408
9407,e,9408
9408,e,9408
9410,f,9409
9409,f,9409
9407,f,9409
9406,f,9409
9405,f,9409
9408,f,9409
9408,f,9412
9409,f,9412
9410,f,9412
9411,f,9412
9412,f,9412
9413,f,9412
9416,c,9417
9416,e,9417
9418,e,9417
9417,e,9417
9418,c,9417
9415,e,9417
9417,c,9417
9415,c,9417
9414,e,9417
9413,e,9417
9414,c,9417
9413,c,9417
9414,f,9418
9418,c,9418
9418,f,9418
9418,e,9418
9414,e,9418
9419,b,9418
9417,e,9418
9417,f,9418
9417,c,9418
9417,b,9418
9419,c,9418
9419,f,9418
9419,e,9418
9418,b,9418
9415,b,9418
9416,e,9418
9416,f,9418
9416,c,9418
9416,b,9418
9414,b,9418
9414,c,9418
9415,c,9418
9415,f,9418
9415,e,9418
9418,c,9419
9419,c,9419
9420,e,9419
9419,f,9419
9420,c,9419
9419,e,9419
9418,f,9419
9420,f,9419
9418,e,9419
9416,c,9419
9417,c,9419
9415,e,9419
9416,e,9419
9415,c,9419
9415,f,9419
9417,e,9419
9417,f,9419
9416,f,9419
9420,d,9420
9420,f,9420
9420,e,9420
9419,e,9420
9421,e,9420
9419,f,9420
9419,d,9420
9421,d,9420
9421,f,9420
9416,f,9420
9417,e,9420
9417,f,9420
9417,d,9420
9418,d,9420
9416,d,9420
9418,e,9420
9418,f,9420
9416,e,9420
9422,f,9421
9419,f,9421
9420,f,9421
9421,f,9421
9418,f,9421
9417,f,9421
9421,d,9422
9422,d,9422
9423,d,9422
9420,d,9422
9419,d,9422
9418,d,9422
9423,f,9423
9421,f,9423
9422,f,9423
9424,f,9423
9420,f,9423
9419,f,9423
9425,e,9425
9424,e,9425
9423,e,9425
9426,e,9425
9421,e,9425
9422,e,9425
9422,c,9426
9426,c,9426
9426,f,9426
9425,f,9426
9425,c,9426
9425,b,9426
9427,b,9426
9427,c,9426
9427,f,9426
9422,f,9426
9424,f,9426
9426,b,9426
9423,b,9426
9424,b,9426
9423,c,9426
9422,b,9426
9423,f,9426
9424,c,9426
9427,f,9427
9426,a,9427
9426,b,9427
9428,f,9427
9428,c,9427
9426,c,9427
9426,f,9427
9426,e,9427
9428,a,9427
9427,e,9427
9428,e,9427
9427,c,9427
9428,b,9427
9427,b,9427
9427,a,9427
9424,e,9427
9423,b,9427
9423,a,9427
9424,f,9427
9425,a,9427
9425,b,9427
9425,c,9427
9423,c,9427
9425,f,9427
9423,e,9427
9424,a,9427
9424,b,9427
9424,c,9427
9425,e,9427
9423,f,9427
9427,c,9428
9429,b,9428
9427,b,9428
9427,f,9428
9425,c,9428
9428,b,9428
9428,d,9428
9428,c,9428
9428,f,9428
9428,e,9428
9429,e,9428
9429,f,9428
9429,c,9428
9427,e,9428
9425,d,9428
9427,d,9428
9424,d,9428
9425,f,9428
9425,e,9428
9425,b,9428
9424,e,9428
9424,f,9428
9424,c,9428
9426,b,9428
9426,d,9428
9424,b,9428
9426,c,9428
9429,d,9428
9426,e,9428
9426,f,9428
9425,a,9429
9429,a,9429
9429,c,9429
9429,f,9429
9429,e,9429
9425,e,9429
9428,f,9429
9428,c,9429
9430,f,9429
9428,a,9429
9425,c,9429
9425,f,9429
9430,e,9429
9428,e,9429
9427,a,9429
9426,e,9429
9426,f,9429
9426,c,9429
9426,a,9429
9427,c,9429
9427,f,9429
9427,e,9429
9430,c,9429
9430,a,9429
9431,d,9430
9430,d,9430
9429,b,9430
9429,e,9430
9429,f,9430
9429,d,9430
9431,b,9430
9430,b,9430
9427,e,9430
9431,e,9430
9426,b,9430
9426,d,9430
9426,f,9430
9426,e,9430
9427,b,9430
9427,d,9430
9427,f,9430
9431,f,9430
9430,f,9430
9428,b,9430
9428,d,9430
9428,f,9430
9428,e,9430
9430,e,9430
9432,c,9431
9431,e,9431
9430,e,9431
9430,f,9431
9431,f,9431
9431,c,9431
9432,e,9431
9432,f,9431
9428,c,9431
9429,e,9431
9427,c,9431
9430,c,9431
9429,f,9431
9429,c,9431
9427,f,9431
9428,e,9431
9428,f,9431
9427,e,9431
9431,e,9432
9429,e,9432
9428,e,9432
9430,e,9432
9432,e,9432
9433,e,9432
9434,f,9434
9433,f,9434
9435,f,9434
9432,f,9434
9430,f,9434
9431,f,9434
9431,f,9435
9433,f,9435
9436,f,9435
9434,f,9435
9432,f,9435
9435,f,9435
9436,f,9436
9435,f,9436
9432,f,9436
9433,f,9436
9434,f,9436
9437,f,9436
9440,d,9439
9437,d,9439
9439,d,9439
9438,d,9439
9436,d,9439
9435,d,9439
9437,c,9440
9440,f,9440
9440,c,9440
9436,f,9440
9439,f,9440
9439,c,9440
9441,f,9440
9441,c,9440
9437,f,9440
9438,f,9440
9438,c,9440
9436,c,9440
9439,e,9441
9440,c,9441
9437,c,9441
9437,e,9441
9438,e,9441
9442,e,9441
9440,e,9441
9441,e,9441
9439,c,9441
9438,c,9441
9441,c,9441
9442,c,9441
9443,e,9442
9443,f,9442
9442,f,9442
9442,e,9442
9441,f,9442
9441,e,9442
9440,e,9442
9440,f,9442
9438,f,9442
9438,e,9442
9439,f,9442
9439,e,9442
9442,f,9443
9443,f,9443
9443,a,9443
9444,f,9443
9442,a,9443
9439,a,9443
9444,a,9443
9440,f,9443
9440,a,9443
9441,f,9443
9441,a,9443
9439,f,9443
9440,b,9444
9444,d,9444
9444,b,9444
9440,d,9444
9445,b,9444
9445,d,9444
9442,d,9444
9442,b,9444
9441,b,9444
9441,d,9444
9443,b,9444
9443,d,9444
9445,f,9445
9444,f,9445
9445,c,9445
9444,c,9445
9443,f,9445
9446,c,9445
9443,c,9445
9446,f,9445
9441,c,9445
9441,f,9445
9442,c,9445
9442,f,9445
9446,a,9446
9446,e,9446
9445,e,9446
9445,a,9446
9447,e,9446
9447,a,9446
9444,e,9446
9444,a,9446
9442,a,9446
9442,e,9446
9443,a,9446
9443,e,9446
9448,f,9447
9446,f,9447
9446,d,9447
9447,d,9447
9446,b,9447
9447,f,9447
9447,b,9447
9448,b,9447
9448,d,9447
9444,f,9447
9443,b,9447
9443,d,9447
9445,f,9447
9445,d,9447
9445,b,9447
9443,f,9447
9444,b,9447
9444,d,9447
9448,f,9448
9445,f,9448
9449,d,9448
9447,f,9448
9447,c,9448
9447,d,9448
9448,d,9448
9448,c,9448
9449,c,9448
9449,f,9448
9446,f,9448
9446,c,9448
9446,d,9448
9444,c,9448
9444,f,9448
9445,d,9448
9445,c,9448
9444,d,9448
9449,f,9449
9450,e,9449
9448,e,9449
9448,f,9449
9449,e,9449
9445,f,9449
9447,e,9449
9447,f,9449
9446,e,9449
9446,f,9449
9445,e,9449
9450,f,9449
9447,f,9450
9448,f,9450
9451,f,9450
9450,f,9450
9449,f,9450
9446,f,9450
9452,b,9451
9451,b,9451
9450,b,9451
9450,a,9451
9452,a,9451
9451,a,9451
9447,b,9451
9449,b,9451
9448,b,9451
9447,a,9451
9448,a,9451
9449,a,9451
9453,d,9452
9453,b,9452
9451,b,9452
9451,d,9452
9451,c,9452
9451,f,9452
9452,f,9452
9452,c,9452
9452,d,9452
9452,b,9452
9453,f,9452
9449,b,9452
9450,f,9452
9449,d,9452
9449,c,9452
9449,f,9452
9448,f,9452
9448,c,9452
9453,c,9452
9448,b,9452
9450,b,9452
9450,d,9452
9450,c,9452
9448,d,9452
9453,f,9453
9453,c,9453
9454,e,9453
9452,e,9453
9452,f,9453
9452,c,9453
9453,e,9453
9454,c,9453
9450,e,9453
9449,c,9453
9454,f,9453
9450,c,9453
9449,e,9453
9451,e,9453
9451,f,9453
9451,c,9453
9450,f,9453
9449,f,9453
9453,c,9454
9450,f,9454
9453,e,9454
9454,f,9454
9454,c,9454
9453,f,9454
9454,e,9454
9451,e,9454
9455,e,9454
9455,c,9454
9455,f,9454
9450,e,9454
9452,e,9454
9452,f,9454
9452,c,9454
9451,c,9454
9451,f,9454
9450,c,9454
9454,e,9455
9454,f,9455
9455,e,9455
9455,f,9455
9452,f,9455
9456,f,9455
9452,e,9455
9451,e,9455
9453,f,9455
9456,e,9455
9453,e,9455
9451,f,9455
9453,a,9456
9452,f,9456
9454,a,9456
9454,f,9456
9453,f,9456
9456,f,9456
9457,f,9456
9457,a,9456
9455,f,9456
9452,a,9456
9456,a,9456
9455,a,9456
9456,b,9457
9458,b,9457
9456,d,9457
9457,c,9457
9457,b,9457
9457,d,9457
9458,d,9457
9458,c,9457
9456,c,9457
9455,c,9457
9453,d,9457
9454,c,9457
9454,d,9457
9454,b,9457
9453,c,9457
9455,b,9457
9453,b,9457
9455,d,9457
9459,c,9458
9454,b,9458
9457,c,9458
9457,b,9458
9459,b,9458
9458,e,9458
9458,c,9458
9458,b,9458
9457,e,9458
9459,e,9458
9454,e,9458
9455,e,9458
9455,c,9458
9456,e,9458
9456,c,9458
9456,b,9458
9454,c,9458
9455,b,9458
9460,e,9459
9458,c,9459
9458,f,9459
9459,f,9459
9459,c,9459
9455,c,9459
9460,c,9459
9459,e,9459
9458,e,9459
9455,f,9459
9460,f,9459
9457,f,9459
9455,e,9459
9456,e,9459
9457,c,9459
9456,c,9459
9457,e,9459
9456,f,9459
9458,c,9460
9460,c,9460
9460,f,9460
9461,c,9460
9459,e,9460
9459,f,9460
9459,c,9460
9457,c,9460
9456,f,9460
9456,e,9460
9456,c,9460
9457,f,9460
9461,f,9460
9461,e,9460
9458,e,9460
9458,f,9460
9457,e,9460
9460,e,9460
9462,f,9461
9457,e,9461
9461,f,9461
9461,e,9461
9462,a,9461
9460,e,9461
9460,f,9461
9460,a,9461
9462,e,9461
9461,a,9461
9459,e,9461
9459,f,9461
9457,f,9461
9457,a,9461
9458,a,9461
9458,f,9461
9458,e,9461
9459,a,9461
9461,b,9462
9463,f,9462
9462,f,9462
9462,d,9462
9462,b,9462
9461,f,9462
9461,d,9462
9458,b,9462
9463,b,9462
9458,f,9462
9459,f,9462
9459,d,9462
9463,d,9462
9459,b,9462
9460,b,9462
9460,d,9462
9458,d,9462
9460,f,9462
9464,c,9463
9461,f,9463
9461,c,9463
9460,c,9463
9460,f,9463
9459,f,9463
9462,c,9463
9462,f,9463
9463,f,9463
9463,c,9463
9464,f,9463
9459,c,9463
9463,e,9464
9463,a,9464
9464,e,9464
9464,a,9464
9465,e,9464
9465,a,9464
9462,e,9464
9462,a,9464
9460,a,9464
9460,e,9464
9461,a,9464
9461,e,9464
9465,b,9465
9465,d,9465
9464,d,9465
9464,b,9465
9466,b,9465
9466,d,9465
9463,d,9465
9463,b,9465
9461,b,9465
9461,d,9465
9462,b,9465
9462,d,9465
9467,c,9466
9466,f,9466
9466,e,9466
9465,e,9466
9465,f,9466
9465,c,9466
9467,f,9466
9466,c,9466
9467,e,9466
9462,e,9466
9463,e,9466
9462,c,9466
9462,f,9466
9464,e,9466
9464,f,9466
9464,c,9466
9463,c,9466
9463,f,9466
9468,f,9467
9468,e,9467
9466,e,9467
9466,f,9467
9467,e,9467
9467,f,9467
9463,e,9467
9465,e,9467
9465,f,9467
9464,f,9467
9464,e,9467
9463,f,9467
9468,f,9468
9469,c,9468
9469,f,9468
9468,c,9468
9467,f,9468
9467,c,9468
9464,c,9468
9464,f,9468
9466,f,9468
9466,c,9468
9465,c,9468
9465,f,9468
9470,e,9469
9467,e,9469
9466,e,9469
9465,e,9469
9468,e,9469
9469,e,9469
9466,f,9470
9471,d,9470
9471,f,9470
9469,f,9470
9469,d,9470
9468,d,9470
9468,f,9470
9470,d,9470
9467,f,9470
9467,d,9470
9466,d,9470
9470,f,9470
9472,f,9471
9471,f,9471
9467,f,9471
9469,f,9471
9468,f,9471
9470,f,9471
9470,d,9473
9469,d,9473
9471,d,9473
9474,d,9473
9472,d,9473
9473,d,9473
9475,e,9474
9475,f,9474
9474,e,9474
9474,f,9474
9473,f,9474
9473,e,9474
9470,f,9474
9472,e,9474
9472,f,9474
9471,e,9474
9471,f,9474
9470,e,9474
9473,f,9475
9471,f,9475
9474,f,9475
9476,f,9475
9472,f,9475
9475,f,9475
9477,a,9477
9476,a,9477
9475,a,9477
9478,a,9477
9473,a,9477
9474,a,9477
9475,b,9478
9479,d,9478
9478,b,9478
9477,b,9478
9476,d,9478
9479,b,9478
9476,b,9478
9474,d,9478
9477,d,9478
9478,d,9478
9475,d,9478
9474,b,9478
9478,a,9479
9478,b,9479
9478,c,9479
9479,b,9479
9479,a,9479
9479,c,9479
9479,f,9479
9480,b,9479
9480,c,9479
9480,f,9479
9478,f,9479
9480,a,9479
9477,f,9479
9475,b,9479
9476,f,9479
9476,c,9479
9476,b,9479
9476,a,9479
9475,a,9479
9477,c,9479
9477,b,9479
9477,a,9479
9475,c,9479
9475,f,9479
9479,b,9480
9479,d,9480
9481,d,9480
9479,f,9480
9479,e,9480
9477,d,9480
9476,b,9480
9480,b,9480
9480,d,9480
9480,c,9480
9480,f,9480
9480,e,9480
9481,e,9480
9481,f,9480
9481,c,9480
9477,b,9480
9476,d,9480
9479,c,9480
9478,b,9480
9477,c,9480
9477,f,9480
9477,e,9480
9476,e,9480
9476,f,9480
9476,c,9480
9478,d,9480
9478,c,9480
9478,f,9480
9481,b,9480
9478,e,9480
9477,c,9481
9477,b,9481
9477,a,9481
9480,a,9481
9480,b,9481
9480,c,9481
9480,f,9481
9477,f,9481
9478,a,9481
9481,f,9481
9481,c,9481
9481,b,9481
9481,a,9481
9482,e,9481
9482,f,9481
9482,a,9481
9481,e,9481
9480,e,9481
9477,e,9481
9478,e,9481
9478,b,9481
9479,a,9481
9479,b,9481
9479,c,9481
9479,f,9481
9479,e,9481
9482,b,9481
9482,c,9481
9478,c,9481
9478,f,9481
9483,b,9482
9482,b,9482
9482,e,9482
9482,f,9482
9481,f,9482
9481,c,9482
9481,d,9482
9481,e,9482
9481,b,9482
9482,c,9482
9483,c,9482
9482,d,9482
9478,b,9482
9478,d,9482
9478,c,9482
9478,f,9482
9478,e,9482
9479,b,9482
9479,d,9482
9479,c,9482
9483,d,9482
9479,e,9482
9479,f,9482
9480,b,9482
9480,d,9482
9480,c,9482
9480,f,9482
9480,e,9482
9483,e,9482
9483,f,9482
9484,c,9483
9482,e,9483
9482,f,9483
9482,c,9483
9484,e,9483
9483,c,9483
9484,f,9483
9483,e,9483
9483,f,9483
9481,c,9483
9480,c,9483
9481,e,9483
9481,f,9483
9480,f,9483
9480,e,9483
9479,f,9483
9479,c,9483
9479,e,9483
9481,f,9484
9484,d,9484
9484,f,9484
9484,e,9484
9485,d,9484
9485,e,9484
9481,e,9484
9483,e,9484
9485,f,9484
9483,d,9484
9481,d,9484
9483,f,9484
9482,d,9484
9480,d,9484
9480,f,9484
9480,e,9484
9482,e,9484
9482,f,9484
9486,b,9486
9487,b,9486
9484,b,9486
9482,b,9486
9483,b,9486
9485,b,9486
9487,c,9487
9486,e,9487
9486,f,9487
9486,c,9487
9487,f,9487
9487,e,9487
9488,e,9487
9485,e,9487
9488,c,9487
9485,c,9487
9483,c,9487
9488,f,9487
9483,f,9487
9484,e,9487
9483,e,9487
9484,c,9487
9484,f,9487
9485,f,9487
9488,a,9488
9488,f,9488
9488,e,9488
9487,e,9488
9487,f,9488
9487,a,9488
9489,e,9488
9484,e,9488
9485,a,9488
9485,f,9488
9486,e,9488
9486,f,9488
9486,a,9488
9484,a,9488
9484,f,9488
9485,e,9488
9489,a,9488
9489,f,9488
9489,f,9489
9490,b,9489
9488,d,9489
9488,f,9489
9488,b,9489
9490,d,9489
9485,b,9489
9486,d,9489
9489,b,9489
9485,d,9489
9485,f,9489
9486,b,9489
9490,f,9489
9486,f,9489
9489,d,9489
9487,b,9489
9487,d,9489
9487,f,9489
9491,c,9490
9489,f,9490
9489,c,9490
9490,f,9490
9491,f,9490
9490,c,9490
9486,f,9490
9488,f,9490
9488,c,9490
9487,f,9490
9487,c,9490
9486,c,9490
9492,e,9491
9488,e,9491
9489,e,9491
9491,e,9491
9487,e,9491
9490,e,9491
9492,f,9492
9491,f,9492
9491,c,9492
9492,c,9492
9493,c,9492
9488,c,9492
9490,f,9492
9488,f,9492
9489,f,9492
9489,c,9492
9493,f,9492
9490,c,9492
9493,f,9493
9493,e,9493
9494,f,9493
9494,e,9493
9492,f,9493
9492,e,9493
9489,f,9493
9491,e,9493
9491,f,9493
9489,e,9493
9490,f,9493
9490,e,9493
9495,f,9494
9494,f,9494
9493,f,9494
9491,f,9494
9492,f,9494
9490,f,9494
9496,b,9495
9493,b,9495
9491,b,9495
9495,b,9495
9492,b,9495
9494,b,9495
9496,f,9496
9495,f,9496
9495,c,9496
9497,c,9496
9497,f,9496
9492,f,9496
9494,c,9496
9496,c,9496
9493,f,9496
9493,c,9496
9492,c,9496
9494,f,9496
9497,c,9497
9498,c,9497
9498,e,9497
9496,c,9497
9497,e,9497
9496,e,9497
9495,e,9497
9495,c,9497
9493,c,9497
9493,e,9497
9494,c,9497
9494,e,9497
9495,e,9498
9499,e,9498
9499,f,9498
9498,f,9498
9497,e,9498
9497,f,9498
9498,e,9498
9494,e,9498
9495,f,9498
9496,e,9498
9494,f,9498
9496,f,9498
9497,f,9499
9500,f,9499
9499,f,9499
9496,f,9499
9495,f,9499
9498,f,9499
9500,b,9500
9499,b,9500
9501,b,9500
9498,b,9500
9496,b,9500
9497,b,9500
9498,c,9501
9501,f,9501
9502,c,9501
9500,f,9501
9500,c,9501
9502,f,9501
9499,f,9501
9499,c,9501
9497,c,9501
9497,f,9501
9498,f,9501
9501,c,9501
9502,e,9502
9501,e,9502
9503,e,9502
9498,e,9502
9500,e,9502
9499,e,9502
9500,f,9503
9501,f,9503
9499,f,9503
9502,f,9503
9503,f,9503
9504,f,9503
9501,f,9504
9502,f,9504
9505,f,9504
9500,f,9504
9504,f,9504
9503,f,9504
9506,b,9505
9505,b,9505
9504,b,9505
9503,b,9505
9501,b,9505
9502,b,9505
9503,f,9506
9507,f,9506
9507,c,9506
9506,f,9506
9506,c,9506
9503,c,9506
9505,c,9506
9502,c,9506
9505,f,9506
9504,f,9506
9504,c,9506
9502,f,9506
9504,e,9507
9503,d,9507
9503,e,9507
9508,d,9507
9506,e,9507
9506,d,9507
9507,d,9507
9508,e,9507
9505,e,9507
9505,d,9507
9504,d,9507
9507,e,9507
9507,f,9508
9508,f,9508
9509,f,9508
9506,f,9508
9505,f,9508
9504,f,9508
9507,d,9510
9508,d,9510
9506,d,9510
9509,d,9510
9511,d,9510
9510,d,9510
9512,f,9511
9511,f,9511
9510,f,9511
9509,f,9511
9508,f,9511
9507,f,9511
9510,d,9514
9511,d,9514
9512,d,9514
9515,d,9514
9513,d,9514
9514,d,9514
9516,f,9515
9515,f,9515
9514,f,9515
9513,f,9515
9511,f,9515
9512,f,9515
9513,f,9516
9516,f,9516
9516,c,9516
9515,f,9516
9513,c,9516
9512,c,9516
9515,c,9516
9514,f,9516
9514,c,9516
9512,f,9516
9517,f,9516
9517,c,9516
9514,e,9517
9515,e,9517
9518,e,9517
9513,e,9517
9516,e,9517
9517,e,9517
9517,f,9518
9518,f,9518
9514,f,9518
9519,f,9518
9516,f,9518
9515,f,9518
9516,b,9519
9515,b,9519
9517,b,9519
9518,b,9519
9519,b,9519
9520,b,9519
9519,a,9520
9519,c,9520
9521,a,9520
9521,c,9520
9520,c,9520
9520,f,9520
9521,f,9520
9519,f,9520
9520,a,9520
9518,a,9520
9516,c,9520
9517,a,9520
9516,f,9520
9517,c,9520
9516,a,9520
9517,f,9520
9518,f,9520
9518,c,9520
9521,b,9521
9521,d,9521
9521,e,9521
9518,b,9521
9520,e,9521
9520,d,9521
9522,d,9521
9522,e,9521
9518,d,9521
9520,b,9521
9519,d,9521
9518,e,9521
9517,e,9521
9517,d,9521
9519,b,9521
9517,b,9521
9522,b,9521
9519,e,9521
9520,f,9522
9523,c,9522
9522,c,9522
9522,f,9522
9521,f,9522
9519,c,9522
9519,f,9522
9523,f,9522
9520,c,9522
9518,f,9522
9518,c,9522
9521,c,9522
9523,c,9523
9522,f,9523
9522,e,9523
9524,f,9523
9522,c,9523
9524,c,9523
9523,e,9523
9521,e,9523
9521,f,9523
9521,c,9523
9520,e,9523
9520,f,9523
9520,c,9523
9519,e,9523
9519,f,9523
9519,c,9523
9523,f,9523
9524,e,9523
9524,f,9524
9524,e,9524
9525,e,9524
9523,e,9524
9525,f,9524
9523,f,9524
9520,e,9524
9522,e,9524
9522,f,9524
9521,e,9524
9521,f,9524
9520,f,9524
9526,f,9525
9525,f,9525
9522,f,9525
9524,f,9525
9521,f,9525
9523,f,9525
9529,d,9528
9525,d,9528
9526,d,9528
9527,d,9528
9524,d,9528
9528,d,9528
9530,f,9529
9529,f,9529
9527,f,9529
9526,f,9529
9525,f,9529
9528,f,9529
9533,b,9534
9534,b,9534
9535,b,9534
9532,b,9534
9531,b,9534
9530,b,9534
9535,c,9535
9536,f,9535
9535,b,9535
9534,f,9535
9534,c,9535
9534,b,9535
9535,f,9535
9533,f,9535
9536,b,9535
9533,b,9535
9531,b,9535
9536,c,9535
9532,f,9535
9531,c,9535
9531,f,9535
9532,b,9535
9532,c,9535
9533,c,9535
9536,c,9536
9536,f,9536
9536,e,9536
9535,e,9536
9535,f,9536
9535,c,9536
9537,c,9536
9537,f,9536
9534,e,9536
9534,f,9536
9534,c,9536
9532,c,9536
9532,f,9536
9533,e,9536
9533,f,9536
9533,c,9536
9537,e,9536
9532,e,9536
9537,f,9537
9537,e,9537
9538,f,9537
9536,e,9537
9536,f,9537
9538,e,9537
9535,f,9537
9533,e,9537
9535,e,9537
9534,f,9537
9534,e,9537
9533,f,9537
9538,b,9538
9538,c,9538
9538,f,9538
9537,c,9538
9537,b,9538
9534,b,9538
9534,c,9538
9534,f,9538
9537,f,9538
9539,b,9538
9539,c,9538
9536,f,9538
9536,c,9538
9536,b,9538
9539,f,9538
9535,b,9538
9535,c,9538
9535,f,9538
9538,c,9539
9539,c,9539
9538,e,9539
9538,f,9539
9535,f,9539
9540,c,9539
9535,c,9539
9536,c,9539
9536,f,9539
9535,e,9539
9536,e,9539
9539,e,9539
9540,f,9539
9539,f,9539
9537,c,9539
9537,f,9539
9537,e,9539
9540,e,9539
9539,e,9540
9539,f,9540
9540,f,9540
9541,e,9540
9537,e,9540
9538,e,9540
9538,f,9540
9537,f,9540
9536,e,9540
9536,f,9540
9540,e,9540
9541,f,9540
9542,c,9542
9541,c,9542
9543,c,9542
9538,c,9542
9540,c,9542
9539,c,9542
9540,e,9543
9544,e,9543
9544,d,9543
9543,e,9543
9543,d,9543
9542,e,9543
9542,d,9543
9540,d,9543
9541,e,9543
9539,e,9543
9541,d,9543
9539,d,9543
9541,f,9544
9545,f,9544
9540,f,9544
9543,f,9544
9544,f,9544
9542,f,9544
9545,d,9545
9541,d,9545
9544,d,9545
9543,d,9545
9542,d,9545
9546,d,9545
9544,f,9546
9542,f,9546
9543,f,9546
9545,f,9546
9547,f,9546
9546,f,9546
9549,a,9548
9549,d,9548
9548,a,9548
9547,d,9548
9547,a,9548
9546,d,9548
9548,d,9548
9546,a,9548
9544,a,9548
9544,d,9548
9545,d,9548
9545,a,9548
9549,f,9549
9550,b,9549
9548,f,9549
9548,d,9549
9548,b,9549
9550,d,9549
9550,f,9549
9549,b,9549
9545,f,9549
9547,f,9549
9547,d,9549
9547,b,9549
9545,b,9549
9545,d,9549
9546,f,9549
9546,d,9549
9546,b,9549
9549,d,9549
9551,c,9550
9551,f,9550
9549,f,9550
9549,c,9550
9550,f,9550
9550,c,9550
9548,f,9550
9548,c,9550
9547,f,9550
9547,c,9550
9546,f,9550
9546,c,9550
9548,e,9551
9549,e,9551
9547,e,9551
9550,e,9551
9552,e,9551
9551,e,9551
9553,f,9552
9552,f,9552
9551,f,9552
9548,f,9552
9550,f,9552
9549,f,9552
9551,c,9554
9552,c,9554
9555,c,9554
9554,c,9554
9553,c,9554
9550,c,9554
9556,e,9555
9555,e,9555
9554,e,9555
9552,e,9555
9553,e,9555
9551,e,9555
9553,f,9556
9552,f,9556
9552,d,9556
9554,d,9556
9554,f,9556
9557,f,9556
9556,f,9556
9555,d,9556
9555,f,9556
9557,d,9556
9556,d,9556
9553,d,9556
9558,f,9557
9557,f,9557
9556,f,9557
9554,f,9557
9553,f,9557
9555,f,9557
9561,a,9561
9559,a,9561
9560,a,9561
9562,a,9561
9558,a,9561
9557,a,9561
9562,d,9562
9561,d,9562
9561,b,9562
9558,b,9562
9560,d,9562
9558,d,9562
9562,b,9562
9563,d,9562
9559,d,9562
9559,b,9562
9560,b,9562
9563,b,9562
9563,f,9563
9562,f,9563
9563,c,9563
9562,c,9563
9561,c,9563
9560,f,9563
9559,c,9563
9559,f,9563
9560,c,9563
9564,c,9563
9564,f,9563
9561,f,9563
9562,e,9564
9565,e,9564
9564,e,9564
9561,e,9564
9563,e,9564
9560,e,9564
9565,a,9565
9565,f,9565
9564,a,9565
9566,f,9565
9566,a,9565
9564,f,9565
9563,f,9565
9563,a,9565
9561,f,9565
9562,a,9565
9562,f,9565
9561,a,9565
9563,d,9566
9566,b,9566
9566,d,9566
9566,f,9566
9565,f,9566
9565,d,9566
9565,b,9566
9567,b,9566
9567,d,9566
9562,f,9566
9563,f,9566
9567,f,9566
9562,d,9566
9562,b,9566
9563,b,9566
9564,d,9566
9564,f,9566
9564,b,9566
9566,c,9567
9566,f,9567
9567,c,9567
9566,d,9567
9567,f,9567
9568,d,9567
9568,c,9567
9567,d,9567
9568,f,9567
9563,d,9567
9565,f,9567
9565,c,9567
9565,d,9567
9563,c,9567
9563,f,9567
9564,d,9567
9564,c,9567
9564,f,9567
9565,e,9568
9568,d,9568
9568,f,9568
9568,e,9568
9567,e,9568
9567,f,9568
9567,d,9568
9564,d,9568
9569,d,9568
9569,f,9568
9569,e,9568
9566,e,9568
9566,f,9568
9566,d,9568
9564,f,9568
9564,e,9568
9565,d,9568
9565,f,9568
9569,f,9569
9568,f,9569
9568,b,9569
9570,f,9569
9570,b,9569
9569,b,9569
9567,f,9569
9567,b,9569
9565,b,9569
9565,f,9569
9566,f,9569
9566,b,9569
9567,f,9570
9571,f,9570
9571,c,9570
9570,f,9570
9570,c,9570
9569,c,9570
9569,f,9570
9566,c,9570
9566,f,9570
9568,f,9570
9568,c,9570
9567,c,9570
9569,e,9571
9568,e,9571
9570,e,9571
9571,e,9571
9572,e,9571
9567,e,9571
9577,f,9577
9578,f,9577
9576,f,9577
9574,f,9577
9573,f,9577
9575,f,9577
9583,f,9582
9582,e,9582
9582,f,9582
9581,e,9582
9580,e,9582
9581,f,9582
9579,e,9582
9579,f,9582
9578,e,9582
9578,f,9582
9580,f,9582
9583,e,9582
9579,f,9583
9580,f,9583
9581,f,9583
9584,f,9583
9582,f,9583
9583,f,9583
9585,d,9584
9584,d,9584
9583,d,9584
9581,d,9584
9582,d,9584
9580,d,9584
9585,f,9585
9581,f,9585
9584,f,9585
9586,f,9585
9582,f,9585
9583,f,9585
9586,c,9587
9586,d,9587
9585,c,9587
9585,d,9587
9583,d,9587
9588,d,9587
9588,c,9587
9584,c,9587
9584,d,9587
9583,c,9587
9587,c,9587
9587,d,9587
9589,e,9588
9587,e,9588
9588,f,9588
9587,f,9588
9585,e,9588
9586,e,9588
9586,f,9588
9585,f,9588
9584,e,9588
9584,f,9588
9588,e,9588
9589,f,9588
9590,f,9589
9589,f,9589
9585,f,9589
9587,f,9589
9586,f,9589
9588,f,9589
9594,c,9593
9594,a,9593
9593,a,9593
9592,c,9593
9592,a,9593
9591,c,9593
9591,a,9593
9593,c,9593
9589,a,9593
9589,c,9593
9590,c,9593
9590,a,9593
9590,d,9594
9594,e,9594
9590,e,9594
9593,e,9594
9593,d,9594
9593,b,9594
9595,b,9594
9594,b,9594
9595,d,9594
9592,e,9594
9592,d,9594
9592,b,9594
9590,b,9594
9591,e,9594
9591,d,9594
9591,b,9594
9595,e,9594
9594,d,9594
9595,c,9595
9595,f,9595
9594,f,9595
9596,c,9595
9594,c,9595
9593,f,9595
9593,c,9595
9596,f,9595
9592,f,9595
9592,c,9595
9591,f,9595
9591,c,9595
9593,e,9596
9594,e,9596
9592,e,9596
9595,e,9596
9597,e,9596
9596,e,9596
9597,f,9597
9598,f,9597
9593,f,9597
9596,f,9597
9595,f,9597
9594,f,9597
9601,b,9600
9600,b,9600
9599,b,9600
9598,b,9600
9596,b,9600
9597,b,9600
9597,f,9601
9602,f,9601
9602,c,9601
9602,d,9601
9601,f,9601
9601,c,9601
9600,f,9601
9600,c,9601
9600,d,9601
9597,d,9601
9601,d,9601
9598,c,9601
9599,f,9601
9599,c,9601
9599,d,9601
9598,f,9601
9597,c,9601
9598,d,9601
9600,f,9602
9602,e,9602
9599,e,9602
9601,e,9602
9601,f,9602
9598,e,9602
9603,f,9602
9600,e,9602
9603,e,9602
9599,f,9602
9598,f,9602
9602,f,9602
9604,f,9603
9602,f,9603
9599,f,9603
9601,f,9603
9600,f,9603
9603,f,9603
9605,f,9605
9604,e,9605
9604,f,9605
9606,e,9605
9605,e,9605
9606,f,9605
9603,f,9605
9603,e,9605
9602,e,9605
9601,e,9605
9602,f,9605
9601,f,9605
9603,b,9606
9606,f,9606
9607,b,9606
9605,f,9606
9605,b,9606
9607,f,9606
9606,b,9606
9604,f,9606
9604,b,9606
9602,b,9606
9602,f,9606
9603,f,9606
9608,c,9607
9606,f,9607
9608,f,9607
9607,f,9607
9607,c,9607
9606,c,9607
9603,c,9607
9605,f,9607
9605,c,9607
9604,f,9607
9604,c,9607
9603,f,9607
9605,e,9608
9606,e,9608
9604,e,9608
9607,e,9608
9609,e,9608
9608,e,9608
9610,f,9609
9609,f,9609
9605,f,9609
9607,f,9609
9606,f,9609
9608,f,9609
9608,d,9612
9611,d,9612
9609,d,9612
9610,d,9612
9613,d,9612
9612,d,9612
9614,f,9613
9612,f,9613
9613,f,9613
9611,f,9613
9610,f,9613
9609,f,9613
9611,f,9614
9610,f,9614
9612,f,9614
9615,f,9614
9613,f,9614
9614,f,9614
9615,a,9615
9614,a,9615
9616,a,9615
9611,a,9615
9613,a,9615
9612,a,9615
9616,b,9616
9616,d,9616
9613,b,9616
9612,d,9616
9614,b,9616
9614,d,9616
9617,d,9616
9617,b,9616
9613,d,9616
9615,d,9616
9615,b,9616
9612,b,9616
9618,f,9617
9616,f,9617
9616,c,9617
9617,c,9617
9617,f,9617
9616,d,9617
9617,d,9617
9615,f,9617
9618,d,9617
9613,d,9617
9618,c,9617
9615,c,9617
9615,d,9617
9614,f,9617
9613,c,9617
9613,f,9617
9614,d,9617
9614,c,9617
9618,f,9618
9618,e,9618
9617,e,9618
9617,f,9618
9615,e,9618
9619,f,9618
9616,e,9618
9616,f,9618
9614,f,9618
9614,e,9618
9615,f,9618
9619,e,9618
9618,f,9619
9619,a,9619
9619,d,9619
9620,f,9619
9619,f,9619
9618,d,9619
9618,a,9619
9620,a,9619
9620,d,9619
9617,a,9619
9616,a,9619
9616,d,9619
9616,f,9619
9617,f,9619
9617,d,9619
9615,f,9619
9615,a,9619
9615,d,9619
9619,f,9620
9619,b,9620
9616,b,9620
9616,d,9620
9620,d,9620
9620,b,9620
9621,b,9620
9618,f,9620
9618,d,9620
9618,b,9620
9616,f,9620
9621,d,9620
9617,b,9620
9617,d,9620
9617,f,9620
9621,f,9620
9619,d,9620
9620,f,9620
9620,f,9621
9620,c,9621
9622,b,9621
9621,f,9621
9620,b,9621
9622,c,9621
9617,f,9621
9618,f,9621
9617,b,9621
9621,b,9621
9618,b,9621
9618,c,9621
9622,f,9621
9621,c,9621
9617,c,9621
9619,b,9621
9619,c,9621
9619,f,9621
9623,c,9622
9623,f,9622
9621,e,9622
9621,f,9622
9621,c,9622
9623,e,9622
9622,e,9622
9622,f,9622
9622,c,9622
9618,f,9622
9620,e,9622
9620,f,9622
9618,e,9622
9619,c,9622
9620,c,9622
9618,c,9622
9619,e,9622
9619,f,9622
9623,e,9623
9622,e,9623
9620,e,9623
9621,e,9623
9624,e,9623
9619,e,9623
9624,b,9624
9625,b,9624
9623,b,9624
9620,b,9624
9622,b,9624
9621,b,9624
9622,f,9625
9626,c,9625
9625,f,9625
9625,c,9625
9624,f,9625
9621,c,9625
9624,c,9625
9623,f,9625
9623,c,9625
9622,c,9625
9626,f,9625
9621,f,9625
9622,e,9626
9623,e,9626
9624,e,9626
9625,e,9626
9627,e,9626
9626,e,9626
9628,f,9627
9627,f,9627
9623,f,9627
9625,f,9627
9624,f,9627
9626,f,9627
9626,f,9630
9627,f,9630
9628,f,9630
9629,f,9630
9631,f,9630
9630,f,9630
9630,b,9632
9632,b,9632
9631,b,9632
9633,b,9632
9629,b,9632
9628,b,9632
9630,c,9633
9629,f,9633
9634,f,9633
9634,c,9633
9633,f,9633
9632,f,9633
9632,c,9633
9633,c,9633
9631,f,9633
9630,f,9633
9631,c,9633
9629,c,9633
9631,e,9634
9632,e,9634
9635,e,9634
9633,e,9634
9634,e,9634
9630,e,9634
9635,f,9635
9634,f,9635
9636,f,9635
9633,f,9635
9632,f,9635
9631,f,9635
9633,c,9636
9635,c,9636
9634,c,9636
9637,c,9636
9636,c,9636
9632,c,9636
9638,e,9637
9637,e,9637
9636,e,9637
9635,e,9637
9633,e,9637
9634,e,9637
9635,f,9638
9638,f,9638
9638,a,9638
9639,f,9638
9635,a,9638
9637,f,9638
9637,a,9638
9639,a,9638
9634,a,9638
9636,f,9638
9636,a,9638
9634,f,9638
9640,a,9639
9635,d,9639
9635,b,9639
9635,a,9639
9638,a,9639
9638,b,9639
9636,b,9639
9638,d,9639
9638,e,9639
9639,e,9639
9639,d,9639
9639,b,9639
9639,a,9639
9640,b,9639
9640,d,9639
9640,e,9639
9637,e,9639
9636,d,9639
9636,e,9639
9635,e,9639
9637,d,9639
9637,b,9639
9637,a,9639
9636,a,9639
9641,f,9640
9641,c,9640
9639,b,9640
9639,d,9640
9640,b,9640
9639,f,9640
9641,b,9640
9640,f,9640
9640,c,9640
9640,d,9640
9639,c,9640
9641,d,9640
9637,d,9640
9637,f,9640
9637,b,9640
9636,c,9640
9638,b,9640
9638,d,9640
9638,c,9640
9636,f,9640
9636,d,9640
9636,b,9640
9638,f,9640
9637,c,9640
9641,d,9641
9641,c,9641
9642,d,9641
9642,c,9641
9642,f,9641
9642,e,9641
9640,e,9641
9640,f,9641
9640,c,9641
9640,d,9641
9641,e,9641
9639,f,9641
9637,d,9641
9637,c,9641
9637,f,9641
9637,e,9641
9638,e,9641
9638,f,9641
9638,c,9641
9639,e,9641
9641,f,9641
9638,d,9641
9639,c,9641
9639,d,9641
9642,f,9642
9643,e,9642
9643,f,9642
9642,e,9642
9641,e,9642
9638,f,9642
9638,e,9642
9639,f,9642
9640,e,9642
9640,f,9642
9641,f,9642
9639,e,9642
9641,f,9643
9643,f,9643
9640,f,9643
9639,f,9643
9642,f,9643
9644,f,9643
9640,f,9644
9644,f,9644
9643,f,9644
9643,b,9644
9645,b,9644
9642,b,9644
9642,f,9644
9640,b,9644
9641,f,9644
9641,b,9644
9645,f,9644
9644,b,9644
9645,c,9645
9645,f,9645
9646,f,9645
9644,f,9645
9644,c,9645
9646,c,9645
9643,f,9645
9643,c,9645
9641,c,9645
9641,f,9645
9642,f,9645
9642,c,9645
9643,e,9646
9646,e,9646
9645,e,9646
9647,e,9646
9642,e,9646
9644,e,9646
9644,e,9648
9647,a,9648
9647,b,9648
9647,e,9648
9648,e,9648
9646,e,9648
9646,b,9648
9646,a,9648
9644,a,9648
9644,b,9648
9649,b,9648
9649,e,9648
9648,b,9648
9648,a,9648
9645,e,9648
9645,b,9648
9645,a,9648
9649,a,9648
9648,b,9649
9650,d,9649
9648,c,9649
9648,f,9649
9648,e,9649
9650,c,9649
9650,f,9649
9650,b,9649
9649,e,9649
9649,b,9649
9649,d,9649
9648,d,9649
9650,e,9649
9647,d,9649
9646,c,9649
9645,b,9649
9645,d,9649
9645,c,9649
9645,f,9649
9645,e,9649
9649,c,9649
9646,b,9649
9646,d,9649
9646,f,9649
9649,f,9649
9647,b,9649
9647,c,9649
9647,f,9649
9647,e,9649
9646,e,9649
9650,f,9650
9651,e,9650
9651,f,9650
9649,f,9650
9649,c,9650
9651,c,9650
9650,e,9650
9650,c,9650
9649,e,9650
9647,e,9650
9646,c,9650
9646,f,9650
9646,e,9650
9648,e,9650
9648,f,9650
9648,c,9650
9647,c,9650
9647,f,9650
9652,e,9651
9650,e,9651
9650,f,9651
9648,e,9651
9647,f,9651
9647,e,9651
9649,e,9651
9649,f,9651
9652,f,9651
9648,f,9651
9651,f,9651
9651,e,9651
9653,f,9652
9648,f,9652
9651,f,9652
9650,f,9652
9649,f,9652
9652,f,9652
9654,a,9654
9655,a,9654
9653,b,9654
9653,a,9654
9652,a,9654
9655,b,9654
9654,b,9654
9652,b,9654
9650,a,9654
9650,b,9654
9651,a,9654
9651,b,9654
9655,d,9655
9655,b,9655
9655,f,9655
9656,b,9655
9656,d,9655
9654,f,9655
9654,c,9655
9654,d,9655
9654,b,9655
9656,c,9655
9651,f,9655
9656,f,9655
9653,f,9655
9652,b,9655
9652,d,9655
9652,c,9655
9652,f,9655
9651,c,9655
9655,c,9655
9651,b,9655
9653,b,9655
9653,d,9655
9653,c,9655
9651,d,9655
9656,e,9656
9657,c,9656
9656,f,9656
9655,e,9656
9655,f,9656
9655,c,9656
9657,e,9656
9656,c,9656
9657,f,9656
9653,f,9656
9654,e,9656
9652,c,9656
9652,f,9656
9654,f,9656
9654,c,9656
9652,e,9656
9653,c,9656
9653,e,9656
9654,e,9657
9657,e,9657
9657,f,9657
9658,e,9657
9656,e,9657
9656,f,9657
9653,e,9657
9654,f,9657
9655,f,9657
9655,e,9657
9653,f,9657
9658,f,9657
9655,f,9658
9656,f,9658
9654,f,9658
9657,f,9658
9658,f,9658
9659,f,9658
9658,f,9659
9658,b,9659
9660,f,9659
9659,f,9659
9660,b,9659
9659,b,9659
9656,f,9659
9657,f,9659
9657,b,9659
9655,b,9659
9655,f,9659
9656,b,9659
9661,c,9660
9661,f,9660
9659,f,9660
9659,c,9660
9656,f,9660
9658,f,9660
9658,c,9660
9656,c,9660
9657,f,9660
9657,c,9660
9660,c,9660
9660,f,9660
9662,e,9661
9661,e,9661
9657,e,9661
9660,e,9661
9659,e,9661
9658,e,9661
9660,c,9663
9659,c,9663
9661,c,9663
9664,c,9663
9662,c,9663
9663,c,9663
9665,e,9664
9664,e,9664
9663,e,9664
9662,e,9664
9660,e,9664
9661,e,9664
9664,f,9665
9665,f,9665
9662,f,9665
9666,f,9665
9663,f,9665
9661,f,9665
9663,d,9666
9664,d,9666
9667,d,9666
9666,d,9666
9665,d,9666
9662,d,9666
9668,f,9667
9667,f,9667
9666,f,9667
9665,f,9667
9663,f,9667
9664,f,9667
9669,e,9668
9665,e,9668
9666,e,9668
9668,e,9668
9664,e,9668
9667,e,9668
9669,f,9669
9668,f,9669
9668,b,9669
9670,b,9669
9670,f,9669
9665,b,9669
9665,f,9669
9667,b,9669
9666,f,9669
9666,b,9669
9669,b,9669
9667,f,9669
9669,f,9670
9670,f,9670
9671,f,9670
9669,c,9670
9670,c,9670
9671,c,9670
9666,c,9670
9667,c,9670
9666,f,9670
9668,f,9670
9668,c,9670
9667,f,9670
9669,e,9671
9670,c,9671
9670,e,9671
9671,e,9671
9671,c,9671
9667,c,9671
9669,c,9671
9667,e,9671
9668,c,9671
9668,e,9671
9672,e,9671
9672,c,9671
9668,c,9672
9671,e,9672
9671,c,9672
9671,f,9672
9673,f,9672
9673,c,9672
9673,a,9672
9672,e,9672
9672,a,9672
9671,a,9672
9673,e,9672
9670,f,9672
9672,f,9672
9668,f,9672
9668,e,9672
9668,a,9672
9670,e,9672
9672,c,9672
9670,c,9672
9670,a,9672
9669,a,9672
9669,c,9672
9669,e,9672
9669,f,9672
9672,b,9673
9672,d,9673
9672,f,9673
9673,f,9673
9673,e,9673
9674,f,9673
9674,d,9673
9674,b,9673
9673,b,9673
9673,d,9673
9672,e,9673
9674,e,9673
9671,f,9673
9670,e,9673
9669,b,9673
9671,e,9673
9669,d,9673
9669,f,9673
9669,e,9673
9670,b,9673
9671,d,9673
9671,b,9673
9670,d,9673
9670,f,9673
9675,c,9674
9673,f,9674
9673,c,9674
9671,f,9674
9670,c,9674
9670,f,9674
9675,f,9674
9672,f,9674
9672,c,9674
9671,c,9674
9674,c,9674
9674,f,9674
9675,e,9675
9676,e,9675
9674,e,9675
9671,e,9675
9673,e,9675
9672,e,9675
9674,f,9676
9673,f,9676
9677,f,9676
9672,f,9676
9675,f,9676
9676,f,9676
9673,c,9677
9678,c,9677
9676,c,9677
9677,c,9677
9675,c,9677
9674,c,9677
9675,e,9678
9676,e,9678
9679,e,9678
9677,e,9678
9678,e,9678
9674,e,9678
9679,f,9679
9675,f,9679
9678,f,9679
9680,f,9679
9677,f,9679
9676,f,9679
9678,f,9680
9680,f,9680
9676,f,9680
9679,f,9680
9677,f,9680
9681,f,9680
9681,c,9681
9682,c,9681
9680,c,9681
9679,c,9681
9678,c,9681
9677,c,9681
9679,e,9682
9678,e,9682
9680,e,9682
9682,e,9682
9683,e,9682
9681,e,9682
9683,d,9683
9682,f,9683
9682,d,9683
9683,f,9683
9684,d,9683
9684,f,9683
9679,f,9683
9679,d,9683
9681,d,9683
9680,f,9683
9680,d,9683
9681,f,9683
9684,b,9684
9683,f,9684
9683,c,9684
9683,b,9684
9685,f,9684
9684,f,9684
9685,b,9684
9685,c,9684
9684,c,9684
9682,f,9684
9681,c,9684
9681,b,9684
9680,f,9684
9682,c,9684
9682,b,9684
9680,c,9684
9681,f,9684
9680,b,9684
9682,b,9685
9684,a,9685
9684,b,9685
9684,c,9685
9684,f,9685
9684,e,9685
9682,a,9685
9685,c,9685
9685,f,9685
9685,e,9685
9686,a,9685
9686,b,9685
9686,c,9685
9686,f,9685
9686,e,9685
9685,a,9685
9681,a,9685
9685,b,9685
9682,c,9685
9683,a,9685
9683,b,9685
9683,c,9685
9682,f,9685
9683,e,9685
9683,f,9685
9681,b,9685
9681,c,9685
9681,f,9685
9681,e,9685
9682,e,9685
9687,d,9686
9685,f,9686
9685,e,9686
9682,d,9686
9685,c,9686
9685,d,9686
9685,b,9686
9686,b,9686
9686,d,9686
9686,c,9686
9686,f,9686
9686,e,9686
9687,e,9686
9687,f,9686
9687,c,9686
9682,b,9686
9682,c,9686
9687,b,9686
9682,e,9686
9683,e,9686
9683,f,9686
9683,c,9686
9683,d,9686
9683,b,9686
9684,b,9686
9684,d,9686
9684,c,9686
9682,f,9686
9684,e,9686
9684,f,9686
9687,e,9687
9683,e,9687
9688,e,9687
9688,c,9687
9687,c,9687
9687,f,9687
9686,e,9687
9686,f,9687
9686,c,9687
9688,f,9687
9685,c,9687
9685,f,9687
9685,e,9687
9683,c,9687
9684,c,9687
9684,f,9687
9684,e,9687
9683,f,9687
9687,f,9688
9688,e,9688
9687,e,9688
9685,e,9688
9689,e,9688
9686,e,9688
9686,f,9688
9685,f,9688
9684,e,9688
9684,f,9688
9689,f,9688
9688,f,9688
9689,b,9689
9689,d,9689
9690,b,9689
9690,d,9689
9690,e,9689
9688,e,9689
9688,d,9689
9688,b,9689
9689,e,9689
9687,e,9689
9687,d,9689
9687,b,9689
9685,d,9689
9685,e,9689
9686,e,9689
9686,d,9689
9686,b,9689
9685,b,9689
9691,c,9690
9689,c,9690
9690,c,9690
9687,c,9690
9688,c,9690
9686,c,9690
9692,a,9692
9691,c,9692
9691,a,9692
9693,c,9692
9690,c,9692
9693,a,9692
9692,c,9692
9688,a,9692
9690,a,9692
9689,c,9692
9688,c,9692
9689,a,9692
9689,e,9693
9694,e,9693
9694,d,9693
9694,b,9693
9693,e,9693
9693,b,9693
9692,e,9693
9692,d,9693
9692,b,9693
9693,d,9693
9690,e,9693
9691,e,9693
9691,d,9693
9690,b,9693
9690,d,9693
9691,b,9693
9689,b,9693
9689,d,9693
9695,f,9694
9695,c,9694
9694,f,9694
9694,c,9694
9690,c,9694
9693,f,9694
9691,f,9694
9690,f,9694
9691,c,9694
9693,c,9694
9692,f,9694
9692,c,9694
9691,e,9695
9696,e,9695
9693,e,9695
9694,e,9695
9695,e,9695
9692,e,9695
9694,f,9696
9693,f,9696
9695,f,9696
9692,f,9696
9696,f,9696
9697,f,9696
9694,c,9697
9697,c,9697
9695,c,9697
9698,c,9697
9696,c,9697
9693,c,9697
9699,e,9698
9698,e,9698
9697,e,9698
9694,e,9698
9696,e,9698
9695,e,9698
9695,f,9699
9700,f,9699
9700,e,9699
9698,e,9699
9698,f,9699
9699,e,9699
9699,f,9699
9697,e,9699
9697,f,9699
9695,e,9699
9696,f,9699
9696,e,9699
9701,f,9700
9699,f,9700
9696,f,9700
9700,f,9700
9698,f,9700
9697,f,9700
9699,e,9701
9698,e,9701
9697,e,9701
9700,e,9701
9701,e,9701
9702,e,9701
9698,f,9702
9699,f,9702
9700,f,9702
9703,f,9702
9701,f,9702
9702,f,9702
9703,f,9703
9702,f,9703
9704,f,9703
9701,f,9703
9700,f,9703
9699,f,9703
9704,b,9704
9700,b,9704
9702,b,9704
9705,b,9704
9703,b,9704
9701,b,9704
9705,f,9705
9705,c,9705
9704,f,9705
9704,c,9705
9706,f,9705
9706,c,9705
9703,f,9705
9703,c,9705
9701,c,9705
9702,f,9705
9702,c,9705
9701,f,9705
9703,e,9706
9706,e,9706
9705,e,9706
9707,e,9706
9704,e,9706
9702,e,9706
9705,f,9707
9703,f,9707
9706,f,9707
9707,f,9707
9704,f,9707
9708,f,9707
9709,f,9710
9709,a,9710
9711,a,9710
9711,f,9710
9708,f,9710
9708,a,9710
9710,a,9710
9707,f,9710
9707,a,9710
9710,f,9710
9706,f,9710
9706,a,9710
9711,b,9711
9710,d,9711
9710,b,9711
9712,b,9711
9711,d,9711
9712,d,9711
9708,d,9711
9709,d,9711
9709,b,9711
9707,d,9711
9708,b,9711
9707,b,9711
9712,f,9712
9709,f,9712
9713,c,9712
9711,f,9712
9711,c,9712
9712,c,9712
9713,f,9712
9710,f,9712
9710,c,9712
9708,f,9712
9709,c,9712
9708,c,9712
9713,e,9713
9712,e,9713
9709,e,9713
9714,e,9713
9711,e,9713
9710,e,9713
9714,f,9714
9712,f,9714
9715,f,9714
9711,f,9714
9710,f,9714
9713,f,9714
9716,d,9715
9715,d,9715
9714,d,9715
9715,f,9715
9716,f,9715
9714,f,9715
9713,f,9715
9713,d,9715
9712,f,9715
9712,d,9715
9711,d,9715
9711,f,9715
9712,f,9716
9714,f,9716
9716,f,9716
9715,f,9716
9713,f,9716
9717,f,9716
9716,a,9718
9715,a,9718
9717,a,9718
9719,a,9718
9714,a,9718
9718,a,9718
9718,b,9719
9720,b,9719
9718,f,9719
9720,d,9719
9719,f,9719
9719,d,9719
9718,d,9719
9720,f,9719
9719,b,9719
9717,d,9719
9717,b,9719
9716,f,9719
9716,d,9719
9716,b,9719
9715,f,9719
9715,d,9719
9715,b,9719
9717,f,9719
9720,c,9720
9720,f,9720
9721,f,9720
9719,c,9720
9721,c,9720
9719,f,9720
9718,f,9720
9716,f,9720
9717,c,9720
9716,c,9720
9718,c,9720
9717,f,9720
9722,e,9721
9718,e,9721
9719,e,9721
9720,e,9721
9721,e,9721
9717,e,9721
9723,a,9722
9721,f,9722
9722,f,9722
9721,a,9722
9723,f,9722
9718,a,9722
9720,f,9722
9722,a,9722
9719,f,9722
9719,a,9722
9718,f,9722
9720,a,9722
9723,f,9723
9723,d,9723
9723,b,9723
9724,b,9723
9724,d,9723
9724,f,9723
9722,f,9723
9722,d,9723
9722,b,9723
9719,f,9723
9720,f,9723
9719,d,9723
9719,b,9723
9720,d,9723
9721,b,9723
9720,b,9723
9721,f,9723
9721,d,9723
9725,f,9724
9722,c,9724
9722,f,9724
9721,c,9724
9724,c,9724
9721,f,9724
9724,f,9724
9723,f,9724
9720,f,9724
9720,c,9724
9725,c,9724
9723,c,9724
9721,f,9725
9724,f,9725
9726,d,9725
9725,e,9725
9725,f,9725
9724,d,9725
9724,e,9725
9723,d,9725
9726,e,9725
9723,e,9725
9723,f,9725
9721,d,9725
9722,e,9725
9722,f,9725
9722,d,9725
9721,e,9725
9726,f,9725
9725,d,9725
9726,b,9726
9727,f,9726
9726,f,9726
9727,b,9726
9725,f,9726
9725,b,9726
9723,b,9726
9724,f,9726
9722,b,9726
9724,b,9726
9723,f,9726
9722,f,9726
9724,f,9727
9728,f,9727
9727,f,9727
9727,c,9727
9726,f,9727
9726,c,9727
9728,c,9727
9723,f,9727
9723,c,9727
9724,c,9727
9725,f,9727
9725,c,9727
9729,e,9728
9724,e,9728
9728,e,9728
9725,e,9728
9726,e,9728
9727,e,9728
9731,a,9732
9728,a,9732
9729,a,9732
9732,a,9732
9730,a,9732
9733,a,9732
9732,d,9733
9732,a,9733
9732,b,9733
9734,d,9733
9733,b,9733
9733,d,9733
9734,a,9733
9734,b,9733
9733,a,9733
9731,d,9733
9729,a,9733
9731,a,9733
9730,b,9733
9730,a,9733
9729,d,9733
9729,b,9733
9730,d,9733
9731,b,9733
9734,c,9734
9734,d,9734
9734,b,9734
9734,e,9734
9735,b,9734
9735,d,9734
9733,e,9734
9733,f,9734
9733,c,9734
9733,d,9734
9733,b,9734
9735,f,9734
9735,e,9734
9734,f,9734
9730,b,9734
9735,c,9734
9730,f,9734
9731,c,9734
9731,f,9734
9731,e,9734
9730,e,9734
9731,d,9734
9730,c,9734
9730,d,9734
9732,b,9734
9731,b,9734
9732,c,9734
9732,f,9734
9732,e,9734
9732,d,9734
9733,c,9735
9735,c,9735
9732,e,9735
9735,f,9735
9735,e,9735
9736,c,9735
9734,e,9735
9734,f,9735
9734,c,9735
9731,c,9735
9732,f,9735
9731,e,9735
9732,c,9735
9736,f,9735
9736,e,9735
9733,e,9735
9733,f,9735
9731,f,9735
9736,b,9736
9732,f,9736
9735,e,9736
9735,f,9736
9735,b,9736
9736,f,9736
9736,e,9736
9737,e,9736
9732,e,9736
9737,b,9736
9734,b,9736
9732,b,9736
9737,f,9736
9734,e,9736
9734,f,9736
9733,b,9736
9733,f,9736
9733,e,9736
9737,c,9737
9737,f,9737
9736,f,9737
9736,c,9737
9733,c,9737
9734,f,9737
9738,c,9737
9738,f,9737
9735,f,9737
9735,c,9737
9734,c,9737
9733,f,9737
9738,a,9738
9737,a,9738
9737,e,9738
9739,a,9738
9738,e,9738
9735,e,9738
9734,a,9738
9736,e,9738
9736,a,9738
9734,e,9738
9739,e,9738
9735,a,9738
9740,d,9739
9739,d,9739
9739,f,9739
9740,b,9739
9738,f,9739
9738,d,9739
9738,b,9739
9735,b,9739
9740,f,9739
9739,b,9739
9736,b,9739
9736,f,9739
9737,f,9739
9737,d,9739
9737,b,9739
9735,d,9739
9735,f,9739
9736,d,9739
9741,c,9740
9739,c,9740
9741,e,9740
9739,e,9740
9740,c,9740
9740,e,9740
9740,f,9740
9739,f,9740
9741,f,9740
9738,c,9740
9738,e,9740
9738,f,9740
9736,c,9740
9736,f,9740
9736,e,9740
9737,e,9740
9737,f,9740
9737,c,9740
9738,e,9741
9742,f,9741
9741,e,9741
9741,f,9741
9740,e,9741
9740,f,9741
9737,f,9741
9737,e,9741
9739,e,9741
9739,f,9741
9738,f,9741
9742,e,9741
9740,f,9742
9743,f,9742
9738,f,9742
9739,f,9742
9741,f,9742
9742,f,9742
9744,c,9744
9745,c,9744
9740,c,9744
9741,c,9744
9742,c,9744
9743,c,9744
9745,e,9745
9744,e,9745
9746,e,9745
9743,e,9745
9741,e,9745
9742,e,9745
9743,d,9746
9747,d,9746
9745,f,9746
9745,d,9746
9747,f,9746
9746,f,9746
9746,d,9746
9744,f,9746
9744,d,9746
9742,d,9746
9742,f,9746
9743,f,9746
9748,f,9747
9746,f,9747
9746,d,9747
9747,f,9747
9747,d,9747
9748,d,9747
9743,f,9747
9745,f,9747
9743,d,9747
9745,d,9747
9744,f,9747
9744,d,9747
9749,f,9748
9748,f,9748
9747,f,9748
9745,f,9748
9746,f,9748
9744,f,9748
9747,d,9750
9751,d,9750
9749,c,9750
9749,d,9750
9751,c,9750
9748,c,9750
9750,d,9750
9746,d,9750
9746,c,9750
9750,c,9750
9747,c,9750
9748,d,9750
9751,f,9751
9752,f,9751
9752,e,9751
9750,e,9751
9750,f,9751
9751,e,9751
9749,f,9751
9749,e,9751
9747,f,9751
9747,e,9751
9748,f,9751
9748,e,9751
9749,f,9752
9752,f,9752
9751,f,9752
9750,f,9752
9748,f,9752
9753,f,9752
9753,c,9753
9749,c,9753
9751,c,9753
9754,c,9753
9750,c,9753
9752,c,9753
9754,e,9754
9755,e,9754
9753,e,9754
9751,e,9754
9752,e,9754
9750,e,9754
9752,f,9755
9753,f,9755
9755,f,9755
9751,f,9755
9754,f,9755
9756,f,9755
9755,d,9756
9756,d,9756
9754,d,9756
9752,d,9756
9753,d,9756
9757,d,9756
9756,f,9757
9756,d,9757
9757,d,9757
9757,f,9757
9758,f,9757
9758,d,9757
9755,f,9757
9755,d,9757
9754,f,9757
9753,d,9757
9753,f,9757
9754,d,9757
9755,f,9758
9758,d,9758
9758,f,9758
9757,f,9758
9757,d,9758
9759,d,9758
9759,f,9758
9756,f,9758
9756,d,9758
9754,d,9758
9754,f,9758
9755,d,9758
9758,f,9759
9759,d,9759
9758,d,9759
9759,f,9759
9760,d,9759
9760,f,9759
9756,d,9759
9757,f,9759
9757,d,9759
9755,d,9759
9755,f,9759
9756,f,9759
9760,d,9760
9761,f,9760
9759,f,9760
9759,d,9760
9757,f,9760
9756,d,9760
9758,f,9760
9758,d,9760
9756,f,9760
9757,d,9760
9760,f,9760
9761,d,9760
9757,f,9761
9762,f,9761
9761,f,9761
9760,f,9761
9758,f,9761
9759,f,9761
9762,d,9763
9763,d,9763
9760,d,9763
9764,d,9763
9761,d,9763
9759,d,9763
9762,f,9764
9765,f,9764
9763,f,9764
9764,f,9764
9761,f,9764
9760,f,9764
9766,a,9765
9765,f,9765
9765,a,9765
9764,f,9765
9764,a,9765
9766,f,9765
9763,a,9765
9761,a,9765
9763,f,9765
9761,f,9765
9762,a,9765
9762,f,9765
9763,d,9766
9766,b,9766
9766,d,9766
9767,d,9766
9765,b,9766
9765,d,9766
9764,d,9766
9764,b,9766
9762,b,9766
9762,d,9766
9763,b,9766
9767,b,9766
9766,f,9767
9767,f,9767
9768,f,9767
9766,c,9767
9763,c,9767
9765,f,9767
9765,c,9767
9768,c,9767
9764,f,9767
9764,c,9767
9763,f,9767
9767,c,9767
9767,e,9768
9769,e,9768
9765,e,9768
9766,e,9768
9764,e,9768
9768,e,9768
9770,f,9769
9769,f,9769
9765,f,9769
9767,f,9769
9766,f,9769
9768,f,9769
9768,b,9772
9769,b,9772
9770,b,9772
9773,b,9772
9771,b,9772
9772,b,9772
9773,f,9773
9773,c,9773
9772,f,9773
9772,c,9773
9774,f,9773
9774,c,9773
9771,c,9773
9770,f,9773
9770,c,9773
9769,f,9773
9769,c,9773
9771,f,9773
9770,e,9774
9772,e,9774
9775,e,9774
9773,e,9774
9774,e,9774
9771,e,9774
9775,f,9775
9774,f,9775
9776,f,9775
9773,f,9775
9772,f,9775
9771,f,9775
9773,d,9777
9778,c,9777
9777,c,9777
9777,d,9777
9776,c,9777
9773,c,9777
9776,d,9777
9778,d,9777
9774,d,9777
9775,d,9777
9774,c,9777
9775,c,9777
9778,f,9778
9777,e,9778
9777,f,9778
9774,f,9778
9778,e,9778
9775,f,9778
9776,e,9778
9776,f,9778
9774,e,9778
9779,e,9778
9775,e,9778
9779,f,9778
9778,a,9779
9779,a,9779
9779,f,9779
9778,f,9779
9780,a,9779
9777,f,9779
9777,a,9779
9776,f,9779
9775,a,9779
9775,f,9779
9780,f,9779
9776,a,9779
9781,b,9780
9780,b,9780
9780,d,9780
9779,d,9780
9779,b,9780
9777,b,9780
9778,d,9780
9778,b,9780
9776,b,9780
9776,d,9780
9777,d,9780
9781,d,9780
9782,f,9781
9780,f,9781
9781,d,9781
9781,c,9781
9780,c,9781
9780,d,9781
9781,f,9781
9782,c,9781
9782,d,9781
9779,f,9781
9779,c,9781
9779,d,9781
9777,d,9781
9777,c,9781
9778,f,9781
9778,c,9781
9778,d,9781
9777,f,9781
9779,e,9782
9783,e,9782
9783,f,9782
9782,f,9782
9781,e,9782
9782,e,9782
9778,f,9782
9781,f,9782
9778,e,9782
9780,f,9782
9780,e,9782
9779,f,9782
9779,f,9783
9782,f,9783
9784,f,9783
9780,f,9783
9783,f,9783
9781,f,9783
9784,c,9785
9784,a,9785
9786,a,9785
9786,c,9785
9783,a,9785
9783,c,9785
9782,c,9785
9782,a,9785
9785,c,9785
9781,c,9785
9781,a,9785
9785,a,9785
9787,b,9786
9787,d,9786
9786,e,9786
9786,d,9786
9786,b,9786
9787,e,9786
9785,e,9786
9785,d,9786
9785,b,9786
9783,e,9786
9782,b,9786
9782,d,9786
9784,e,9786
9784,d,9786
9784,b,9786
9782,e,9786
9783,b,9786
9783,d,9786
9783,c,9787
9788,c,9787
9786,f,9787
9786,c,9787
9787,c,9787
9787,f,9787
9783,f,9787
9788,f,9787
9785,f,9787
9785,c,9787
9784,c,9787
9784,f,9787
9788,f,9788
9788,e,9788
9787,e,9788
9787,f,9788
9789,e,9788
9789,f,9788
9786,e,9788
9784,e,9788
9786,f,9788
9785,e,9788
9785,f,9788
9784,f,9788
9790,f,9789
9789,f,9789
9786,f,9789
9788,f,9789
9785,f,9789
9787,f,9789
9793,c,9792
9791,c,9792
9792,c,9792
9790,c,9792
9788,c,9792
9789,c,9792
9794,a,9793
9792,a,9793
9793,a,9793
9793,e,9793
9792,e,9793
9791,e,9793
9794,e,9793
9790,e,9793
9789,a,9793
9789,e,9793
9790,a,9793
9791,a,9793
9790,f,9794
9794,b,9794
9794,d,9794
9794,f,9794
9793,f,9794
9793,d,9794
9793,b,9794
9791,b,9794
9792,f,9794
9792,d,9794
9792,b,9794
9790,b,9794
9790,d,9794
9795,d,9794
9795,f,9794
9791,f,9794
9791,d,9794
9795,b,9794
9794,f,9795
9794,c,9795
9796,c,9795
9795,c,9795
9793,f,9795
9793,c,9795
9792,f,9795
9792,c,9795
9791,f,9795
9791,c,9795
9796,f,9795
9795,f,9795
9796,e,9796
9797,e,9796
9795,e,9796
9792,e,9796
9794,e,9796
9793,e,9796
9795,f,9797
9793,f,9797
9796,f,9797
9794,f,9797
9797,f,9797
9798,f,9797
9803,c,9803
9802,c,9803
9801,c,9803
9804,c,9803
9800,c,9803
9799,c,9803
9801,e,9804
9802,e,9804
9805,e,9804
9804,e,9804
9803,e,9804
9800,e,9804
9805,f,9805
9804,f,9805
9806,f,9805
9803,f,9805
9801,f,9805
9802,f,9805
9806,d,9806
9806,c,9806
9805,c,9806
9805,d,9806
9807,d,9806
9803,d,9806
9807,c,9806
9804,c,9806
9804,d,9806
9802,d,9806
9802,c,9806
9803,c,9806
9807,b,9807
9806,e,9807
9807,e,9807
9808,b,9807
9806,f,9807
9806,b,9807
9808,e,9807
9808,f,9807
9807,f,9807
9805,e,9807
9805,f,9807
9805,b,9807
9803,b,9807
9803,f,9807
9803,e,9807
9804,b,9807
9804,f,9807
9804,e,9807
9807,f,9808
9808,f,9808
9808,c,9808
9809,f,9808
9807,c,9808
9809,c,9808
9805,f,9808
9805,c,9808
9804,f,9808
9806,c,9808
9806,f,9808
9804,c,9808
9805,a,9809
9810,a,9809
9810,e,9809
9808,e,9809
9807,e,9809
9807,a,9809
9805,e,9809
9806,a,9809
9806,e,9809
9809,e,9809
9809,a,9809
9808,a,9809
9809,b,9810
9809,d,9810
9810,f,9810
9810,d,9810
9811,d,9810
9811,b,9810
9811,f,9810
9809,f,9810
9810,b,9810
9806,b,9810
9808,f,9810
9808,d,9810
9808,b,9810
9806,f,9810
9807,b,9810
9807,d,9810
9806,d,9810
9807,f,9810
9811,c,9811
9811,f,9811
9812,c,9811
9812,f,9811
9810,f,9811
9810,c,9811
9807,c,9811
9809,f,9811
9809,c,9811
9807,f,9811
9808,c,9811
9808,f,9811
9812,e,9812
9813,f,9812
9813,e,9812
9808,e,9812
9811,e,9812
9812,f,9812
9808,f,9812
9811,f,9812
9809,e,9812
9810,f,9812
9810,e,9812
9809,f,9812
9813,f,9813
9813,e,9813
9812,e,9813
9812,f,9813
9809,f,9813
9809,e,9813
9810,f,9813
9811,e,9813
9811,f,9813
9810,e,9813
9814,f,9813
9814,e,9813
9813,f,9814
9815,b,9814
9813,b,9814
9810,f,9814
9812,b,9814
9812,f,9814
9811,f,9814
9811,b,9814
9814,b,9814
9810,b,9814
9815,f,9814
9814,f,9814
9815,c,9815
9815,f,9815
9816,f,9815
9816,c,9815
9814,f,9815
9814,c,9815
9812,c,9815
9813,f,9815
9811,c,9815
9811,f,9815
9813,c,9815
9812,f,9815
9813,e,9816
9817,e,9816
9815,e,9816
9814,e,9816
9812,e,9816
9816,e,9816
9817,a,9818
9819,a,9818
9819,c,9818
9816,c,9818
9817,c,9818
9816,a,9818
9818,a,9818
9815,c,9818
9815,a,9818
9818,c,9818
9814,c,9818
9814,a,9818
9820,d,9819
9819,d,9819
9819,b,9819
9818,e,9819
9818,d,9819
9818,b,9819
9819,e,9819
9820,e,9819
9820,b,9819
9815,d,9819
9815,e,9819
9816,b,9819
9816,d,9819
9816,e,9819
9817,b,9819
9815,b,9819
9817,e,9819
9817,d,9819
9820,c,9820
9820,f,9820
9819,f,9820
9819,c,9820
9817,c,9820
9816,c,9820
9816,f,9820
9817,f,9820
9818,f,9820
9818,c,9820
9821,c,9820
9821,f,9820
9820,e,9821
9821,a,9821
9821,c,9821
9822,c,9821
9822,e,9821
9821,e,9821
9822,a,9821
9820,c,9821
9820,a,9821
9817,a,9821
9819,a,9821
9818,c,9821
9817,c,9821
9817,e,9821
9818,a,9821
9819,e,9821
9819,c,9821
9818,e,9821
9821,b,9822
9821,d,9822
9821,f,9822
9818,d,9822
9823,d,9822
9823,b,9822
9822,e,9822
9822,b,9822
9821,e,9822
9818,b,9822
9822,f,9822
9818,f,9822
9822,d,9822
9819,f,9822
9819,d,9822
9819,b,9822
9819,e,9822
9820,b,9822
9818,e,9822
9820,f,9822
9820,e,9822
9823,e,9822
9823,f,9822
9820,d,9822
9822,f,9823
9822,c,9823
9823,c,9823
9824,c,9823
9824,f,9823
9823,f,9823
9819,f,9823
9820,c,9823
9820,f,9823
9819,c,9823
9821,c,9823
9821,f,9823
9823,e,9824
9825,e,9824
9824,e,9824
9822,e,9824
9821,e,9824
9820,e,9824
9825,f,9825
9826,d,9825
9826,f,9825
9821,f,9825
9824,f,9825
9824,d,9825
9825,d,9825
9821,d,9825
9823,f,9825
9822,d,9825
9822,f,9825
9823,d,9825
9823,f,9826
9827,c,9826
9826,f,9826
9826,c,9826
9825,f,9826
9822,c,9826
9825,c,9826
9824,f,9826
9824,c,9826
9823,c,9826
9827,f,9826
9822,f,9826
9823,e,9827
9825,e,9827
9828,e,9827
9824,e,9827
9826,e,9827
9827,e,9827
9829,f,9828
9827,f,9828
9828,f,9828
9826,f,9828
9825,f,9828
9824,f,9828
9831,d,9831
9830,d,9831
9829,d,9831
9827,d,9831
9828,d,9831
9832,d,9831
9829,f,9832
9832,f,9832
9828,f,9832
9830,f,9832
9833,f,9832
9831,f,9832
9832,c,9833
9834,c,9833
9833,c,9833
9831,c,9833
9830,c,9833
9829,c,9833
9831,e,9834
9830,e,9834
9832,e,9834
9833,e,9834
9835,e,9834
9834,e,9834
9831,f,9835
9834,f,9835
9835,f,9835
9833,f,9835
9832,f,9835
9836,f,9835
9836,d,9837
9838,d,9837
9838,f,9837
9835,f,9837
9836,f,9837
9834,f,9837
9834,d,9837
9837,f,9837
9833,f,9837
9833,d,9837
9835,d,9837
9837,d,9837
9838,e,9838
9838,f,9838
9839,e,9838
9837,e,9838
9837,f,9838
9839,f,9838
9836,e,9838
9836,f,9838
9834,f,9838
9835,e,9838
9835,f,9838
9834,e,9838
9839,f,9839
9836,f,9839
9840,f,9839
9838,f,9839
9835,f,9839
9837,f,9839
9842,e,9841
9840,e,9841
9837,e,9841
9839,e,9841
9838,e,9841
9841,e,9841
9842,a,9842
9841,f,9842
9842,f,9842
9841,a,9842
9843,f,9842
9843,a,9842
9840,a,9842
9838,a,9842
9838,f,9842
9839,f,9842
9839,a,9842
9840,f,9842
9843,b,9843
9843,d,9843
9842,d,9843
9842,b,9843
9844,b,9843
9844,d,9843
9841,d,9843
9841,b,9843
9839,b,9843
9839,d,9843
9840,d,9843
9840,b,9843
9844,f,9844
9843,f,9844
9843,c,9844
9845,b,9844
9845,c,9844
9843,b,9844
9845,f,9844
9844,c,9844
9844,b,9844
9841,f,9844
9840,b,9844
9840,c,9844
9840,f,9844
9842,f,9844
9842,c,9844
9842,b,9844
9841,b,9844
9841,c,9844
9845,e,9845
9846,c,9845
9846,f,9845
9844,e,9845
9844,f,9845
9844,c,9845
9846,e,9845
9845,f,9845
9841,c,9845
9842,e,9845
9843,e,9845
9843,f,9845
9843,c,9845
9841,f,9845
9841,e,9845
9842,c,9845
9842,f,9845
9845,c,9845
9846,e,9846
9847,f,9846
9845,e,9846
9845,f,9846
9847,e,9846
9842,f,9846
9846,f,9846
9843,f,9846
9843,e,9846
9842,e,9846
9844,e,9846
9844,f,9846
9847,f,9847
9846,f,9847
9843,f,9847
9848,f,9847
9845,f,9847
9844,f,9847
9849,d,9848
9849,e,9848
9844,e,9848
9847,e,9848
9847,d,9848
9848,e,9848
9848,d,9848
9844,d,9848
9845,e,9848
9846,e,9848
9846,d,9848
9845,d,9848
9846,f,9849
9847,f,9849
9850,f,9849
9845,f,9849
9848,f,9849
9849,f,9849
9850,e,9850
9850,d,9850
9849,e,9850
9849,d,9850
9846,e,9850
9846,d,9850
9851,d,9850
9848,e,9850
9848,d,9850
9851,e,9850
9847,d,9850
9847,e,9850
9850,f,9851
9847,f,9851
9851,f,9851
9852,f,9851
9849,f,9851
9848,f,9851
9851,a,9852
9853,a,9852
9852,a,9852
9852,b,9852
9851,b,9852
9853,b,9852
9848,b,9852
9848,a,9852
9849,b,9852
9849,a,9852
9850,b,9852
9850,a,9852
9850,d,9853
9849,b,9853
9852,b,9853
9852,d,9853
9852,f,9853
9854,c,9853
9854,d,9853
9854,b,9853
9853,f,9853
9853,c,9853
9852,c,9853
9853,b,9853
9854,f,9853
9850,b,9853
9850,c,9853
9850,f,9853
9849,f,9853
9849,c,9853
9849,d,9853
9853,d,9853
9851,d,9853
9851,c,9853
9851,f,9853
9851,b,9853
9854,c,9854
9855,f,9854
9853,e,9854
9853,f,9854
9853,c,9854
9855,e,9854
9854,e,9854
9855,c,9854
9854,f,9854
9850,c,9854
9850,f,9854
9850,e,9854
9851,c,9854
9851,f,9854
9852,c,9854
9852,f,9854
9851,e,9854
9852,e,9854
9853,e,9855
9851,e,9855
9851,f,9855
9855,f,9855
9853,f,9855
9854,f,9855
9854,e,9855
9856,e,9855
9852,f,9855
9852,e,9855
9856,f,9855
9855,e,9855
9856,f,9856
9857,f,9856
9852,f,9856
9853,f,9856
9855,f,9856
9854,f,9856
9858,e,9858
9857,e,9858
9855,e,9858
9854,e,9858
9856,e,9858
9859,e,9858
9856,f,9859
9858,f,9859
9857,f,9859
9860,f,9859
9859,f,9859
9855,f,9859
9860,a,9860
9859,a,9860
9856,a,9860
9861,a,9860
9858,a,9860
9857,a,9860
9861,d,9861
9860,d,9861
9860,b,9861
9861,b,9861
9862,b,9861
9858,b,9861
9858,d,9861
9859,d,9861
9859,b,9861
9857,b,9861
9857,d,9861
9862,d,9861
9862,f,9862
9861,f,9862
9863,c,9862
9861,c,9862
9863,f,9862
9862,c,9862
9859,f,9862
9860,f,9862
9860,c,9862
9858,c,9862
9858,f,9862
9859,c,9862
9862,e,9863
9864,e,9863
9863,e,9863
9863,f,9863
9863,b,9863
9860,e,9863
9864,f,9863
9862,f,9863
9862,b,9863
9859,b,9863
9859,f,9863
9864,b,9863
9860,b,9863
9861,b,9863
9861,f,9863
9860,f,9863
9861,e,9863
9859,e,9863
9863,c,9864
9863,f,9864
9865,c,9864
9860,c,9864
9862,f,9864
9862,c,9864
9861,c,9864
9861,f,9864
9864,f,9864
9864,c,9864
9860,f,9864
9865,f,9864
9864,b,9865
9865,e,9865
9865,f,9865
9864,e,9865
9865,b,9865
9866,b,9865
9866,e,9865
9865,d,9865
9864,d,9865
9864,f,9865
9866,f,9865
9861,b,9865
9861,d,9865
9862,d,9865
9862,e,9865
9866,d,9865
9863,e,9865
9863,f,9865
9863,d,9865
9863,b,9865
9862,f,9865
9862,b,9865
9861,e,9865
9861,f,9865
9867,c,9866
9866,f,9866
9865,c,9866
9865,f,9866
9866,c,9866
9866,d,9866
9865,d,9866
9867,d,9866
9863,d,9866
9867,f,9866
9864,f,9866
9864,c,9866
9864,d,9866
9862,d,9866
9862,c,9866
9863,f,9866
9863,c,9866
9862,f,9866
9868,c,9867
9868,b,9867
9867,e,9867
9866,e,9867
9866,c,9867
9866,f,9867
9868,e,9867
9867,f,9867
9867,b,9867
9866,b,9867
9868,f,9867
9867,c,9867
9863,c,9867
9864,c,9867
9864,b,9867
9863,e,9867
9863,f,9867
9864,f,9867
9863,b,9867
9864,e,9867
9865,c,9867
9865,f,9867
9865,e,9867
9865,b,9867
9869,e,9868
9867,c,9868
9868,c,9868
9868,e,9868
9867,e,9868
9869,c,9868
9864,e,9868
9865,e,9868
9865,c,9868
9866,c,9868
9866,e,9868
9864,c,9868
9869,a,9869
9869,e,9869
9868,e,9869
9868,a,9869
9870,a,9869
9870,e,9869
9866,a,9869
9865,e,9869
9867,e,9869
9867,a,9869
9866,e,9869
9865,a,9869
9870,f,9870
9870,e,9870
9869,e,9870
9871,e,9870
9871,f,9870
9869,f,9870
9869,d,9870
9869,b,9870
9871,d,9870
9871,b,9870
9870,b,9870
9870,d,9870
9866,b,9870
9867,f,9870
9867,e,9870
9866,e,9870
9866,f,9870
9866,d,9870
9867,d,9870
9867,b,9870
9868,b,9870
9868,d,9870
9868,f,9870
9868,e,9870
9871,f,9871
9870,f,9871
9870,c,9871
9872,f,9871
9871,c,9871
9868,f,9871
9872,c,9871
9867,f,9871
9868,c,9871
9869,c,9871
9869,f,9871
9867,c,9871
9869,e,9872
9872,e,9872
9870,e,9872
9868,e,9872
9871,e,9872
9873,e,9872
9874,a,9873
9872,f,9873
9872,a,9873
9873,a,9873
9873,f,9873
9871,a,9873
9871,f,9873
9874,f,9873
9870,a,9873
9870,f,9873
9869,a,9873
9869,f,9873
9873,b,9874
9874,d,9874
9873,d,9874
9874,b,9874
9875,d,9874
9872,d,9874
9872,b,9874
9871,d,9874
9870,b,9874
9870,d,9874
9875,b,9874
9871,b,9874
9872,c,9875
9875,b,9875
9875,c,9875
9875,f,9875
9874,f,9875
9874,c,9875
9874,b,9875
9876,b,9875
9872,b,9875
9876,c,9875
9873,f,9875
9873,c,9875
9873,b,9875
9871,b,9875
9871,c,9875
9871,f,9875
9872,f,9875
9876,f,9875
9876,c,9876
9876,f,9876
9875,e,9876
9875,f,9876
9875,c,9876
9876,e,9876
9877,c,9876
9877,e,9876
9877,f,9876
9873,e,9876
9872,e,9876
9873,c,9876
9873,f,9876
9872,f,9876
9872,c,9876
9874,c,9876
9874,f,9876
9874,e,9876
9875,e,9877
9877,f,9877
9877,e,9877
9878,f,9877
9876,e,9877
9876,f,9877
9874,f,9877
9873,f,9877
9873,e,9877
9878,e,9877
9875,f,9877
9874,e,9877
9877,f,9878
9878,f,9878
9879,f,9878
9876,f,9878
9875,f,9878
9874,f,9878
9879,d,9879
9876,d,9879
9877,d,9879
9880,d,9879
9875,d,9879
9878,d,9879
9881,f,9880
9880,e,9880
9880,f,9880
9879,e,9880
9879,f,9880
9881,e,9880
9877,f,9880
9878,e,9880
9876,e,9880
9877,e,9880
9876,f,9880
9878,f,9880
9879,f,9881
9880,f,9881
9878,f,9881
9881,f,9881
9882,f,9881
9877,f,9881
9885,b,9886
9887,f,9886
9887,b,9886
9886,f,9886
9886,b,9886
9885,f,9886
9884,f,9886
9883,f,9886
9882,b,9886
9884,b,9886
9882,f,9886
9883,b,9886
9888,f,9887
9888,c,9887
9887,f,9887
9887,c,9887
9886,f,9887
9886,c,9887
9884,c,9887
9884,f,9887
9883,f,9887
9883,c,9887
9885,c,9887
9885,f,9887
9889,e,9888
9884,b,9888
9887,e,9888
9888,e,9888
9888,b,9888
9886,e,9888
9886,b,9888
9885,b,9888
9885,e,9888
9889,b,9888
9884,e,9888
9887,b,9888
9888,c,9889
9888,f,9889
9890,c,9889
9889,e,9889
9889,f,9889
9889,c,9889
9888,e,9889
9890,f,9889
9885,f,9889
9887,e,9889
9887,f,9889
9885,c,9889
9886,e,9889
9886,f,9889
9886,c,9889
9885,e,9889
9890,e,9889
9887,c,9889
9890,f,9890
9890,e,9890
9891,f,9890
9891,e,9890
9889,f,9890
9889,e,9890
9886,e,9890
9888,e,9890
9887,f,9890
9888,f,9890
9887,e,9890
9886,f,9890
9888,f,9891
9891,f,9891
9890,f,9891
9890,d,9891
9887,d,9891
9892,d,9891
9889,f,9891
9889,d,9891
9892,f,9891
9888,d,9891
9887,f,9891
9891,d,9891
9893,f,9892
9891,f,9892
9890,f,9892
9892,f,9892
9889,f,9892
9888,f,9892
9895,c,9894
9894,c,9894
9893,c,9894
9893,d,9894
9895,d,9894
9892,c,9894
9894,d,9894
9892,d,9894
9890,d,9894
9890,c,9894
9891,c,9894
9891,d,9894
9895,e,9895
9895,f,9895
9896,e,9895
9894,e,9895
9896,f,9895
9892,f,9895
9893,e,9895
9893,f,9895
9891,f,9895
9891,e,9895
9892,e,9895
9894,f,9895
9893,f,9896
9894,f,9896
9896,f,9896
9892,f,9896
9895,f,9896
9897,f,9896
9897,f,9897
9896,f,9897
9898,f,9897
9895,f,9897
9894,f,9897
9893,f,9897
9895,a,9898
9899,a,9898
9899,b,9898
9895,b,9898
9897,a,9898
9897,b,9898
9896,a,9898
9894,a,9898
9894,b,9898
9898,b,9898
9896,b,9898
9898,a,9898
9898,c,9899
9898,d,9899
9898,b,9899
9899,b,9899
9899,d,9899
9899,c,9899
9899,f,9899
9900,b,9899
9900,f,9899
9900,d,9899
9898,f,9899
9900,c,9899
9895,c,9899
9895,f,9899
9896,d,9899
9896,b,9899
9896,c,9899
9897,b,9899
9897,d,9899
9896,f,9899
9897,f,9899
9895,d,9899
9895,b,9899
9897,c,9899
9900,e,9900
9901,c,9900
9899,e,9900
9899,f,9900
9899,c,9900
9900,c,9900
9896,c,9900
9900,f,9900
9896,f,9900
9901,f,9900
9901,e,9900
9898,e,9900
9898,f,9900
9898,c,9900
9896,e,9900
9897,c,9900
9897,f,9900
9897,e,9900
9901,f,9901
9900,e,9901
9900,f,9901
9901,e,9901
9902,f,9901
9902,e,9901
9899,e,9901
9899,f,9901
9898,e,9901
9898,f,9901
9897,e,9901
9897,f,9901
9899,f,9902
9900,f,9902
9903,f,9902
9898,f,9902
9901,f,9902
9902,f,9902
9903,c,9903
9902,c,9903
9899,c,9903
9904,c,9903
9901,c,9903
9900,c,9903
9905,e,9904
9904,e,9904
9901,b,9904
9904,b,9904
9900,e,9904
9902,b,9904
9902,e,9904
9903,e,9904
9903,b,9904
9901,e,9904
9905,b,9904
9900,b,9904
9904,a,9905
9904,c,9905
9906,e,9905
9904,e,9905
9905,a,9905
9905,c,9905
9905,f,9905
9906,a,9905
9906,c,9905
9904,f,9905
9905,e,9905
9906,f,9905
9901,a,9905
9902,c,9905
9902,f,9905
9902,e,9905
9903,e,9905
9903,f,9905
9903,c,9905
9903,a,9905
9901,e,9905
9902,a,9905
9901,f,9905
9901,c,9905
9905,b,9906
9905,d,9906
9905,e,9906
9903,d,9906
9906,f,9906
9906,e,9906
9907,b,9906
9907,d,9906
9907,f,9906
9907,e,9906
9903,b,9906
9906,b,9906
9906,d,9906
9905,f,9906
9902,f,9906
9902,e,9906
9902,b,9906
9902,d,9906
9904,b,9906
9904,f,9906
9904,e,9906
9904,d,9906
9903,f,9906
9903,e,9906
9908,c,9907
9903,c,9907
9905,f,9907
9905,c,9907
9904,f,9907
9906,c,9907
9906,f,9907
9907,f,9907
9907,c,9907
9908,f,9907
9903,f,9907
9904,c,9907
9907,e,9908
9904,e,9908
9906,e,9908
9905,e,9908
9909,e,9908
9908,e,9908
9909,f,9909
9910,f,9909
9908,f,9909
9906,f,9909
9907,f,9909
9905,f,9909
9908,c,9912
9909,c,9912
9910,c,9912
9911,c,9912
9912,c,9912
9913,c,9912
9909,e,9913
9910,e,9913
9911,e,9913
9914,e,9913
9913,e,9913
9912,e,9913
9913,f,9914
9911,f,9914
9912,f,9914
9910,f,9914
9915,f,9914
9914,f,9914
9915,f,9915
9914,f,9915
9912,f,9915
9911,f,9915
9913,f,9915
9916,f,9915
9918,d,9918
9917,c,9918
9916,d,9918
9918,c,9918
9917,d,9918
9916,c,9918
9915,d,9918
9919,c,9918
9915,c,9918
9914,c,9918
9919,d,9918
9914,d,9918
9919,f,9919
9919,e,9919
9920,f,9919
9918,e,9919
9918,f,9919
9915,e,9919
9915,f,9919
9917,e,9919
9917,f,9919
9916,e,9919
9916,f,9919
9920,e,9919
9920,f,9920
9921,d,9920
9921,f,9920
9919,f,9920
9919,d,9920
9920,d,9920
9916,d,9920
9916,f,9920
9918,f,9920
9917,d,9920
9917,f,9920
9918,d,9920
9920,f,9921
9917,f,9921
9922,f,9921
9919,f,9921
9918,f,9921
9921,f,9921
9923,c,9922
9923,b,9922
9921,b,9922
9921,c,9922
9922,c,9922
9918,c,9922
9918,b,9922
9922,b,9922
9920,b,9922
9919,c,9922
9919,b,9922
9920,c,9922
9923,f,9923
9923,c,9923
9924,b,9923
9922,e,9923
9922,f,9923
9924,c,9923
9922,c,9923
9924,f,9923
9924,e,9923
9922,b,9923
9923,e,9923
9923,b,9923
9920,c,9923
9920,e,9923
9920,b,9923
9921,e,9923
9921,f,9923
9921,c,9923
9921,b,9923
9919,e,9923
9920,f,9923
9919,b,9923
9919,c,9923
9919,f,9923
9923,d,9924
9923,c,9924
9923,f,9924
9923,e,9924
9921,c,9924
9924,f,9924
9924,e,9924
9925,d,9924
9925,c,9924
9925,f,9924
9925,e,9924
9924,c,9924
9921,d,9924
9924,d,9924
9920,c,9924
9922,d,9924
9922,c,9924
9922,f,9924
9922,e,9924
9920,f,9924
9920,d,9924
9921,f,9924
9921,e,9924
9920,e,9924
9921,f,9925
9924,e,9925
9924,f,9925
9925,f,9925
9925,e,9925
9926,f,9925
9926,e,9925
9921,e,9925
9922,f,9925
9922,e,9925
9923,f,9925
9923,e,9925
9926,f,9926
9926,a,9926
9922,f,9926
9922,a,9926
9927,f,9926
9925,f,9926
9925,a,9926
9927,a,9926
9923,f,9926
9924,a,9926
9924,f,9926
9923,a,9926
9927,b,9927
9927,d,9927
9926,d,9927
9926,b,9927
9923,d,9927
9928,b,9927
9924,b,9927
9924,d,9927
9925,b,9927
9923,b,9927
9928,d,9927
9925,d,9927
9928,c,9928
9928,f,9928
9928,e,9928
9929,e,9928
9929,f,9928
9927,e,9928
9927,f,9928
9927,c,9928
9929,c,9928
9926,f,9928
9924,f,9928
9924,e,9928
9926,e,9928
9926,c,9928
9925,c,9928
9925,f,9928
9925,e,9928
9924,c,9928
9929,f,9929
9930,f,9929
9930,e,9929
9928,e,9929
9928,f,9929
9925,f,9929
9927,e,9929
9927,f,9929
9926,f,9929
9926,e,9929
9925,e,9929
9929,e,9929
9930,f,9930
9930,e,9930
9931,f,9930
9931,e,9930
9929,e,9930
9929,f,9930
9926,f,9930
9928,e,9930
9928,f,9930
9927,e,9930
9926,e,9930
9927,f,9930
9928,f,9931
9929,f,9931
9932,f,9931
9927,f,9931
9930,f,9931
9931,f,9931
9928,e,9932
9932,e,9932
9931,e,9932
9933,e,9932
9930,e,9932
9929,e,9932
9930,f,9933
9931,f,9933
9934,f,9933
9929,f,9933
9932,f,9933
9933,f,9933
9933,d,9934
9935,d,9934
9934,d,9934
9932,d,9934
9930,d,9934
9931,d,9934
9935,f,9935
9934,f,9935
9936,f,9935
9933,f,9935
9931,f,9935
9932,f,9935
9939,c,9940
9936,c,9940
9937,c,9940
9938,c,9940
9941,c,9940
9940,c,9940
9941,e,9941
9940,e,9941
9939,e,9941
9942,e,9941
9938,e,9941
9937,e,9941
9938,f,9942
9940,f,9942
9941,f,9942
9943,f,9942
9939,f,9942
9942,f,9942
9944,a,9944
9943,e,9944
9943,a,9944
9942,e,9944
9942,a,9944
9944,e,9944
9945,a,9944
9941,e,9944
9941,a,9944
9940,e,9944
9945,e,9944
9940,a,9944
9941,b,9945
9945,b,9945
9945,d,9945
9945,f,9945
9946,b,9945
9944,f,9945
9944,d,9945
9944,b,9945
9946,d,9945
9941,f,9945
9941,d,9945
9943,f,9945
9943,d,9945
9943,b,9945
9942,f,9945
9942,d,9945
9942,b,9945
9946,f,9945
9946,f,9946
9947,c,9946
9947,f,9946
9945,c,9946
9946,c,9946
9945,f,9946
9944,f,9946
9942,c,9946
9942,f,9946
9943,c,9946
9943,f,9946
9944,c,9946
9946,b,9947
9947,e,9947
9947,b,9947
9946,e,9947
9948,e,9947
9943,b,9947
9948,b,9947
9944,b,9947
9945,b,9947
9945,e,9947
9943,e,9947
9944,e,9947
9944,c,9948
9944,f,9948
9948,f,9948
9947,f,9948
9949,c,9948
9946,f,9948
9946,c,9948
9945,c,9948
9945,f,9948
9948,c,9948
9949,f,9948
9947,c,9948
9949,b,9949
9949,e,9949
9948,e,9949
9948,b,9949
9950,b,9949
9947,e,9949
9947,b,9949
9945,b,9949
9945,e,9949
9946,b,9949
9946,e,9949
9950,e,9949
9947,e,9950
9950,c,9950
9950,f,9950
9950,e,9950
9949,e,9950
9949,f,9950
9949,c,9950
9951,c,9950
9951,f,9950
9947,c,9950
9951,e,9950
9946,e,9950
9946,f,9950
9946,c,9950
9947,f,9950
9948,f,9950
9948,e,9950
9948,c,9950
9951,f,9951
9950,e,9951
9950,f,9951
9952,e,9951
9950,d,9951
9951,e,9951
9952,d,9951
9952,f,9951
9951,d,9951
9949,e,9951
9948,f,9951
9947,f,9951
9949,f,9951
9949,d,9951
9948,d,9951
9947,e,9951
9947,d,9951
9948,e,9951
9948,a,9952
9948,f,9952
9952,f,9952
9951,a,9952
9953,a,9952
9952,a,9952
9950,f,9952
9950,a,9952
9949,a,9952
9949,f,9952
9951,f,9952
9953,f,9952
9954,b,9953
9952,a,9953
9952,b,9953
9952,d,9953
9952,e,9953
9954,a,9953
9953,e,9953
9953,d,9953
9953,b,9953
9953,a,9953
9954,d,9953
9954,e,9953
9949,d,9953
9951,d,9953
9949,b,9953
9949,a,9953
9951,e,9953
9949,e,9953
9951,b,9953
9951,a,9953
9950,a,9953
9950,b,9953
9950,e,9953
9950,d,9953
9953,b,9954
9953,d,9954
9954,d,9954
9954,b,9954
9955,c,9954
9955,d,9954
9955,b,9954
9954,f,9954
9954,c,9954
9953,f,9954
9955,f,9954
9953,c,9954
9950,d,9954
9951,d,9954
9952,b,9954
9951,b,9954
9950,f,9954
9950,c,9954
9951,c,9954
9950,b,9954
9951,f,9954
9952,c,9954
9952,f,9954
9952,d,9954
9955,c,9955
9954,e,9955
9954,f,9955
9956,f,9955
9955,f,9955
9955,e,9955
9956,e,9955
9954,c,9955
9956,c,9955
9951,f,9955
9952,e,9955
9952,f,9955
9952,c,9955
9953,c,9955
9953,f,9955
9951,c,9955
9953,e,9955
9951,e,9955
9952,f,9956
9956,f,9956
9957,e,9956
9957,f,9956
9953,f,9956
9954,f,9956
9953,e,9956
9956,e,9956
9952,e,9956
9954,e,9956
9955,f,9956
9955,e,9956
9956,c,9957
9957,e,9957
9958,c,9957
9958,e,9957
9957,c,9957
9957,f,9957
9956,e,9957
9958,f,9957
9956,f,9957
9953,c,9957
9953,f,9957
9955,e,9957
9955,f,9957
9953,e,9957
9955,c,9957
9954,c,9957
9954,f,9957
9954,e,9957
9959,e,9958
9959,f,9958
9957,e,9958
9957,f,9958
9954,f,9958
9954,e,9958
9956,e,9958
9956,f,9958
9955,f,9958
9955,e,9958
9958,f,9958
9958,e,9958
9959,c,9959
9959,f,9959
9960,c,9959
9955,f,9959
9958,f,9959
9960,f,9959
9955,c,9959
9958,c,9959
9957,f,9959
9957,c,9959
9956,f,9959
9956,c,9959
9957,e,9960
9960,e,9960
9961,e,9960
9956,e,9960
9958,e,9960
9959,e,9960
9964,b,9964
9962,d,9964
9962,b,9964
9963,b,9964
9963,d,9964
9961,d,9964
9961,b,9964
9965,d,9964
9960,d,9964
9960,b,9964
9964,d,9964
9965,b,9964
9966,f,9965
9964,d,9965
9964,c,9965
9966,a,9965
9965,a,9965
9965,d,9965
9965,c,9965
9965,f,9965
9966,d,9965
9966,c,9965
9964,f,9965
9963,f,9965
9964,a,9965
9963,d,9965
9963,c,9965
9961,c,9965
9963,a,9965
9961,a,9965
9962,f,9965
9962,c,9965
9961,d,9965
9962,a,9965
9961,f,9965
9962,d,9965
9965,a,9966
9965,b,9966
9962,a,9966
9966,f,9966
9966,d,9966
9966,b,9966
9966,a,9966
9965,d,9966
9965,f,9966
9963,a,9966
9964,e,9966
9964,f,9966
9963,b,9966
9963,d,9966
9963,f,9966
9963,e,9966
9967,e,9966
9967,f,9966
9967,d,9966
9967,b,9966
9967,a,9966
9962,e,9966
9962,f,9966
9962,d,9966
9962,b,9966
9964,a,9966
9964,b,9966
9964,d,9966
9965,e,9966
9966,e,9966
9968,d,9967
9968,b,9967
9966,d,9967
9966,c,9967
9966,f,9967
9966,e,9967
9967,e,9967
9967,f,9967
9967,c,9967
9966,b,9967
9968,c,9967
9965,b,9967
9968,e,9967
9963,b,9967
9963,d,9967
9963,c,9967
9963,f,9967
9963,e,9967
9964,b,9967
9964,d,9967
9964,c,9967
9964,f,9967
9968,f,9967
9964,e,9967
9965,d,9967
9965,e,9967
9965,f,9967
9965,c,9967
9967,d,9967
9967,b,9967
9967,f,9968
9967,c,9968
9967,b,9968
9969,c,9968
9967,e,9968
9969,b,9968
9969,e,9968
9968,e,9968
9968,f,9968
9968,c,9968
9968,b,9968
9969,f,9968
9966,f,9968
9964,f,9968
9965,c,9968
9965,b,9968
9966,b,9968
9964,e,9968
9965,e,9968
9964,c,9968
9965,f,9968
9966,c,9968
9966,e,9968
9964,b,9968
9969,c,9969
9968,e,9969
9969,f,9969
9968,f,9969
9970,f,9969
9969,e,9969
9970,c,9969
9968,c,9969
9970,e,9969
9965,f,9969
9966,e,9969
9966,f,9969
9966,c,9969
9967,c,9969
9965,c,9969
9967,e,9969
9967,f,9969
9965,e,9969
9967,e,9970
9967,f,9970
9971,f,9970
9968,e,9970
9968,f,9970
9971,e,9970
9969,f,9970
9969,e,9970
9970,e,9970
9970,f,9970
9966,e,9970
9966,f,9970
9971,d,9971
9970,d,9971
9972,d,9971
9969,d,9971
9968,d,9971
9967,d,9971
9969,d,9972
9970,d,9972
9972,d,9972
9971,d,9972
9973,d,9972
9968,d,9972
9973,f,9973
9972,f,9973
9974,f,9973
9969,f,9973
9971,f,9973
9970,f,9973
9971,a,9975
9976,b,9975
9975,b,9975
9975,a,9975
9976,a,9975
9974,b,9975
9974,a,9975
9973,b,9975
9971,b,9975
9972,a,9975
9972,b,9975
9973,a,9975
9973,b,9976
9976,b,9976
9976,d,9976
9976,c,9976
9976,f,9976
9975,f,9976
9975,c,9976
9975,d,9976
9975,b,9976
9972,b,9976
9977,b,9976
9977,c,9976
9977,f,9976
9977,d,9976
9974,f,9976
9973,d,9976
9973,c,9976
9973,f,9976
9972,f,9976
9972,c,9976
9974,d,9976
9972,d,9976
9974,c,9976
9974,b,9976
9976,f,9977
9977,c,9977
9977,d,9977
9977,e,9977
9976,c,9977
9976,d,9977
9978,d,9977
9978,c,9977
9976,e,9977
9977,f,9977
9978,e,9977
9974,e,9977
9973,d,9977
9978,f,9977
9973,c,9977
9974,c,9977
9975,e,9977
9975,f,9977
9975,c,9977
9975,d,9977
9974,f,9977
9974,d,9977
9973,e,9977
9973,f,9977
9974,a,9978
9977,f,9978
9977,e,9978
9978,e,9978
9978,a,9978
9977,a,9978
9978,f,9978
9975,e,9978
9979,a,9978
9979,f,9978
9979,e,9978
9975,f,9978
9975,a,9978
9974,e,9978
9976,e,9978
9976,f,9978
9976,a,9978
9974,f,9978
9980,f,9979
9978,b,9979
9978,e,9979
9978,f,9979
9980,d,9979
9979,f,9979
9979,d,9979
9980,e,9979
9979,b,9979
9978,d,9979
9979,e,9979
9980,b,9979
9976,f,9979
9975,f,9979
9975,e,9979
9976,b,9979
9976,d,9979
9975,d,9979
9976,e,9979
9975,b,9979
9977,b,9979
9977,d,9979
9977,f,9979
9977,e,9979
9979,c,9980
9977,c,9980
9980,c,9980
9980,f,9980
9981,c,9980
9979,f,9980
9977,f,9980
9978,c,9980
9976,c,9980
9976,f,9980
9981,f,9980
9978,f,9980
9980,e,9981
9977,e,9981
9981,e,9981
9982,e,9981
9978,e,9981
9979,e,9981
9982,b,9982
9979,b,9982
9980,b,9982
9981,b,9982
9978,b,9982
9983,b,9982
9982,c,9983
9982,e,9983
9984,c,9983
9983,c,9983
9983,f,9983
9983,e,9983
9984,e,9983
9982,f,9983
9984,f,9983
9981,f,9983
9979,c,9983
9980,c,9983
9979,e,9983
9979,f,9983
9980,f,9983
9981,c,9983
9980,e,9983
9981,e,9983
9984,c,9984
9984,e,9984
9985,c,9984
9983,e,9984
9981,c,9984
9983,c,9984
9985,f,9984
9984,f,9984
9981,f,9984
9983,f,9984
9980,e,9984
9981,e,9984
9982,e,9984
9982,f,9984
9982,c,9984
9980,f,9984
9980,c,9984
9985,e,9984
9981,f,9985
9985,e,9985
9986,f,9985
9984,e,9985
9984,f,9985
9985,f,9985
9986,e,9985
9983,e,9985
9983,f,9985
9982,f,9985
9982,e,9985
9981,e,9985
9987,f,9986
9985,f,9986
9986,f,9986
9983,f,9986
9982,f,9986
9984,f,9986
9984,d,9987
9988,d,9987
9986,d,9987
9983,d,9987
9987,d,9987
9985,d,9987
9985,f,9988
9986,f,9988
9984,f,9988
9988,f,9988
9989,f,9988
9987,f,9988
9985,b,9989
9989,e,9989
9988,e,9989
9988,b,9989
9990,b,9989
9990,e,9989
9989,b,9989
9987,e,9989
9987,b,9989
9986,e,9989
9986,b,9989
9985,e,9989
9990,f,9990
9991,c,9990
9991,f,9990
9989,f,9990
9989,c,9990
9990,c,9990
9988,c,9990
9988,f,9990
9986,c,9990
9986,f,9990
9987,c,9990
9987,f,9990
9988,e,9991
9991,e,9991
9990,e,9991
9989,e,9991
9987,e,9991
9992,e,9991
9988,f,9992
9990,f,9992
9993,f,9992
9992,f,9992
9989,f,9992
9991,f,9992
9994,e,9993
9992,e,9993
9993,e,9993
9991,e,9993
9990,e,9993
9989,e,9993
9991,f,9994
9991,c,9994
9990,f,9994
9990,c,9994
9992,c,9994
9992,f,9994
9995,f,9994
9993,c,9994
9993,f,9994
9995,c,9994
9994,f,9994
9994,c,9994
9995,e,9995
9994,e,9995
9991,e,9995
9993,e,9995
9992,e,9995
9996,e,9995
9993,f,9996
9994,f,9996
9992,f,9996
9995,f,9996
9997,f,9996
9996,f,9996
9999,d,9998
9998,d,9998
9997,d,9998
9996,d,9998
9994,d,9998
9995,d,9998
9999,f,9999
9998,f,9999
9998,b,9999
9999,b,9999
9997,f,9999
9996,b,9999
9995,b,9999
9995,f,9999
10000,b,9999
10000,f,9999
9996,f,9999
9997,b,9999
9999,f,10000
9999,c,10000
10001,c,10000
9998,c,10000
9998,f,10000
10000,c,10000
9997,f,10000
9997,c,10000
9996,f,10000
9996,c,10000
10001,f,10000
10000,f,10000
10001,e,10001
10002,e,10001
10000,e,10001
9998,e,10001
9999,e,10001
9997,e,10001
10000,f,10002
9998,f,10002
10001,f,10002
10002,f,10002
10003,f,10002
9999,f,10002
10002,e,10006
10003,e,10006
10007,e,10006
10004,e,10006
10006,e,10006
10005,e,10006
10008,f,10007
10006,f,10007
10003,f,10007
10004,f,10007
10005,f,10007
10007,f,10007
10008,f,10008
10009,f,10008
10005,f,10008
10006,f,10008
10004,f,10008
10007,f,10008
10013,a,10012
10012,b,10012
10010,b,10012
10013,b,10012
10011,b,10012
10011,a,10012
10010,a,10012
10012,a,10012
10008,b,10012
10009,b,10012
10008,a,10012
10009,a,10012
10009,c,10013
10012,b,10013
10012,d,10013
10012,c,10013
10013,b,10013
10013,c,10013
10013,f,10013
10014,b,10013
10014,d,10013
10014,c,10013
10014,f,10013
10013,d,10013
10009,f,10013
10012,f,10013
10010,c,10013
10009,d,10013
10010,b,10013
10011,f,10013
10011,c,10013
10011,d,10013
10011,b,10013
10010,d,10013
10010,f,10013
10009,b,10013
10013,c,10014
10013,f,10014
10011,f,10014
10015,c,10014
10014,e,10014
10013,e,10014
10010,c,10014
10010,e,10014
10011,e,10014
10015,f,10014
10015,e,10014
10012,e,10014
10012,f,10014
10012,c,10014
10014,c,10014
10011,c,10014
10010,f,10014
10014,f,10014
10015,f,10015
10015,e,10015
10014,e,10015
10014,f,10015
10016,f,10015
10016,e,10015
10013,e,10015
10013,f,10015
10012,e,10015
10012,f,10015
10011,f,10015
10011,e,10015
10013,f,10016
10014,f,10016
10017,f,10016
10012,f,10016
10015,f,10016
10016,f,10016
10013,f,10017
10017,f,10017
10016,f,10017
10018,f,10017
10015,f,10017
10014,f,10017
10015,d,10018
10016,d,10018
10014,d,10018
10017,d,10018
10019,d,10018
10018,d,10018
10020,c,10019
10015,c,10019
10018,c,10019
10019,c,10019
10017,c,10019
10016,c,10019
10017,e,10020
10018,e,10020
10021,e,10020
10019,e,10020
10020,e,10020
10016,e,10020
10022,f,10021
10021,f,10021
10021,c,10021
10020,f,10021
10020,c,10021
10017,f,10021
10022,c,10021
10019,f,10021
10019,c,10021
10018,f,10021
10018,c,10021
10017,c,10021
10018,e,10022
10020,e,10022
10023,e,10022
10022,e,10022
10021,e,10022
10019,e,10022
10023,f,10023
10022,f,10023
10022,b,10023
10023,b,10023
10019,b,10023
10024,b,10023
10021,f,10023
10021,b,10023
10020,f,10023
10024,f,10023
10019,f,10023
10020,b,10023
10024,c,10024
10024,f,10024
10023,f,10024
10023,c,10024
10025,c,10024
10021,f,10024
10022,f,10024
10022,c,10024
10020,c,10024
10020,f,10024
10021,c,10024
10025,f,10024
10025,d,10025
10024,e,10025
10025,e,10025
10024,d,10025
10026,d,10025
10026,e,10025
10023,d,10025
10021,e,10025
10023,e,10025
10022,d,10025
10022,e,10025
10021,d,10025
10027,f,10026
10026,c,10026
10026,f,10026
10027,b,10026
10025,f,10026
10025,c,10026
10025,b,10026
10022,b,10026
10022,c,10026
10027,c,10026
10023,b,10026
10023,f,10026
10023,c,10026
10022,f,10026
10024,b,10026
10026,b,10026
10024,f,10026
10024,c,10026
10028,f,10027
10027,c,10027
10026,e,10027
10026,f,10027
10026,c,10027
10028,c,10027
10027,e,10027
10028,e,10027
10027,f,10027
10023,f,10027
10023,e,10027
10024,c,10027
10025,e,10027
10025,f,10027
10025,c,10027
10024,f,10027
10024,e,10027
10023,c,10027
10028,f,10028
10028,e,10028
10027,e,10028
10027,f,10028
10025,e,10028
10024,e,10028
10029,e,10028
10026,e,10028
10026,f,10028
10025,f,10028
10029,f,10028
10024,f,10028
10029,f,10029
10025,f,10029
10028,f,10029
10030,f,10029
10027,f,10029
10026,f,10029
10030,e,10030
10028,e,10030
10026,e,10030
10029,e,10030
10031,e,10030
10027,e,10030
10031,d,10031
10030,f,10031
10030,d,10031
10031,f,10031
10028,d,10031
10032,d,10031
10029,f,10031
10029,d,10031
10032,f,10031
10028,f,10031
10027,d,10031
10027,f,10031
10031,f,10032
10032,f,10032
10033,f,10032
10029,f,10032
10030,f,10032
10028,f,10032
10032,a,10033
10033,a,10033
10033,e,10033
10032,e,10033
10034,e,10033
10034,a,10033
10031,e,10033
10031,a,10033
10029,a,10033
10029,e,10033
10030,a,10033
10030,e,10033
10031,d,10034
10035,f,10034
10034,f,10034
10034,d,10034
10034,b,10034
10035,d,10034
10033,d,10034
10033,b,10034
10031,b,10034
10033,f,10034
10035,b,10034
10030,b,10034
10032,b,10034
10032,d,10034
10030,d,10034
10031,f,10034
10032,f,10034
10030,f,10034
10035,c,10035
10035,b,10035
10031,f,10035
10035,f,10035
10034,f,10035
10034,c,10035
10034,b,10035
10031,b,10035
10031,c,10035
10036,b,10035
10032,f,10035
10036,c,10035
10036,f,10035
10033,f,10035
10033,c,10035
10033,b,10035
10032,b,10035
10032,c,10035
10035,f,10036
10036,c,10036
10036,f,10036
10035,c,10036
10036,e,10036
10035,e,10036
10037,e,10036
10034,f,10036
10037,c,10036
10032,e,10036
10033,c,10036
10033,f,10036
10033,e,10036
10034,c,10036
10032,f,10036
10034,e,10036
10032,c,10036
10037,f,10036
10036,f,10037
10036,c,10037
10034,e,10037
10034,f,10037
10034,c,10037
10033,c,10037
10033,f,10037
10038,c,10037
10038,e,10037
10036,e,10037
10037,f,10037
10035,e,10037
10035,f,10037
10035,c,10037
10033,e,10037
10037,c,10037
10038,f,10037
10037,e,10037
10037,b,10038
10038,e,10038
10039,b,10038
10038,b,10038
10038,f,10038
10039,e,10038
10039,f,10038
10037,f,10038
10037,e,10038
10036,f,10038
10035,e,10038
10034,b,10038
10034,f,10038
10036,e,10038
10036,b,10038
10034,e,10038
10035,b,10038
10035,f,10038
10039,f,10039
10040,d,10039
10040,c,10039
10040,f,10039
10038,f,10039
10038,c,10039
10038,d,10039
10039,c,10039
10039,d,10039
10035,c,10039
10037,f,10039
10037,c,10039
10037,d,10039
10035,f,10039
10036,d,10039
10036,c,10039
10036,f,10039
10035,d,10039
10040,b,10040
10040,e,10040
10041,b,10040
10041,e,10040
10039,e,10040
10036,e,10040
10036,b,10040
10039,b,10040
10037,e,10040
10037,b,10040
10038,b,10040
10038,e,10040
10042,c,10041
10042,e,10041
10040,e,10041
10040,c,10041
10037,c,10041
10037,e,10041
10038,c,10041
10041,c,10041
10041,e,10041
10039,e,10041
10039,c,10041
10038,e,10041
10041,f,10042
10041,e,10042
10042,e,10042
10042,f,10042
10043,f,10042
10043,e,10042
10038,e,10042
10040,f,10042
10039,e,10042
10039,f,10042
10038,f,10042
10040,e,10042
10043,f,10043
10042,e,10043
10043,e,10043
10044,c,10043
10044,f,10043
10044,e,10043
10042,f,10043
10042,c,10043
10043,c,10043
10040,f,10043
10039,e,10043
10040,e,10043
10040,c,10043
10041,c,10043
10041,f,10043
10039,f,10043
10039,c,10043
10041,e,10043
10044,e,10044
10044,f,10044
10040,f,10044
10043,e,10044
10043,f,10044
10043,a,10044
10044,a,10044
10040,a,10044
10045,a,10044
10045,f,10044
10040,e,10044
10041,e,10044
10041,f,10044
10041,a,10044
10042,a,10044
10042,f,10044
10045,e,10044
10042,e,10044
10046,d,10045
10045,b,10045
10044,f,10045
10044,d,10045
10044,b,10045
10041,b,10045
10046,b,10045
10045,f,10045
10046,f,10045
10045,d,10045
10041,d,10045
10042,b,10045
10043,f,10045
10043,d,10045
10042,f,10045
10041,f,10045
10043,b,10045
10042,d,10045
10047,f,10046
10045,f,10046
10045,c,10046
10045,b,10046
10042,b,10046
10042,c,10046
10046,f,10046
10042,f,10046
10046,b,10046
10044,f,10046
10044,c,10046
10044,b,10046
10043,b,10046
10043,c,10046
10043,f,10046
10046,c,10046
10047,c,10046
10047,b,10046
10046,e,10047
10043,f,10047
10047,f,10047
10047,e,10047
10048,c,10047
10048,f,10047
10048,e,10047
10047,c,10047
10046,f,10047
10046,c,10047
10044,e,10047
10043,c,10047
10044,c,10047
10044,f,10047
10045,c,10047
10043,e,10047
10045,e,10047
10045,f,10047
10044,e,10048
10048,e,10048
10047,e,10048
10049,e,10048
10046,e,10048
10045,e,10048
10050,d,10050
10049,d,10050
10051,d,10050
10048,d,10050
10047,d,10050
10046,d,10050
10047,f,10051
10049,f,10051
10050,f,10051
10051,f,10051
10048,f,10051
10052,f,10051
10055,c,10054
10055,d,10054
10054,c,10054
10054,d,10054
10053,c,10054
10053,d,10054
10052,c,10054
10052,d,10054
10050,d,10054
10051,c,10054
10050,c,10054
10051,d,10054
10051,f,10055
10055,f,10055
10055,e,10055
10056,b,10055
10056,c,10055
10054,e,10055
10054,f,10055
10054,c,10055
10054,b,10055
10056,f,10055
10056,e,10055
10055,c,10055
10055,b,10055
10052,e,10055
10053,e,10055
10053,f,10055
10053,c,10055
10053,b,10055
10051,b,10055
10051,c,10055
10052,b,10055
10052,c,10055
10051,e,10055
10052,f,10055
10055,c,10056
10056,e,10056
10055,e,10056
10057,e,10056
10057,f,10056
10057,c,10056
10055,f,10056
10056,c,10056
10056,f,10056
10052,f,10056
10052,c,10056
10054,e,10056
10053,c,10056
10053,f,10056
10053,e,10056
10054,f,10056
10054,c,10056
10052,e,10056
10057,f,10057
10057,e,10057
10056,e,10057
10056,f,10057
10053,f,10057
10058,f,10057
10055,e,10057
10055,f,10057
10054,f,10057
10054,e,10057
10058,e,10057
10053,e,10057
10058,b,10058
10058,f,10058
10059,b,10058
10057,f,10058
10057,b,10058
10059,f,10058
10054,f,10058
10055,b,10058
10056,f,10058
10056,b,10058
10054,b,10058
10055,f,10058
10060,f,10059
10060,c,10059
10059,f,10059
10059,c,10059
10058,f,10059
10058,c,10059
10056,f,10059
10055,f,10059
10056,c,10059
10057,c,10059
10055,c,10059
10057,f,10059
10061,e,10060
10060,e,10060
10056,e,10060
10057,e,10060
10058,e,10060
10059,e,10060
10059,c,10062
10061,c,10062
10058,c,10062
10060,c,10062
10063,c,10062
10062,c,10062
10063,e,10063
10062,e,10063
10059,e,10063
10061,e,10063
10060,e,10063
10064,e,10063
10060,f,10064
10062,f,10064
10065,f,10064
10064,f,10064
10063,f,10064
10061,f,10064
10066,a,10065
10064,a,10065
10065,a,10065
10063,a,10065
10061,a,10065
10062,a,10065
10063,d,10066
10066,d,10066
10065,d,10066
10065,b,10066
10066,b,10066
10067,b,10066
10064,d,10066
10064,b,10066
10062,b,10066
10062,d,10066
10067,d,10066
10063,b,10066
10066,f,10067
10067,c,10067
10066,c,10067
10067,f,10067
10068,c,10067
10068,f,10067
10065,f,10067
10065,c,10067
10064,f,10067
10064,c,10067
10063,f,10067
10063,c,10067
10064,e,10068
10066,e,10068
10069,e,10068
10067,e,10068
10068,e,10068
10065,e,10068
10068,f,10069
10069,f,10069
10070,f,10069
10067,f,10069
10066,f,10069
10065,f,10069
10066,f,10070
10068,f,10070
10069,f,10070
10067,f,10070
10070,f,10070
10071,f,10070
10073,e,10073
10072,e,10073
10071,e,10073
10074,e,10073
10070,e,10073
10069,e,10073
10071,f,10074
10072,f,10074
10073,f,10074
10075,f,10074
10074,f,10074
10070,f,10074
10071,c,10075
10072,c,10075
10076,c,10075
10073,c,10075
10075,c,10075
10074,c,10075
10076,e,10076
10075,e,10076
10077,e,10076
10074,e,10076
10073,e,10076
10072,e,10076
10074,f,10077
10077,f,10077
10076,f,10077
10076,a,10077
10077,a,10077
10078,a,10077
10074,a,10077
10078,f,10077
10075,f,10077
10075,a,10077
10073,a,10077
10073,f,10077
10078,d,10078
10077,d,10078
10077,b,10078
10079,b,10078
10078,b,10078
10079,d,10078
10074,b,10078
10074,d,10078
10076,d,10078
10076,b,10078
10075,b,10078
10075,d,10078
10079,f,10079
10080,c,10079
10078,f,10079
10078,c,10079
10075,c,10079
10079,c,10079
10075,f,10079
10077,f,10079
10077,c,10079
10076,c,10079
10076,f,10079
10080,f,10079
10080,c,10080
10080,e,10080
10081,c,10080
10079,e,10080
10079,c,10080
10081,e,10080
10076,c,10080
10077,c,10080
10078,e,10080
10077,e,10080
10076,e,10080
10078,c,10080
10077,e,10081
10081,e,10081
10082,f,10081
10080,e,10081
10080,f,10081
10077,f,10081
10081,f,10081
10079,e,10081
10079,f,10081
10078,f,10081
10078,e,10081
10082,e,10081
10082,f,10082
10082,e,10082
10081,e,10082
10081,f,10082
10083,e,10082
10083,f,10082
10079,f,10082
10080,e,10082
10078,f,10082
10078,e,10082
10080,f,10082
10079,e,10082
10080,f,10083
10081,f,10083
10083,f,10083
10079,f,10083
10082,f,10083
10084,f,10083
10084,c,10084
10083,c,10084
10085,c,10084
10082,c,10084
10080,c,10084
10081,c,10084
10085,b,10085
10085,f,10085
10084,e,10085
10084,f,10085
10084,d,10085
10085,e,10085
10086,e,10085
10086,f,10085
10084,b,10085
10085,d,10085
10086,d,10085
10086,b,10085
10083,e,10085
10081,b,10085
10081,d,10085
10083,f,10085
10083,d,10085
10083,b,10085
10082,e,10085
10081,f,10085
10081,e,10085
10082,b,10085
10082,d,10085
10082,f,10085
10086,c,10086
10086,f,10086
10085,f,10086
10085,c,10086
10083,f,10086
10087,c,10086
10087,f,10086
10084,f,10086
10084,c,10086
10082,c,10086
10082,f,10086
10083,c,10086
10088,e,10087
10087,c,10087
10086,c,10087
10087,e,10087
10088,c,10087
10086,e,10087
10085,c,10087
10084,c,10087
10083,c,10087
10085,e,10087
10083,e,10087
10084,e,10087
10084,f,10088
10088,e,10088
10087,f,10088
10087,e,10088
10089,f,10088
10086,e,10088
10086,f,10088
10084,e,10088
10085,f,10088
10085,e,10088
10088,f,10088
10089,e,10088
10088,a,10089
10088,d,10089
10088,f,10089
10089,f,10089
10089,d,10089
10089,a,10089
10090,a,10089
10090,d,10089
10085,d,10089
10086,f,10089
10085,a,10089
10086,a,10089
10086,d,10089
10090,f,10089
10087,d,10089
10087,a,10089
10085,f,10089
10087,f,10089
10091,b,10090
10091,d,10090
10089,f,10090
10091,f,10090
10089,b,10090
10090,d,10090
10090,f,10090
10090,b,10090
10089,d,10090
10086,b,10090
10086,f,10090
10087,b,10090
10087,d,10090
10087,f,10090
10086,d,10090
10088,d,10090
10088,f,10090
10088,b,10090
10091,c,10091
10091,f,10091
10090,f,10091
10090,c,10091
10088,f,10091
10088,c,10091
10089,c,10091
10087,f,10091
10092,c,10091
10092,f,10091
10089,f,10091
10087,c,10091
10093,e,10092
10092,d,10092
10091,d,10092
10092,e,10092
10091,e,10092
10088,d,10092
10093,d,10092
10090,e,10092
10090,d,10092
10089,d,10092
10089,e,10092
10088,e,10092
10093,a,10093
10093,b,10093
10093,f,10093
10092,f,10093
10092,b,10093
10092,a,10093
10089,a,10093
10089,b,10093
10094,a,10093
10094,b,10093
10094,f,10093
10090,b,10093
10091,f,10093
10091,b,10093
10091,a,10093
10089,f,10093
10090,a,10093
10090,f,10093
10095,c,10094
10095,d,10094
10093,b,10094
10093,d,10094
10094,d,10094
10093,f,10094
10094,b,10094
10095,b,10094
10094,f,10094
10094,c,10094
10093,c,10094
10095,f,10094
10092,c,10094
10090,b,10094
10091,d,10094
10091,b,10094
10091,c,10094
10092,b,10094
10092,d,10094
10091,f,10094
10092,f,10094
10090,c,10094
10090,d,10094
10090,f,10094
10096,c,10095
10096,f,10095
10094,e,10095
10094,f,10095
10094,c,10095
10095,c,10095
10091,c,10095
10095,e,10095
10091,f,10095
10091,e,10095
10096,e,10095
10093,e,10095
10093,f,10095
10093,c,10095
10092,c,10095
10092,f,10095
10092,e,10095
10095,f,10095
10096,f,10096
10096,e,10096
10095,e,10096
10097,f,10096
10092,f,10096
10094,f,10096
10094,e,10096
10092,e,10096
10093,e,10096
10093,f,10096
10097,e,10096
10095,f,10096
10095,f,10097
10094,f,10097
10093,f,10097
10096,f,10097
10098,f,10097
10097,f,10097
10100,c,10099
10098,c,10099
10099,c,10099
10097,c,10099
10096,c,10099
10095,c,10099
10097,e,10100
10101,e,10100
10099,e,10100
10100,e,10100
10098,e,10100
10096,e,10100
10098,f,10101
10098,a,10101
10100,f,10101
10100,a,10101
10097,f,10101
10097,a,10101
10101,a,10101
10101,f,10101
10099,f,10101
10099,a,10101
10102,f,10101
10102,a,10101
10101,b,10102
10101,d,10102
10102,b,10102
10103,d,10102
10102,d,10102
10100,b,10102
10100,d,10102
10103,b,10102
10099,d,10102
10099,b,10102
10098,d,10102
10098,b,10102
10102,c,10103
10102,e,10103
10104,f,10103
10103,e,10103
10103,f,10103
10104,c,10103
10102,f,10103
10104,e,10103
10103,c,10103
10100,c,10103
10101,e,10103
10101,f,10103
10101,c,10103
10099,c,10103
10099,f,10103
10100,e,10103
10100,f,10103
10099,e,10103
10103,c,10104
10103,f,10104
10104,f,10104
10105,e,10104
10104,c,10104
10105,f,10104
10104,e,10104
10103,e,10104
10105,c,10104
10101,e,10104
10101,f,10104
10102,e,10104
10102,f,10104
10100,c,10104
10100,f,10104
10102,c,10104
10100,e,10104
10101,c,10104
10105,f,10105
10106,e,10105
10104,e,10105
10104,f,10105
10102,e,10105
10105,e,10105
10101,f,10105
10101,e,10105
10103,e,10105
10103,f,10105
10102,f,10105
10106,f,10105
10107,f,10106
10106,f,10106
10103,f,10106
10105,f,10106
10104,f,10106
10102,f,10106
10108,d,10109
10105,d,10109
10110,d,10109
10109,d,10109
10107,d,10109
10106,d,10109
10111,a,10110
10110,d,10110
10110,a,10110
10111,d,10110
10109,f,10110
10109,d,10110
10111,f,10110
10110,f,10110
10108,f,10110
10109,a,10110
10107,f,10110
10106,a,10110
10106,d,10110
10106,f,10110
10108,a,10110
10107,a,10110
10107,d,10110
10108,d,10110
10111,f,10111
10112,b,10111
10110,f,10111
10110,d,10111
10110,b,10111
10111,b,10111
10108,b,10111
10112,f,10111
10108,d,10111
10108,f,10111
10112,d,10111
10107,f,10111
10107,d,10111
10111,d,10111
10109,b,10111
10109,d,10111
10109,f,10111
10107,b,10111
10111,f,10112
10111,c,10112
10112,f,10112
10113,c,10112
10112,c,10112
10113,f,10112
10110,f,10112
10110,c,10112
10108,f,10112
10109,c,10112
10109,f,10112
10108,c,10112
10114,e,10113
10109,e,10113
10111,e,10113
10110,e,10113
10112,e,10113
10113,e,10113
10114,b,10114
10113,f,10114
10110,f,10114
10115,b,10114
10113,b,10114
10115,f,10114
10114,f,10114
10110,b,10114
10111,b,10114
10112,f,10114
10112,b,10114
10111,f,10114
10116,c,10115
10115,c,10115
10115,f,10115
10116,b,10115
10114,f,10115
10114,c,10115
10114,b,10115
10111,b,10115
10111,c,10115
10112,f,10115
10115,b,10115
10113,f,10115
10113,c,10115
10113,b,10115
10111,f,10115
10112,b,10115
10112,c,10115
10116,f,10115
10116,c,10116
10116,f,10116
10116,e,10116
10115,e,10116
10115,f,10116
10115,c,10116
10117,c,10116
10117,f,10116
10117,e,10116
10114,e,10116
10112,f,10116
10112,c,10116
10114,f,10116
10113,c,10116
10114,c,10116
10113,f,10116
10112,e,10116
10113,e,10116
10117,f,10117
10117,e,10117
10116,e,10117
10116,f,10117
10114,e,10117
10118,f,10117
10118,e,10117
10115,e,10117
10115,f,10117
10114,f,10117
10113,e,10117
10113,f,10117
10117,f,10118
10118,f,10118
10119,f,10118
10114,f,10118
10116,f,10118
10115,f,10118
10116,a,10119
10117,a,10119
10120,a,10119
10115,a,10119
10119,a,10119
10118,a,10119
10120,b,10120
10119,d,10120
10119,b,10120
10121,b,10120
10121,d,10120
10120,d,10120
10116,d,10120
10118,d,10120
10118,b,10120
10116,b,10120
10117,b,10120
10117,d,10120
10118,c,10121
10122,f,10121
10122,c,10121
10121,f,10121
10121,c,10121
10120,f,10121
10120,c,10121
10118,f,10121
10117,f,10121
10117,c,10121
10119,f,10121
10119,c,10121
10123,e,10122
10118,e,10122
10119,e,10122
10119,b,10122
10120,b,10122
10120,e,10122
10122,b,10122
10118,b,10122
10121,e,10122
10121,b,10122
10122,e,10122
10123,b,10122
10122,b,10123
10122,c,10123
10122,f,10123
10123,f,10123
10123,c,10123
10123,b,10123
10124,b,10123
10124,c,10123
10119,c,10123
10120,f,10123
10119,b,10123
10120,b,10123
10120,c,10123
10124,f,10123
10121,c,10123
10121,b,10123
10119,f,10123
10121,f,10123
10125,c,10124
10125,f,10124
10123,e,10124
10123,c,10124
10125,e,10124
10124,f,10124
10124,e,10124
10124,c,10124
10123,f,10124
10120,e,10124
10122,e,10124
10122,f,10124
10122,c,10124
10120,c,10124
10120,f,10124
10121,c,10124
10121,f,10124
10121,e,10124
10126,e,10125
10125,e,10125
10125,f,10125
10124,e,10125
10124,f,10125
10122,e,10125
10121,e,10125
10122,f,10125
10123,f,10125
10123,e,10125
10121,f,10125
10126,f,10125
10127,f,10126
10124,f,10126
10123,f,10126
10126,f,10126
10125,f,10126
10122,f,10126
10126,e,10127
10126,d,10127
10128,e,10127
10127,e,10127
10127,d,10127
10127,b,10127
10126,b,10127
10125,d,10127
10128,b,10127
10123,b,10127
10125,e,10127
10125,b,10127
10128,d,10127
10123,d,10127
10124,e,10127
10123,e,10127
10124,b,10127
10124,d,10127
10128,c,10128
10127,f,10128
10127,c,10128
10128,f,10128
10129,c,10128
10125,f,10128
10125,c,10128
10126,f,10128
10126,c,10128
10124,c,10128
10124,f,10128
10129,f,10128
10128,c,10129
10128,a,10129
10129,c,10129
10129,e,10129
10130,a,10129
10130,c,10129
10130,e,10129
10129,a,10129
10128,e,10129
10126,e,10129
10126,c,10129
10126,a,10129
10127,e,10129
10127,c,10129
10127,a,10129
10125,e,10129
10125,c,10129
10125,a,10129
10127,d,10130
10129,a,10130
10129,b,10130
10129,d,10130
10129,f,10130
10129,e,10130
10130,a,10130
10130,b,10130
10130,d,10130
10130,f,10130
10130,e,10130
10131,a,10130
10131,b,10130
10131,d,10130
10131,e,10130
10127,b,10130
10126,a,10130
10126,b,10130
10131,f,10130
10126,f,10130
10126,d,10130
10128,a,10130
10128,b,10130
10127,a,10130
10128,d,10130
10128,f,10130
10126,e,10130
10127,e,10130
10127,f,10130
10128,e,10130
10127,b,10131
10127,d,10131
10127,c,10131
10132,d,10131
10132,f,10131
10130,f,10131
10130,c,10131
10130,d,10131
10130,b,10131
10131,b,10131
10131,d,10131
10127,f,10131
10132,b,10131
10132,c,10131
10131,f,10131
10128,f,10131
10128,c,10131
10128,d,10131
10128,b,10131
10129,b,10131
10129,f,10131
10129,c,10131
10131,c,10131
10129,d,10131
10131,c,10132
10132,c,10132
10128,e,10132
10133,e,10132
10133,f,10132
10133,c,10132
10132,e,10132
10132,f,10132
10131,f,10132
10131,e,10132
10128,f,10132
10129,c,10132
10129,f,10132
10129,e,10132
10130,e,10132
10130,f,10132
10130,c,10132
10128,c,10132
10134,f,10133
10134,e,10133
10132,e,10133
10132,f,10133
10129,e,10133
10133,f,10133
10130,f,10133
10131,e,10133
10131,f,10133
10130,e,10133
10129,f,10133
10133,e,10133
10134,f,10134
10135,f,10134
10130,f,10134
10132,f,10134
10131,f,10134
10133,f,10134
10133,a,10136
10132,a,10136
10134,a,10136
10137,a,10136
10135,a,10136
10136,a,10136
10138,b,10137
10137,d,10137
10136,b,10137
10137,b,10137
10138,d,10137
10136,d,10137
10134,d,10137
10133,b,10137
10135,d,10137
10135,b,10137
10133,d,10137
10134,b,10137
10135,f,10138
10139,c,10138
10137,f,10138
10137,c,10138
10135,c,10138
10138,c,10138
10134,c,10138
10136,f,10138
10136,c,10138
10134,f,10138
10139,f,10138
10138,f,10138
10139,f,10139
10139,e,10139
10138,e,10139
10138,f,10139
10140,f,10139
10140,e,10139
10136,f,10139
10137,e,10139
10137,f,10139
10136,e,10139
10135,e,10139
10135,f,10139
10138,f,10140
10136,f,10140
10139,f,10140
10137,f,10140
10141,f,10140
10140,f,10140
10142,a,10142
10141,a,10142
10140,a,10142
10143,a,10142
10138,a,10142
10139,a,10142
10140,b,10143
10143,d,10143
10142,d,10143
10142,b,10143
10141,d,10143
10144,b,10143
10139,b,10143
10139,d,10143
10144,d,10143
10143,b,10143
10141,b,10143
10140,d,10143
10144,f,10144
10143,f,10144
10144,c,10144
10143,c,10144
10141,f,10144
10142,f,10144
10142,c,10144
10145,f,10144
10141,c,10144
10140,f,10144
10140,c,10144
10145,c,10144
10142,e,10145
10141,e,10145
10143,e,10145
10146,e,10145
10144,e,10145
10145,e,10145
10147,f,10146
10146,f,10146
10145,f,10146
10144,f,10146
10143,f,10146
10142,f,10146
10144,e,10147
10143,e,10147
10145,e,10147
10148,e,10147
10146,e,10147
10147,e,10147
10144,f,10148
10147,f,10148
10149,f,10148
10146,f,10148
10145,f,10148
10148,f,10148
10148,f,10149
10150,f,10149
10149,f,10149
10147,f,10149
10145,f,10149
10146,f,10149
10150,a,10150
10149,c,10150
10150,c,10150
10149,a,10150
10148,c,10150
10151,c,10150
10147,c,10150
10147,a,10150
10146,a,10150
10146,c,10150
10151,a,10150
10148,a,10150
10147,e,10151
10151,b,10151
10151,d,10151
10151,e,10151
10150,e,10151
10150,d,10151
10150,b,10151
10152,b,10151
10152,d,10151
10149,e,10151
10149,d,10151
10149,b,10151
10147,b,10151
10147,d,10151
10148,e,10151
10148,d,10151
10152,e,10151
10148,b,10151
10152,c,10152
10152,f,10152
10151,f,10152
10151,c,10152
10153,c,10152
10153,f,10152
10150,f,10152
10150,c,10152
10148,c,10152
10149,f,10152
10149,c,10152
10148,f,10152
10150,e,10153
10154,e,10153
10154,f,10153
10153,e,10153
10152,e,10153
10152,f,10153
10153,f,10153
10149,e,10153
10149,f,10153
10150,f,10153
10151,f,10153
10151,e,10153
10155,f,10154
10154,f,10154
10150,f,10154
10151,f,10154
10152,f,10154
10153,f,10154
10153,d,10157
10156,d,10157
10154,d,10157
10155,d,10157
10158,d,10157
10157,d,10157
10159,a,10158
10158,f,10158
10158,a,10158
10157,f,10158
10157,a,10158
10159,f,10158
10154,a,10158
10156,a,10158
10154,f,10158
10155,a,10158
10156,f,10158
10155,f,10158
10159,d,10159
10160,b,10159
10160,d,10159
10158,d,10159
10158,b,10159
10156,b,10159
10157,d,10159
10157,b,10159
10155,b,10159
10155,d,10159
10156,d,10159
10159,b,10159
10160,f,10160
10161,c,10160
10161,f,10160
10159,f,10160
10160,c,10160
10159,c,10160
10156,f,10160
10157,f,10160
10158,c,10160
10158,f,10160
10156,c,10160
10157,c,10160
10161,e,10161
10159,e,10161
10158,e,10161
10157,e,10161
10160,e,10161
10162,e,10161
10163,f,10162
10161,f,10162
10162,f,10162
10163,d,10162
10161,d,10162
10158,f,10162
10160,f,10162
10159,f,10162
10159,d,10162
10162,d,10162
10158,d,10162
10160,d,10162
10164,f,10163
10163,f,10163
10164,b,10163
10162,f,10163
10162,b,10163
10163,b,10163
10160,f,10163
10161,f,10163
10161,b,10163
10159,b,10163
10159,f,10163
10160,b,10163
10161,f,10164
10164,f,10164
10164,c,10164
10165,f,10164
10163,c,10164
10163,f,10164
10160,f,10164
10161,c,10164
10162,c,10164
10162,f,10164
10160,c,10164
10165,c,10164
10166,e,10165
10163,e,10165
10162,e,10165
10161,e,10165
10164,e,10165
10165,e,10165
10166,a,10166
10165,a,10166
10167,f,10166
10167,a,10166
10166,f,10166
10165,f,10166
10164,a,10166
10162,f,10166
10164,f,10166
10163,a,10166
10163,f,10166
10162,a,10166
10167,b,10167
10167,d,10167
10167,c,10167
10166,c,10167
10166,d,10167
10166,b,10167
10163,b,10167
10168,b,10167
10168,c,10167
10164,c,10167
10165,c,10167
10165,d,10167
10165,b,10167
10163,d,10167
10163,c,10167
10164,b,10167
10164,d,10167
10168,d,10167
10168,f,10168
10168,e,10168
10167,e,10168
10167,f,10168
10167,c,10168
10169,c,10168
10169,e,10168
10168,c,10168
10169,f,10168
10165,e,10168
10164,e,10168
10165,c,10168
10165,f,10168
10164,f,10168
10164,c,10168
10166,f,10168
10166,e,10168
10166,c,10168
10167,f,10169
10166,e,10169
10169,f,10169
10169,e,10169
10170,f,10169
10168,e,10169
10168,f,10169
10170,e,10169
10165,f,10169
10165,e,10169
10167,e,10169
10166,f,10169
10170,f,10170
10169,e,10170
10169,f,10170
10170,e,10170
10166,e,10170
10166,f,10170
10171,f,10170
10171,e,10170
10167,f,10170
10167,e,10170
10168,f,10170
10168,e,10170
10172,f,10171
10167,f,10171
10170,f,10171
10168,f,10171
10171,f,10171
10169,f,10171
10172,f,10172
10171,e,10172
10171,f,10172
10172,e,10172
10173,e,10172
10173,f,10172
10170,f,10172
10169,e,10172
10170,e,10172
10168,f,10172
10168,e,10172
10169,f,10172
10173,c,10173
10174,f,10173
10172,f,10173
10172,c,10173
10173,f,10173
10174,c,10173
10171,f,10173
10171,c,10173
10169,c,10173
10169,f,10173
10170,c,10173
10170,f,10173
10175,e,10174
10174,e,10174
10174,d,10174
10175,d,10174
10170,e,10174
10172,d,10174
10173,d,10174
10170,d,10174
10172,e,10174
10171,e,10174
10171,d,10174
10173,e,10174
10179,d,10178
10177,d,10178
10176,d,10178
10178,d,10178
10175,d,10178
10174,d,10178
10180,f,10179
10178,f,10179
10179,f,10179
10177,f,10179
10176,f,10179
10175,f,10179
10178,b,10181
10180,b,10181
10182,b,10181
10181,b,10181
10179,b,10181
10177,b,10181
10181,c,10182
10183,f,10182
10181,e,10182
10183,e,10182
10183,c,10182
10182,c,10182
10181,f,10182
10180,e,10182
10180,c,10182
10182,f,10182
10179,e,10182
10179,f,10182
10179,c,10182
10178,e,10182
10178,f,10182
10178,c,10182
10180,f,10182
10182,e,10182
10183,e,10183
10183,f,10183
10184,f,10183
10184,e,10183
10182,e,10183
10182,f,10183
10179,f,10183
10181,e,10183
10181,f,10183
10179,e,10183
10180,e,10183
10180,f,10183
10184,f,10184
10185,f,10184
10181,f,10184
10180,f,10184
10182,f,10184
10183,f,10184
10186,b,10187
10188,b,10187
10188,c,10187
10185,c,10187
10185,b,10187
10186,c,10187
10187,b,10187
10184,c,10187
10184,b,10187
10183,c,10187
10183,b,10187
10187,c,10187
10189,f,10188
10188,e,10188
10188,f,10188
10188,c,10188
10189,e,10188
10187,e,10188
10187,f,10188
10187,c,10188
10189,c,10188
10185,c,10188
10184,c,10188
10184,e,10188
10185,f,10188
10185,e,10188
10186,e,10188
10186,f,10188
10186,c,10188
10184,f,10188
10185,f,10189
10185,e,10189
10188,e,10189
10190,f,10189
10189,f,10189
10190,e,10189
10187,e,10189
10187,f,10189
10186,f,10189
10186,e,10189
10189,e,10189
10188,f,10189
10189,b,10190
10189,e,10190
10190,e,10190
10190,f,10190
10190,b,10190
10189,f,10190
10191,b,10190
10186,f,10190
10191,e,10190
10188,e,10190
10188,f,10190
10186,b,10190
10187,e,10190
10187,f,10190
10187,b,10190
10186,e,10190
10191,f,10190
10188,b,10190
10192,f,10191
10191,f,10191
10192,c,10191
10190,f,10191
10190,c,10191
10191,c,10191
10189,f,10191
10189,c,10191
10187,c,10191
10187,f,10191
10188,c,10191
10188,f,10191
10191,b,10192
10192,e,10192
10192,b,10192
10191,e,10192
10193,e,10192
10188,b,10192
10193,b,10192
10189,e,10192
10189,b,10192
10190,e,10192
10190,b,10192
10188,e,10192
10189,c,10193
10193,f,10193
10194,c,10193
10194,f,10193
10193,c,10193
10191,f,10193
10191,c,10193
10190,c,10193
10190,f,10193
10189,f,10193
10192,c,10193
10192,f,10193
10194,e,10194
10194,c,10194
10193,c,10194
10193,e,10194
10192,c,10194
10195,c,10194
10190,c,10194
10192,e,10194
10195,e,10194
10190,e,10194
10191,c,10194
10191,e,10194
10195,f,10195
10195,e,10195
10194,e,10195
10194,f,10195
10191,f,10195
10196,f,10195
10193,e,10195
10193,f,10195
10191,e,10195
10192,f,10195
10192,e,10195
10196,e,10195
10197,f,10196
10195,e,10196
10195,f,10196
10196,b,10196
10196,f,10196
10197,e,10196
10196,e,10196
10197,b,10196
10195,b,10196
10193,e,10196
10192,b,10196
10192,f,10196
10194,e,10196
10194,f,10196
10194,b,10196
10192,e,10196
10193,b,10196
10193,f,10196
10197,d,10197
10194,f,10197
10198,c,10197
10198,f,10197
10196,f,10197
10196,c,10197
10196,d,10197
10198,d,10197
10193,d,10197
10195,f,10197
10195,c,10197
10195,d,10197
10193,c,10197
10193,f,10197
10194,d,10197
10194,c,10197
10197,c,10197
10197,f,10197
10198,f,10198
10198,e,10198
10199,f,10198
10197,e,10198
10197,f,10198
10199,e,10198
10194,f,10198
10196,e,10198
10196,f,10198
10195,e,10198
10194,e,10198
10195,f,10198
10197,f,10199
10200,f,10199
10196,f,10199
10195,f,10199
10198,f,10199
10199,f,10199
10196,b,10200
10201,b,10200
10199,b,10200
10200,b,10200
10198,b,10200
10197,b,10200
10198,c,10201
10199,c,10201
10197,c,10201
10200,c,10201
10201,c,10201
10202,c,10201
10199,e,10202
10200,e,10202
10203,e,10202
10201,e,10202
10198,e,10202
10202,e,10202
10204,f,10203
10203,f,10203
10201,f,10203
10200,f,10203
10199,f,10203
10202,f,10203
10202,e,10206
10203,e,10206
10204,e,10206
10207,e,10206
10205,e,10206
10206,e,10206
10206,f,10207
10208,f,10207
10207,f,10207
10205,f,10207
10204,f,10207
10203,f,10207
10206,b,10209
10207,b,10209
10210,b,10209
10209,b,10209
10205,b,10209
10208,b,10209
10210,f,10210
10210,c,10210
10209,f,10210
10211,c,10210
10208,f,10210
10209,c,10210
10211,f,10210
10206,c,10210
10207,f,10210
10206,f,10210
10207,c,10210
10208,c,10210
10211,c,10211
10211,f,10211
10211,e,10211
10212,c,10211
10210,e,10211
10210,f,10211
10210,c,10211
10212,f,10211
10207,e,10211
10212,e,10211
10208,c,10211
10209,e,10211
10209,f,10211
10209,c,10211
10207,c,10211
10207,f,10211
10208,f,10211
10208,e,10211
10211,d,10212
10211,f,10212
10212,d,10212
10213,e,10212
10212,f,10212
10213,d,10212
10212,e,10212
10211,e,10212
10213,f,10212
10210,e,10212
10208,d,10212
10208,e,10212
10210,f,10212
10209,d,10212
10209,f,10212
10209,e,10212
10210,d,10212
10208,f,10212
10213,f,10213
10213,e,10213
10212,e,10213
10209,f,10213
10212,f,10213
10214,f,10213
10211,e,10213
10211,f,10213
10214,e,10213
10210,f,10213
10210,e,10213
10209,e,10213
10215,c,10214
10213,f,10214
10213,c,10214
10215,f,10214
10210,c,10214
10212,f,10214
10212,c,10214
10210,f,10214
10211,f,10214
10211,c,10214
10214,c,10214
10214,f,10214
10216,e,10215
10215,e,10215
10211,e,10215
10214,e,10215
10213,e,10215
10212,e,10215
10218,f,10217
10217,f,10217
10216,f,10217
10214,f,10217
10215,f,10217
10213,f,10217
10220,e,10221
10218,e,10221
10222,e,10221
10219,e,10221
10221,e,10221
10217,e,10221
10221,f,10222
10222,f,10222
10220,f,10222
10219,f,10222
10218,f,10222
10223,f,10222
10219,b,10223
10221,b,10223
10224,b,10223
10223,b,10223
10222,b,10223
10220,b,10223
10225,f,10224
10225,c,10224
10224,f,10224
10224,c,10224
10223,f,10224
10223,c,10224
10221,f,10224
10222,f,10224
10222,c,10224
10220,c,10224
10220,f,10224
10221,c,10224
10222,e,10225
10225,e,10225
10224,e,10225
10226,e,10225
10221,e,10225
10223,e,10225
10226,f,10226
10227,f,10226
10223,f,10226
10225,f,10226
10222,f,10226
10224,f,10226
10229,e,10228
10226,e,10228
10227,e,10228
10225,e,10228
10224,e,10228
10228,e,10228
10230,b,10229
10230,d,10229
10229,b,10229
10228,b,10229
10228,f,10229
10228,d,10229
10230,f,10229
10229,f,10229
10229,d,10229
10225,d,10229
10227,f,10229
10227,d,10229
10227,b,10229
10225,f,10229
10226,b,10229
10226,d,10229
10226,f,10229
10225,b,10229
10230,c,10230
10230,f,10230
10229,f,10230
10229,c,10230
10227,c,10230
10228,f,10230
10228,c,10230
10226,c,10230
10226,f,10230
10227,f,10230
10231,c,10230
10231,f,10230
10230,e,10231
10231,a,10231
10231,e,10231
10232,a,10231
10232,e,10231
10230,a,10231
10229,e,10231
10229,a,10231
10227,a,10231
10227,e,10231
10228,a,10231
10228,e,10231
10231,d,10232
10233,f,10232
10232,f,10232
10232,d,10232
10232,b,10232
10231,f,10232
10231,b,10232
10228,b,10232
10228,d,10232
10233,b,10232
10230,b,10232
10229,f,10232
10230,f,10232
10230,d,10232
10229,d,10232
10233,d,10232
10229,b,10232
10228,f,10232
10233,c,10233
10233,f,10233
10232,f,10233
10232,c,10233
10229,f,10233
10234,c,10233
10234,f,10233
10231,f,10233
10231,c,10233
10229,c,10233
10230,c,10233
10230,f,10233
10234,b,10234
10234,e,10234
10233,e,10234
10235,b,10234
10235,e,10234
10233,b,10234
10232,e,10234
10232,b,10234
10230,b,10234
10230,e,10234
10231,b,10234
10231,e,10234
10232,f,10235
10236,f,10235
10236,c,10235
10235,f,10235
10234,f,10235
10234,c,10235
10235,c,10235
10231,f,10235
10233,f,10235
10233,c,10235
10232,c,10235
10231,c,10235
10234,e,10236
10237,e,10236
10233,e,10236
10236,e,10236
10235,e,10236
10232,e,10236
10237,f,10237
10236,f,10237
10238,f,10237
10235,f,10237
10234,f,10237
10233,f,10237
10235,c,10238
10238,c,10238
10234,c,10238
10236,c,10238
10239,c,10238
10237,c,10238
10239,e,10239
10238,e,10239
10238,f,10239
10240,e,10239
10240,f,10239
10239,f,10239
10237,e,10239
10235,f,10239
10236,f,10239
10236,e,10239
10235,e,10239
10237,f,10239
10237,f,10240
10236,f,10240
10239,f,10240
10240,f,10240
10241,f,10240
10238,f,10240
10239,d,10243
10240,d,10243
10241,d,10243
10244,d,10243
10242,d,10243
10243,d,10243
10243,f,10244
10244,f,10244
10245,f,10244
10242,f,10244
10241,f,10244
10240,f,10244
10243,f,10246
10244,f,10246
10245,f,10246
10246,f,10246
10247,f,10246
10242,f,10246
10250,c,10250
10249,c,10250
10248,c,10250
10251,c,10250
10247,c,10250
10246,c,10250
10247,b,10251
10251,e,10251
10250,e,10251
10250,b,10251
10251,b,10251
10252,b,10251
10247,e,10251
10252,e,10251
10249,e,10251
10249,b,10251
10248,b,10251
10248,e,10251
10252,f,10252
10253,c,10252
10251,f,10252
10251,c,10252
10252,c,10252
10253,f,10252
10248,f,10252
10250,f,10252
10250,c,10252
10248,c,10252
10249,f,10252
10249,c,10252
10254,e,10253
10252,e,10253
10253,e,10253
10250,e,10253
10251,e,10253
10249,e,10253
10252,f,10254
10255,f,10254
10254,f,10254
10251,f,10254
10250,f,10254
10253,f,10254
10255,a,10255
10254,a,10255
10256,a,10255
10251,a,10255
10252,a,10255
10253,a,10255
10253,b,10256
10256,d,10256
10256,e,10256
10255,e,10256
10255,d,10256
10255,b,10256
10257,b,10256
10257,d,10256
10257,e,10256
10253,d,10256
10254,d,10256
10254,b,10256
10252,b,10256
10252,d,10256
10252,e,10256
10253,e,10256
10254,e,10256
10256,b,10256
10257,c,10257
10256,d,10257
10258,d,10257
10256,f,10257
10258,f,10257
10257,d,10257
10256,c,10257
10258,c,10257
10257,f,10257
10254,f,10257
10253,d,10257
10255,f,10257
10255,c,10257
10255,d,10257
10253,c,10257
10253,f,10257
10254,d,10257
10254,c,10257
10259,f,10258
10257,e,10258
10257,f,10258
10255,e,10258
10254,f,10258
10254,e,10258
10259,e,10258
10256,e,10258
10256,f,10258
10255,f,10258
10258,e,10258
10258,f,10258
10259,f,10259
10255,f,10259
10258,f,10259
10257,f,10259
10256,f,10259
10260,f,10259
10258,c,10260
10261,c,10260
10257,c,10260
10260,c,10260
10256,c,10260
10259,c,10260
10262,e,10261
10261,e,10261
10260,e,10261
10259,e,10261
10258,e,10261
10257,e,10261
10262,f,10262
10259,f,10262
10258,f,10262
10260,f,10262
10263,f,10262
10261,f,10262
10263,c,10263
10263,b,10263
10262,c,10263
10262,b,10263
10259,b,10263
10259,c,10263
10264,b,10263
10261,b,10263
10264,c,10263
10260,b,10263
10260,c,10263
10261,c,10263
10264,c,10264
10264,f,10264
10264,e,10264
10263,e,10264
10263,f,10264
10263,c,10264
10260,c,10264
10265,c,10264
10261,c,10264
10262,e,10264
10262,f,10264
10262,c,10264
10260,f,10264
10260,e,10264
10261,e,10264
10261,f,10264
10265,e,10264
10265,f,10264
10265,f,10265
10265,e,10265
10264,e,10265
10264,f,10265
10266,e,10265
10266,f,10265
10261,f,10265
10263,e,10265
10263,f,10265
10261,e,10265
10262,f,10265
10262,e,10265
10266,f,10266
10267,b,10266
10265,f,10266
10265,b,10266
10262,b,10266
10262,f,10266
10266,b,10266
10267,f,10266
10264,f,10266
10264,b,10266
10263,b,10266
10263,f,10266
10267,c,10267
10267,f,10267
10268,b,10267
10268,c,10267
10266,f,10267
10266,c,10267
10266,b,10267
10268,f,10267
10267,b,10267
10263,c,10267
10263,f,10267
10263,b,10267
10264,c,10267
10264,f,10267
10265,f,10267
10265,c,10267
10265,b,10267
10264,b,10267
10267,e,10268
10267,f,10268
10267,c,10268
10264,c,10268
10269,c,10268
10264,e,10268
10264,f,10268
10268,c,10268
10266,e,10268
10266,f,10268
10266,c,10268
10265,c,10268
10265,f,10268
10265,e,10268
10268,f,10268
10268,e,10268
10269,e,10268
10269,f,10268
10265,e,10269
10269,f,10269
10269,e,10269
10270,d,10269
10270,f,10269
10270,e,10269
10269,d,10269
10268,e,10269
10265,f,10269
10268,f,10269
10268,d,10269
10267,e,10269
10267,f,10269
10267,d,10269
10266,e,10269
10266,f,10269
10266,d,10269
10265,d,10269
10268,c,10272
10273,e,10272
10273,c,10272
10272,e,10272
10272,c,10272
10271,c,10272
10270,e,10272
10271,e,10272
10269,e,10272
10270,c,10272
10268,e,10272
10269,c,10272
10273,f,10273
10273,e,10273
10272,e,10273
10272,f,10273
10269,f,10273
10270,f,10273
10274,e,10273
10271,e,10273
10271,f,10273
10270,e,10273
10269,e,10273
10274,f,10273
10274,f,10274
10275,f,10274
10273,f,10274
10272,f,10274
10270,f,10274
10271,f,10274
10275,e,10275
10276,e,10275
10271,e,10275
10274,e,10275
10272,e,10275
10273,e,10275
10272,d,10276
10273,f,10276
10273,d,10276
10277,d,10276
10277,f,10276
10274,d,10276
10274,f,10276
10276,d,10276
10275,f,10276
10275,d,10276
10276,f,10276
10272,f,10276
10276,f,10277
10278,b,10277
10277,f,10277
10277,b,10277
10276,b,10277
10278,f,10277
10273,f,10277
10273,b,10277
10275,b,10277
10274,f,10277
10274,b,10277
10275,f,10277
10278,c,10278
10277,f,10278
10277,c,10278
10277,a,10278
10278,f,10278
10279,a,10278
10279,c,10278
10279,f,10278
10278,a,10278
10275,f,10278
10275,a,10278
10274,f,10278
10276,f,10278
10276,c,10278
10276,a,10278
10274,c,10278
10275,c,10278
10274,a,10278
10276,e,10279
10278,a,10279
10278,b,10279
10278,d,10279
10278,e,10279
10279,b,10279
10279,d,10279
10279,e,10279
10276,b,10279
10280,a,10279
10280,b,10279
10280,d,10279
10280,e,10279
10279,a,10279
10275,a,10279
10276,d,10279
10277,b,10279
10277,a,10279
10275,b,10279
10275,d,10279
10275,e,10279
10277,e,10279
10276,a,10279
10277,d,10279
10280,f,10280
10276,d,10280
10279,c,10280
10279,d,10280
10279,b,10280
10280,c,10280
10280,d,10280
10276,f,10280
10276,c,10280
10281,d,10280
10281,b,10280
10279,f,10280
10276,b,10280
10281,f,10280
10277,f,10280
10277,c,10280
10281,c,10280
10277,b,10280
10278,b,10280
10278,d,10280
10277,d,10280
10278,f,10280
10278,c,10280
10280,b,10280
10282,b,10281
10281,e,10281
10281,f,10281
10280,e,10281
10280,f,10281
10280,c,10281
10280,b,10281
10281,c,10281
10281,b,10281
10282,c,10281
10282,f,10281
10282,e,10281
10277,f,10281
10279,b,10281
10278,c,10281
10277,e,10281
10279,c,10281
10278,b,10281
10277,b,10281
10278,f,10281
10277,c,10281
10279,f,10281
10279,e,10281
10278,e,10281
10282,c,10282
10282,e,10282
10281,e,10282
10283,c,10282
10281,f,10282
10283,f,10282
10283,e,10282
10282,f,10282
10281,c,10282
10278,f,10282
10279,e,10282
10279,f,10282
10279,c,10282
10280,c,10282
10278,c,10282
10280,e,10282
10280,f,10282
10278,e,10282
10280,f,10283
10284,e,10283
10283,e,10283
10281,e,10283
10281,f,10283
10282,f,10283
10282,e,10283
10284,f,10283
10279,f,10283
10283,f,10283
10280,e,10283
10279,e,10283
10284,f,10284
10285,f,10284
10283,f,10284
10281,f,10284
10280,f,10284
10282,f,10284
10294,e,10294
10295,e,10294
10292,e,10294
10293,e,10294
10290,e,10294
10291,e,10294
10291,a,10295
10295,a,10295
10294,f,10295
10294,a,10295
10295,f,10295
10291,f,10295
10296,a,10295
10293,f,10295
10293,a,10295
10292,f,10295
10292,a,10295
10296,f,10295
10295,d,10296
10295,b,10296
10296,b,10296
10296,d,10296
10297,d,10296
10297,b,10296
10294,d,10296
10294,b,10296
10292,b,10296
10292,d,10296
10293,b,10296
10293,d,10296
10294,e,10297
10297,c,10297
10297,f,10297
10297,e,10297
10296,e,10297
10296,f,10297
10296,c,10297
10294,f,10297
10298,c,10297
10298,e,10297
10295,e,10297
10295,f,10297
10295,c,10297
10293,c,10297
10293,f,10297
10293,e,10297
10294,c,10297
10298,f,10297
10298,f,10298
10299,e,10298
10297,e,10298
10297,f,10298
10298,e,10298
10299,f,10298
10296,e,10298
10295,f,10298
10294,f,10298
10294,e,10298
10296,f,10298
10295,e,10298
10295,b,10299
10295,f,10299
10298,b,10299
10298,f,10299
10300,b,10299
10297,f,10299
10297,b,10299
10300,f,10299
10296,b,10299
10296,f,10299
10299,b,10299
10299,f,10299
10299,d,10300
10299,c,10300
10299,f,10300
10300,f,10300
10300,c,10300
10300,d,10300
10301,d,10300
10301,c,10300
10296,c,10300
10298,c,10300
10296,d,10300
10297,d,10300
10298,f,10300
10297,c,10300
10296,f,10300
10298,d,10300
10301,f,10300
10297,f,10300
10300,a,10301
10301,a,10301
10301,e,10301
10302,e,10301
10300,e,10301
10301,f,10301
10300,f,10301
10302,f,10301
10302,a,10301
10297,e,10301
10298,e,10301
10297,f,10301
10298,f,10301
10299,a,10301
10297,a,10301
10299,e,10301
10299,f,10301
10298,a,10301
10302,d,10302
10302,b,10302
10302,f,10302
10301,f,10302
10301,d,10302
10301,b,10302
10303,d,10302
10303,f,10302
10299,f,10302
10298,d,10302
10299,d,10302
10299,b,10302
10298,f,10302
10300,b,10302
10298,b,10302
10300,d,10302
10303,b,10302
10300,f,10302
10304,c,10303
10301,c,10303
10300,c,10303
10302,c,10303
10303,c,10303
10299,c,10303
10303,e,10304
10304,e,10304
10305,e,10304
10302,e,10304
10301,e,10304
10300,e,10304
10302,f,10305
10305,f,10305
10303,f,10305
10306,f,10305
10304,f,10305
10301,f,10305
10306,f,10306
10305,f,10306
10307,f,10306
10303,f,10306
10304,f,10306
10302,f,10306
10308,b,10307
10304,b,10307
10305,b,10307
10307,b,10307
10303,b,10307
10306,b,10307
10308,f,10308
10307,f,10308
10307,c,10308
10309,c,10308
10309,f,10308
10304,f,10308
10304,c,10308
10306,c,10308
10305,c,10308
10308,c,10308
10305,f,10308
10306,f,10308
10308,a,10309
10308,d,10309
10310,e,10309
10310,f,10309
10310,d,10309
10308,f,10309
10308,e,10309
10309,e,10309
10309,a,10309
10309,d,10309
10310,a,10309
10309,f,10309
10307,a,10309
10306,f,10309
10306,a,10309
10305,e,10309
10306,e,10309
10305,f,10309
10307,d,10309
10306,d,10309
10307,e,10309
10305,d,10309
10305,a,10309
10307,f,10309
10311,d,10310
10311,f,10310
10309,f,10310
10309,d,10310
10309,b,10310
10310,b,10310
10311,b,10310
10310,f,10310
10306,b,10310
10308,f,10310
10308,d,10310
10308,b,10310
10306,d,10310
10306,f,10310
10307,b,10310
10307,d,10310
10310,d,10310
10307,f,10310
10311,c,10311
10311,f,10311
10312,c,10311
10310,f,10311
10310,c,10311
10312,f,10311
10307,c,10311
10307,f,10311
10309,f,10311
10309,c,10311
10308,f,10311
10308,c,10311
10310,e,10312
10313,e,10312
10309,e,10312
10308,e,10312
10311,e,10312
10312,e,10312
10313,f,10313
10312,f,10313
10314,f,10313
10309,f,10313
10311,f,10313
10310,f,10313
10315,b,10314
10313,b,10314
10311,b,10314
10312,b,10314
10310,b,10314
10314,b,10314
10314,b,10315
10314,c,10315
10316,c,10315
10316,b,10315
10315,b,10315
10315,c,10315
10315,f,10315
10316,f,10315
10314,f,10315
10313,f,10315
10312,b,10315
10311,b,10315
10311,c,10315
10311,f,10315
10312,f,10315
10312,c,10315
10313,c,10315
10313,b,10315
10313,a,10316
10317,c,10316
10312,a,10316
10315,a,10316
10315,d,10316
10315,e,10316
10315,f,10316
10316,c,10316
10317,d,10316
10317,a,10316
10316,e,10316
10316,a,10316
10316,d,10316
10315,c,10316
10317,e,10316
10317,f,10316
10316,f,10316
10313,d,10316
10314,e,10316
10314,f,10316
10314,c,10316
10314,d,10316
10314,a,10316
10312,d,10316
10312,c,10316
10312,f,10316
10312,e,10316
10313,c,10316
10313,f,10316
10313,e,10316
10318,e,10317
10318,f,10317
10317,f,10317
10316,d,10317
10316,f,10317
10316,e,10317
10317,b,10317
10318,b,10317
10317,e,10317
10316,b,10317
10318,d,10317
10317,d,10317
10313,d,10317
10314,f,10317
10314,e,10317
10313,e,10317
10313,f,10317
10315,b,10317
10314,d,10317
10315,d,10317
10315,f,10317
10315,e,10317
10313,b,10317
10314,b,10317
10318,c,10318
10318,f,10318
10319,c,10318
10319,f,10318
10317,f,10318
10315,f,10318
10314,c,10318
10314,f,10318
10317,c,10318
10316,f,10318
10316,c,10318
10315,c,10318
10315,e,10319
10317,e,10319
10320,e,10319
10316,e,10319
10318,e,10319
10319,e,10319
10320,f,10320
10319,f,10320
10316,f,10320
10317,f,10320
10321,f,10320
10318,f,10320
10324,c,10323
10322,c,10323
10321,c,10323
10323,c,10323
10320,c,10323
10319,c,10323
10324,e,10324
10324,b,10324
10323,e,10324
10323,b,10324
10325,b,10324
10325,e,10324
10320,e,10324
10322,e,10324
10322,b,10324
10320,b,10324
10321,b,10324
10321,e,10324
10322,f,10325
10325,f,10325
10325,c,10325
10326,f,10325
10322,c,10325
10324,c,10325
10324,f,10325
10323,f,10325
10321,f,10325
10323,c,10325
10321,c,10325
10326,c,10325
10327,e,10326
10324,e,10326
10323,e,10326
10322,e,10326
10325,e,10326
10326,e,10326
10327,c,10327
10326,f,10327
10328,f,10327
10326,c,10327
10327,f,10327
10328,c,10327
10323,f,10327
10324,c,10327
10325,f,10327
10325,c,10327
10324,f,10327
10323,c,10327
10324,a,10328
10328,e,10328
10327,a,10328
10327,e,10328
10329,a,10328
10326,e,10328
10326,a,10328
10324,e,10328
10325,a,10328
10325,e,10328
10329,e,10328
10328,a,10328
10325,d,10329
10328,d,10329
10329,f,10329
10328,f,10329
10329,d,10329
10329,b,10329
10328,b,10329
10330,b,10329
10327,b,10329
10330,f,10329
10327,f,10329
10327,d,10329
10326,f,10329
10326,d,10329
10326,b,10329
10325,f,10329
10330,d,10329
10325,b,10329
10329,e,10330
10329,f,10330
10329,c,10330
10330,c,10330
10330,f,10330
10330,e,10330
10331,e,10330
10331,c,10330
10326,c,10330
10327,e,10330
10327,f,10330
10327,c,10330
10328,e,10330
10328,f,10330
10328,c,10330
10331,f,10330
10326,e,10330
10326,f,10330
10328,b,10331
10327,a,10331
10330,a,10331
10330,e,10331
10330,f,10331
10332,a,10331
10331,e,10331
10331,f,10331
10331,b,10331
10331,a,10331
10330,b,10331
10328,f,10331
10332,b,10331
10332,e,10331
10328,a,10331
10332,f,10331
10327,f,10331
10327,b,10331
10329,a,10331
10327,e,10331
10329,f,10331
10329,e,10331
10329,b,10331
10328,e,10331
10332,f,10332
10332,d,10332
10331,f,10332
10331,c,10332
10331,d,10332
10331,b,10332
10332,b,10332
10333,b,10332
10333,d,10332
10333,c,10332
10333,f,10332
10332,c,10332
10329,f,10332
10328,b,10332
10328,d,10332
10328,c,10332
10328,f,10332
10330,f,10332
10330,c,10332
10330,d,10332
10330,b,10332
10329,c,10332
10329,d,10332
10329,b,10332
10332,c,10333
10333,c,10333
10332,e,10333
10334,e,10333
10334,f,10333
10332,f,10333
10334,c,10333
10329,c,10333
10329,f,10333
10330,e,10333
10330,f,10333
10330,c,10333
10331,c,10333
10333,f,10333
10331,e,10333
10331,f,10333
10329,e,10333
10333,e,10333
10335,c,10334
10334,e,10334
10333,e,10334
10334,f,10334
10334,c,10334
10335,e,10334
10333,f,10334
10335,f,10334
10330,f,10334
10331,f,10334
10331,c,10334
10333,c,10334
10332,e,10334
10332,f,10334
10332,c,10334
10330,e,10334
10330,c,10334
10331,e,10334
10336,e,10335
10334,e,10335
10331,e,10335
10333,e,10335
10332,e,10335
10335,e,10335
10336,b,10337
10338,b,10337
10338,e,10337
10335,e,10337
10336,e,10337
10337,e,10337
10334,e,10337
10334,b,10337
10333,e,10337
10333,b,10337
10335,b,10337
10337,b,10337
10339,c,10338
10338,f,10338
10338,c,10338
10339,f,10338
10337,f,10338
10337,c,10338
10334,c,10338
10336,f,10338
10336,c,10338
10335,f,10338
10335,c,10338
10334,f,10338
10336,e,10339
10337,e,10339
10335,e,10339
10338,e,10339
10339,e,10339
10340,e,10339
10341,f,10340
10336,f,10340
10340,f,10340
10338,f,10340
10337,f,10340
10339,f,10340
10344,e,10344
10343,e,10344
10342,e,10344
10340,e,10344
10341,e,10344
10345,e,10344
10342,f,10345
10343,f,10345
10346,f,10345
10345,f,10345
10344,f,10345
10341,f,10345
10347,c,10346
10347,e,10346
10346,c,10346
10345,e,10346
10345,c,10346
10346,e,10346
10343,c,10346
10343,e,10346
10344,e,10346
10344,c,10346
10342,c,10346
10342,e,10346
10344,b,10347
10346,f,10347
10346,e,10347
10347,e,10347
10347,f,10347
10347,b,10347
10345,e,10347
10345,f,10347
10343,b,10347
10343,f,10347
10343,e,10347
10348,b,10347
10348,f,10347
10348,e,10347
10344,e,10347
10344,f,10347
10345,b,10347
10346,b,10347
10349,c,10348
10349,d,10348
10347,d,10348
10347,c,10348
10347,f,10348
10349,b,10348
10348,f,10348
10348,b,10348
10347,b,10348
10349,f,10348
10346,d,10348
10345,c,10348
10344,b,10348
10344,d,10348
10344,c,10348
10344,f,10348
10345,b,10348
10345,d,10348
10345,f,10348
10348,c,10348
10346,b,10348
10348,d,10348
10346,c,10348
10346,f,10348
10350,f,10349
10349,c,10349
10350,c,10349
10348,e,10349
10348,f,10349
10348,c,10349
10349,e,10349
10350,e,10349
10349,f,10349
10347,c,10349
10347,e,10349
10345,c,10349
10345,f,10349
10345,e,10349
10346,c,10349
10347,f,10349
10346,f,10349
10346,e,10349
10347,e,10350
10351,f,10350
10350,e,10350
10350,f,10350
10349,e,10350
10349,f,10350
10346,e,10350
10347,f,10350
10351,e,10350
10348,f,10350
10348,e,10350
10346,f,10350
10352,f,10351
10350,f,10351
10348,f,10351
10351,f,10351
10349,f,10351
10347,f,10351
10352,d,10352
10352,f,10352
10352,e,10352
10351,e,10352
10351,f,10352
10353,e,10352
10353,d,10352
10353,f,10352
10349,d,10352
10350,e,10352
10350,f,10352
10350,d,10352
10349,e,10352
10349,f,10352
10348,e,10352
10348,f,10352
10348,d,10352
10351,d,10352
10355,b,10356
10357,b,10356
10354,b,10356
10356,b,10356
10353,b,10356
10352,b,10356
10357,e,10357
10356,c,10357
10357,f,10357
10357,c,10357
10356,e,10357
10358,e,10357
10358,c,10357
10358,f,10357
10356,f,10357
10355,f,10357
10355,c,10357
10353,c,10357
10353,f,10357
10355,e,10357
10353,e,10357
10354,c,10357
10354,f,10357
10354,e,10357
10355,f,10358
10358,e,10358
10358,f,10358
10359,e,10358
10357,e,10358
10357,f,10358
10354,e,10358
10355,e,10358
10354,f,10358
10356,f,10358
10359,f,10358
10356,e,10358
10357,b,10359
10359,b,10359
10359,f,10359
10360,b,10359
10358,f,10359
10358,b,10359
10356,f,10359
10355,b,10359
10356,b,10359
10360,f,10359
10357,f,10359
10355,f,10359
10361,c,10360
10360,c,10360
10359,f,10360
10360,f,10360
10361,f,10360
10359,c,10360
10356,c,10360
10358,f,10360
10356,f,10360
10357,c,10360
10357,f,10360
10358,c,10360
10360,e,10361
10361,e,10361
10357,e,10361
10362,e,10361
10359,e,10361
10358,e,10361
10359,f,10362
10359,c,10362
10362,c,10362
10360,c,10362
10360,f,10362
10363,f,10362
10363,c,10362
10358,f,10362
10361,c,10362
10361,f,10362
10362,f,10362
10358,c,10362
10362,e,10363
10363,e,10363
10364,e,10363
10361,e,10363
10360,e,10363
10359,e,10363
10361,f,10364
10362,f,10364
10365,f,10364
10360,f,10364
10363,f,10364
10364,f,10364
10365,c,10365
10364,c,10365
10361,c,10365
10366,c,10365
10363,c,10365
10362,c,10365
10367,e,10366
10366,c,10366
10363,c,10366
10362,e,10366
10364,c,10366
10364,e,10366
10367,c,10366
10363,e,10366
10365,e,10366
10366,e,10366
10362,c,10366
10365,c,10366
10367,e,10367
10367,f,10367
10366,f,10367
10366,e,10367
10365,e,10367
10368,f,10367
10365,f,10367
10363,f,10367
10364,e,10367
10363,e,10367
10368,e,10367
10364,f,10367
10368,b,10368
10368,f,10368
10367,f,10368
10367,b,10368
10365,f,10368
10369,b,10368
10366,f,10368
10366,b,10368
10364,b,10368
10364,f,10368
10365,b,10368
10369,f,10368
10369,c,10369
10368,e,10369
10368,f,10369
10368,c,10369
10369,e,10369
10370,c,10369
10370,f,10369
10370,e,10369
10369,f,10369
10365,e,10369
10366,e,10369
10366,f,10369
10366,c,10369
10367,f,10369
10367,e,10369
10367,c,10369
10365,c,10369
10365,f,10369
10369,f,10370
10370,e,10370
10370,f,10370
10371,f,10370
10369,b,10370
10369,a,10370
10370,b,10370
10370,a,10370
10366,a,10370
10371,a,10370
10371,b,10370
10369,e,10370
10367,f,10370
10367,a,10370
10367,e,10370
10367,b,10370
10366,e,10370
10366,f,10370
10366,b,10370
10368,a,10370
10371,e,10370
10368,f,10370
10368,e,10370
10368,b,10370
10370,e,10371
10371,c,10371
10372,e,10371
10372,f,10371
10372,c,10371
10372,d,10371
10370,d,10371
10370,c,10371
10370,f,10371
10372,b,10371
10371,f,10371
10371,e,10371
10370,b,10371
10371,b,10371
10371,d,10371
10368,e,10371
10368,b,10371
10368,d,10371
10368,c,10371
10368,f,10371
10369,b,10371
10369,d,10371
10369,c,10371
10369,e,10371
10367,e,10371
10367,f,10371
10367,c,10371
10367,d,10371
10367,b,10371
10369,f,10371
10371,a,10372
10371,c,10372
10372,e,10372
10371,e,10372
10373,f,10372
10373,c,10372
10373,a,10372
10371,f,10372
10372,f,10372
10368,a,10372
10368,c,10372
10369,e,10372
10369,f,10372
10369,c,10372
10369,a,10372
10372,a,10372
10370,c,10372
10370,f,10372
10370,a,10372
10373,e,10372
10368,e,10372
10368,f,10372
10370,e,10372
10372,c,10372
10374,b,10373
10373,e,10373
10373,d,10373
10372,e,10373
10372,d,10373
10372,b,10373
10369,e,10373
10374,d,10373
10373,b,10373
10374,e,10373
10369,d,10373
10369,b,10373
10370,b,10373
10370,d,10373
10370,e,10373
10371,b,10373
10371,d,10373
10371,e,10373
10375,c,10374
10373,c,10374
10373,b,10374
10370,b,10374
10370,c,10374
10375,b,10374
10374,c,10374
10372,c,10374
10372,b,10374
10371,b,10374
10371,c,10374
10374,b,10374
10376,c,10375
10374,b,10375
10374,c,10375
10374,f,10375
10375,f,10375
10375,c,10375
10375,b,10375
10376,b,10375
10376,f,10375
10371,c,10375
10373,f,10375
10371,b,10375
10372,b,10375
10371,f,10375
10372,c,10375
10373,c,10375
10373,b,10375
10372,f,10375
10377,e,10376
10375,d,10376
10375,c,10376
10375,f,10376
10376,b,10376
10376,d,10376
10377,d,10376
10377,b,10376
10376,e,10376
10375,e,10376
10376,f,10376
10376,c,10376
10377,f,10376
10377,c,10376
10375,b,10376
10372,e,10376
10372,d,10376
10372,b,10376
10373,b,10376
10373,d,10376
10373,c,10376
10373,f,10376
10373,e,10376
10372,c,10376
10372,f,10376
10374,e,10376
10374,b,10376
10374,d,10376
10374,c,10376
10374,f,10376
10374,e,10377
10374,f,10377
10377,c,10377
10377,f,10377
10377,e,10377
10376,e,10377
10376,f,10377
10376,c,10377
10378,c,10377
10375,c,10377
10373,e,10377
10373,c,10377
10378,e,10377
10378,f,10377
10375,e,10377
10375,f,10377
10374,c,10377
10373,f,10377
10377,f,10378
10377,e,10378
10378,f,10378
10374,e,10378
10374,f,10378
10376,e,10378
10376,f,10378
10379,f,10378
10379,e,10378
10375,e,10378
10375,f,10378
10378,e,10378
10378,a,10379
10378,c,10379
10378,f,10379
10380,c,10379
10380,a,10379
10379,a,10379
10380,f,10379
10379,f,10379
10376,c,10379
10375,a,10379
10377,f,10379
10377,c,10379
10377,a,10379
10375,c,10379
10379,c,10379
10375,f,10379
10376,f,10379
10376,a,10379
10379,b,10380
10379,d,10380
10380,d,10380
10380,b,10380
10381,e,10380
10381,b,10380
10380,e,10380
10379,e,10380
10381,d,10380
10377,d,10380
10378,e,10380
10376,b,10380
10376,d,10380
10376,e,10380
10377,b,10380
10378,d,10380
10378,b,10380
10377,e,10380
10378,c,10381
10381,c,10381
10380,c,10381
10382,c,10381
10379,c,10381
10377,c,10381
10382,e,10382
10381,e,10382
10379,e,10382
10383,e,10382
10380,e,10382
10378,e,10382
10384,f,10383
10382,f,10383
10383,c,10383
10382,d,10383
10384,d,10383
10384,c,10383
10384,b,10383
10383,f,10383
10382,b,10383
10383,b,10383
10382,c,10383
10383,d,10383
10379,f,10383
10380,c,10383
10380,f,10383
10379,c,10383
10379,d,10383
10379,b,10383
10380,d,10383
10381,f,10383
10381,d,10383
10381,c,10383
10381,b,10383
10380,b,10383
10384,f,10384
10384,c,10384
10384,e,10384
10385,c,10384
10383,e,10384
10383,f,10384
10383,c,10384
10385,f,10384
10385,e,10384
10381,c,10384
10380,f,10384
10381,f,10384
10381,e,10384
10382,e,10384
10382,f,10384
10382,c,10384
10380,c,10384
10380,e,10384
10381,f,10385
10386,f,10385
10386,e,10385
10384,e,10385
10384,f,10385
10385,e,10385
10385,f,10385
10383,e,10385
10383,f,10385
10382,f,10385
10382,e,10385
10381,e,10385
10386,f,10386
10387,f,10386
10383,f,10386
10384,f,10386
10382,f,10386
10385,f,10386
10385,e,10388
10384,e,10388
10386,e,10388
10389,e,10388
10387,e,10388
10388,e,10388
10389,f,10389
10388,f,10389
10390,f,10389
10386,f,10389
10385,f,10389
10387,f,10389
10392,b,10392
10390,b,10392
10393,b,10392
10391,b,10392
10388,b,10392
10389,b,10392
10389,c,10393
10393,f,10393
10394,d,10393
10392,f,10393
10392,c,10393
10392,d,10393
10394,c,10393
10394,f,10393
10393,c,10393
10389,f,10393
10391,f,10393
10391,c,10393
10391,d,10393
10390,f,10393
10390,c,10393
10390,d,10393
10389,d,10393
10393,d,10393
10395,f,10394
10395,e,10394
10393,e,10394
10393,f,10394
10394,e,10394
10394,f,10394
10390,e,10394
10392,e,10394
10391,f,10394
10391,e,10394
10392,f,10394
10390,f,10394
10391,f,10395
10395,f,10395
10396,d,10395
10396,f,10395
10394,f,10395
10394,d,10395
10395,d,10395
10393,f,10395
10393,d,10395
10392,d,10395
10392,f,10395
10391,d,10395
10396,f,10396
10396,e,10396
10397,f,10396
10395,f,10396
10397,e,10396
10392,e,10396
10395,e,10396
10394,e,10396
10394,f,10396
10393,e,10396
10393,f,10396
10392,f,10396
10394,f,10397
10395,f,10397
10393,f,10397
10396,f,10397
10398,f,10397
10397,f,10397
10399,d,10398
10398,d,10398
10394,d,10398
10397,d,10398
10396,d,10398
10395,d,10398
10397,b,10400
10398,b,10400
10401,b,10400
10399,b,10400
10396,b,10400
10400,b,10400
10402,f,10401
10402,c,10401
10401,f,10401
10401,c,10401
10400,c,10401
10400,f,10401
10398,f,10401
10399,f,10401
10399,c,10401
10397,c,10401
10397,f,10401
10398,c,10401
10399,e,10402
10403,e,10402
10401,e,10402
10402,e,10402
10398,e,10402
10400,e,10402
10401,f,10403
10400,f,10403
10402,f,10403
10403,f,10403
10404,f,10403
10399,f,10403
10407,d,10406
10402,d,10406
10403,d,10406
10404,d,10406
10405,d,10406
10406,d,10406
10408,f,10407
10407,f,10407
10404,f,10407
10405,f,10407
10403,f,10407
10406,f,10407
10414,d,10414
10413,d,10414
10412,d,10414
10415,d,10414
10411,d,10414
10410,d,10414
10412,f,10415
10413,f,10415
10416,f,10415
10415,f,10415
10414,f,10415
10411,f,10415
10415,f,10416
10417,f,10416
10416,f,10416
10414,f,10416
10413,f,10416
10412,f,10416
10414,e,10417
10413,e,10417
10415,e,10417
10416,e,10417
10418,e,10417
10417,e,10417
10419,f,10418
10414,f,10418
10418,f,10418
10417,f,10418
10416,f,10418
10415,f,10418
10417,d,10420
10416,d,10420
10418,d,10420
10420,d,10420
10421,d,10420
10419,d,10420
10422,d,10421
10420,f,10421
10420,d,10421
10422,f,10421
10419,f,10421
10418,d,10421
10418,f,10421
10421,d,10421
10417,f,10421
10417,d,10421
10419,d,10421
10421,f,10421
10422,f,10422
10422,e,10422
10423,f,10422
10421,e,10422
10421,f,10422
10423,e,10422
10419,e,10422
10420,e,10422
10420,f,10422
10418,f,10422
10419,f,10422
10418,e,10422
10423,f,10423
10420,f,10423
10424,f,10423
10422,f,10423
10419,f,10423
10421,f,10423
10424,f,10426
10426,f,10426
10426,b,10426
10425,b,10426
10427,f,10426
10427,b,10426
10425,f,10426
10422,b,10426
10422,f,10426
10424,b,10426
10423,b,10426
10423,f,10426
10423,f,10427
10427,f,10427
10427,c,10427
10428,f,10427
10426,f,10427
10426,c,10427
10428,c,10427
10425,f,10427
10425,c,10427
10424,c,10427
10424,f,10427
10423,c,10427
10429,a,10428
10428,a,10428
10428,e,10428
10427,e,10428
10427,a,10428
10424,a,10428
10424,e,10428
10426,a,10428
10426,e,10428
10425,a,10428
10425,e,10428
10429,e,10428
10430,f,10429
10428,e,10429
10429,b,10429
10429,f,10429
10430,e,10429
10428,f,10429
10428,d,10429
10428,b,10429
10429,e,10429
10430,b,10429
10430,d,10429
10429,d,10429
10426,e,10429
10425,b,10429
10425,d,10429
10427,e,10429
10427,f,10429
10427,d,10429
10427,b,10429
10425,f,10429
10425,e,10429
10426,b,10429
10426,d,10429
10426,f,10429
10431,c,10430
10431,f,10430
10429,f,10430
10429,c,10430
10430,f,10430
10426,c,10430
10428,f,10430
10428,c,10430
10426,f,10430
10427,c,10430
10427,f,10430
10430,c,10430
10431,e,10431
10432,f,10431
10432,e,10431
10427,e,10431
10430,e,10431
10427,f,10431
10431,f,10431
10428,e,10431
10429,e,10431
10429,f,10431
10430,f,10431
10428,f,10431
10430,f,10432
10429,f,10432
10428,f,10432
10431,f,10432
10433,f,10432
10432,f,10432
10433,d,10434
10434,d,10434
10432,d,10434
10435,d,10434
10431,d,10434
10430,d,10434
10434,f,10435
10434,c,10435
10434,b,10435
10435,f,10435
10436,b,10435
10436,c,10435
10435,c,10435
10436,f,10435
10433,f,10435
10435,b,10435
10433,b,10435
10432,f,10435
10432,c,10435
10432,b,10435
10431,f,10435
10431,c,10435
10431,b,10435
10433,c,10435
10436,e,10436
10436,c,10436
10437,f,10436
10437,e,10436
10435,e,10436
10435,f,10436
10435,c,10436
10437,c,10436
10436,f,10436
10433,e,10436
10432,c,10436
10432,f,10436
10434,e,10436
10434,f,10436
10434,c,10436
10432,e,10436
10433,c,10436
10433,f,10436
10438,f,10437
10438,e,10437
10436,e,10437
10436,f,10437
10437,e,10437
10433,f,10437
10433,e,10437
10435,e,10437
10435,f,10437
10434,f,10437
10434,e,10437
10437,f,10437
10438,e,10438
10439,f,10438
10439,e,10438
10438,f,10438
10434,e,10438
10437,e,10438
10434,f,10438
10435,e,10438
10436,e,10438
10436,f,10438
10435,f,10438
10437,f,10438
10437,f,10439
10436,f,10439
10438,f,10439
10440,f,10439
10435,f,10439
10439,f,10439
10440,d,10442
10442,d,10442
10438,d,10442
10441,d,10442
10439,d,10442
10443,d,10442
10442,f,10443
10442,e,10443
10442,a,10443
10443,f,10443
10443,e,10443
10444,a,10443
10444,e,10443
10443,a,10443
10444,f,10443
10441,e,10443
10439,f,10443
10440,f,10443
10440,a,10443
10439,a,10443
10441,f,10443
10441,a,10443
10440,e,10443
10439,e,10443
10443,b,10444
10443,d,10444
10443,f,10444
10441,b,10444
10444,b,10444
10444,d,10444
10444,f,10444
10445,f,10444
10445,d,10444
10440,b,10444
10445,b,10444
10441,f,10444
10441,d,10444
10440,f,10444
10442,f,10444
10442,d,10444
10442,b,10444
10440,d,10444
10441,c,10445
10444,b,10445
10441,f,10445
10444,c,10445
10444,f,10445
10446,b,10445
10446,c,10445
10443,b,10445
10441,b,10445
10445,c,10445
10443,f,10445
10443,c,10445
10442,b,10445
10442,c,10445
10442,f,10445
10445,b,10445
10446,f,10445
10445,f,10445
10445,a,10446
10446,e,10446
10445,f,10446
10447,a,10446
10446,a,10446
10446,c,10446
10446,f,10446
10447,f,10446
10447,c,10446
10447,e,10446
10445,e,10446
10445,c,10446
10442,a,10446
10443,e,10446
10443,f,10446
10443,c,10446
10443,a,10446
10442,e,10446
10442,f,10446
10442,c,10446
10444,e,10446
10444,f,10446
10444,c,10446
10444,a,10446
10446,f,10447
10444,e,10447
10446,a,10447
10446,b,10447
10446,d,10447
10447,b,10447
10443,a,10447
10447,d,10447
10447,f,10447
10447,e,10447
10444,f,10447
10448,a,10447
10448,b,10447
10448,d,10447
10448,f,10447
10448,e,10447
10447,a,10447
10443,b,10447
10446,e,10447
10443,d,10447
10445,b,10447
10445,d,10447
10443,e,10447
10444,a,10447
10444,b,10447
10445,a,10447
10445,f,10447
10444,d,10447
10443,f,10447
10445,e,10447
10448,b,10448
10448,a,10448
10444,a,10448
10444,b,10448
10444,d,10448
10447,a,10448
10444,f,10448
10447,c,10448
10447,f,10448
10449,b,10448
10444,c,10448
10449,a,10448
10448,f,10448
10447,d,10448
10447,b,10448
10448,c,10448
10449,d,10448
10449,c,10448
10449,f,10448
10445,f,10448
10445,c,10448
10446,f,10448
10446,c,10448
10446,d,10448
10446,b,10448
10446,a,10448
10445,d,10448
10445,b,10448
10445,a,10448
10448,d,10448
10450,c,10449
10450,e,10449
10448,e,10449
10448,d,10449
10448,c,10449
10450,b,10449
10449,e,10449
10449,c,10449
10449,d,10449
10449,b,10449
10448,b,10449
10450,d,10449
10447,d,10449
10445,b,10449
10445,d,10449
10445,c,10449
10445,e,10449
10446,b,10449
10446,d,10449
10446,c,10449
10447,b,10449
10447,c,10449
10446,e,10449
10447,e,10449
10449,e,10450
10447,e,10450
10447,c,10450
10451,c,10450
10451,e,10450
10449,c,10450
10450,e,10450
10448,e,10450
10450,c,10450
10446,c,10450
10446,e,10450
10448,c,10450
10451,e,10451
10452,e,10451
10450,e,10451
10451,f,10451
10450,f,10451
10452,f,10451
10447,f,10451
10448,e,10451
10449,e,10451
10449,f,10451
10448,f,10451
10447,e,10451
10453,f,10452
10452,f,10452
10449,f,10452
10448,f,10452
10450,f,10452
10451,f,10452
10451,c,10454
10453,c,10454
10450,c,10454
10452,c,10454
10455,c,10454
10454,c,10454
10456,d,10455
10455,e,10455
10455,d,10455
10456,e,10455
10454,d,10455
10453,e,10455
10454,e,10455
10453,d,10455
10451,d,10455
10451,e,10455
10452,d,10455
10452,e,10455
10453,a,10456
10457,e,10456
10457,f,10456
10457,a,10456
10456,f,10456
10456,a,10456
10455,e,10456
10455,f,10456
10455,a,10456
10456,e,10456
10452,f,10456
10454,e,10456
10454,f,10456
10454,a,10456
10452,a,10456
10452,e,10456
10453,f,10456
10453,e,10456
10456,b,10457
10456,d,10457
10456,f,10457
10454,f,10457
10457,b,10457
10457,d,10457
10457,f,10457
10458,f,10457
10453,b,10457
10458,d,10457
10458,b,10457
10455,f,10457
10453,f,10457
10454,d,10457
10454,b,10457
10455,b,10457
10455,d,10457
10453,d,10457
10454,f,10458
10458,c,10458
10458,f,10458
10457,f,10458
10457,c,10458
10459,f,10458
10455,f,10458
10456,f,10458
10456,c,10458
10459,c,10458
10455,c,10458
10454,c,10458
10458,c,10459
10458,e,10459
10460,c,10459
10459,e,10459
10459,c,10459
10457,e,10459
10457,c,10459
10456,e,10459
10456,c,10459
10455,e,10459
10455,c,10459
10460,e,10459
10460,f,10460
10460,e,10460
10461,f,10460
10459,e,10460
10461,e,10460
10459,f,10460
10458,e,10460
10458,f,10460
10457,e,10460
10457,f,10460
10456,e,10460
10456,f,10460
10461,f,10461
10459,f,10461
10458,f,10461
10457,f,10461
10460,f,10461
10462,f,10461
10464,f,10463
10462,f,10463
10460,f,10463
10459,f,10463
10461,f,10463
10463,f,10463
10463,a,10465
10464,a,10465
10464,b,10465
10464,d,10465
10465,d,10465
10463,d,10465
10463,b,10465
10466,b,10465
10466,a,10465
10465,a,10465
10466,d,10465
10462,d,10465
10462,b,10465
10462,a,10465
10461,d,10465
10461,b,10465
10461,a,10465
10465,b,10465
10465,b,10466
10466,b,10466
10465,c,10466
10465,f,10466
10467,d,10466
10467,b,10466
10466,f,10466
10466,c,10466
10467,c,10466
10465,d,10466
10467,f,10466
10466,d,10466
10463,c,10466
10462,b,10466
10462,d,10466
10464,f,10466
10464,c,10466
10464,d,10466
10464,b,10466
10462,c,10466
10462,f,10466
10463,b,10466
10463,f,10466
10463,d,10466
10466,d,10467
10466,c,10467
10467,c,10467
10466,e,10467
10467,f,10467
10468,e,10467
10468,c,10467
10468,d,10467
10467,e,10467
10467,d,10467
10466,f,10467
10468,f,10467
10464,c,10467
10463,d,10467
10463,c,10467
10463,f,10467
10463,e,10467
10464,d,10467
10464,f,10467
10465,d,10467
10465,c,10467
10464,e,10467
10465,e,10467
10465,f,10467
10467,f,10468
10465,e,10468
10465,f,10468
10469,f,10468
10469,e,10468
10467,e,10468
10468,e,10468
10466,f,10468
10468,f,10468
10464,f,10468
10464,e,10468
10466,e,10468
10470,e,10469
10469,f,10469
10465,e,10469
10468,e,10469
10469,e,10469
10470,f,10469
10465,f,10469
10467,e,10469
10467,f,10469
10466,f,10469
10468,f,10469
10466,e,10469
10466,f,10470
10468,f,10470
10467,f,10470
10471,f,10470
10469,f,10470
10470,f,10470
10471,d,10472
10473,d,10472
10470,d,10472
10472,d,10472
10469,d,10472
10468,d,10472
10473,a,10473
10474,a,10473
10472,f,10473
10474,f,10473
10473,f,10473
10472,a,10473
10470,f,10473
10469,a,10473
10471,f,10473
10471,a,10473
10469,f,10473
10470,a,10473
10471,b,10474
10474,b,10474
10474,d,10474
10473,d,10474
10473,b,10474
10470,b,10474
10471,d,10474
10475,b,10474
10475,d,10474
10472,d,10474
10472,b,10474
10470,d,10474
10474,c,10475
10475,c,10475
10475,f,10475
10476,f,10475
10474,f,10475
10476,c,10475
10472,f,10475
10473,f,10475
10473,c,10475
10471,c,10475
10471,f,10475
10472,c,10475
10476,e,10476
10475,e,10476
10473,e,10476
10477,e,10476
10474,e,10476
10472,e,10476
10478,f,10477
10477,c,10477
10476,c,10477
10477,f,10477
10478,c,10477
10476,f,10477
10475,f,10477
10475,c,10477
10474,f,10477
10474,c,10477
10473,f,10477
10473,c,10477
10475,e,10478
10474,e,10478
10476,e,10478
10477,e,10478
10479,e,10478
10478,e,10478
10480,f,10479
10478,f,10479
10479,f,10479
10475,f,10479
10476,f,10479
10477,f,10479
10477,a,10481
10481,a,10481
10479,a,10481
10480,a,10481
10482,a,10481
10478,a,10481
10482,d,10482
10481,d,10482
10481,b,10482
10483,b,10482
10482,b,10482
10479,b,10482
10480,b,10482
10478,b,10482
10478,d,10482
10479,d,10482
10480,d,10482
10483,d,10482
10483,c,10483
10482,f,10483
10484,c,10483
10484,f,10483
10482,c,10483
10483,f,10483
10479,c,10483
10481,f,10483
10481,c,10483
10480,c,10483
10480,f,10483
10479,f,10483
10484,b,10484
10484,e,10484
10485,b,10484
10483,e,10484
10483,b,10484
10485,e,10484
10480,b,10484
10482,e,10484
10482,b,10484
10480,e,10484
10481,b,10484
10481,e,10484
10481,c,10485
10486,c,10485
10486,f,10485
10484,f,10485
10484,c,10485
10485,c,10485
10481,f,10485
10485,f,10485
10482,c,10485
10483,f,10485
10483,c,10485
10482,f,10485
10486,f,10486
10486,e,10486
10485,e,10486
10485,f,10486
10482,f,10486
10483,e,10486
10487,e,10486
10484,e,10486
10484,f,10486
10483,f,10486
10487,f,10486
10482,e,10486
10487,f,10487
10483,f,10487
10486,f,10487
10488,f,10487
10485,f,10487
10484,f,10487
10488,d,10488
10485,d,10488
10486,d,10488
10484,d,10488
10487,d,10488
10489,d,10488
10488,f,10489
10488,c,10489
10489,f,10489
10489,c,10489
10486,c,10489
10487,f,10489
10487,c,10489
10486,f,10489
10485,f,10489
10485,c,10489
10490,f,10489
10490,c,10489
10486,e,10490
10488,e,10490
10491,e,10490
10489,e,10490
10490,e,10490
10487,e,10490
10491,f,10491
10492,f,10491
10490,f,10491
10489,f,10491
10487,f,10491
10488,f,10491
10493,b,10492
10491,b,10492
10489,b,10492
10488,b,10492
10490,b,10492
10492,b,10492
10494,c,10493
10494,b,10493
10494,a,10493
10489,b,10493
10492,b,10493
10494,f,10493
10492,c,10493
10492,f,10493
10493,f,10493
10493,c,10493
10493,b,10493
10492,a,10493
10493,a,10493
10489,c,10493
10490,f,10493
10489,f,10493
10489,a,10493
10490,a,10493
10490,b,10493
10490,c,10493
10491,c,10493
10491,f,10493
10491,a,10493
10491,b,10493
10493,e,10494
10495,f,10494
10495,c,10494
10494,e,10494
10494,f,10494
10493,f,10494
10493,c,10494
10493,d,10494
10493,b,10494
10494,b,10494
10494,d,10494
10495,e,10494
10494,c,10494
10495,b,10494
10491,e,10494
10490,b,10494
10490,d,10494
10495,d,10494
10492,e,10494
10492,f,10494
10492,c,10494
10492,d,10494
10492,b,10494
10490,c,10494
10491,f,10494
10491,c,10494
10491,d,10494
10491,b,10494
10490,e,10494
10490,f,10494
10495,e,10495
10494,f,10495
10494,e,10495
10495,f,10495
10494,c,10495
10495,c,10495
10492,c,10495
10491,f,10495
10496,e,10495
10491,e,10495
10496,c,10495
10496,f,10495
10493,e,10495
10493,f,10495
10493,c,10495
10492,f,10495
10492,e,10495
10491,c,10495
10495,f,10496
10495,e,10496
10496,e,10496
10496,f,10496
10497,f,10496
10493,e,10496
10493,f,10496
10492,e,10496
10492,f,10496
10497,e,10496
10494,e,10496
10494,f,10496
10498,f,10497
10496,a,10497
10496,c,10497
10496,f,10497
10496,e,10497
10498,a,10497
10497,e,10497
10497,f,10497
10497,c,10497
10497,a,10497
10498,c,10497
10498,e,10497
10493,f,10497
10494,a,10497
10494,e,10497
10495,e,10497
10495,f,10497
10495,c,10497
10495,a,10497
10493,a,10497
10493,c,10497
10493,e,10497
10494,f,10497
10494,c,10497
10499,b,10498
10499,e,10498
10497,b,10498
10497,d,10498
10498,d,10498
10497,e,10498
10498,b,10498
10498,e,10498
10498,f,10498
10499,f,10498
10497,f,10498
10499,d,10498
10495,d,10498
10496,b,10498
10494,d,10498
10494,b,10498
10495,b,10498
10495,f,10498
10495,e,10498
10494,f,10498
10494,e,10498
10496,e,10498
10496,f,10498
10496,d,10498
10496,c,10499
10499,a,10499
10499,b,10499
10499,c,10499
10498,c,10499
10498,b,10499
10498,a,10499
10496,b,10499
10496,a,10499
10495,a,10499
10497,a,10499
10495,c,10499
10500,b,10499
10500,c,10499
10497,c,10499
10497,b,10499
10495,b,10499
10500,a,10499
10499,c,10500
10500,b,10500
10500,d,10500
10500,c,10500
10499,d,10500
10499,b,10500
10501,b,10500
10501,d,10500
10501,c,10500
10496,d,10500
10496,c,10500
10496,b,10500
10497,b,10500
10497,d,10500
10497,c,10500
10498,c,10500
10498,d,10500
10498,b,10500
10497,c,10501
10497,a,10501
10500,a,10501
10500,c,10501
10500,f,10501
10501,a,10501
10502,f,10501
10497,f,10501
10502,c,10501
10502,a,10501
10501,e,10501
10500,e,10501
10497,e,10501
10502,e,10501
10498,a,10501
10498,e,10501
10498,f,10501
10498,c,10501
10501,c,10501
10499,a,10501
10499,c,10501
10501,f,10501
10499,e,10501
10499,f,10501
10503,d,10502
10503,b,10502
10502,e,10502
10501,e,10502
10501,f,10502
10501,d,10502
10501,b,10502
10502,f,10502
10502,d,10502
10503,f,10502
10503,e,10502
10502,b,10502
10498,e,10502
10498,b,10502
10499,b,10502
10500,e,10502
10499,d,10502
10498,f,10502
10500,f,10502
10500,d,10502
10500,b,10502
10498,d,10502
10499,f,10502
10499,e,10502
10499,f,10503
10503,f,10503
10502,f,10503
10502,c,10503
10503,c,10503
10504,c,10503
10504,f,10503
10501,f,10503
10501,c,10503
10500,c,10503
10500,f,10503
10499,c,10503
10504,e,10504
10503,e,10504
10500,e,10504
10502,e,10504
10501,e,10504
10505,e,10504
10502,f,10505
10503,f,10505
10506,f,10505
10505,f,10505
10501,f,10505
10504,f,10505
10506,c,10506
10505,c,10506
10507,c,10506
10504,c,10506
10503,c,10506
10502,c,10506
10504,e,10507
10505,e,10507
10503,e,10507
10506,e,10507
10508,e,10507
10507,e,10507
10509,f,10508
10508,f,10508
10507,f,10508
10506,f,10508
10505,f,10508
10504,f,10508
10507,c,10511
10508,c,10511
10512,c,10511
10509,c,10511
10511,c,10511
10510,c,10511
10512,e,10512
10511,e,10512
10513,e,10512
10509,e,10512
10508,e,10512
10510,e,10512
10510,d,10513
10513,f,10513
10512,f,10513
10512,d,10513
10514,d,10513
10511,f,10513
10511,d,10513
10513,d,10513
10509,f,10513
10510,f,10513
10514,f,10513
10509,d,10513
10513,f,10514
10515,f,10514
10514,f,10514
10511,f,10514
10512,f,10514
10510,f,10514
10516,d,10515
10511,d,10515
10514,c,10515
10515,d,10515
10516,c,10515
10514,d,10515
10513,d,10515
10511,c,10515
10512,d,10515
10512,c,10515
10515,c,10515
10513,c,10515
10515,f,10516
10515,e,10516
10515,a,10516
10512,f,10516
10516,a,10516
10516,f,10516
10516,e,10516
10517,a,10516
10512,a,10516
10517,f,10516
10517,e,10516
10512,e,10516
10514,e,10516
10514,f,10516
10514,a,10516
10513,a,10516
10513,f,10516
10513,e,10516
10513,b,10517
10517,b,10517
10517,d,10517
10517,f,10517
10516,f,10517
10516,d,10517
10516,b,10517
10518,f,10517
10513,d,10517
10518,b,10517
10513,f,10517
10518,d,10517
10515,f,10517
10515,d,10517
10515,b,10517
10514,b,10517
10514,d,10517
10514,f,10517
10517,f,10518
10517,c,10518
10518,f,10518
10518,c,10518
10515,f,10518
10519,c,10518
10516,f,10518
10516,c,10518
10514,c,10518
10514,f,10518
10519,f,10518
10515,c,10518
10519,e,10519
10518,e,10519
10515,e,10519
10520,e,10519
10517,e,10519
10516,e,10519
10519,f,10520
10520,a,10520
10520,f,10520
10519,a,10520
10521,a,10520
10521,f,10520
10518,f,10520
10516,f,10520
10518,a,10520
10517,a,10520
10517,f,10520
10516,a,10520
10521,b,10521
10521,d,10521
10522,d,10521
10520,b,10521
10517,b,10521
10520,d,10521
10519,d,10521
10519,b,10521
10517,d,10521
10522,b,10521
10518,b,10521
10518,d,10521
10522,f,10522
10521,c,10522
10521,f,10522
10518,f,10522
10523,f,10522
10520,f,10522
10520,c,10522
10523,c,10522
10519,f,10522
10519,c,10522
10518,c,10522
10522,c,10522
10522,e,10523
10524,e,10523
10520,e,10523
10521,e,10523
10519,e,10523
10523,e,10523
10525,f,10524
10524,f,10524
10522,f,10524
10521,f,10524
10520,f,10524
10523,f,10524
10526,f,10530
10527,f,10530
10528,f,10530
10529,f,10530
10531,f,10530
10530,f,10530
10533,c,10532
10532,c,10532
10529,c,10532
10528,c,10532
10530,c,10532
10531,c,10532
10532,e,10533
10534,e,10533
10531,e,10533
10533,e,10533
10530,e,10533
10529,e,10533
10534,f,10534
10534,d,10534
10534,b,10534
10535,f,10534
10533,f,10534
10533,d,10534
10533,b,10534
10535,b,10534
10535,d,10534
10531,b,10534
10530,d,10534
10530,b,10534
10532,f,10534
10532,d,10534
10532,b,10534
10531,d,10534
10530,f,10534
10531,f,10534
10535,c,10535
10535,f,10535
10534,f,10535
10534,c,10535
10536,c,10535
10531,c,10535
10533,f,10535
10533,c,10535
10531,f,10535
10532,c,10535
10536,f,10535
10532,f,10535
10536,e,10536
10537,e,10536
10535,e,10536
10532,e,10536
10534,e,10536
10533,e,10536
10534,f,10537
10537,f,10537
10537,c,10537
10536,f,10537
10533,c,10537
10533,f,10537
10536,c,10537
10535,f,10537
10535,c,10537
10534,c,10537
10538,c,10537
10538,f,10537
10534,e,10538
10535,e,10538
10536,e,10538
10539,e,10538
10537,e,10538
10538,e,10538
10539,f,10539
10540,f,10539
10538,f,10539
10537,f,10539
10536,f,10539
10535,f,10539
10541,d,10541
10537,d,10541
10540,d,10541
10542,d,10541
10539,d,10541
10538,d,10541
10542,f,10542
10540,f,10542
10543,f,10542
10538,f,10542
10541,f,10542
10539,f,10542
10544,d,10543
10542,d,10543
10540,d,10543
10541,d,10543
10539,d,10543
10543,d,10543
10545,f,10544
10543,f,10544
10544,f,10544
10542,f,10544
10541,f,10544
10540,f,10544
10543,c,10546
10544,c,10546
10547,c,10546
10545,c,10546
10542,c,10546
10546,c,10546
10548,d,10547
10548,b,10547
10547,e,10547
10546,b,10547
10547,b,10547
10546,e,10547
10546,d,10547
10548,e,10547
10547,d,10547
10545,e,10547
10545,d,10547
10545,b,10547
10543,b,10547
10543,d,10547
10543,e,10547
10544,b,10547
10544,d,10547
10544,e,10547
10545,c,10548
10549,f,10548
10549,c,10548
10548,f,10548
10547,f,10548
10547,c,10548
10548,c,10548
10544,c,10548
10546,f,10548
10544,f,10548
10545,f,10548
10546,c,10548
10549,f,10549
10549,e,10549
10548,e,10549
10548,f,10549
10550,f,10549
10550,e,10549
10545,e,10549
10547,e,10549
10547,f,10549
10546,f,10549
10546,e,10549
10545,f,10549
10550,e,10550
10551,f,10550
10551,e,10550
10549,e,10550
10549,f,10550
10550,f,10550
10546,f,10550
10547,f,10550
10548,e,10550
10548,f,10550
10547,e,10550
10546,e,10550
10548,e,10551
10552,f,10551
10552,e,10551
10550,e,10551
10550,f,10551
10547,e,10551
10551,f,10551
10549,e,10551
10549,f,10551
10548,f,10551
10547,f,10551
10551,e,10551
10553,f,10552
10552,f,10552
10548,f,10552
10550,f,10552
10549,f,10552
10551,f,10552
10551,a,10554
10550,a,10554
10552,a,10554
10555,a,10554
10553,a,10554
10554,a,10554
10556,d,10555
10556,b,10555
10555,d,10555
10555,b,10555
10554,d,10555
10554,b,10555
10551,d,10555
10553,d,10555
10553,b,10555
10551,b,10555
10552,d,10555
10552,b,10555
10553,f,10556
10557,c,10556
10556,f,10556
10556,c,10556
10553,c,10556
10555,f,10556
10555,c,10556
10557,f,10556
10552,c,10556
10554,f,10556
10554,c,10556
10552,f,10556
10555,e,10557
10554,e,10557
10556,e,10557
10558,e,10557
10557,e,10557
10553,e,10557
10554,f,10558
10559,f,10558
10557,f,10558
10558,f,10558
10556,f,10558
10555,f,10558
10556,c,10559
10557,c,10559
10555,c,10559
10558,c,10559
10559,c,10559
10560,c,10559
10556,e,10560
10557,e,10560
10558,e,10560
10559,e,10560
10561,e,10560
10560,e,10560
10562,f,10561
10561,f,10561
10559,f,10561
10558,f,10561
10557,f,10561
10560,f,10561
10571,b,10572
10573,d,10572
10573,b,10572
10572,d,10572
10572,b,10572
10571,d,10572
10570,d,10572
10568,d,10572
10568,b,10572
10570,b,10572
10569,b,10572
10569,d,10572
10573,f,10573
10574,c,10573
10572,f,10573
10572,c,10573
10570,c,10573
10571,f,10573
10571,c,10573
10569,c,10573
10569,f,10573
10570,f,10573
10573,c,10573
10574,f,10573
10574,e,10574
10575,e,10574
10573,e,10574
10570,e,10574
10572,e,10574
10571,e,10574
10576,f,10575
10572,f,10575
10573,f,10575
10575,f,10575
10571,f,10575
10574,f,10575
10575,b,10576
10577,b,10576
10572,b,10576
10573,b,10576
10576,b,10576
10574,b,10576
10577,f,10577
10577,c,10577
10577,e,10577
10576,e,10577
10576,f,10577
10576,c,10577
10578,c,10577
10578,e,10577
10578,f,10577
10573,c,10577
10574,c,10577
10573,e,10577
10573,f,10577
10574,e,10577
10575,c,10577
10574,f,10577
10575,e,10577
10575,f,10577
10578,e,10578
10579,c,10578
10578,c,10578
10579,f,10578
10577,e,10578
10577,f,10578
10577,c,10578
10579,e,10578
10578,f,10578
10575,c,10578
10575,f,10578
10575,e,10578
10576,e,10578
10576,f,10578
10576,c,10578
10574,e,10578
10574,f,10578
10574,c,10578
10579,f,10579
10579,e,10579
10578,e,10579
10578,f,10579
10576,e,10579
10580,f,10579
10580,e,10579
10577,e,10579
10577,f,10579
10576,f,10579
10575,f,10579
10575,e,10579
10580,f,10580
10579,f,10580
10581,f,10580
10576,f,10580
10578,f,10580
10577,f,10580
10580,d,10581
10578,d,10581
10579,d,10581
10581,d,10581
10582,d,10581
10577,d,10581
10583,f,10582
10581,f,10582
10581,d,10582
10582,f,10582
10582,d,10582
10583,d,10582
10581,a,10582
10583,a,10582
10582,a,10582
10578,d,10582
10580,f,10582
10580,d,10582
10580,a,10582
10578,f,10582
10579,a,10582
10579,d,10582
10579,f,10582
10578,a,10582
10580,b,10583
10583,d,10583
10583,f,10583
10584,b,10583
10582,f,10583
10582,d,10583
10582,b,10583
10584,d,10583
10581,f,10583
10581,d,10583
10581,b,10583
10579,b,10583
10579,d,10583
10579,f,10583
10580,f,10583
10580,d,10583
10584,f,10583
10583,b,10583
10584,c,10584
10583,f,10584
10583,c,10584
10584,f,10584
10585,c,10584
10582,c,10584
10585,f,10584
10582,f,10584
10580,c,10584
10580,f,10584
10581,c,10584
10581,f,10584
10585,e,10585
10584,e,10585
10581,e,10585
10582,e,10585
10586,e,10585
10583,e,10585
10585,d,10586
10585,f,10586
10586,d,10586
10587,f,10586
10586,f,10586
10587,d,10586
10584,d,10586
10583,f,10586
10584,f,10586
10582,d,10586
10583,d,10586
10582,f,10586
10588,a,10587
10587,f,10587
10586,a,10587
10586,f,10587
10587,a,10587
10585,f,10587
10583,a,10587
10583,f,10587
10584,a,10587
10584,f,10587
10585,a,10587
10588,f,10587
10589,b,10588
10587,d,10588
10589,d,10588
10587,f,10588
10588,f,10588
10588,d,10588
10588,b,10588
10587,b,10588
10589,f,10588
10584,d,10588
10585,f,10588
10584,f,10588
10585,b,10588
10585,d,10588
10586,d,10588
10584,b,10588
10586,f,10588
10586,b,10588
10590,b,10589
10590,f,10589
10590,c,10589
10589,b,10589
10588,f,10589
10588,c,10589
10588,b,10589
10589,f,10589
10589,c,10589
10585,c,10589
10586,f,10589
10587,f,10589
10587,c,10589
10587,b,10589
10585,b,10589
10585,f,10589
10586,b,10589
10586,c,10589
10590,e,10590
10590,f,10590
10590,c,10590
10591,e,10590
10589,e,10590
10589,f,10590
10589,c,10590
10591,c,10590
10586,c,10590
10586,f,10590
10586,e,10590
10588,e,10590
10588,f,10590
10588,c,10590
10587,c,10590
10587,f,10590
10587,e,10590
10591,f,10590
10592,f,10591
10592,e,10591
10591,e,10591
10591,f,10591
10587,f,10591
10590,f,10591
10587,e,10591
10589,e,10591
10589,f,10591
10588,e,10591
10588,f,10591
10590,e,10591
10591,e,10595
10592,e,10595
10593,e,10595
10596,e,10595
10594,e,10595
10595,e,10595
10594,f,10596
10596,f,10596
10595,f,10596
10597,f,10596
10593,f,10596
10592,f,10596
10594,e,10597
10593,e,10597
10595,e,10597
10598,e,10597
10596,e,10597
10597,e,10597
10598,f,10598
10597,f,10598
10599,f,10598
10596,f,10598
10594,f,10598
10595,f,10598
10599,d,10599
10598,d,10599
10598,b,10599
10595,b,10599
10600,b,10599
10596,d,10599
10599,b,10599
10597,d,10599
10597,b,10599
10595,d,10599
10596,b,10599
10600,d,10599
10600,c,10600
10600,d,10600
10599,f,10600
10601,d,10600
10601,c,10600
10599,c,10600
10599,d,10600
10601,f,10600
10600,f,10600
10596,d,10600
10596,c,10600
10596,f,10600
10598,f,10600
10598,c,10600
10598,d,10600
10597,d,10600
10597,c,10600
10597,f,10600
10597,b,10601
10601,b,10601
10601,f,10601
10602,b,10601
10602,f,10601
10600,e,10601
10600,f,10601
10600,b,10601
10601,e,10601
10597,f,10601
10602,e,10601
10599,e,10601
10599,f,10601
10599,b,10601
10597,e,10601
10598,b,10601
10598,f,10601
10598,e,10601
10603,f,10602
10602,c,10602
10601,f,10602
10601,c,10602
10602,f,10602
10603,c,10602
10599,f,10602
10598,c,10602
10600,f,10602
10600,c,10602
10599,c,10602
10598,f,10602
10600,e,10603
10603,e,10603
10602,e,10603
10604,e,10603
10601,e,10603
10599,e,10603
10604,f,10604
10600,f,10604
10601,f,10604
10603,f,10604
10605,f,10604
10602,f,10604
10606,d,10606
10605,d,10606
10604,d,10606
10607,d,10606
10602,d,10606
10603,d,10606
10607,f,10607
10606,f,10607
10606,a,10607
10608,a,10607
10603,f,10607
10607,a,10607
10605,a,10607
10603,a,10607
10604,f,10607
10604,a,10607
10605,f,10607
10608,f,10607
10608,b,10608
10607,d,10608
10609,d,10608
10608,d,10608
10609,b,10608
10607,b,10608
10606,d,10608
10606,b,10608
10604,b,10608
10604,d,10608
10605,b,10608
10605,d,10608
10608,f,10609
10609,f,10609
10609,c,10609
10610,c,10609
10608,c,10609
10605,c,10609
10610,f,10609
10607,c,10609
10607,f,10609
10606,f,10609
10606,c,10609
10605,f,10609
10610,f,10610
10610,e,10610
10609,e,10610
10609,f,10610
10606,f,10610
10611,e,10610
10608,e,10610
10608,f,10610
10606,e,10610
10607,f,10610
10607,e,10610
10611,f,10610
10611,f,10611
10611,d,10611
10610,f,10611
10610,d,10611
10612,f,10611
10612,d,10611
10609,f,10611
10609,d,10611
10608,f,10611
10608,d,10611
10607,f,10611
10607,d,10611
10609,f,10612
10610,f,10612
10608,f,10612
10611,f,10612
10613,f,10612
10612,f,10612
10613,f,10613
10612,f,10613
10611,f,10613
10610,f,10613
10609,f,10613
10614,f,10613
10616,c,10616
10614,c,10616
10615,c,10616
10617,c,10616
10613,c,10616
10612,c,10616
10613,b,10617
10617,e,10617
10617,b,10617
10618,e,10617
10618,b,10617
10616,b,10617
10616,e,10617
10613,e,10617
10615,e,10617
10615,b,10617
10614,b,10617
10614,e,10617
10617,f,10618
10617,c,10618
10614,c,10618
10618,c,10618
10618,f,10618
10615,f,10618
10619,c,10618
10619,f,10618
10616,f,10618
10616,c,10618
10614,f,10618
10615,c,10618
10618,a,10619
10619,a,10619
10619,e,10619
10618,e,10619
10620,a,10619
10616,e,10619
10617,e,10619
10616,a,10619
10615,e,10619
10617,a,10619
10620,e,10619
10615,a,10619
10617,d,10620
10621,b,10620
10619,b,10620
10619,c,10620
10621,d,10620
10619,f,10620
10620,f,10620
10620,c,10620
10620,d,10620
10620,b,10620
10619,d,10620
10617,b,10620
10621,c,10620
10616,f,10620
10617,c,10620
10618,f,10620
10618,c,10620
10618,d,10620
10618,b,10620
10616,b,10620
10616,d,10620
10616,c,10620
10621,f,10620
10617,f,10620
10622,f,10621
10622,c,10621
10621,c,10621
10620,f,10621
10620,e,10621
10621,f,10621
10620,c,10621
10622,e,10621
10621,e,10621
10617,e,10621
10617,c,10621
10619,e,10621
10619,f,10621
10619,c,10621
10618,c,10621
10618,f,10621
10617,f,10621
10618,e,10621
10622,c,10622
10622,f,10622
10622,e,10622
10621,e,10622
10621,f,10622
10621,c,10622
10623,f,10622
10623,c,10622
10618,f,10622
10623,e,10622
10620,e,10622
10620,f,10622
10620,c,10622
10619,c,10622
10619,f,10622
10619,e,10622
10618,c,10622
10618,e,10622
10622,f,10623
10622,e,10623
10623,f,10623
10619,f,10623
10624,e,10623
10621,e,10623
10621,f,10623
10624,f,10623
10620,e,10623
10620,f,10623
10623,e,10623
10619,e,10623
10623,b,10624
10623,f,10624
10624,f,10624
10621,f,10624
10625,f,10624
10622,f,10624
10622,b,10624
10621,b,10624
10620,f,10624
10620,b,10624
10625,b,10624
10624,b,10624
10625,c,10625
10625,f,10625
10626,c,10625
10624,f,10625
10624,c,10625
10626,f,10625
10623,f,10625
10621,f,10625
10622,c,10625
10622,f,10625
10621,c,10625
10623,c,10625
10624,e,10626
10625,e,10626
10626,e,10626
10627,e,10626
10623,e,10626
10622,e,10626
10631,e,10633
10632,e,10633
10632,c,10633
10634,c,10633
10634,e,10633
10631,c,10633
10630,c,10633
10630,e,10633
10633,e,10633
10629,e,10633
10629,c,10633
10633,c,10633
10635,f,10634
10634,f,10634
10635,e,10634
10633,e,10634
10633,f,10634
10634,e,10634
10632,f,10634
10631,e,10634
10630,f,10634
10632,e,10634
10630,e,10634
10631,f,10634
10636,c,10635
10634,f,10635
10634,c,10635
10631,c,10635
10635,f,10635
10631,f,10635
10633,f,10635
10633,c,10635
10635,c,10635
10632,c,10635
10632,f,10635
10636,f,10635
10636,d,10636
10637,d,10636
10635,e,10636
10635,d,10636
10637,e,10636
10636,e,10636
10633,d,10636
10634,e,10636
10634,d,10636
10633,e,10636
10632,e,10636
10632,d,10636
10635,f,10637
10633,f,10637
10636,f,10637
10638,f,10637
10634,f,10637
10637,f,10637
10638,c,10639
10640,c,10639
10637,c,10639
10639,c,10639
10636,c,10639
10635,c,10639
10640,d,10640
10641,e,10640
10639,e,10640
10639,d,10640
10640,e,10640
10641,d,10640
10638,e,10640
10638,d,10640
10636,d,10640
10637,e,10640
10637,d,10640
10636,e,10640
10642,f,10641
10641,f,10641
10638,f,10641
10637,f,10641
10639,f,10641
10640,f,10641
10640,a,10643
10642,a,10643
10643,a,10643
10639,a,10643
10641,a,10643
10644,a,10643
10643,b,10644
10643,d,10644
10644,b,10644
10645,d,10644
10644,d,10644
10644,f,10644
10645,f,10644
10643,f,10644
10642,f,10644
10645,b,10644
10642,d,10644
10640,b,10644
10642,b,10644
10641,d,10644
10641,b,10644
10640,f,10644
10640,d,10644
10641,f,10644
10646,a,10645
10642,a,10645
10644,c,10645
10644,f,10645
10645,f,10645
10645,c,10645
10645,a,10645
10646,c,10645
10644,a,10645
10646,f,10645
10643,f,10645
10643,c,10645
10643,a,10645
10641,a,10645
10641,c,10645
10641,f,10645
10642,c,10645
10642,f,10645
10646,d,10646
10646,e,10646
10645,d,10646
10645,b,10646
10647,b,10646
10647,d,10646
10647,e,10646
10646,b,10646
10645,e,10646
10642,b,10646
10642,d,10646
10642,e,10646
10643,e,10646
10644,e,10646
10644,d,10646
10644,b,10646
10643,d,10646
10643,b,10646
10643,c,10647
10646,a,10647
10648,a,10647
10646,f,10647
10648,c,10647
10643,a,10647
10647,f,10647
10646,c,10647
10647,a,10647
10647,c,10647
10648,f,10647
10644,f,10647
10644,c,10647
10644,a,10647
10645,f,10647
10645,c,10647
10645,a,10647
10643,f,10647
10649,e,10648
10647,b,10648
10649,d,10648
10644,e,10648
10649,b,10648
10648,e,10648
10648,d,10648
10648,b,10648
10647,d,10648
10644,d,10648
10647,e,10648
10646,e,10648
10644,b,10648
10645,b,10648
10646,d,10648
10646,b,10648
10645,e,10648
10645,d,10648
10646,f,10649
10650,f,10649
10650,c,10649
10649,f,10649
10648,f,10649
10648,c,10649
10649,c,10649
10645,f,10649
10646,c,10649
10645,c,10649
10647,f,10649
10647,c,10649
10650,e,10650
10647,e,10650
10646,e,10650
10649,e,10650
10651,e,10650
10648,e,10650
10651,f,10651
10650,f,10651
10647,f,10651
10652,f,10651
10649,f,10651
10648,f,10651
10649,d,10652
10650,d,10652
10653,d,10652
10648,d,10652
10651,d,10652
10652,d,10652
10654,d,10653
10654,f,10653
10653,f,10653
10653,d,10653
10652,f,10653
10652,d,10653
10649,d,10653
10651,f,10653
10650,d,10653
10650,f,10653
10649,f,10653
10651,d,10653
10650,f,10654
10652,f,10654
10654,f,10654
10655,f,10654
10651,f,10654
10653,f,10654
10656,e,10656
10656,a,10656
10655,e,10656
10657,e,10656
10654,e,10656
10654,a,10656
10655,a,10656
10657,a,10656
10653,e,10656
10653,a,10656
10652,e,10656
10652,a,10656
10658,d,10657
10658,b,10657
10656,b,10657
10656,d,10657
10656,c,10657
10656,f,10657
10656,e,10657
10657,e,10657
10657,f,10657
10657,c,10657
10657,d,10657
10657,b,10657
10658,c,10657
10658,e,10657
10653,e,10657
10658,f,10657
10655,f,10657
10653,f,10657
10655,c,10657
10655,d,10657
10655,b,10657
10653,c,10657
10654,b,10657
10653,b,10657
10653,d,10657
10654,d,10657
10654,c,10657
10655,e,10657
10654,e,10657
10654,f,10657
10657,a,10658
10658,a,10658
10659,e,10658
10658,f,10658
10658,c,10658
10657,f,10658
10657,e,10658
10659,a,10658
10657,c,10658
10658,e,10658
10656,c,10658
10659,f,10658
10655,c,10658
10655,a,10658
10654,e,10658
10654,f,10658
10654,c,10658
10655,f,10658
10656,a,10658
10655,e,10658
10656,e,10658
10654,a,10658
10659,c,10658
10656,f,10658
10659,e,10659
10658,f,10659
10658,d,10659
10658,b,10659
10659,f,10659
10659,d,10659
10659,b,10659
10658,e,10659
10655,b,10659
10655,f,10659
10660,b,10659
10660,d,10659
10660,f,10659
10660,e,10659
10656,e,10659
10657,e,10659
10657,f,10659
10657,d,10659
10657,b,10659
10655,d,10659
10656,f,10659
10656,d,10659
10656,b,10659
10655,e,10659
10661,c,10660
10660,f,10660
10661,f,10660
10659,c,10660
10659,f,10660
10660,c,10660
10660,d,10660
10659,d,10660
10661,d,10660
10658,f,10660
10657,f,10660
10656,d,10660
10656,c,10660
10658,c,10660
10658,d,10660
10656,f,10660
10657,d,10660
10657,c,10660
10661,a,10661
10662,a,10661
10662,f,10661
10662,e,10661
10660,e,10661
10660,f,10661
10660,a,10661
10661,f,10661
10661,e,10661
10657,f,10661
10658,e,10661
10658,f,10661
10658,a,10661
10657,a,10661
10659,f,10661
10659,a,10661
10657,e,10661
10659,e,10661
10663,d,10662
10663,b,10662
10662,d,10662
10661,f,10662
10661,d,10662
10662,b,10662
10661,b,10662
10663,f,10662
10658,d,10662
10662,f,10662
10659,b,10662
10659,d,10662
10659,f,10662
10660,b,10662
10660,d,10662
10658,b,10662
10658,f,10662
10660,f,10662
10663,c,10663
10661,c,10663
10662,c,10663
10664,c,10663
10660,c,10663
10659,c,10663
10665,e,10664
10664,e,10664
10663,e,10664
10660,e,10664
10662,e,10664
10661,e,10664
10662,f,10665
10663,f,10665
10664,f,10665
10661,f,10665
10665,f,10665
10666,f,10665
10669,e,10668
10669,d,10668
10668,e,10668
10668,d,10668
10667,e,10668
10667,d,10668
10665,e,10668
10666,d,10668
10665,d,10668
10664,e,10668
10664,d,10668
10666,e,10668
10666,f,10669
10665,f,10669
10667,f,10669
10668,f,10669
10669,f,10669
10670,f,10669
10671,c,10672
10673,c,10672
10670,c,10672
10672,c,10672
10669,c,10672
10668,c,10672
10674,c,10673
10673,e,10673
10673,d,10673
10672,d,10673
10672,e,10673
10672,c,10673
10674,d,10673
10674,e,10673
10673,c,10673
10670,d,10673
10671,c,10673
10671,d,10673
10669,d,10673
10669,c,10673
10669,e,10673
10671,e,10673
10670,e,10673
10670,c,10673
10674,e,10674
10674,f,10674
10675,e,10674
10673,e,10674
10673,f,10674
10671,f,10674
10672,e,10674
10672,f,10674
10670,f,10674
10670,e,10674
10671,e,10674
10675,f,10674
10672,f,10675
10673,f,10675
10676,f,10675
10675,f,10675
10671,f,10675
10674,f,10675
10676,c,10676
10675,c,10676
10677,c,10676
10674,c,10676
10672,c,10676
10673,c,10676
10674,c,10677
10678,e,10677
10678,c,10677
10674,d,10677
10677,e,10677
10677,c,10677
10677,d,10677
10676,e,10677
10676,c,10677
10676,d,10677
10678,d,10677
10674,e,10677
10675,e,10677
10675,c,10677
10675,d,10677
10673,e,10677
10673,c,10677
10673,d,10677
10675,e,10678
10678,d,10678
10678,f,10678
10678,e,10678
10677,e,10678
10677,f,10678
10677,d,10678
10674,e,10678
10679,d,10678
10674,d,10678
10679,f,10678
10679,e,10678
10676,e,10678
10676,f,10678
10676,d,10678
10675,d,10678
10675,f,10678
10674,f,10678
10679,b,10679
10678,b,10679
10679,f,10679
10680,b,10679
10680,f,10679
10678,f,10679
10677,f,10679
10677,b,10679
10675,b,10679
10675,f,10679
10676,b,10679
10676,f,10679
10679,f,10680
10681,f,10680
10680,f,10680
10680,c,10680
10680,a,10680
10679,c,10680
10679,a,10680
10681,a,10680
10676,a,10680
10676,c,10680
10681,c,10680
10678,a,10680
10678,f,10680
10678,c,10680
10677,f,10680
10677,c,10680
10677,a,10680
10676,f,10680
10677,b,10681
10681,b,10681
10681,d,10681
10681,e,10681
10680,e,10681
10680,d,10681
10680,b,10681
10677,d,10681
10682,b,10681
10682,d,10681
10682,e,10681
10679,e,10681
10679,d,10681
10679,b,10681
10677,e,10681
10678,b,10681
10678,d,10681
10678,e,10681
10683,f,10682
10681,f,10682
10681,c,10682
10682,f,10682
10683,c,10682
10682,c,10682
10678,c,10682
10680,f,10682
10680,c,10682
10678,f,10682
10679,c,10682
10679,f,10682
10683,b,10683
10684,b,10683
10684,e,10683
10682,e,10683
10682,b,10683
10679,b,10683
10679,e,10683
10681,e,10683
10681,b,10683
10680,b,10683
10680,e,10683
10683,e,10683
10684,f,10684
10685,c,10684
10685,f,10684
10684,c,10684
10683,f,10684
10683,c,10684
10680,c,10684
10680,f,10684
10681,c,10684
10681,f,10684
10682,c,10684
10682,f,10684
10685,e,10685
10681,e,10685
10684,e,10685
10683,e,10685
10682,e,10685
10686,e,10685
10685,f,10686
10684,f,10686
10687,f,10686
10686,f,10686
10683,f,10686
10682,f,10686
10688,a,10687
10688,f,10687
10687,f,10687
10687,a,10687
10686,f,10687
10686,a,10687
10685,a,10687
10685,f,10687
10683,a,10687
10683,f,10687
10684,a,10687
10684,f,10687
10685,b,10688
10689,f,10688
10689,d,10688
10689,b,10688
10688,f,10688
10688,d,10688
10687,f,10688
10687,d,10688
10687,b,10688
10684,b,10688
10688,b,10688
10685,f,10688
10686,f,10688
10686,d,10688
10686,b,10688
10684,d,10688
10685,d,10688
10684,f,10688
10690,c,10689
10685,d,10689
10689,c,10689
10689,f,10689
10690,d,10689
10688,f,10689
10688,c,10689
10688,d,10689
10685,c,10689
10689,d,10689
10690,f,10689
10687,f,10689
10687,c,10689
10687,d,10689
10686,d,10689
10686,c,10689
10686,f,10689
10685,f,10689
10690,f,10690
10690,e,10690
10689,e,10690
10689,f,10690
10686,e,10690
10691,f,10690
10686,f,10690
10688,e,10690
10687,f,10690
10687,e,10690
10691,e,10690
10688,f,10690
10691,f,10691
10690,f,10691
10687,f,10691
10688,f,10691
10692,f,10691
10689,f,10691
10693,c,10692
10691,c,10692
10692,b,10692
10692,c,10692
10693,b,10692
10691,b,10692
10690,c,10692
10690,b,10692
10688,b,10692
10688,c,10692
10689,b,10692
10689,c,10692
10690,c,10693
10694,e,10693
10693,e,10693
10693,c,10693
10693,b,10693
10690,b,10693
10694,c,10693
10692,c,10693
10692,b,10693
10692,e,10693
10689,c,10693
10690,e,10693
10689,e,10693
10689,b,10693
10691,b,10693
10691,c,10693
10694,b,10693
10691,e,10693
10691,c,10694
10693,f,10694
10693,c,10694
10690,c,10694
10690,f,10694
10690,e,10694
10694,f,10694
10694,c,10694
10691,e,10694
10695,c,10694
10695,f,10694
10695,e,10694
10692,e,10694
10692,f,10694
10692,c,10694
10691,f,10694
10693,e,10694
10694,e,10694
10695,e,10695
10694,f,10695
10695,f,10695
10694,e,10695
10695,a,10695
10694,a,10695
10696,e,10695
10693,f,10695
10696,a,10695
10691,a,10695
10692,f,10695
10692,a,10695
10691,e,10695
10693,e,10695
10696,f,10695
10693,a,10695
10692,e,10695
10691,f,10695
10695,f,10696
10695,d,10696
10696,f,10696
10696,d,10696
10696,b,10696
10695,b,10696
10692,b,10696
10697,b,10696
10697,f,10696
10692,d,10696
10693,f,10696
10694,f,10696
10694,d,10696
10694,b,10696
10692,f,10696
10697,d,10696
10693,d,10696
10693,b,10696
10698,c,10697
10698,f,10697
10698,e,10697
10696,f,10697
10696,e,10697
10697,f,10697
10697,c,10697
10696,c,10697
10697,e,10697
10694,e,10697
10695,e,10697
10695,f,10697
10695,c,10697
10693,c,10697
10693,f,10697
10693,e,10697
10694,c,10697
10694,f,10697
10697,f,10698
10699,d,10698
10698,e,10698
10698,f,10698
10698,d,10698
10699,f,10698
10697,e,10698
10697,d,10698
10699,e,10698
10694,f,10698
10695,e,10698
10695,f,10698
10695,d,10698
10696,d,10698
10696,f,10698
10694,d,10698
10696,e,10698
10694,e,10698
10695,a,10699
10700,f,10699
10700,a,10699
10696,a,10699
10697,a,10699
10696,f,10699
10695,f,10699
10697,f,10699
10698,a,10699
10698,f,10699
10699,a,10699
10699,f,10699
10700,b,10700
10699,d,10700
10701,b,10700
10699,b,10700
10700,d,10700
10701,d,10700
10698,d,10700
10698,b,10700
10697,d,10700
10697,b,10700
10696,d,10700
10696,b,10700
10698,c,10701
10699,c,10701
10702,c,10701
10697,c,10701
10700,c,10701
10701,c,10701
10702,e,10702
10701,e,10702
10698,e,10702
10703,e,10702
10700,e,10702
10699,e,10702
10700,f,10703
10701,f,10703
10703,f,10703
10699,f,10703
10702,f,10703
10704,f,10703
10700,b,10704
10704,b,10704
10704,c,10704
10703,c,10704
10703,b,10704
10705,b,10704
10705,c,10704
10702,c,10704
10702,b,10704
10701,c,10704
10701,b,10704
10700,c,10704
10704,e,10705
10704,f,10705
10704,c,10705
10705,f,10705
10705,e,10705
10706,e,10705
10705,c,10705
10706,c,10705
10701,c,10705
10703,e,10705
10703,f,10705
10703,c,10705
10706,f,10705
10701,f,10705
10701,e,10705
10702,c,10705
10702,f,10705
10702,e,10705
10707,f,10706
10706,f,10706
10706,e,10706
10705,e,10706
10705,f,10706
10703,e,10706
10703,f,10706
10707,e,10706
10704,e,10706
10704,f,10706
10702,f,10706
10702,e,10706
10707,b,10707
10707,f,10707
10706,b,10707
10708,b,10707
10706,f,10707
10708,f,10707
10705,b,10707
10704,b,10707
10704,f,10707
10705,f,10707
10703,f,10707
10703,b,10707
10707,f,10708
10704,b,10708
10704,c,10708
10708,f,10708
10708,c,10708
10708,b,10708
10709,b,10708
10706,f,10708
10706,c,10708
10706,b,10708
10704,f,10708
10709,c,10708
10705,b,10708
10705,c,10708
10705,f,10708
10709,f,10708
10707,b,10708
10707,c,10708
10708,e,10709
10708,f,10709
10709,e,10709
10708,c,10709
10705,f,10709
10705,e,10709
10706,e,10709
10705,c,10709
10706,c,10709
10706,f,10709
10710,e,10709
10710,f,10709
10709,f,10709
10707,c,10709
10707,f,10709
10707,e,10709
10710,c,10709
10709,c,10709
10710,c,10710
10711,f,10710
10709,e,10710
10709,f,10710
10709,c,10710
10710,f,10710
10711,e,10710
10711,c,10710
10708,e,10710
10708,f,10710
10708,c,10710
10707,e,10710
10707,f,10710
10707,c,10710
10706,e,10710
10706,f,10710
10706,c,10710
10710,e,10710
10711,e,10711
10712,e,10711
10709,e,10711
10710,e,10711
10707,e,10711
10708,e,10711
10713,a,10713
10710,a,10713
10712,a,10713
10709,a,10713
10711,a,10713
10714,a,10713
10713,d,10714
10713,c,10714
10710,b,10714
10714,d,10714
10713,b,10714
10715,b,10714
10715,d,10714
10714,b,10714
10714,c,10714
10715,c,10714
10710,d,10714
10711,d,10714
10712,c,10714
10711,b,10714
10712,d,10714
10712,b,10714
10711,c,10714
10710,c,10714
10714,c,10715
10714,f,10715
10712,c,10715
10715,c,10715
10715,f,10715
10715,e,10715
10716,e,10715
10716,f,10715
10711,c,10715
10714,e,10715
10716,c,10715
10711,e,10715
10711,f,10715
10713,c,10715
10713,f,10715
10713,e,10715
10712,e,10715
10712,f,10715
10713,f,10716
10712,a,10716
10712,f,10716
10712,e,10716
10716,a,10716
10715,e,10716
10716,e,10716
10713,a,10716
10717,a,10716
10717,e,10716
10715,a,10716
10716,f,10716
10714,e,10716
10714,f,10716
10714,a,10716
10713,e,10716
10717,f,10716
10715,f,10716
10716,b,10717
10717,f,10717
10716,c,10717
10718,f,10717
10717,b,10717
10717,d,10717
10718,c,10717
10717,c,10717
10716,d,10717
10716,f,10717
10715,c,10717
10718,b,10717
10714,c,10717
10714,d,10717
10714,b,10717
10713,f,10717
10713,c,10717
10714,f,10717
10715,b,10717
10718,d,10717
10715,f,10717
10713,d,10717
10713,b,10717
10715,d,10717
10717,e,10718
10717,f,10718
10717,c,10718
10718,e,10718
10718,f,10718
10718,c,10718
10714,c,10718
10719,c,10718
10714,f,10718
10719,e,10718
10715,e,10718
10715,f,10718
10715,c,10718
10716,e,10718
10716,f,10718
10716,c,10718
10719,f,10718
10714,e,10718
10720,a,10719
10720,e,10719
10718,a,10719
10720,f,10719
10718,f,10719
10719,e,10719
10719,f,10719
10719,b,10719
10719,a,10719
10718,e,10719
10718,b,10719
10720,b,10719
10717,e,10719
10715,a,10719
10716,b,10719
10716,a,10719
10715,e,10719
10715,f,10719
10715,b,10719
10716,f,10719
10717,a,10719
10716,e,10719
10717,f,10719
10717,b,10719
10720,b,10720
10720,d,10720
10720,c,10720
10720,f,10720
10719,f,10720
10719,c,10720
10719,d,10720
10721,d,10720
10721,f,10720
10721,c,10720
10719,b,10720
10721,b,10720
10716,d,10720
10717,f,10720
10717,c,10720
10717,d,10720
10717,b,10720
10716,f,10720
10718,b,10720
10718,d,10720
10718,c,10720
10716,b,10720
10718,f,10720
10716,c,10720
10717,c,10721
10722,c,10721
10721,c,10721
10719,e,10721
10719,c,10721
10718,c,10721
10718,e,10721
10717,e,10721
10721,e,10721
10722,e,10721
10720,c,10721
10720,e,10721
10721,e,10722
10723,b,10722
10721,b,10722
10721,d,10722
10723,d,10722
10722,b,10722
10722,e,10722
10719,d,10722
10718,b,10722
10720,e,10722
10720,d,10722
10720,b,10722
10718,d,10722
10722,d,10722
10719,e,10722
10723,e,10722
10719,b,10722
10718,e,10722
10723,c,10723
10722,f,10723
10724,c,10723
10723,f,10723
10722,c,10723
10724,f,10723
10721,c,10723
10721,f,10723
10720,f,10723
10720,c,10723
10719,f,10723
10719,c,10723
10721,e,10724
10722,e,10724
10720,e,10724
10723,e,10724
10725,e,10724
10724,e,10724
10721,f,10725
10725,f,10725
10723,f,10725
10722,f,10725
10724,f,10725
10726,f,10725
10727,a,10728
10726,a,10728
10728,a,10728
10729,a,10728
10725,a,10728
10724,a,10728
10725,b,10729
10728,a,10729
10729,a,10729
10730,a,10729
10730,b,10729
10730,d,10729
10725,d,10729
10727,d,10729
10728,b,10729
10727,b,10729
10729,d,10729
10729,b,10729
10726,d,10729
10726,b,10729
10726,a,10729
10725,a,10729
10727,a,10729
10728,d,10729
10729,b,10730
10731,f,10730
10729,d,10730
10729,c,10730
10730,b,10730
10730,d,10730
10730,c,10730
10730,f,10730
10731,b,10730
10731,d,10730
10729,f,10730
10731,c,10730
10728,c,10730
10727,c,10730
10727,b,10730
10726,f,10730
10727,d,10730
10726,c,10730
10728,b,10730
10727,f,10730
10728,f,10730
10726,d,10730
10726,b,10730
10728,d,10730
10732,f,10731
10730,e,10731
10730,f,10731
10730,c,10731
10731,c,10731
10732,c,10731
10731,e,10731
10727,c,10731
10727,f,10731
10732,e,10731
10728,e,10731
10729,e,10731
10729,f,10731
10729,c,10731
10731,f,10731
10728,f,10731
10727,e,10731
10728,c,10731
10731,f,10732
10728,e,10732
10732,e,10732
10732,f,10732
10731,e,10732
10728,f,10732
10730,f,10732
10730,e,10732
10733,e,10732
10729,e,10732
10729,f,10732
10733,f,10732
10731,f,10733
10734,f,10733
10730,f,10733
10733,f,10733
10729,f,10733
10732,f,10733
10735,e,10734
10734,e,10734
10733,e,10734
10732,e,10734
10730,e,10734
10731,e,10734
10732,f,10735
10735,b,10735
10736,f,10735
10732,b,10735
10731,f,10735
10731,b,10735
10733,b,10735
10733,f,10735
10736,b,10735
10735,f,10735
10734,f,10735
10734,b,10735
10732,d,10736
10735,c,10736
10735,f,10736
10737,d,10736
10736,d,10736
10735,d,10736
10737,c,10736
10734,c,10736
10734,f,10736
10736,c,10736
10734,d,10736
10733,f,10736
10733,c,10736
10733,d,10736
10732,f,10736
10732,c,10736
10737,f,10736
10736,f,10736
10737,f,10737
10737,e,10737
10738,f,10737
10738,e,10737
10736,e,10737
10736,f,10737
10735,e,10737
10733,f,10737
10733,e,10737
10735,f,10737
10734,f,10737
10734,e,10737
10735,f,10738
10738,f,10738
10737,f,10738
10739,f,10738
10736,f,10738
10734,f,10738
10739,a,10739
10735,a,10739
10740,a,10739
10736,a,10739
10738,a,10739
10737,a,10739
10741,b,10740
10740,d,10740
10740,b,10740
10739,d,10740
10741,d,10740
10739,b,10740
10737,d,10740
10736,d,10740
10738,d,10740
10738,b,10740
10737,b,10740
10736,b,10740
10737,c,10741
10741,f,10741
10742,c,10741
10740,f,10741
10740,c,10741
10741,c,10741
10742,f,10741
10739,f,10741
10739,c,10741
10737,f,10741
10738,c,10741
10738,f,10741
10743,e,10742
10741,e,10742
10738,e,10742
10742,e,10742
10739,e,10742
10740,e,10742
10740,f,10743
10743,f,10743
10742,f,10743
10744,f,10743
10739,f,10743
10741,f,10743
10744,d,10744
10740,d,10744
10743,d,10744
10745,d,10744
10742,d,10744
10741,d,10744
10742,f,10745
10745,f,10745
10746,f,10745
10744,f,10745
10741,f,10745
10743,f,10745
10747,e,10746
10746,e,10746
10745,e,10746
10744,e,10746
10743,e,10746
10742,e,10746
10747,f,10747
10745,f,10747
10743,f,10747
10746,f,10747
10744,f,10747
10748,f,10747
10750,d,10751
10751,d,10751
10749,d,10751
10752,d,10751
10748,d,10751
10747,d,10751
10749,f,10752
10753,f,10752
10748,f,10752
10751,f,10752
10752,f,10752
10750,f,10752
10751,d,10754
10753,c,10754
10753,d,10754
10750,d,10754
10755,d,10754
10755,c,10754
10750,c,10754
10754,d,10754
10752,d,10754
10754,c,10754
10751,c,10754
10752,c,10754
10755,f,10755
10755,e,10755
10756,d,10755
10756,f,10755
10756,e,10755
10754,e,10755
10754,f,10755
10755,d,10755
10754,d,10755
10753,e,10755
10751,d,10755
10753,f,10755
10753,d,10755
10751,f,10755
10751,e,10755
10752,d,10755
10752,f,10755
10752,e,10755
10755,a,10756
10756,f,10756
10756,a,10756
10755,f,10756
10753,f,10756
10757,f,10756
10752,f,10756
10753,a,10756
10757,a,10756
10752,a,10756
10754,f,10756
10754,a,10756
10755,d,10757
10757,b,10757
10757,d,10757
10756,d,10757
10756,b,10757
10755,b,10757
10753,d,10757
10754,d,10757
10754,b,10757
10758,b,10757
10758,d,10757
10753,b,10757
10758,f,10758
10757,f,10758
10757,c,10758
10758,c,10758
10759,c,10758
10754,f,10758
10756,f,10758
10756,c,10758
10755,f,10758
10755,c,10758
10754,c,10758
10759,f,10758
10756,e,10759
10757,e,10759
10755,e,10759
10758,e,10759
10760,e,10759
10759,e,10759
10760,f,10760
10759,f,10760
10761,f,10760
10758,f,10760
10757,f,10760
10756,f,10760
10759,a,10762
10758,a,10762
10762,a,10762
10761,a,10762
10763,a,10762
10760,a,10762
10760,d,10763
10763,d,10763
10759,b,10763
10762,d,10763
10762,b,10763
10759,d,10763
10764,b,10763
10764,d,10763
10761,d,10763
10763,b,10763
10760,b,10763
10761,b,10763
10764,c,10764
10765,f,10764
10764,f,10764
10763,c,10764
10765,c,10764
10763,f,10764
10760,c,10764
10762,f,10764
10762,c,10764
10760,f,10764
10761,c,10764
10761,f,10764
10766,e,10765
10764,e,10765
10761,e,10765
10763,e,10765
10762,e,10765
10765,e,10765
10766,f,10766
10767,d,10766
10767,f,10766
10766,d,10766
10765,f,10766
10765,d,10766
10762,d,10766
10762,f,10766
10764,f,10766
10764,d,10766
10763,f,10766
10763,d,10766
10764,f,10767
10765,f,10767
10763,f,10767
10766,f,10767
10767,f,10767
10768,f,10767
10771,b,10771
10772,b,10771
10769,b,10771
10770,b,10771
10768,b,10771
10767,b,10771
10768,c,10772
10773,f,10772
10772,f,10772
10772,c,10772
10773,c,10772
10771,f,10772
10771,c,10772
10768,f,10772
10769,c,10772
10770,f,10772
10770,c,10772
10769,f,10772
10771,c,10773
10773,c,10773
10770,c,10773
10769,e,10773
10771,e,10773
10772,e,10773
10774,e,10773
10774,c,10773
10770,e,10773
10772,c,10773
10773,e,10773
10769,c,10773
10775,a,10774
10773,f,10774
10774,a,10774
10774,f,10774
10774,e,10774
10773,a,10774
10773,e,10774
10775,e,10774
10771,e,10774
10770,a,10774
10771,a,10774
10770,e,10774
10772,e,10774
10772,f,10774
10772,a,10774
10775,f,10774
10771,f,10774
10770,f,10774
10774,b,10775
10772,f,10775
10774,f,10775
10776,b,10775
10775,d,10775
10775,b,10775
10774,d,10775
10775,f,10775
10776,d,10775
10776,f,10775
10772,b,10775
10771,f,10775
10772,d,10775
10771,b,10775
10773,b,10775
10771,d,10775
10773,f,10775
10773,d,10775
10776,f,10776
10775,f,10776
10775,c,10776
10775,d,10776
10776,c,10776
10777,d,10776
10777,c,10776
10776,d,10776
10777,f,10776
10772,d,10776
10772,f,10776
10772,c,10776
10774,f,10776
10774,c,10776
10773,d,10776
10773,c,10776
10774,d,10776
10773,f,10776
10778,f,10777
10778,e,10777
10776,e,10777
10776,f,10777
10773,f,10777
10773,e,10777
10775,e,10777
10775,f,10777
10774,f,10777
10774,e,10777
10777,f,10777
10777,e,10777
10778,f,10778
10774,f,10778
10779,c,10778
10778,c,10778
10777,f,10778
10777,c,10778
10774,c,10778
10779,f,10778
10775,c,10778
10775,f,10778
10776,f,10778
10776,c,10778
10780,e,10779
10775,e,10779
10778,e,10779
10777,e,10779
10776,e,10779
10779,e,10779
10781,c,10781
10780,b,10781
10780,c,10781
10781,b,10781
10779,c,10781
10779,b,10781
10778,b,10781
10782,c,10781
10778,c,10781
10782,b,10781
10777,c,10781
10777,b,10781
10782,c,10782
10782,f,10782
10782,e,10782
10783,c,10782
10781,e,10782
10781,f,10782
10781,c,10782
10783,f,10782
10778,e,10782
10778,f,10782
10780,e,10782
10780,f,10782
10780,c,10782
10778,c,10782
10779,e,10782
10779,f,10782
10779,c,10782
10783,e,10782
10783,e,10783
10784,e,10783
10784,f,10783
10782,e,10783
10782,f,10783
10783,f,10783
10781,f,10783
10779,e,10783
10781,e,10783
10780,f,10783
10780,e,10783
10779,f,10783
10784,f,10784
10783,f,10784
10783,a,10784
10780,a,10784
10780,f,10784
10784,a,10784
10785,f,10784
10782,f,10784
10782,a,10784
10781,a,10784
10781,f,10784
10785,a,10784
10784,b,10785
10785,b,10785
10785,d,10785
10781,d,10785
10784,d,10785
10781,b,10785
10786,b,10785
10782,d,10785
10782,b,10785
10783,b,10785
10783,d,10785
10786,d,10785
10785,f,10786
10786,f,10786
10787,c,10786
10785,a,10786
10786,c,10786
10786,a,10786
10782,a,10786
10782,c,10786
10787,a,10786
10785,c,10786
10783,f,10786
10787,f,10786
10783,a,10786
10783,c,10786
10784,f,10786
10784,c,10786
10784,a,10786
10782,f,10786
10788,d,10787
10788,b,10787
10786,b,10787
10786,d,10787
10787,d,10787
10786,e,10787
10787,b,10787
10788,e,10787
10787,e,10787
10787,f,10787
10786,f,10787
10788,f,10787
10783,d,10787
10783,e,10787
10784,d,10787
10784,b,10787
10784,e,10787
10783,f,10787
10785,b,10787
10784,f,10787
10785,f,10787
10785,e,10787
10783,b,10787
10785,d,10787
10789,c,10788
10789,f,10788
10787,f,10788
10787,c,10788
10787,d,10788
10789,d,10788
10788,d,10788
10788,c,10788
10784,d,10788
10784,c,10788
10784,f,10788
10786,f,10788
10786,c,10788
10786,d,10788
10785,d,10788
10785,c,10788
10785,f,10788
10788,f,10788
10789,e,10789
10790,f,10789
10789,f,10789
10790,e,10789
10788,e,10789
10785,f,10789
10785,e,10789
10787,e,10789
10787,f,10789
10786,e,10789
10786,f,10789
10788,f,10789
10788,f,10790
10787,f,10790
10786,f,10790
10789,f,10790
10790,f,10790
10791,f,10790
10797,c,10797
10796,c,10797
10795,c,10797
10798,c,10797
10793,c,10797
10794,c,10797
10795,e,10798
10796,e,10798
10799,e,10798
10798,e,10798
10797,e,10798
10794,e,10798
10800,f,10799
10800,a,10799
10799,f,10799
10799,a,10799
10798,f,10799
10798,a,10799
10797,f,10799
10795,f,10799
10797,a,10799
10796,a,10799
10796,f,10799
10795,a,10799
10796,b,10800
10800,d,10800
10801,b,10800
10801,d,10800
10799,d,10800
10799,b,10800
10800,b,10800
10798,d,10800
10798,b,10800
10796,d,10800
10797,d,10800
10797,b,10800
10801,f,10801
10802,c,10801
10800,c,10801
10802,f,10801
10801,c,10801
10797,c,10801
10800,f,10801
10799,f,10801
10799,c,10801
10798,f,10801
10798,c,10801
10797,f,10801
10799,e,10802
10800,e,10802
10798,e,10802
10801,e,10802
10803,e,10802
10802,e,10802
10804,f,10803
10803,f,10803
10802,f,10803
10801,f,10803
10800,f,10803
10799,f,10803
10803,c,10807
10806,c,10807
10804,c,10807
10805,c,10807
10808,c,10807
10807,c,10807
10809,e,10808
10809,f,10808
10808,e,10808
10808,f,10808
10807,e,10808
10807,f,10808
10805,f,10808
10806,f,10808
10804,f,10808
10804,e,10808
10806,e,10808
10805,e,10808
10809,f,10809
10809,d,10809
10808,f,10809
10808,d,10809
10810,f,10809
10806,d,10809
10807,f,10809
10807,d,10809
10805,f,10809
10806,f,10809
10805,d,10809
10810,d,10809
10807,f,10810
10808,f,10810
10811,f,10810
10806,f,10810
10809,f,10810
10810,f,10810
10811,f,10811
10812,f,10811
10810,f,10811
10809,f,10811
10808,f,10811
10807,f,10811
10809,c,10812
10808,c,10812
10810,c,10812
10813,c,10812
10811,c,10812
10812,c,10812
10809,c,10813
10813,e,10813
10813,c,10813
10812,e,10813
10812,c,10813
10809,e,10813
10814,e,10813
10814,c,10813
10811,e,10813
10811,c,10813
10810,c,10813
10810,e,10813
10814,f,10814
10814,e,10814
10813,e,10814
10813,f,10814
10810,f,10814
10815,f,10814
10815,e,10814
10812,e,10814
10812,f,10814
10810,e,10814
10811,f,10814
10811,e,10814
10814,f,10815
10816,f,10815
10815,f,10815
10813,f,10815
10812,f,10815
10811,f,10815
10813,f,10816
10814,f,10816
10812,f,10816
10815,f,10816
10817,f,10816
10816,f,10816
10813,f,10817
10813,e,10817
10818,f,10817
10817,e,10817
10817,f,10817
10816,e,10817
10816,f,10817
10818,e,10817
10815,e,10817
10815,f,10817
10814,f,10817
10814,e,10817
10816,f,10818
10814,f,10818
10817,f,10818
10819,f,10818
10815,f,10818
10818,f,10818
10820,a,10820
10819,a,10820
10818,a,10820
10821,a,10820
10816,a,10820
10817,a,10820
10817,c,10821
10820,b,10821
10822,b,10821
10822,d,10821
10822,c,10821
10821,b,10821
10819,c,10821
10820,d,10821
10819,d,10821
10817,b,10821
10817,d,10821
10821,c,10821
10821,d,10821
10818,c,10821
10818,d,10821
10818,b,10821
10819,b,10821
10820,c,10821
10821,c,10822
10821,f,10822
10822,c,10822
10822,f,10822
10823,c,10822
10823,f,10822
10823,e,10822
10822,e,10822
10821,e,10822
10819,e,10822
10820,e,10822
10820,f,10822
10820,c,10822
10818,c,10822
10818,f,10822
10818,e,10822
10819,c,10822
10819,f,10822
10823,f,10823
10823,d,10823
10824,d,10823
10824,f,10823
10822,e,10823
10822,f,10823
10822,d,10823
10824,e,10823
10819,d,10823
10819,f,10823
10821,e,10823
10821,f,10823
10821,d,10823
10819,e,10823
10820,d,10823
10820,f,10823
10820,e,10823
10823,e,10823
10824,f,10824
10825,d,10824
10825,f,10824
10824,d,10824
10820,d,10824
10823,f,10824
10820,f,10824
10822,f,10824
10822,d,10824
10821,f,10824
10821,d,10824
10823,d,10824
10823,f,10825
10822,f,10825
10821,f,10825
10824,f,10825
10825,f,10825
10826,f,10825
10830,b,10830
10829,b,10830
10828,b,10830
10831,b,10830
10827,b,10830
10826,b,10830
10827,f,10831
10830,c,10831
10830,d,10831
10831,d,10831
10832,d,10831
10832,c,10831
10832,f,10831
10827,c,10831
10831,f,10831
10829,f,10831
10829,c,10831
10829,d,10831
10831,c,10831
10828,f,10831
10828,c,10831
10828,d,10831
10827,d,10831
10830,f,10831
10831,f,10832
10832,f,10832
10832,e,10832
10833,f,10832
10831,e,10832
10833,e,10832
10830,e,10832
10828,e,10832
10830,f,10832
10829,f,10832
10829,e,10832
10828,f,10832
10833,b,10833
10833,f,10833
10833,e,10833
10832,e,10833
10834,e,10833
10832,b,10833
10829,b,10833
10829,f,10833
10832,f,10833
10834,b,10833
10831,e,10833
10831,f,10833
10831,b,10833
10834,f,10833
10830,b,10833
10830,f,10833
10830,e,10833
10829,e,10833
10833,f,10834
10834,f,10834
10833,c,10834
10830,c,10834
10835,f,10834
10832,f,10834
10832,c,10834
10831,f,10834
10831,c,10834
10830,f,10834
10835,c,10834
10834,c,10834
10835,e,10835
10836,f,10835
10836,e,10835
10834,e,10835
10834,f,10835
10835,f,10835
10833,e,10835
10831,e,10835
10832,e,10835
10832,f,10835
10833,f,10835
10831,f,10835
10832,f,10836
10834,f,10836
10835,f,10836
10837,f,10836
10833,f,10836
10836,f,10836
10838,a,10838
10837,b,10838
10837,a,10838
10836,b,10838
10836,a,10838
10838,b,10838
10839,a,10838
10834,b,10838
10834,a,10838
10839,b,10838
10835,a,10838
10835,b,10838
10835,c,10839
10840,d,10839
10840,b,10839
10838,b,10839
10838,d,10839
10838,c,10839
10838,f,10839
10839,f,10839
10839,c,10839
10839,d,10839
10839,b,10839
10840,c,10839
10835,f,10839
10840,f,10839
10836,f,10839
10837,f,10839
10837,c,10839
10837,d,10839
10837,b,10839
10835,b,10839
10835,d,10839
10836,b,10839
10836,d,10839
10836,c,10839
10839,c,10840
10841,e,10840
10839,e,10840
10840,c,10840
10841,f,10840
10841,c,10840
10839,f,10840
10840,e,10840
10840,f,10840
10836,c,10840
10837,e,10840
10837,f,10840
10837,c,10840
10836,e,10840
10838,c,10840
10836,f,10840
10838,e,10840
10838,f,10840
10837,b,10841
10840,e,10841
10840,f,10841
10840,b,10841
10842,f,10841
10842,b,10841
10841,e,10841
10841,f,10841
10842,e,10841
10841,b,10841
10839,b,10841
10838,e,10841
10838,f,10841
10838,b,10841
10837,e,10841
10839,f,10841
10837,f,10841
10839,e,10841
10843,f,10842
10843,c,10842
10843,a,10842
10842,f,10842
10841,f,10842
10841,c,10842
10841,a,10842
10842,c,10842
10838,f,10842
10842,a,10842
10838,c,10842
10840,c,10842
10839,a,10842
10840,a,10842
10839,f,10842
10840,f,10842
10838,a,10842
10839,c,10842
10841,d,10843
10844,e,10843
10843,b,10843
10843,d,10843
10843,e,10843
10842,e,10843
10842,b,10843
10839,b,10843
10841,b,10843
10839,d,10843
10844,d,10843
10840,e,10843
10840,d,10843
10840,b,10843
10844,b,10843
10841,e,10843
10839,e,10843
10842,d,10843
10843,c,10844
10843,f,10844
10844,c,10844
10845,f,10844
10842,f,10844
10842,c,10844
10841,f,10844
10841,c,10844
10840,c,10844
10840,f,10844
10845,c,10844
10844,f,10844
10846,e,10845
10845,e,10845
10844,e,10845
10843,e,10845
10842,e,10845
10841,e,10845
10844,f,10846
10842,f,10846
10845,f,10846
10843,f,10846
10847,f,10846
10846,f,10846
10848,d,10848
10847,d,10848
10846,d,10848
10849,d,10848
10845,d,10848
10844,d,10848
10846,f,10849
10849,f,10849
10850,e,10849
10845,e,10849
10845,f,10849
10847,f,10849
10847,e,10849
10850,f,10849
10848,f,10849
10848,e,10849
10849,e,10849
10846,e,10849
10849,f,10850
10850,f,10850
10847,f,10850
10848,f,10850
10846,f,10850
10851,f,10850
10848,d,10851
10849,d,10851
10847,d,10851
10851,d,10851
10850,d,10851
10852,d,10851
10851,f,10852
10852,f,10852
10849,f,10852
10853,f,10852
10850,f,10852
10848,f,10852
10853,c,10853
10852,c,10853
10852,b,10853
10853,b,10853
10854,b,10853
10854,c,10853
10850,b,10853
10850,c,10853
10851,c,10853
10851,b,10853
10849,b,10853
10849,c,10853
10854,f,10854
10853,e,10854
10853,f,10854
10854,e,10854
10855,c,10854
10853,c,10854
10855,f,10854
10855,e,10854
10854,c,10854
10851,f,10854
10851,c,10854
10850,e,10854
10852,e,10854
10852,f,10854
10852,c,10854
10851,e,10854
10850,f,10854
10850,c,10854
10852,f,10855
10854,a,10855
10854,c,10855
10854,f,10855
10854,e,10855
10855,a,10855
10855,c,10855
10855,f,10855
10855,e,10855
10856,a,10855
10856,f,10855
10856,e,10855
10852,c,10855
10851,a,10855
10856,c,10855
10851,e,10855
10851,f,10855
10852,e,10855
10853,a,10855
10853,c,10855
10853,e,10855
10853,f,10855
10851,c,10855
10852,a,10855
10855,b,10856
10855,d,10856
10855,f,10856
10857,f,10856
10857,e,10856
10857,b,10856
10852,d,10856
10852,b,10856
10856,b,10856
10856,d,10856
10855,e,10856
10852,f,10856
10857,d,10856
10856,f,10856
10854,e,10856
10854,f,10856
10854,d,10856
10854,b,10856
10853,b,10856
10853,d,10856
10853,f,10856
10853,e,10856
10852,e,10856
10856,e,10856
10857,c,10857
10857,f,10857
10858,c,10857
10856,f,10857
10858,f,10857
10853,f,10857
10854,c,10857
10856,c,10857
10855,f,10857
10855,c,10857
10854,f,10857
10853,c,10857
10856,e,10858
10855,e,10858
10854,e,10858
10857,e,10858
10859,e,10858
10858,e,10858
10859,f,10859
10858,f,10859
10860,f,10859
10857,f,10859
10855,f,10859
10856,f,10859
10857,e,10861
10858,e,10861
10859,e,10861
10862,e,10861
10860,e,10861
10861,e,10861
10862,f,10862
10861,f,10862
10863,f,10862
10858,f,10862
10860,f,10862
10859,f,10862
10864,b,10863
10863,b,10863
10862,b,10863
10859,b,10863
10861,b,10863
10860,b,10863
10863,a,10864
10863,c,10864
10863,f,10864
10865,e,10864
10864,c,10864
10864,f,10864
10864,e,10864
10865,a,10864
10865,c,10864
10865,f,10864
10863,e,10864
10862,e,10864
10864,a,10864
10860,f,10864
10861,a,10864
10861,e,10864
10860,e,10864
10860,c,10864
10860,a,10864
10861,f,10864
10861,c,10864
10862,c,10864
10862,f,10864
10862,a,10864
10865,e,10865
10865,f,10865
10865,d,10865
10866,b,10865
10866,d,10865
10866,f,10865
10864,e,10865
10864,f,10865
10864,d,10865
10864,b,10865
10866,e,10865
10865,b,10865
10862,b,10865
10863,b,10865
10862,e,10865
10862,f,10865
10863,e,10865
10861,e,10865
10863,f,10865
10862,d,10865
10863,d,10865
10861,f,10865
10861,b,10865
10861,d,10865
10866,c,10866
10866,f,10866
10865,f,10866
10865,c,10866
10862,c,10866
10867,c,10866
10867,f,10866
10864,f,10866
10864,c,10866
10863,c,10866
10863,f,10866
10862,f,10866
10867,e,10867
10866,e,10867
10863,e,10867
10868,e,10867
10865,e,10867
10864,e,10867
10868,a,10868
10865,f,10868
10865,a,10868
10866,a,10868
10866,f,10868
10868,f,10868
10869,f,10868
10869,a,10868
10864,f,10868
10864,a,10868
10867,a,10868
10867,f,10868
10868,b,10869
10870,d,10869
10869,b,10869
10869,d,10869
10870,b,10869
10868,d,10869
10867,d,10869
10867,b,10869
10865,b,10869
10865,d,10869
10866,b,10869
10866,d,10869
10867,f,10870
10871,f,10870
10871,c,10870
10870,c,10870
10869,f,10870
10869,c,10870
10870,f,10870
10866,f,10870
10868,f,10870
10868,c,10870
10867,c,10870
10866,c,10870
10868,e,10871
10869,e,10871
10872,e,10871
10867,e,10871
10871,e,10871
10870,e,10871
10872,f,10872
10872,b,10872
10871,f,10872
10871,b,10872
10868,f,10872
10873,b,10872
10870,f,10872
10870,b,10872
10873,f,10872
10868,b,10872
10869,b,10872
10869,f,10872
10873,c,10873
10872,f,10873
10872,c,10873
10873,f,10873
10870,f,10873
10870,c,10873
10874,c,10873
10871,f,10873
10871,c,10873
10869,f,10873
10874,f,10873
10869,c,10873
10874,e,10874
10873,e,10874
10875,e,10874
10872,e,10874
10870,e,10874
10871,e,10874
10876,f,10875
10875,c,10875
10875,f,10875
10874,f,10875
10874,c,10875
10874,d,10875
10875,d,10875
10876,d,10875
10876,c,10875
10872,f,10875
10871,c,10875
10873,f,10875
10873,c,10875
10873,d,10875
10871,d,10875
10871,f,10875
10872,d,10875
10872,c,10875
10876,f,10876
10876,e,10876
10875,e,10876
10875,f,10876
10875,d,10876
10877,d,10876
10877,f,10876
10876,d,10876
10877,e,10876
10872,d,10876
10872,e,10876
10873,d,10876
10873,f,10876
10873,e,10876
10874,d,10876
10874,f,10876
10874,e,10876
10872,f,10876
10874,f,10877
10877,a,10877
10877,f,10877
10877,e,10877
10878,a,10877
10876,e,10877
10876,f,10877
10876,a,10877
10874,a,10877
10873,a,10877
10873,f,10877
10873,e,10877
10878,f,10877
10878,e,10877
10874,e,10877
10875,a,10877
10875,f,10877
10875,e,10877
10879,f,10878
10878,f,10878
10878,e,10878
10879,b,10878
10874,d,10878
10877,e,10878
10877,f,10878
10877,c,10878
10877,d,10878
10877,b,10878
10878,c,10878
10878,d,10878
10878,b,10878
10879,c,10878
10879,d,10878
10874,c,10878
10879,e,10878
10874,f,10878
10874,e,10878
10874,b,10878
10875,b,10878
10876,b,10878
10876,e,10878
10876,f,10878
10876,c,10878
10876,d,10878
10875,e,10878
10875,f,10878
10875,c,10878
10875,d,10878
10875,f,10879
10878,f,10879
10878,e,10879
10880,c,10879
10879,f,10879
10878,c,10879
10879,e,10879
10879,c,10879
10875,e,10879
10880,f,10879
10880,e,10879
10876,e,10879
10877,e,10879
10877,f,10879
10876,f,10879
10875,c,10879
10876,c,10879
10877,c,10879
10881,f,10880
10881,e,10880
10879,f,10880
10879,e,10880
10880,e,10880
10880,f,10880
10880,c,10880
10879,c,10880
10881,c,10880
10877,f,10880
10878,e,10880
10878,f,10880
10876,c,10880
10876,f,10880
10876,e,10880
10878,c,10880
10877,c,10880
10877,e,10880
10878,e,10881
10881,e,10881
10881,b,10881
10880,e,10881
10880,b,10881
10877,b,10881
10877,e,10881
10879,e,10881
10879,b,10881
10878,b,10881
10882,e,10881
10882,b,10881
10878,c,10882
10880,c,10882
10883,c,10882
10879,c,10882
10881,c,10882
10882,c,10882
10884,c,10883
10883,c,10883
10882,c,10883
10880,c,10883
10881,c,10883
10879,c,10883
10885,e,10884
10881,e,10884
10882,e,10884
10884,e,10884
10880,e,10884
10883,e,10884
10885,f,10885
10884,f,10885
10884,c,10885
10886,c,10885
10886,f,10885
10881,c,10885
10885,c,10885
10883,c,10885
10881,f,10885
10882,f,10885
10882,c,10885
10883,f,10885
10886,b,10886
10885,e,10886
10887,e,10886
10885,b,10886
10886,e,10886
10887,b,10886
10883,b,10886
10884,e,10886
10884,b,10886
10882,b,10886
10882,e,10886
10883,e,10886
10887,f,10887
10887,c,10887
10886,f,10887
10886,c,10887
10888,f,10887
10884,f,10887
10883,f,10887
10885,f,10887
10885,c,10887
10884,c,10887
10883,c,10887
10888,c,10887
10885,e,10888
10886,e,10888
10889,e,10888
10884,e,10888
10887,e,10888
10888,e,10888
10889,f,10889
10890,f,10889
10888,f,10889
10887,f,10889
10885,f,10889
10886,f,10889
10891,a,10890
10887,a,10890
10886,a,10890
10888,a,10890
10889,a,10890
10890,a,10890
10892,b,10891
10891,b,10891
10890,d,10891
10892,d,10891
10890,c,10891
10891,c,10891
10891,d,10891
10890,b,10891
10892,c,10891
10887,c,10891
10888,c,10891
10887,b,10891
10888,b,10891
10888,d,10891
10889,c,10891
10889,d,10891
10887,d,10891
10889,b,10891
10892,e,10892
10893,c,10892
10893,f,10892
10892,f,10892
10891,e,10892
10891,f,10892
10891,c,10892
10893,e,10892
10892,c,10892
10889,e,10892
10888,c,10892
10888,f,10892
10890,e,10892
10890,f,10892
10890,c,10892
10888,e,10892
10889,c,10892
10889,f,10892
10893,b,10893
10894,b,10893
10894,f,10893
10894,e,10893
10892,e,10893
10892,f,10893
10892,b,10893
10889,b,10893
10889,f,10893
10889,e,10893
10891,e,10893
10891,f,10893
10891,b,10893
10890,b,10893
10890,f,10893
10890,e,10893
10893,e,10893
10893,f,10893
10894,f,10894
10895,c,10894
10895,f,10894
10894,c,10894
10893,f,10894
10893,c,10894
10890,c,10894
10890,f,10894
10891,c,10894
10891,f,10894
10892,c,10894
10892,f,10894
10895,e,10895
10894,e,10895
10891,e,10895
10896,e,10895
10893,e,10895
10892,e,10895
10892,b,10896
10896,f,10896
10895,f,10896
10895,b,10896
10892,f,10896
10893,b,10896
10897,b,10896
10896,b,10896
10894,b,10896
10893,f,10896
10897,f,10896
10894,f,10896
10897,c,10897
10897,f,10897
10898,f,10897
10896,f,10897
10896,c,10897
10898,c,10897
10894,c,10897
10893,c,10897
10895,f,10897
10895,c,10897
10893,f,10897
10894,f,10897
10899,e,10898
10899,d,10898
10898,e,10898
10898,d,10898
10897,e,10898
10897,d,10898
10895,e,10898
10894,d,10898
10894,e,10898
10896,e,10898
10896,d,10898
10895,d,10898
10897,f,10899
10895,f,10899
10896,f,10899
10898,f,10899
10900,f,10899
10899,f,10899
10900,d,10901
10902,d,10901
10899,d,10901
10901,d,10901
10898,d,10901
10897,d,10901
10902,f,10902
10902,d,10902
10903,f,10902
10901,f,10902
10903,d,10902
10901,d,10902
10900,f,10902
10898,d,10902
10898,f,10902
10899,f,10902
10899,d,10902
10900,d,10902
10899,f,10903
10901,f,10903
10903,f,10903
10902,f,10903
10904,f,10903
10900,f,10903
10906,d,10905
10905,d,10905
10904,e,10905
10904,d,10905
10906,e,10905
10903,e,10905
10905,e,10905
10902,d,10905
10901,e,10905
10903,d,10905
10902,e,10905
10901,d,10905
10906,f,10906
10907,d,10906
10905,f,10906
10905,d,10906
10907,f,10906
10903,d,10906
10904,f,10906
10904,d,10906
10902,d,10906
10902,f,10906
10903,f,10906
10906,d,10906
10908,f,10907
10907,f,10907
10906,f,10907
10903,f,10907
10905,f,10907
10904,f,10907
10905,b,10909
10908,e,10909
10908,b,10909
10910,b,10909
10910,e,10909
10905,e,10909
10909,b,10909
10907,b,10909
10909,e,10909
10906,e,10909
10906,b,10909
10907,e,10909
10911,f,10910
10910,f,10910
10911,c,10910
10909,f,10910
10909,c,10910
10910,c,10910
10907,f,10910
10906,f,10910
10908,f,10910
10908,c,10910
10906,c,10910
10907,c,10910
10907,a,10911
10907,e,10911
10910,a,10911
10910,e,10911
10912,a,10911
10909,e,10911
10909,a,10911
10908,a,10911
10908,e,10911
10912,e,10911
10911,e,10911
10911,a,10911
10911,d,10912
10911,f,10912
10912,f,10912
10912,d,10912
10912,b,10912
10911,b,10912
10913,b,10912
10908,d,10912
10913,f,10912
10910,f,10912
10910,d,10912
10908,b,10912
10909,f,10912
10909,d,10912
10909,b,10912
10908,f,10912
10913,d,10912
10910,b,10912
10912,f,10913
10913,f,10913
10914,c,10913
10914,f,10913
10912,c,10913
10913,c,10913
10909,f,10913
10911,f,10913
10911,c,10913
10910,c,10913
10910,f,10913
10909,c,10913
10914,b,10914
10914,f,10914
10914,e,10914
10915,b,10914
10913,e,10914
10913,f,10914
10913,b,10914
10915,f,10914
10910,b,10914
10910,f,10914
10915,e,10914
10911,b,10914
10911,e,10914
10911,f,10914
10912,e,10914
10912,f,10914
10912,b,10914
10910,e,10914
10911,c,10915
10914,b,10915
10914,c,10915
10915,f,10915
10915,c,10915
10916,f,10915
10916,c,10915
10916,b,10915
10914,f,10915
10915,b,10915
10911,f,10915
10911,b,10915
10912,b,10915
10912,c,10915
10913,f,10915
10913,c,10915
10912,f,10915
10913,b,10915
10917,e,10916
10912,f,10916
10912,c,10916
10915,c,10916
10917,c,10916
10915,e,10916
10917,f,10916
10916,c,10916
10915,f,10916
10912,e,10916
10916,e,10916
10913,e,10916
10913,f,10916
10913,c,10916
10914,c,10916
10914,e,10916
10914,f,10916
10916,f,10916
10917,c,10917
10913,e,10917
10916,e,10917
10918,e,10917
10918,f,10917
10918,c,10917
10917,e,10917
10917,f,10917
10916,f,10917
10913,f,10917
10916,c,10917
10915,e,10917
10913,c,10917
10915,f,10917
10915,c,10917
10914,c,10917
10914,f,10917
10914,e,10917
10915,d,10918
10919,e,10918
10919,d,10918
10915,e,10918
10918,d,10918
10918,e,10918
10917,e,10918
10916,d,10918
10914,e,10918
10916,e,10918
10914,d,10918
10917,d,10918
10918,c,10921
10921,c,10921
10920,c,10921
10917,c,10921
10919,c,10921
10922,c,10921
10923,e,10922
10920,e,10922
10921,a,10922
10921,c,10922
10922,c,10922
10922,e,10922
10923,a,10922
10923,c,10922
10922,a,10922
10920,c,10922
10921,e,10922
10919,e,10922
10920,a,10922
10919,a,10922
10918,e,10922
10918,c,10922
10919,c,10922
10918,a,10922
10922,a,10923
10922,b,10923
10922,d,10923
10922,f,10923
10922,e,10923
10919,e,10923
10923,d,10923
10923,f,10923
10923,e,10923
10924,a,10923
10924,b,10923
10924,d,10923
10924,f,10923
10923,b,10923
10923,a,10923
10924,e,10923
10919,d,10923
10920,a,10923
10919,b,10923
10919,a,10923
10921,a,10923
10921,b,10923
10921,d,10923
10919,f,10923
10921,e,10923
10920,b,10923
10920,e,10923
10920,f,10923
10920,d,10923
10921,f,10923
10920,d,10924
10920,b,10924
10923,b,10924
10923,c,10924
10923,f,10924
10921,f,10924
10924,f,10924
10920,c,10924
10924,d,10924
10923,d,10924
10924,c,10924
10924,b,10924
10925,b,10924
10925,d,10924
10925,c,10924
10925,f,10924
10922,f,10924
10922,c,10924
10921,c,10924
10920,f,10924
10921,d,10924
10922,d,10924
10922,b,10924
10921,b,10924
10926,e,10925
10925,e,10925
10924,f,10925
10924,e,10925
10925,f,10925
10925,c,10925
10924,c,10925
10921,c,10925
10926,c,10925
10921,f,10925
10926,f,10925
10923,e,10925
10923,f,10925
10923,c,10925
10921,e,10925
10922,c,10925
10922,f,10925
10922,e,10925
10922,f,10926
10926,f,10926
10926,e,10926
10925,e,10926
10925,f,10926
10923,f,10926
10922,e,10926
10927,f,10926
10927,e,10926
10924,e,10926
10924,f,10926
10923,e,10926
10928,e,10927
10927,f,10927
10926,e,10927
10926,f,10927
10927,e,10927
10928,f,10927
10924,e,10927
10923,f,10927
10925,e,10927
10925,f,10927
10923,e,10927
10924,f,10927
10929,a,10928
10929,f,10928
10927,f,10928
10927,a,10928
10924,a,10928
10924,f,10928
10928,f,10928
10926,f,10928
10926,a,10928
10925,a,10928
10925,f,10928
10928,a,10928
10929,d,10929
10928,b,10929
10928,d,10929
10929,b,10929
10930,b,10929
10925,b,10929
10927,d,10929
10925,d,10929
10926,d,10929
10926,b,10929
10930,d,10929
10927,b,10929
10930,a,10930
10929,c,10930
10929,d,10930
10929,a,10930
10930,d,10930
10930,c,10930
10931,a,10930
10931,d,10930
10931,c,10930
10927,d,10930
10927,a,10930
10926,c,10930
10928,c,10930
10928,d,10930
10928,a,10930
10927,c,10930
10926,d,10930
10926,a,10930
10928,b,10931
10930,a,10931
10930,b,10931
10930,d,10931
10930,f,10931
10930,e,10931
10931,a,10931
10931,b,10931
10931,d,10931
10931,f,10931
10931,e,10931
10932,a,10931
10932,d,10931
10932,f,10931
10932,e,10931
10928,a,10931
10927,a,10931
10932,b,10931
10927,f,10931
10927,d,10931
10928,d,10931
10928,f,10931
10928,e,10931
10929,e,10931
10929,f,10931
10929,d,10931
10929,b,10931
10927,b,10931
10929,a,10931
10927,e,10931
10928,d,10932
10931,b,10932
10931,d,10932
10931,c,10932
10933,d,10932
10933,f,10932
10933,c,10932
10933,b,10932
10928,b,10932
10932,b,10932
10932,d,10932
10931,f,10932
10928,c,10932
10932,f,10932
10932,c,10932
10929,f,10932
10929,c,10932
10929,d,10932
10929,b,10932
10930,f,10932
10930,c,10932
10930,d,10932
10928,f,10932
10930,b,10932
10934,e,10933
10932,f,10933
10929,e,10933
10934,f,10933
10934,c,10933
10933,e,10933
10933,f,10933
10933,c,10933
10932,e,10933
10929,f,10933
10931,e,10933
10929,c,10933
10930,c,10933
10930,f,10933
10931,f,10933
10931,c,10933
10932,c,10933
10930,e,10933
10930,f,10934
10935,f,10934
10935,e,10934
10933,e,10934
10933,f,10934
10934,e,10934
10934,f,10934
10931,f,10934
10931,e,10934
10932,e,10934
10932,f,10934
10930,e,10934
10936,f,10935
10935,f,10935
10932,f,10935
10931,f,10935
10934,f,10935
10933,f,10935
10937,a,10937
10936,a,10937
10935,a,10937
10934,a,10937
10938,a,10937
10933,a,10937
10938,d,10938
10937,d,10938
10937,b,10938
10934,b,10938
10934,d,10938
10939,d,10938
10935,b,10938
10936,b,10938
10938,b,10938
10939,b,10938
10935,d,10938
10936,d,10938
10938,c,10939
10939,f,10939
10938,f,10939
10939,c,10939
10940,f,10939
10937,f,10939
10937,c,10939
10936,f,10939
10936,c,10939
10935,f,10939
10935,c,10939
10940,c,10939
10939,e,10940
10940,e,10940
10941,e,10940
10938,e,10940
10937,e,10940
10936,e,10940
10938,f,10941
10942,f,10941
10941,f,10941
10937,f,10941
10939,f,10941
10940,f,10941
10940,f,10944
10941,f,10944
10942,f,10944
10945,f,10944
10943,f,10944
10944,f,10944
10945,a,10946
10944,a,10946
10947,a,10946
10943,a,10946
10946,a,10946
10942,a,10946
10947,e,10947
10947,b,10947
10948,b,10947
10946,e,10947
10946,d,10947
10946,b,10947
10948,d,10947
10947,d,10947
10945,e,10947
10945,d,10947
10944,e,10947
10943,b,10947
10945,b,10947
10943,d,10947
10943,e,10947
10944,b,10947
10944,d,10947
10948,e,10947
10949,f,10948
10948,c,10948
10948,f,10948
10947,f,10948
10947,c,10948
10947,d,10948
10945,d,10948
10946,f,10948
10946,c,10948
10946,d,10948
10944,d,10948
10944,c,10948
10944,f,10948
10949,d,10948
10949,c,10948
10945,f,10948
10945,c,10948
10948,d,10948
10950,f,10949
10948,f,10949
10948,e,10949
10945,f,10949
10947,e,10949
10947,f,10949
10946,e,10949
10946,f,10949
10945,e,10949
10949,f,10949
10950,e,10949
10949,e,10949
10951,f,10950
10950,f,10950
10948,f,10950
10947,f,10950
10946,f,10950
10949,f,10950
10953,e,10957
10954,e,10957
10958,e,10957
10955,e,10957
10956,e,10957
10957,e,10957
10958,f,10958
10957,f,10958
10959,f,10958
10956,f,10958
10955,f,10958
10954,f,10958
10958,b,10959
10955,b,10959
10957,b,10959
10960,b,10959
10959,b,10959
10956,b,10959
10960,f,10960
10960,c,10960
10959,c,10960
10961,f,10960
10961,c,10960
10959,f,10960
10958,c,10960
10956,c,10960
10958,f,10960
10956,f,10960
10957,c,10960
10957,f,10960
10958,a,10961
10962,e,10961
10962,f,10961
10962,a,10961
10961,e,10961
10961,f,10961
10961,a,10961
10960,f,10961
10960,a,10961
10960,e,10961
10957,e,10961
10958,f,10961
10958,e,10961
10957,f,10961
10959,e,10961
10959,f,10961
10959,a,10961
10957,a,10961
10958,d,10962
10961,b,10962
10961,d,10962
10962,b,10962
10963,b,10962
10958,f,10962
10958,b,10962
10961,f,10962
10962,f,10962
10962,d,10962
10963,d,10962
10963,f,10962
10960,f,10962
10960,d,10962
10960,b,10962
10959,b,10962
10959,d,10962
10959,f,10962
10963,c,10963
10964,f,10963
10962,f,10963
10962,c,10963
10963,f,10963
10964,c,10963
10961,c,10963
10960,f,10963
10959,c,10963
10959,f,10963
10960,c,10963
10961,f,10963
10965,e,10964
10963,e,10964
10964,e,10964
10962,e,10964
10961,e,10964
10960,e,10964
10964,f,10965
10965,e,10965
10966,f,10965
10966,e,10965
10965,f,10965
10964,e,10965
10961,f,10965
10961,e,10965
10963,e,10965
10963,f,10965
10962,e,10965
10962,f,10965
10963,f,10966
10964,f,10966
10962,f,10966
10965,f,10966
10966,f,10966
10967,f,10966
10971,b,10970
10970,b,10970
10969,b,10970
10968,b,10970
10967,b,10970
10966,b,10970
10972,f,10971
10972,c,10971
10971,f,10971
10971,c,10971
10967,f,10971
10970,f,10971
10970,c,10971
10968,c,10971
10969,f,10971
10969,c,10971
10967,c,10971
10968,f,10971
10968,e,10972
10969,e,10972
10970,e,10972
10971,e,10972
10973,e,10972
10972,e,10972
10974,f,10973
10973,f,10973
10969,f,10973
10971,f,10973
10970,f,10973
10972,f,10973
10980,e,10980
10981,e,10980
10978,e,10980
10979,e,10980
10976,e,10980
10977,e,10980
10977,f,10981
10981,d,10981
10981,b,10981
10982,b,10981
10982,d,10981
10980,e,10981
10980,f,10981
10980,d,10981
10980,b,10981
10982,f,10981
10981,f,10981
10982,e,10981
10978,f,10981
10977,e,10981
10977,b,10981
10978,b,10981
10978,d,10981
10979,e,10981
10978,e,10981
10981,e,10981
10977,d,10981
10979,b,10981
10979,d,10981
10979,f,10981
10983,c,10982
10981,f,10982
10981,c,10982
10983,f,10982
10982,c,10982
10982,f,10982
10980,f,10982
10980,c,10982
10979,f,10982
10979,c,10982
10978,c,10982
10978,f,10982
10980,e,10983
10981,e,10983
10979,e,10983
10983,e,10983
10982,e,10983
10984,e,10983
10985,f,10984
10983,f,10984
10982,f,10984
10980,f,10984
10981,f,10984
10984,f,10984
10984,b,10985
10982,b,10985
10986,b,10985
10981,b,10985
10983,b,10985
10985,b,10985
10987,d,10986
10985,c,10986
10985,f,10986
10987,c,10986
10986,f,10986
10986,c,10986
10985,d,10986
10987,f,10986
10986,d,10986
10983,c,10986
10982,d,10986
10982,c,10986
10984,c,10986
10984,d,10986
10983,f,10986
10984,f,10986
10983,d,10986
10982,f,10986
10986,b,10987
10986,f,10987
10987,f,10987
10988,f,10987
10987,e,10987
10987,b,10987
10988,e,10987
10986,e,10987
10988,b,10987
10984,f,10987
10985,e,10987
10985,f,10987
10983,b,10987
10983,f,10987
10985,b,10987
10984,e,10987
10984,b,10987
10983,e,10987
10985,f,10988
10989,f,10988
10989,c,10988
10988,c,10988
10987,f,10988
10987,c,10988
10988,f,10988
10984,f,10988
10985,c,10988
10984,c,10988
10986,f,10988
10986,c,10988
10986,e,10989
10990,e,10989
10985,e,10989
10988,e,10989
10989,e,10989
10987,e,10989
10986,f,10990
10990,f,10990
10987,f,10990
10989,f,10990
10991,f,10990
10988,f,10990
10991,e,10991
10990,e,10991
10990,f,10991
10987,f,10991
10991,f,10991
10992,e,10991
10992,f,10991
10989,e,10991
10989,f,10991
10987,e,10991
10988,f,10991
10988,e,10991
10993,a,10992
10993,f,10992
10991,a,10992
10992,a,10992
10992,f,10992
10991,f,10992
10988,a,10992
10990,f,10992
10990,a,10992
10988,f,10992
10989,a,10992
10989,f,10992
10993,b,10993
10993,d,10993
10992,d,10993
10992,b,10993
10989,b,10993
10994,d,10993
10994,b,10993
10991,d,10993
10991,b,10993
10989,d,10993
10990,b,10993
10990,d,10993
10990,a,10994
10993,f,10994
10994,c,10994
10994,f,10994
10993,c,10994
10993,a,10994
10995,f,10994
10994,a,10994
10990,c,10994
10995,c,10994
10995,a,10994
10990,f,10994
10992,f,10994
10992,c,10994
10992,a,10994
10991,a,10994
10991,c,10994
10991,f,10994
10995,b,10995
10995,d,10995
10995,e,10995
10994,e,10995
10994,d,10995
10994,b,10995
10991,b,10995
10991,d,10995
10996,b,10995
10991,e,10995
10996,e,10995
10992,e,10995
10992,d,10995
10993,e,10995
10993,d,10995
10993,b,10995
10996,d,10995
10992,b,10995
10997,a,10996
10995,a,10996
10997,c,10996
10995,f,10996
10996,f,10996
10996,c,10996
10996,a,10996
10995,c,10996
10997,f,10996
10992,c,10996
10992,a,10996
10993,c,10996
10993,a,10996
10994,f,10996
10994,c,10996
10994,a,10996
10993,f,10996
10992,f,10996
10996,b,10997
10998,d,10997
10996,d,10997
10997,b,10997
10997,d,10997
10997,e,10997
10998,e,10997
10996,e,10997
10993,b,10997
10998,b,10997
10993,e,10997
10994,e,10997
10994,d,10997
10994,b,10997
10995,b,10997
10995,d,10997
10995,e,10997
10993,d,10997
10998,c,10998
10998,f,10998
10997,f,10998
10997,c,10998
10994,f,10998
10994,c,10998
10999,f,10998
10996,f,10998
10996,c,10998
10995,c,10998
10995,f,10998
10999,c,10998
10999,b,10999
10999,c,10999
10999,e,10999
10998,c,10999
11000,e,10999
11000,c,10999
11000,b,10999
10998,e,10999
10998,b,10999
10995,c,10999
10996,e,10999
10996,c,10999
10996,b,10999
10997,c,10999
10997,b,10999
10995,b,10999
10997,e,10999
10995,e,10999
11000,e,11000
10999,e,11000
10996,f,11000
10999,f,11000
10999,c,11000
11000,f,11000
11000,c,11000
10996,c,11000
11001,c,11000
11001,e,11000
10997,e,11000
10998,e,11000
10998,f,11000
10998,c,11000
10996,e,11000
10997,f,11000
11001,f,11000
10997,c,11000
11002,e,11001
11000,e,11001
11000,f,11001
11001,e,11001
11001,f,11001
11001,c,11001
11000,c,11001
10997,f,11001
11002,c,11001
10997,c,11001
10997,e,11001
10999,e,11001
10999,f,11001
10999,c,11001
11002,f,11001
10998,c,11001
10998,f,11001
10998,e,11001
10998,e,11002
11002,f,11002
11002,e,11002
11001,e,11002
11001,f,11002
10999,e,11002
11003,f,11002
11003,e,11002
11000,e,11002
11000,f,11002
10999,f,11002
10998,f,11002
11003,f,11003
11002,f,11003
11003,b,11003
11002,b,11003
11004,b,11003
11004,f,11003
11001,f,11003
11001,b,11003
10999,b,11003
10999,f,11003
11000,b,11003
11000,f,11003
11003,c,11004
11004,f,11004
11004,c,11004
11003,f,11004
11005,f,11004
11000,c,11004
11005,c,11004
11001,f,11004
11001,c,11004
11002,f,11004
11002,c,11004
11000,f,11004
11001,f,11005
11005,e,11005
11005,f,11005
11001,e,11005
11006,f,11005
11006,e,11005
11003,e,11005
11003,f,11005
11002,f,11005
11002,e,11005
11004,f,11005
11004,e,11005
11006,e,11006
11006,c,11006
11005,c,11006
11005,e,11006
11004,c,11006
11007,c,11006
11004,e,11006
11007,e,11006
11002,c,11006
11002,e,11006
11003,c,11006
11003,e,11006
11007,a,11007
11007,e,11007
11006,e,11007
11006,a,11007
11003,a,11007
11008,e,11007
11005,e,11007
11005,a,11007
11003,e,11007
11004,a,11007
11004,e,11007
11008,a,11007
11008,f,11008
11007,f,11008
11007,d,11008
11007,b,11008
11009,f,11008
11008,b,11008
11008,d,11008
11009,b,11008
11009,d,11008
11005,d,11008
11005,b,11008
11004,f,11008
11004,d,11008
11004,b,11008
11006,b,11008
11005,f,11008
11006,f,11008
11006,d,11008
11010,c,11009
11008,b,11009
11008,c,11009
11008,f,11009
11009,f,11009
11009,c,11009
11009,b,11009
11010,b,11009
11006,f,11009
11010,f,11009
11005,f,11009
11007,f,11009
11007,c,11009
11007,b,11009
11005,b,11009
11005,c,11009
11006,b,11009
11006,c,11009
11011,e,11010
11011,f,11010
11011,c,11010
11011,b,11010
11009,b,11010
11010,b,11010
11009,f,11010
11009,e,11010
11010,f,11010
11010,c,11010
11009,c,11010
11010,e,11010
11007,e,11010
11006,f,11010
11006,c,11010
11006,b,11010
11007,f,11010
11008,e,11010
11008,f,11010
11008,c,11010
11008,b,11010
11007,c,11010
11007,b,11010
11006,e,11010
11012,c,11011
11010,c,11011
11011,c,11011
11010,e,11011
11011,f,11011
11007,c,11011
11012,f,11011
11010,f,11011
11007,f,11011
11011,e,11011
11009,e,11011
11009,f,11011
11009,c,11011
11008,c,11011
11008,f,11011
11008,e,11011
11012,e,11011
11007,e,11011
11013,b,11012
11011,b,11012
11011,f,11012
11011,e,11012
11012,e,11012
11012,f,11012
11012,b,11012
11013,f,11012
11008,f,11012
11010,b,11012
11008,b,11012
11009,b,11012
11009,f,11012
11009,e,11012
11010,e,11012
11010,f,11012
11008,e,11012
11013,e,11012
11012,a,11013
11012,c,11013
11012,f,11013
11013,a,11013
11014,c,11013
11014,a,11013
11013,e,11013
11013,f,11013
11013,c,11013
11012,e,11013
11014,e,11013
11014,f,11013
11009,f,11013
11010,e,11013
11009,c,11013
11010,f,11013
11009,e,11013
11010,c,11013
11011,e,11013
11011,f,11013
11011,c,11013
11011,a,11013
11010,a,11013
11009,a,11013
11013,b,11014
11013,d,11014
11010,d,11014
11013,e,11014
11015,d,11014
11014,e,11014
11014,c,11014
11014,d,11014
11013,c,11014
11015,b,11014
11014,b,11014
11010,c,11014
11011,e,11014
11011,c,11014
11011,d,11014
11011,b,11014
11010,e,11014
11010,b,11014
11012,b,11014
11012,c,11014
11012,e,11014
11015,e,11014
11015,c,11014
11012,d,11014
11014,e,11015
11014,c,11015
11015,e,11015
11015,c,11015
11011,c,11015
11016,c,11015
11011,e,11015
11012,c,11015
11012,e,11015
11013,e,11015
11013,c,11015
11016,e,11015
11014,f,11016
11016,a,11016
11016,f,11016
11015,f,11016
11015,a,11016
11013,f,11016
11014,a,11016
11012,a,11016
11017,a,11016
11017,f,11016
11012,f,11016
11013,a,11016
11017,d,11017
11018,d,11017
11016,d,11017
11016,b,11017
11017,b,11017
11018,b,11017
11015,d,11017
11015,b,11017
11013,b,11017
11013,d,11017
11014,b,11017
11014,d,11017
11017,f,11018
11018,f,11018
11018,c,11018
11019,f,11018
11017,c,11018
11014,c,11018
11019,c,11018
11014,f,11018
11015,c,11018
11015,f,11018
11016,f,11018
11016,c,11018
11018,b,11019
11020,b,11019
11020,e,11019
11018,e,11019
11015,b,11019
11017,b,11019
11016,b,11019
11019,e,11019
11016,e,11019
11019,b,11019
11017,e,11019
11015,e,11019
11021,c,11020
11019,c,11020
11021,a,11020
11020,a,11020
11020,f,11020
11021,f,11020
11019,a,11020
11019,f,11020
11020,c,11020
11017,f,11020
11016,a,11020
11016,c,11020
11016,f,11020
11017,a,11020
11018,f,11020
11018,c,11020
11018,a,11020
11017,c,11020
11022,d,11021
11020,b,11021
11020,d,11021
11018,f,11021
11020,e,11021
11022,b,11021
11021,e,11021
11021,f,11021
11020,f,11021
11018,d,11021
11022,f,11021
11021,b,11021
11018,e,11021
11018,b,11021
11017,e,11021
11017,f,11021
11017,b,11021
11019,b,11021
11017,d,11021
11019,f,11021
11019,e,11021
11022,e,11021
11019,d,11021
11021,d,11021
11021,c,11022
11022,f,11022
11022,c,11022
11023,c,11022
11023,f,11022
11021,f,11022
11020,f,11022
11018,c,11022
11018,f,11022
11020,c,11022
11019,c,11022
11019,f,11022
11020,e,11023
11024,e,11023
11024,d,11023
11023,d,11023
11022,e,11023
11022,d,11023
11023,e,11023
11019,e,11023
11020,d,11023
11019,d,11023
11021,e,11023
11021,d,11023
11021,f,11024
11020,f,11024
11023,f,11024
11022,f,11024
11024,f,11024
11025,f,11024
11024,b,11025
11021,b,11025
11022,b,11025
11023,b,11025
11026,b,11025
11025,b,11025
11025,f,11026
11025,c,11026
11027,c,11026
11027,f,11026
11022,f,11026
11024,c,11026
11022,c,11026
11026,c,11026
11023,f,11026
11023,c,11026
11024,f,11026
11026,f,11026
11027,e,11027
11028,e,11027
11026,e,11027
11025,e,11027
11024,e,11027
11023,e,11027
11026,f,11028
11025,f,11028
11028,f,11028
11029,f,11028
11027,f,11028
11024,f,11028
11028,f,11031
11029,f,11031
11032,f,11031
11030,f,11031
11027,f,11031
11031,f,11031
11032,c,11033
11031,a,11033
11032,a,11033
11034,a,11033
11034,c,11033
11031,c,11033
11033,a,11033
11033,c,11033
11030,c,11033
11030,a,11033
11029,c,11033
11029,a,11033
11035,b,11034
11034,d,11034
11034,b,11034
11033,d,11034
11035,e,11034
11033,b,11034
11034,e,11034
11035,d,11034
11033,e,11034
11030,b,11034
11031,d,11034
11031,b,11034
11030,e,11034
11032,e,11034
11032,d,11034
11032,b,11034
11031,e,11034
11030,d,11034
11034,a,11035
11034,c,11035
11032,c,11035
11035,a,11035
11035,c,11035
11035,f,11035
11036,f,11035
11032,a,11035
11031,a,11035
11034,f,11035
11036,a,11035
11031,c,11035
11032,f,11035
11031,f,11035
11036,c,11035
11033,f,11035
11033,c,11035
11033,a,11035
11032,b,11036
11035,b,11036
11035,d,11036
11035,e,11036
11036,e,11036
11037,b,11036
11037,d,11036
11036,b,11036
11036,d,11036
11032,e,11036
11034,e,11036
11034,d,11036
11034,b,11036
11033,b,11036
11033,d,11036
11033,e,11036
11037,e,11036
11032,d,11036
11037,c,11037
11036,a,11037
11036,d,11037
11036,c,11037
11037,f,11037
11037,a,11037
11037,d,11037
11038,f,11037
11038,c,11037
11036,f,11037
11038,d,11037
11033,a,11037
11033,d,11037
11034,f,11037
11034,c,11037
11034,d,11037
11034,a,11037
11033,f,11037
11035,f,11037
11035,c,11037
11035,d,11037
11035,a,11037
11033,c,11037
11038,a,11037
11035,f,11038
11037,a,11038
11037,b,11038
11037,e,11038
11037,f,11038
11034,a,11038
11038,e,11038
11038,f,11038
11038,d,11038
11038,b,11038
11038,a,11038
11037,d,11038
11035,d,11038
11039,a,11038
11034,e,11038
11035,e,11038
11035,b,11038
11035,a,11038
11039,b,11038
11034,f,11038
11034,d,11038
11036,a,11038
11034,b,11038
11036,d,11038
11039,d,11038
11036,b,11038
11039,e,11038
11039,f,11038
11036,e,11038
11036,f,11038
11038,d,11039
11038,b,11039
11039,b,11039
11039,d,11039
11039,c,11039
11039,f,11039
11040,f,11039
11040,c,11039
11038,c,11039
11038,f,11039
11035,b,11039
11040,b,11039
11040,d,11039
11036,f,11039
11036,c,11039
11036,d,11039
11036,b,11039
11037,d,11039
11037,b,11039
11037,f,11039
11035,f,11039
11035,c,11039
11035,d,11039
11037,c,11039
11040,e,11040
11039,c,11040
11036,c,11040
11036,f,11040
11041,c,11040
11041,e,11040
11039,f,11040
11040,f,11040
11040,c,11040
11038,e,11040
11038,f,11040
11038,c,11040
11036,e,11040
11037,c,11040
11037,f,11040
11037,e,11040
11041,f,11040
11039,e,11040
11040,a,11041
11042,e,11041
11042,a,11041
11041,e,11041
11040,e,11041
11041,a,11041
11041,b,11041
11041,f,11041
11042,f,11041
11040,b,11041
11040,f,11041
11042,b,11041
11038,e,11041
11038,a,11041
11037,e,11041
11038,b,11041
11037,f,11041
11039,a,11041
11039,b,11041
11038,f,11041
11039,e,11041
11037,b,11041
11037,a,11041
11039,f,11041
11043,d,11042
11043,c,11042
11043,f,11042
11041,f,11042
11041,c,11042
11041,d,11042
11041,b,11042
11042,f,11042
11042,b,11042
11043,b,11042
11042,c,11042
11038,b,11042
11039,f,11042
11039,c,11042
11039,d,11042
11039,b,11042
11038,f,11042
11038,c,11042
11042,d,11042
11040,b,11042
11040,c,11042
11040,f,11042
11038,d,11042
11040,d,11042
11042,e,11043
11042,c,11043
11039,e,11043
11044,e,11043
11044,c,11043
11043,e,11043
11039,c,11043
11043,c,11043
11041,e,11043
11040,c,11043
11041,c,11043
11040,e,11043
11044,b,11044
11044,e,11044
11043,e,11044
11043,b,11044
11040,e,11044
11045,e,11044
11045,b,11044
11041,e,11044
11042,e,11044
11042,b,11044
11041,b,11044
11040,b,11044
11045,c,11045
11045,f,11045
11046,c,11045
11046,f,11045
11044,f,11045
11044,c,11045
11041,f,11045
11042,f,11045
11043,f,11045
11043,c,11045
11041,c,11045
11042,c,11045
11046,b,11046
11046,e,11046
11045,e,11046
11045,b,11046
11042,b,11046
11042,e,11046
11047,b,11046
11044,e,11046
11044,b,11046
11043,b,11046
11043,e,11046
11047,e,11046
11046,f,11047
11047,c,11047
11047,f,11047
11046,c,11047
11043,c,11047
11048,c,11047
11044,c,11047
11044,f,11047
11045,f,11047
11045,c,11047
11048,f,11047
11043,f,11047
11049,e,11048
11044,f,11048
11044,e,11048
11048,e,11048
11047,e,11048
11047,f,11048
11048,f,11048
11046,e,11048
11046,f,11048
11045,f,11048
11045,e,11048
11049,f,11048
11050,a,11049
11048,f,11049
11050,f,11049
11048,a,11049
11049,f,11049
11049,a,11049
11047,f,11049
11047,a,11049
11045,f,11049
11046,a,11049
11046,f,11049
11045,a,11049
11051,f,11050
11050,d,11050
11050,f,11050
11051,b,11050
11051,d,11050
11049,f,11050
11049,d,11050
11049,b,11050
11046,b,11050
11050,b,11050
11048,f,11050
11048,d,11050
11048,b,11050
11046,d,11050
11046,f,11050
11047,b,11050
11047,d,11050
11047,f,11050
11052,c,11051
11052,f,11051
11050,f,11051
11050,c,11051
11051,f,11051
11047,c,11051
11051,c,11051
11048,c,11051
11048,f,11051
11047,f,11051
11049,f,11051
11049,c,11051
11051,e,11052
11052,e,11052
11052,b,11052
11053,e,11052
11051,b,11052
11048,b,11052
11048,e,11052
11053,b,11052
11049,e,11052
11050,e,11052
11049,b,11052
11050,b,11052
11054,c,11053
11053,d,11053
11053,c,11053
11052,c,11053
11052,d,11053
11049,d,11053
11049,c,11053
11054,d,11053
11051,c,11053
11051,d,11053
11050,d,11053
11050,c,11053
11053,e,11054
11054,e,11054
11054,f,11054
11053,f,11054
11052,f,11054
11055,f,11054
11052,e,11054
11050,f,11054
11050,e,11054
11055,e,11054
11051,e,11054
11051,f,11054
11055,b,11055
11055,f,11055
11054,f,11055
11054,b,11055
11056,b,11055
11053,f,11055
11053,b,11055
11051,b,11055
11051,f,11055
11052,b,11055
11052,f,11055
11056,f,11055
11057,c,11056
11056,c,11056
11057,f,11056
11055,f,11056
11055,c,11056
11056,f,11056
11053,c,11056
11052,c,11056
11054,f,11056
11054,c,11056
11052,f,11056
11053,f,11056
11057,c,11057
11057,e,11057
11056,e,11057
11056,c,11057
11053,c,11057
11053,e,11057
11058,c,11057
11055,e,11057
11055,c,11057
11054,c,11057
11054,e,11057
11058,e,11057
11059,c,11058
11057,e,11058
11058,c,11058
11058,f,11058
11058,e,11058
11057,f,11058
11057,c,11058
11059,e,11058
11054,e,11058
11054,f,11058
11059,f,11058
11054,c,11058
11056,e,11058
11056,f,11058
11056,c,11058
11055,c,11058
11055,f,11058
11055,e,11058
11059,d,11059
11059,f,11059
11059,e,11059
11058,e,11059
11058,f,11059
11058,d,11059
11055,d,11059
11055,f,11059
11060,d,11059
11060,f,11059
11060,e,11059
11057,e,11059
11057,f,11059
11057,d,11059
11055,e,11059
11056,d,11059
11056,f,11059
11056,e,11059
11060,a,11060
11059,f,11060
11059,a,11060
11061,a,11060
11061,f,11060
11060,f,11060
11056,a,11060
11058,f,11060
11058,a,11060
11056,f,11060
11057,a,11060
11057,f,11060
11061,b,11061
11061,d,11061
11060,d,11061
11060,b,11061
11057,b,11061
11057,d,11061
11062,d,11061
11059,d,11061
11059,b,11061
11058,b,11061
11058,d,11061
11062,b,11061
11058,f,11062
11062,c,11062
11062,f,11062
11063,f,11062
11061,f,11062
11061,c,11062
11058,c,11062
11063,c,11062
11059,c,11062
11060,f,11062
11060,c,11062
11059,f,11062
11064,f,11063
11063,b,11063
11064,b,11063
11064,e,11063
11062,e,11063
11062,f,11063
11062,b,11063
11063,f,11063
11059,f,11063
11059,b,11063
11061,e,11063
11061,f,11063
11061,b,11063
11060,b,11063
11060,f,11063
11060,e,11063
11059,e,11063
11063,e,11063
11064,f,11064
11065,c,11064
11065,f,11064
11064,c,11064
11060,f,11064
11063,f,11064
11063,c,11064
11060,c,11064
11062,f,11064
11062,c,11064
11061,c,11064
11061,f,11064
11063,e,11065
11066,e,11065
11065,e,11065
11062,e,11065
11061,e,11065
11064,e,11065
11062,e,11066
11067,f,11066
11065,e,11066
11065,f,11066
11067,e,11066
11064,e,11066
11066,f,11066
11064,f,11066
11062,f,11066
11063,e,11066
11063,f,11066
11066,e,11066
11067,f,11067
11068,d,11067
11068,f,11067
11066,f,11067
11066,d,11067
11067,d,11067
11065,d,11067
11065,f,11067
11063,d,11067
11063,f,11067
11064,f,11067
11064,d,11067
11068,f,11068
11065,f,11068
11069,f,11068
11067,f,11068
11064,f,11068
11066,f,11068
11069,e,11071
11071,e,11071
11070,e,11071
11070,c,11071
11072,e,11071
11072,c,11071
11071,c,11071
11067,e,11071
11068,e,11071
11068,c,11071
11069,c,11071
11067,c,11071
11072,f,11072
11072,e,11072
11073,f,11072
11071,e,11072
11071,f,11072
11068,e,11072
11070,e,11072
11070,f,11072
11068,f,11072
11069,e,11072
11069,f,11072
11073,e,11072
11074,f,11073
11073,f,11073
11072,f,11073
11069,f,11073
11071,f,11073
11070,f,11073
11075,a,11074
11071,a,11074
11072,a,11074
11074,a,11074
11070,a,11074
11073,a,11074
11075,d,11075
11074,d,11075
11074,b,11075
11076,b,11075
11076,d,11075
11071,b,11075
11071,d,11075
11072,d,11075
11072,b,11075
11075,b,11075
11073,d,11075
11073,b,11075
11077,f,11076
11075,f,11076
11076,f,11076
11077,c,11076
11075,c,11076
11076,c,11076
11074,f,11076
11074,c,11076
11072,c,11076
11072,f,11076
11073,c,11076
11073,f,11076
11076,e,11077
11077,e,11077
11077,f,11077
11078,f,11077
11076,f,11077
11073,f,11077
11078,e,11077
11073,e,11077
11075,e,11077
11075,f,11077
11074,e,11077
11074,f,11077
11078,b,11078
11078,f,11078
11074,b,11078
11077,f,11078
11077,b,11078
11079,b,11078
11074,f,11078
11079,f,11078
11076,f,11078
11076,b,11078
11075,b,11078
11075,f,11078
11079,c,11079
11079,f,11079
11078,c,11079
11080,c,11079
11080,f,11079
11078,f,11079
11077,f,11079
11077,c,11079
11076,f,11079
11076,c,11079
11075,f,11079
11075,c,11079
11077,e,11080
11078,e,11080
11076,e,11080
11079,e,11080
11081,e,11080
11080,e,11080
11082,f,11081
11081,f,11081
11079,f,11081
11078,f,11081
11080,f,11081
11077,f,11081
11084,f,11085
11086,f,11085
11085,f,11085
11083,f,11085
11082,f,11085
11081,f,11085
11083,e,11087
11086,e,11087
11086,f,11087
11087,e,11087
11088,f,11087
11088,e,11087
11083,f,11087
11087,f,11087
11085,f,11087
11084,e,11087
11084,f,11087
11085,e,11087
11089,a,11088
11087,f,11088
11089,f,11088
11087,a,11088
11088,a,11088
11088,f,11088
11084,f,11088
11086,f,11088
11086,a,11088
11085,a,11088
11085,f,11088
11084,a,11088
11089,b,11089
11089,d,11089
11088,d,11089
11090,d,11089
11086,d,11089
11088,b,11089
11087,d,11089
11087,b,11089
11085,d,11089
11086,b,11089
11090,b,11089
11085,b,11089
11091,c,11090
11090,f,11090
11089,c,11090
11089,f,11090
11086,c,11090
11088,f,11090
11088,c,11090
11087,f,11090
11087,c,11090
11086,f,11090
11091,f,11090
11090,c,11090
11091,e,11091
11092,e,11091
11090,e,11091
11087,e,11091
11089,e,11091
11088,e,11091
11090,f,11092
11093,f,11092
11088,f,11092
11091,f,11092
11089,f,11092
11092,f,11092
11094,a,11094
11092,a,11094
11095,a,11094
11091,a,11094
11090,a,11094
11093,a,11094
11094,d,11095
11094,b,11095
11095,d,11095
11096,b,11095
11096,d,11095
11093,d,11095
11095,b,11095
11092,d,11095
11092,b,11095
11091,d,11095
11091,b,11095
11093,b,11095
11096,e,11096
11096,f,11096
11096,c,11096
11097,f,11096
11097,e,11096
11095,e,11096
11095,c,11096
11097,c,11096
11095,f,11096
11092,f,11096
11092,e,11096
11094,e,11096
11094,f,11096
11094,c,11096
11093,c,11096
11093,f,11096
11092,c,11096
11093,e,11096
11093,f,11097
11097,e,11097
11098,f,11097
11098,e,11097
11096,e,11097
11096,f,11097
11097,f,11097
11095,e,11097
11095,f,11097
11094,f,11097
11094,e,11097
11093,e,11097
11098,f,11098
11094,f,11098
11099,f,11098
11097,e,11098
11097,f,11098
11099,e,11098
11094,e,11098
11098,e,11098
11096,e,11098
11096,f,11098
11095,e,11098
11095,f,11098
11096,f,11099
11097,f,11099
11100,f,11099
11095,f,11099
11098,f,11099
11099,f,11099
11096,a,11100
11100,d,11100
11100,a,11100
11099,d,11100
11096,d,11100
11101,d,11100
11099,a,11100
11101,a,11100
11098,d,11100
11098,a,11100
11097,a,11100
11097,d,11100
11101,b,11101
11101,d,11101
11101,f,11101
11100,f,11101
11100,d,11101
11100,b,11101
11097,b,11101
11102,b,11101
11102,d,11101
11098,d,11101
11098,f,11101
11098,b,11101
11097,f,11101
11097,d,11101
11099,b,11101
11099,d,11101
11102,f,11101
11099,f,11101
11103,f,11102
11102,c,11102
11102,d,11102
11102,f,11102
11101,c,11102
11101,d,11102
11101,a,11102
11103,a,11102
11103,d,11102
11103,c,11102
11101,f,11102
11102,a,11102
11099,a,11102
11099,f,11102
11098,f,11102
11099,d,11102
11098,c,11102
11100,a,11102
11100,d,11102
11099,c,11102
11100,f,11102
11098,d,11102
11098,a,11102
11100,c,11102
11103,b,11103
11104,d,11103
11104,f,11103
11104,e,11103
11102,e,11103
11102,f,11103
11102,d,11103
11102,b,11103
11103,d,11103
11104,b,11103
11103,e,11103
11099,b,11103
11100,e,11103
11100,f,11103
11100,d,11103
11100,b,11103
11099,e,11103
11101,b,11103
11103,f,11103
11101,d,11103
11101,e,11103
11099,f,11103
11099,d,11103
11101,f,11103
11104,c,11104
11105,f,11104
11105,c,11104
11100,c,11104
11103,f,11104
11100,f,11104
11104,f,11104
11101,c,11104
11103,c,11104
11102,f,11104
11102,c,11104
11101,f,11104
11103,e,11105
11105,e,11105
11102,e,11105
11101,e,11105
11104,e,11105
11106,e,11105
11106,f,11106
11105,f,11106
11105,c,11106
11107,c,11106
11107,f,11106
11106,c,11106
11104,f,11106
11103,c,11106
11103,f,11106
11104,c,11106
11102,c,11106
11102,f,11106
11106,c,11107
11106,e,11107
11107,e,11107
11105,e,11107
11104,e,11107
11104,c,11107
11103,e,11107
11107,c,11107
11108,c,11107
11108,e,11107
11105,c,11107
11103,c,11107
11107,d,11108
11108,c,11108
11107,f,11108
11107,e,11108
11109,c,11108
11109,d,11108
11108,e,11108
11108,d,11108
11107,c,11108
11109,f,11108
11108,f,11108
11105,c,11108
11104,d,11108
11106,e,11108
11106,f,11108
11106,c,11108
11106,d,11108
11104,c,11108
11105,e,11108
11105,f,11108
11109,e,11108
11105,d,11108
11104,f,11108
11104,e,11108
11109,f,11109
11108,e,11109
11110,f,11109
11109,e,11109
11108,f,11109
11110,e,11109
11106,e,11109
11105,e,11109
11106,f,11109
11107,e,11109
11107,f,11109
11105,f,11109
11110,c,11110
11110,f,11110
11109,f,11110
11109,c,11110
11106,c,11110
11107,f,11110
11111,f,11110
11108,f,11110
11108,c,11110
11107,c,11110
11111,c,11110
11106,f,11110
11110,e,11111
11111,e,11111
11112,e,11111
11109,e,11111
11107,e,11111
11108,e,11111
11112,c,11112
11112,f,11112
11111,f,11112
11111,c,11112
11108,c,11112
11108,f,11112
11113,c,11112
11110,f,11112
11110,c,11112
11109,c,11112
11109,f,11112
11113,f,11112
11113,e,11113
11112,e,11113
11112,d,11113
11112,a,11113
11113,a,11113
11114,e,11113
11113,d,11113
11111,d,11113
11114,a,11113
11110,e,11113
11110,d,11113
11110,a,11113
11109,e,11113
11109,d,11113
11114,d,11113
11111,a,11113
11109,a,11113
11111,e,11113
11115,b,11114
11113,d,11114
11113,b,11114
11113,f,11114
11114,f,11114
11114,d,11114
11114,b,11114
11111,b,11114
11111,d,11114
11110,b,11114
11111,f,11114
11110,f,11114
11110,d,11114
11115,f,11114
11112,b,11114
11112,d,11114
11115,d,11114
11112,f,11114
11115,f,11115
11114,b,11115
11114,c,11115
11114,f,11115
11116,a,11115
11114,a,11115
11116,b,11115
11116,c,11115
11116,f,11115
11115,b,11115
11115,a,11115
11115,c,11115
11112,f,11115
11111,a,11115
11111,b,11115
11111,c,11115
11111,f,11115
11112,c,11115
11112,b,11115
11113,f,11115
11113,c,11115
11113,b,11115
11113,a,11115
11112,a,11115
11113,e,11116
11117,d,11116
11115,b,11116
11115,d,11116
11117,b,11116
11115,f,11116
11115,e,11116
11112,b,11116
11116,e,11116
11116,f,11116
11116,b,11116
11115,c,11116
11112,d,11116
11117,c,11116
11117,f,11116
11113,f,11116
11113,c,11116
11113,d,11116
11113,b,11116
11116,d,11116
11112,f,11116
11112,c,11116
11114,b,11116
11112,e,11116
11114,c,11116
11114,f,11116
11114,e,11116
11117,e,11116
11114,d,11116
11116,c,11116
11116,e,11117
11116,f,11117
11116,c,11117
11116,d,11117
11117,f,11117
11117,c,11117
11117,d,11117
11117,e,11117
11118,d,11117
11118,c,11117
11115,f,11117
11114,e,11117
11113,d,11117
11113,c,11117
11113,f,11117
11113,e,11117
11114,d,11117
11114,c,11117
11114,f,11117
11115,d,11117
11118,e,11117
11115,e,11117
11118,f,11117
11115,c,11117
11117,f,11118
11115,f,11118
11118,f,11118
11118,e,11118
11117,e,11118
11115,e,11118
11116,f,11118
11116,e,11118
11119,e,11118
11114,f,11118
11114,e,11118
11119,f,11118
11118,f,11119
11119,f,11119
11120,f,11119
11117,f,11119
11116,f,11119
11115,f,11119
11117,e,11120
11118,e,11120
11120,e,11120
11116,e,11120
11119,e,11120
11121,e,11120
11117,b,11121
11121,b,11121
11120,c,11121
11120,b,11121
11121,c,11121
11122,b,11121
11122,c,11121
11119,c,11121
11119,b,11121
11118,c,11121
11118,b,11121
11117,c,11121
11121,e,11122
11121,f,11122
11121,c,11122
11122,f,11122
11122,e,11122
11123,e,11122
11122,c,11122
11123,c,11122
11118,c,11122
11119,f,11122
11119,c,11122
11120,e,11122
11120,f,11122
11120,c,11122
11123,f,11122
11119,e,11122
11118,e,11122
11118,f,11122
11120,f,11123
11123,e,11123
11122,f,11123
11122,e,11123
11123,f,11123
11123,b,11123
11122,b,11123
11120,b,11123
11124,b,11123
11119,f,11123
11124,e,11123
11120,e,11123
11121,e,11123
11121,f,11123
11121,b,11123
11119,b,11123
11124,f,11123
11119,e,11123
11125,c,11124
11125,a,11124
11123,f,11124
11125,f,11124
11123,c,11124
11124,c,11124
11124,a,11124
11123,a,11124
11124,f,11124
11122,c,11124
11121,f,11124
11120,c,11124
11122,f,11124
11122,a,11124
11120,f,11124
11121,a,11124
11121,c,11124
11120,a,11124
11125,d,11125
11125,e,11125
11126,b,11125
11126,d,11125
11126,e,11125
11124,e,11125
11124,d,11125
11124,b,11125
11125,b,11125
11121,d,11125
11123,e,11125
11123,d,11125
11123,b,11125
11121,e,11125
11122,b,11125
11122,d,11125
11122,e,11125
11121,b,11125
11126,c,11126
11126,f,11126
11127,c,11126
11127,f,11126
11122,f,11126
11125,c,11126
11122,c,11126
11125,f,11126
11123,f,11126
11123,c,11126
11124,c,11126
11124,f,11126
11128,b,11127
11127,b,11127
11126,e,11127
11126,b,11127
11123,b,11127
11123,e,11127
11124,b,11127
11127,e,11127
11124,e,11127
11125,e,11127
11125,b,11127
11128,e,11127
11127,a,11128
11127,c,11128
11127,f,11128
11128,f,11128
11128,c,11128
11128,a,11128
11129,a,11128
11129,c,11128
11124,f,11128
11125,c,11128
11124,c,11128
11124,a,11128
11125,a,11128
11129,f,11128
11125,f,11128
11126,c,11128
11126,a,11128
11126,f,11128
11129,e,11129
11128,e,11129
11128,d,11129
11128,b,11129
11130,e,11129
11129,d,11129
11130,b,11129
11129,b,11129
11130,d,11129
11125,d,11129
11127,e,11129
11127,d,11129
11127,b,11129
11125,e,11129
11126,b,11129
11126,d,11129
11126,e,11129
11125,b,11129
11130,c,11130
11130,f,11130
11129,f,11130
11129,c,11130
11126,c,11130
11126,f,11130
11131,c,11130
11131,f,11130
11128,f,11130
11128,c,11130
11127,c,11130
11127,f,11130
11131,a,11131
11131,e,11131
11130,e,11131
11130,a,11131
11127,e,11131
11127,a,11131
11132,e,11131
11128,a,11131
11129,e,11131
11129,a,11131
11128,e,11131
11132,a,11131
11133,b,11132
11131,f,11132
11131,d,11132
11131,b,11132
11128,b,11132
11128,d,11132
11133,d,11132
11133,f,11132
11128,f,11132
11130,f,11132
11130,d,11132
11130,b,11132
11129,b,11132
11129,d,11132
11132,b,11132
11129,f,11132
11132,d,11132
11132,f,11132
11134,f,11133
11132,f,11133
11133,f,11133
11132,c,11133
11134,c,11133
11133,c,11133
11131,f,11133
11131,c,11133
11129,c,11133
11129,f,11133
11130,c,11133
11130,f,11133
11131,e,11134
11134,e,11134
11134,f,11134
11133,e,11134
11133,f,11134
11135,f,11134
11130,e,11134
11135,e,11134
11132,e,11134
11132,f,11134
11131,f,11134
11130,f,11134
11134,f,11135
11133,f,11135
11131,f,11135
11135,f,11135
11136,f,11135
11132,f,11135
11136,d,11136
11135,d,11136
11134,d,11136
11137,d,11136
11133,d,11136
11132,d,11136
11136,a,11137
11135,f,11137
11137,f,11137
11136,f,11137
11137,a,11137
11138,a,11137
11138,f,11137
11134,a,11137
11134,f,11137
11133,f,11137
11133,a,11137
11135,a,11137
11137,c,11138
11137,d,11138
11137,b,11138
11139,f,11138
11138,f,11138
11138,c,11138
11138,d,11138
11138,b,11138
11139,b,11138
11139,d,11138
11139,c,11138
11137,f,11138
11134,f,11138
11135,c,11138
11135,b,11138
11136,f,11138
11136,c,11138
11136,d,11138
11136,b,11138
11135,d,11138
11134,b,11138
11134,d,11138
11134,c,11138
11135,f,11138
11139,d,11139
11138,a,11139
11138,d,11139
11138,c,11139
11140,c,11139
11140,e,11139
11140,f,11139
11139,c,11139
11140,d,11139
11140,a,11139
11138,e,11139
11139,e,11139
11138,f,11139
11139,a,11139
11139,f,11139
11136,a,11139
11136,c,11139
11136,f,11139
11136,e,11139
11135,e,11139
11135,f,11139
11135,c,11139
11135,d,11139
11136,d,11139
11135,a,11139
11137,d,11139
11137,c,11139
11137,f,11139
11137,e,11139
11137,a,11139
11140,d,11140
11140,b,11140
11140,f,11140
11139,e,11140
11139,f,11140
11139,d,11140
11139,b,11140
11140,e,11140
11141,e,11140
11141,f,11140
11141,b,11140
11141,d,11140
11136,b,11140
11137,e,11140
11137,f,11140
11137,d,11140
11137,b,11140
11136,e,11140
11138,b,11140
11138,f,11140
11138,e,11140
11138,d,11140
11136,f,11140
11136,d,11140
11138,f,11141
11142,f,11141
11137,f,11141
11139,f,11141
11139,c,11141
11140,c,11141
11140,f,11141
11142,c,11141
11141,f,11141
11141,c,11141
11138,c,11141
11137,c,11141
11142,e,11142
11143,e,11142
11141,e,11142
11139,e,11142
11140,e,11142
11138,e,11142
11144,b,11143
11140,b,11143
11142,b,11143
11141,b,11143
11139,b,11143
11143,b,11143
11145,b,11144
11143,b,11144
11143,c,11144
11143,f,11144
11144,f,11144
11140,f,11144
11144,c,11144
11145,c,11144
11145,f,11144
11140,c,11144
11144,b,11144
11142,b,11144
11141,f,11144
11141,c,11144
11141,b,11144
11140,b,11144
11142,f,11144
11142,c,11144
11144,e,11145
11144,f,11145
11145,c,11145
11145,f,11145
11145,e,11145
11144,c,11145
11146,c,11145
11143,e,11145
11142,f,11145
11146,f,11145
11141,c,11145
11141,f,11145
11141,e,11145
11142,c,11145
11142,e,11145
11146,e,11145
11143,c,11145
11143,f,11145
11144,e,11146
11143,e,11146
11146,f,11146
11146,e,11146
11145,e,11146
11145,f,11146
11144,f,11146
11143,f,11146
11142,f,11146
11147,f,11146
11147,e,11146
11142,e,11146
11148,d,11147
11146,f,11147
11146,d,11147
11147,d,11147
11148,f,11147
11147,f,11147
11145,f,11147
11145,d,11147
11143,d,11147
11143,f,11147
11144,f,11147
11144,d,11147
11145,f,11148
11146,f,11148
11148,f,11148
11149,f,11148
11144,f,11148
11147,f,11148
11149,a,11149
11150,a,11149
11147,a,11149
11148,a,11149
11145,a,11149
11146,a,11149
11150,b,11150
11149,d,11150
11149,b,11150
11149,a,11150
11151,a,11150
11151,b,11150
11151,d,11150
11150,d,11150
11148,d,11150
11150,a,11150
11148,a,11150
11147,a,11150
11148,b,11150
11146,d,11150
11147,b,11150
11146,a,11150
11146,b,11150
11147,d,11150
11151,d,11151
11151,b,11151
11151,f,11151
11151,e,11151
11152,e,11151
11152,f,11151
11150,e,11151
11150,f,11151
11150,c,11151
11152,d,11151
11150,b,11151
11152,c,11151
11151,c,11151
11150,d,11151
11152,b,11151
11148,f,11151
11148,e,11151
11147,e,11151
11147,f,11151
11147,c,11151
11147,d,11151
11148,c,11151
11148,b,11151
11147,b,11151
11148,d,11151
11149,d,11151
11149,c,11151
11149,f,11151
11149,e,11151
11149,b,11151
11151,e,11152
11151,f,11152
11151,c,11152
11153,e,11152
11153,f,11152
11148,c,11152
11148,f,11152
11148,e,11152
11153,c,11152
11149,c,11152
11152,c,11152
11149,e,11152
11152,e,11152
11150,e,11152
11150,f,11152
11150,c,11152
11149,f,11152
11152,f,11152
11153,c,11153
11152,e,11153
11154,f,11153
11154,c,11153
11152,c,11153
11152,f,11153
11153,e,11153
11150,f,11153
11149,c,11153
11149,f,11153
11151,e,11153
11151,f,11153
11151,c,11153
11149,e,11153
11153,f,11153
11150,e,11153
11154,e,11153
11150,c,11153
11153,f,11154
11154,d,11154
11155,d,11154
11155,e,11154
11154,e,11154
11154,f,11154
11153,e,11154
11155,f,11154
11150,e,11154
11152,e,11154
11152,f,11154
11152,d,11154
11153,d,11154
11151,e,11154
11151,f,11154
11151,d,11154
11150,d,11154
11150,f,11154
11152,f,11155
11156,f,11155
11155,f,11155
11154,f,11155
11151,f,11155
11153,f,11155
11157,a,11158
11159,a,11158
11154,a,11158
11156,a,11158
11155,a,11158
11158,a,11158
11160,d,11159
11160,e,11159
11159,e,11159
11159,d,11159
11159,b,11159
11158,e,11159
11158,b,11159
11158,d,11159
11160,b,11159
11157,b,11159
11157,e,11159
11157,d,11159
11155,b,11159
11155,d,11159
11155,e,11159
11156,e,11159
11156,d,11159
11156,b,11159
11157,f,11160
11161,c,11160
11161,f,11160
11160,f,11160
11160,c,11160
11159,c,11160
11159,f,11160
11158,c,11160
11157,c,11160
11156,f,11160
11156,c,11160
11158,f,11160
11157,e,11161
11160,e,11161
11162,e,11161
11161,e,11161
11159,e,11161
11158,e,11161
11158,f,11162
11161,f,11162
11160,f,11162
11159,f,11162
11163,f,11162
11162,f,11162
11164,b,11163
11163,a,11163
11163,b,11163
11164,a,11163
11162,a,11163
11161,b,11163
11162,b,11163
11160,a,11163
11161,a,11163
11159,b,11163
11159,a,11163
11160,b,11163
11161,b,11164
11163,b,11164
11163,d,11164
11163,f,11164
11164,b,11164
11164,c,11164
11164,f,11164
11165,b,11164
11165,d,11164
11165,c,11164
11165,f,11164
11164,d,11164
11160,b,11164
11163,c,11164
11160,d,11164
11162,b,11164
11160,f,11164
11162,d,11164
11162,c,11164
11160,c,11164
11161,f,11164
11161,c,11164
11161,d,11164
11162,f,11164
11161,c,11165
11164,e,11165
11164,f,11165
11164,c,11165
11161,f,11165
11161,e,11165
11165,e,11165
11166,f,11165
11166,c,11165
11163,e,11165
11163,f,11165
11163,c,11165
11165,c,11165
11162,c,11165
11162,f,11165
11162,e,11165
11166,e,11165
11165,f,11165
11166,f,11166
11167,e,11166
11165,e,11166
11165,f,11166
11163,f,11166
11164,e,11166
11164,f,11166
11163,e,11166
11162,e,11166
11162,f,11166
11166,e,11166
11167,f,11166
11168,f,11167
11167,f,11167
11163,f,11167
11165,f,11167
11164,f,11167
11166,f,11167
11172,a,11171
11170,a,11171
11169,a,11171
11171,a,11171
11167,a,11171
11168,a,11171
11168,b,11172
11172,d,11172
11172,b,11172
11168,d,11172
11171,d,11172
11171,b,11172
11173,d,11172
11173,b,11172
11170,d,11172
11170,b,11172
11169,b,11172
11169,d,11172
11174,c,11173
11173,c,11173
11173,f,11173
11172,f,11173
11172,c,11173
11169,c,11173
11170,f,11173
11171,f,11173
11169,f,11173
11171,c,11173
11170,c,11173
11174,f,11173
11174,a,11174
11173,e,11174
11173,c,11174
11174,c,11174
11175,e,11174
11173,a,11174
11174,e,11174
11175,a,11174
11175,c,11174
11171,a,11174
11171,e,11174
11170,e,11174
11172,e,11174
11172,c,11174
11172,a,11174
11171,c,11174
11170,a,11174
11170,c,11174
11176,d,11175
11174,d,11175
11174,f,11175
11174,e,11175
11172,e,11175
11175,d,11175
11175,f,11175
11175,e,11175
11176,e,11175
11176,f,11175
11172,f,11175
11175,b,11175
11174,b,11175
11171,d,11175
11172,d,11175
11172,b,11175
11171,e,11175
11171,f,11175
11171,b,11175
11173,d,11175
11173,f,11175
11173,b,11175
11173,e,11175
11176,b,11175
11177,c,11176
11174,f,11176
11174,c,11176
11176,f,11176
11173,c,11176
11173,f,11176
11175,c,11176
11175,f,11176
11176,c,11176
11172,f,11176
11172,c,11176
11177,f,11176
11177,e,11177
11178,e,11177
11176,e,11177
11175,e,11177
11173,e,11177
11174,e,11177
11177,f,11178
11179,f,11178
11178,f,11178
11178,c,11178
11178,b,11178
11179,c,11178
11177,c,11178
11177,b,11178
11174,b,11178
11174,c,11178
11179,b,11178
11176,f,11178
11176,c,11178
11176,b,11178
11174,f,11178
11175,f,11178
11175,c,11178
11175,b,11178
11180,e,11179
11175,c,11179
11179,c,11179
11179,f,11179
11179,e,11179
11178,e,11179
11178,f,11179
11178,c,11179
11175,f,11179
11175,e,11179
11177,e,11179
11177,f,11179
11177,c,11179
11176,c,11179
11176,f,11179
11180,c,11179
11180,f,11179
11176,e,11179
11180,c,11180
11179,e,11180
11181,f,11180
11181,c,11180
11179,c,11180
11179,f,11180
11180,e,11180
11178,e,11180
11178,f,11180
11178,c,11180
11177,e,11180
11177,f,11180
11177,c,11180
11176,e,11180
11176,f,11180
11176,c,11180
11180,f,11180
11181,e,11180
11181,f,11181
11182,e,11181
11182,f,11181
11180,e,11181
11181,e,11181
11178,f,11181
11177,f,11181
11179,e,11181
11179,f,11181
11178,e,11181
11177,e,11181
11180,f,11181
11183,f,11182
11182,f,11182
11179,f,11182
11181,f,11182
11178,f,11182
11180,f,11182
11184,e,11185
11182,e,11185
11183,e,11185
11186,e,11185
11181,e,11185
11185,e,11185
11187,f,11186
11185,f,11186
11186,f,11186
11184,f,11186
11183,f,11186
11182,f,11186
11187,f,11187
11183,f,11187
11185,f,11187
11188,f,11187
11184,f,11187
11186,f,11187
11188,a,11188
11187,a,11188
11184,a,11188
11189,a,11188
11185,a,11188
11186,a,11188
11189,d,11189
11189,f,11189
11188,f,11189
11188,d,11189
11188,b,11189
11185,b,11189
11190,b,11189
11190,d,11189
11186,b,11189
11187,d,11189
11187,b,11189
11185,d,11189
11185,f,11189
11189,b,11189
11186,f,11189
11186,d,11189
11187,f,11189
11190,f,11189
11190,a,11190
11189,f,11190
11189,c,11190
11190,c,11190
11190,f,11190
11191,f,11190
11189,a,11190
11191,a,11190
11191,c,11190
11186,a,11190
11187,f,11190
11187,c,11190
11187,a,11190
11186,f,11190
11188,f,11190
11188,c,11190
11188,a,11190
11186,c,11190
11190,b,11191
11192,b,11191
11187,b,11191
11190,e,11191
11191,e,11191
11191,d,11191
11191,b,11191
11190,d,11191
11188,e,11191
11187,e,11191
11187,d,11191
11192,e,11191
11188,d,11191
11189,e,11191
11189,d,11191
11189,b,11191
11192,d,11191
11188,b,11191
11193,c,11192
11193,d,11192
11193,a,11192
11191,a,11192
11191,f,11192
11192,f,11192
11192,c,11192
11192,d,11192
11191,c,11192
11191,d,11192
11193,f,11192
11192,a,11192
11189,d,11192
11188,c,11192
11188,a,11192
11189,f,11192
11189,c,11192
11188,d,11192
11190,a,11192
11190,d,11192
11188,f,11192
11190,f,11192
11189,a,11192
11190,c,11192
11194,b,11193
11193,e,11193
11192,d,11193
11189,b,11193
11189,d,11193
11193,b,11193
11192,f,11193
11192,e,11193
11192,b,11193
11194,e,11193
11194,f,11193
11191,e,11193
11191,f,11193
11191,d,11193
11191,b,11193
11189,f,11193
11189,e,11193
11190,b,11193
11190,d,11193
11190,f,11193
11190,e,11193
11194,d,11193
11193,f,11193
11193,d,11193
11193,f,11194
11193,c,11194
11194,c,11194
11194,a,11194
11193,a,11194
11194,f,11194
11190,c,11194
11195,a,11194
11190,f,11194
11191,a,11194
11191,c,11194
11190,a,11194
11192,f,11194
11192,c,11194
11192,a,11194
11191,f,11194
11195,c,11194
11195,f,11194
11195,b,11195
11194,d,11195
11195,e,11195
11196,b,11195
11194,e,11195
11194,c,11195
11194,b,11195
11196,d,11195
11195,c,11195
11196,e,11195
11191,b,11195
11191,d,11195
11191,c,11195
11191,e,11195
11192,b,11195
11192,d,11195
11196,c,11195
11192,e,11195
11192,c,11195
11195,d,11195
11193,b,11195
11193,d,11195
11193,c,11195
11193,e,11195
11197,c,11196
11195,e,11196
11195,f,11196
11195,c,11196
11197,e,11196
11196,f,11196
11196,c,11196
11197,f,11196
11196,e,11196
11194,e,11196
11192,c,11196
11194,f,11196
11194,c,11196
11192,f,11196
11193,e,11196
11193,f,11196
11193,c,11196
11192,e,11196
11198,e,11197
11198,f,11197
11197,e,11197
11197,f,11197
11196,e,11197
11194,e,11197
11193,f,11197
11193,e,11197
11196,f,11197
11194,f,11197
11195,f,11197
11195,e,11197
11199,f,11198
11198,f,11198
11195,f,11198
11194,f,11198
11196,f,11198
11197,f,11198
11198,d,11202
11199,d,11202
11200,d,11202
11203,d,11202
11201,d,11202
11202,d,11202
11204,f,11203
11203,f,11203
11202,f,11203
11201,f,11203
11199,f,11203
11200,f,11203
11204,d,11204
11201,d,11204
11200,d,11204
11202,d,11204
11203,d,11204
11205,d,11204
11201,f,11205
11204,c,11205
11204,e,11205
11206,f,11205
11206,c,11205
11205,e,11205
11205,f,11205
11204,f,11205
11206,e,11205
11203,e,11205
11201,c,11205
11203,f,11205
11203,c,11205
11202,e,11205
11202,f,11205
11202,c,11205
11201,e,11205
11205,c,11205
11206,e,11206
11207,e,11206
11207,f,11206
11205,e,11206
11205,f,11206
11206,f,11206
11202,e,11206
11202,f,11206
11203,f,11206
11203,e,11206
11204,e,11206
11204,f,11206
11204,f,11207
11205,f,11207
11206,f,11207
11203,f,11207
11208,f,11207
11207,f,11207
11207,a,11208
11207,b,11208
11204,b,11208
11208,b,11208
11208,f,11208
11209,b,11208
11209,f,11208
11204,f,11208
11208,a,11208
11207,f,11208
11209,a,11208
11205,f,11208
11204,a,11208
11206,f,11208
11206,b,11208
11206,a,11208
11205,b,11208
11205,a,11208
11206,c,11209
11208,b,11209
11208,d,11209
11208,c,11209
11210,c,11209
11209,d,11209
11205,b,11209
11209,c,11209
11209,f,11209
11206,d,11209
11210,b,11209
11210,d,11209
11209,b,11209
11205,d,11209
11208,f,11209
11207,b,11209
11206,f,11209
11206,b,11209
11205,f,11209
11205,c,11209
11207,d,11209
11207,c,11209
11210,f,11209
11207,f,11209
11208,e,11210
11206,c,11210
11210,c,11210
11210,f,11210
11210,e,11210
11206,f,11210
11209,e,11210
11209,f,11210
11208,f,11210
11206,e,11210
11209,c,11210
11207,f,11210
11207,c,11210
11208,c,11210
11211,c,11210
11211,f,11210
11211,e,11210
11207,e,11210
11210,e,11211
11210,a,11211
11211,a,11211
11211,e,11211
11212,e,11211
11212,a,11211
11209,e,11211
11207,a,11211
11209,a,11211
11208,a,11211
11208,e,11211
11207,e,11211
11212,b,11212
11212,d,11212
11211,d,11212
11211,b,11212
11208,b,11212
11208,d,11212
11213,d,11212
11210,d,11212
11210,b,11212
11209,b,11212
11209,d,11212
11213,b,11212
11213,c,11213
11213,f,11213
11212,f,11213
11212,c,11213
11209,c,11213
11214,c,11213
11209,f,11213
11211,f,11213
11211,c,11213
11214,f,11213
11210,f,11213
11210,c,11213
11212,e,11214
11215,e,11214
11210,e,11214
11213,e,11214
11214,e,11214
11211,e,11214
11216,f,11215
11214,f,11215
11215,f,11215
11212,f,11215
11213,f,11215
11211,f,11215
11213,d,11216
11214,d,11216
11212,d,11216
11215,d,11216
11217,d,11216
11216,d,11216
11213,f,11217
11218,f,11217
11216,f,11217
11217,f,11217
11214,f,11217
11215,f,11217
11216,e,11219
11220,e,11219
11218,e,11219
11219,e,11219
11217,e,11219
11215,e,11219
11218,f,11220
11219,f,11220
11220,f,11220
11221,f,11220
11216,f,11220
11217,f,11220
11223,f,11225
11225,f,11225
11225,b,11225
11224,f,11225
11224,b,11225
11223,b,11225
11222,b,11225
11226,b,11225
11221,b,11225
11222,f,11225
11226,f,11225
11221,f,11225
11226,c,11226
11226,f,11226
11225,f,11226
11225,c,11226
11222,f,11226
11222,c,11226
11224,f,11226
11224,c,11226
11223,f,11226
11223,c,11226
11227,f,11226
11227,c,11226
11226,e,11227
11226,f,11227
11226,a,11227
11227,a,11227
11228,e,11227
11227,f,11227
11227,e,11227
11228,a,11227
11228,f,11227
11224,a,11227
11223,e,11227
11223,f,11227
11225,e,11227
11225,f,11227
11225,a,11227
11224,f,11227
11223,a,11227
11224,e,11227
11225,f,11228
11227,f,11228
11227,d,11228
11228,f,11228
11228,d,11228
11228,b,11228
11227,b,11228
11229,b,11228
11229,d,11228
11229,f,11228
11225,b,11228
11224,f,11228
11225,d,11228
11226,b,11228
11226,d,11228
11224,b,11228
11226,f,11228
11224,d,11228
11229,f,11229
11229,c,11229
11229,a,11229
11228,c,11229
11228,a,11229
11228,f,11229
11230,a,11229
11230,c,11229
11230,f,11229
11227,f,11229
11225,f,11229
11226,f,11229
11226,c,11229
11226,a,11229
11227,a,11229
11227,c,11229
11225,c,11229
11225,a,11229
11230,f,11230
11229,e,11230
11226,f,11230
11229,d,11230
11229,b,11230
11230,d,11230
11230,b,11230
11226,b,11230
11226,d,11230
11230,e,11230
11229,f,11230
11231,e,11230
11231,f,11230
11227,e,11230
11227,f,11230
11227,d,11230
11227,b,11230
11231,d,11230
11228,b,11230
11226,e,11230
11228,f,11230
11228,e,11230
11228,d,11230
11231,b,11230
11230,c,11231
11230,a,11231
11232,c,11231
11232,a,11231
11231,c,11231
11231,a,11231
11227,a,11231
11228,c,11231
11227,c,11231
11228,a,11231
11229,c,11231
11229,a,11231
11228,d,11232
11228,b,11232
11231,b,11232
11231,d,11232
11231,c,11232
11233,d,11232
11233,c,11232
11233,e,11232
11233,b,11232
11232,b,11232
11232,d,11232
11231,e,11232
11232,c,11232
11232,e,11232
11228,e,11232
11229,e,11232
11229,c,11232
11229,d,11232
11229,b,11232
11228,c,11232
11230,d,11232
11230,b,11232
11230,e,11232
11230,c,11232
11234,f,11233
11234,c,11233
11232,e,11233
11232,f,11233
11229,e,11233
11233,e,11233
11233,f,11233
11233,c,11233
11234,e,11233
11229,f,11233
11232,c,11233
11229,c,11233
11231,e,11233
11231,f,11233
11231,c,11233
11230,c,11233
11230,f,11233
11230,e,11233
11231,e,11234
11235,e,11234
11235,f,11234
11234,f,11234
11233,e,11234
11234,e,11234
11230,f,11234
11230,e,11234
11232,e,11234
11232,f,11234
11231,f,11234
11233,f,11234
11233,f,11235
11232,f,11235
11231,f,11235
11234,f,11235
11235,f,11235
11236,f,11235
11239,a,11240
11241,a,11240
11238,a,11240
11237,a,11240
11236,a,11240
11240,a,11240
11242,b,11241
11242,c,11241
11241,c,11241
11241,d,11241
11241,b,11241
11240,c,11241
11240,d,11241
11240,b,11241
11242,d,11241
11239,b,11241
11237,d,11241
11238,d,11241
11239,c,11241
11238,b,11241
11239,d,11241
11237,b,11241
11238,c,11241
11237,c,11241
11241,c,11242
11241,f,11242
11239,c,11242
11242,c,11242
11242,f,11242
11242,e,11242
11243,e,11242
11243,f,11242
11238,c,11242
11241,e,11242
11238,f,11242
11239,f,11242
11239,e,11242
11238,e,11242
11240,c,11242
11240,f,11242
11243,c,11242
11240,e,11242
11240,a,11243
11243,a,11243
11243,f,11243
11243,e,11243
11240,e,11243
11242,e,11243
11242,f,11243
11242,a,11243
11239,a,11243
11239,e,11243
11239,f,11243
11240,f,11243
11244,a,11243
11244,f,11243
11244,e,11243
11241,e,11243
11241,f,11243
11241,a,11243
11245,b,11244
11244,b,11244
11243,f,11244
11243,d,11244
11244,d,11244
11245,d,11244
11245,f,11244
11244,f,11244
11243,b,11244
11240,b,11244
11242,f,11244
11242,d,11244
11242,b,11244
11240,d,11244
11240,f,11244
11241,b,11244
11241,d,11244
11241,f,11244
11244,c,11245
11245,f,11245
11245,c,11245
11244,f,11245
11246,f,11245
11241,c,11245
11246,c,11245
11243,f,11245
11242,f,11245
11242,c,11245
11243,c,11245
11241,f,11245
11247,a,11246
11246,a,11246
11246,d,11246
11246,e,11246
11245,e,11246
11245,d,11246
11245,a,11246
11242,a,11246
11242,e,11246
11242,d,11246
11244,e,11246
11244,d,11246
11244,a,11246
11243,a,11246
11243,d,11246
11243,e,11246
11247,e,11246
11247,d,11246
11248,b,11247
11247,f,11247
11246,b,11247
11246,f,11247
11246,d,11247
11247,d,11247
11248,f,11247
11243,b,11247
11243,d,11247
11243,f,11247
11244,b,11247
11248,d,11247
11244,f,11247
11244,d,11247
11247,b,11247
11245,b,11247
11245,d,11247
11245,f,11247
11247,f,11248
11247,c,11248
11248,c,11248
11249,f,11248
11248,f,11248
11249,c,11248
11246,f,11248
11246,c,11248
11245,f,11248
11245,c,11248
11244,f,11248
11244,c,11248
11246,e,11249
11247,e,11249
11250,e,11249
11245,e,11249
11248,e,11249
11249,e,11249
11249,f,11250
11248,f,11250
11250,f,11250
11247,f,11250
11246,f,11250
11251,f,11250
11253,e,11252
11252,e,11252
11251,e,11252
11249,e,11252
11250,e,11252
11248,e,11252
11249,f,11253
11251,f,11253
11252,f,11253
11253,f,11253
11254,f,11253
11250,f,11253
11257,f,11257
11258,f,11257
11256,f,11257
11253,f,11257
11255,f,11257
11254,f,11257
11255,e,11258
11258,e,11258
11257,e,11258
11259,e,11258
11256,e,11258
11254,e,11258
11258,f,11259
11256,f,11259
11257,f,11259
11255,f,11259
11259,f,11259
11260,f,11259
11261,d,11260
11259,a,11260
11259,b,11260
11259,d,11260
11260,a,11260
11261,e,11260
11260,b,11260
11260,d,11260
11261,a,11260
11261,b,11260
11259,e,11260
11260,e,11260
11258,d,11260
11256,a,11260
11257,b,11260
11257,a,11260
11258,e,11260
11256,e,11260
11256,d,11260
11256,b,11260
11257,d,11260
11258,a,11260
11257,e,11260
11258,b,11260
11261,b,11261
11261,d,11261
11261,c,11261
11261,f,11261
11262,b,11261
11260,f,11261
11260,c,11261
11262,d,11261
11260,b,11261
11262,c,11261
11262,f,11261
11258,b,11261
11260,d,11261
11257,c,11261
11257,b,11261
11258,d,11261
11258,c,11261
11258,f,11261
11259,f,11261
11259,c,11261
11257,d,11261
11259,b,11261
11257,f,11261
11259,d,11261
11258,f,11262
11261,e,11262
11261,f,11262
11263,c,11262
11258,c,11262
11262,c,11262
11261,c,11262
11258,e,11262
11262,e,11262
11263,f,11262
11263,e,11262
11260,e,11262
11260,f,11262
11260,c,11262
11259,c,11262
11259,f,11262
11259,e,11262
11262,f,11262
11263,f,11263
11262,e,11263
11262,f,11263
11264,f,11263
11263,e,11263
11264,e,11263
11261,e,11263
11261,f,11263
11260,e,11263
11260,f,11263
11259,e,11263
11259,f,11263
11262,f,11264
11260,f,11264
11263,f,11264
11261,f,11264
11264,f,11264
11265,f,11264
11267,e,11267
11266,e,11267
11265,e,11267
11264,e,11267
11268,e,11267
11263,e,11267
11265,f,11268
11266,f,11268
11267,f,11268
11269,f,11268
11264,f,11268
11268,f,11268
11271,c,11270
11270,c,11270
11269,c,11270
11268,c,11270
11267,c,11270
11266,c,11270
11268,e,11271
11267,e,11271
11272,e,11271
11269,e,11271
11270,e,11271
11271,e,11271
11272,f,11272
11271,f,11272
11273,f,11272
11270,f,11272
11269,f,11272
11268,f,11272
11270,c,11273
11269,c,11273
11271,c,11273
11272,c,11273
11273,c,11273
11274,c,11273
11273,e,11274
11274,e,11274
11275,e,11274
11272,e,11274
11271,e,11274
11270,e,11274
11272,f,11275
11273,f,11275
11276,f,11275
11275,f,11275
11274,f,11275
11271,f,11275
11275,c,11276
11277,c,11276
11276,c,11276
11274,c,11276
11273,c,11276
11272,c,11276
11274,e,11277
11273,e,11277
11275,e,11277
11278,e,11277
11276,e,11277
11277,e,11277
11278,f,11278
11274,f,11278
11277,f,11278
11279,f,11278
11276,f,11278
11275,f,11278
11280,b,11279
11276,b,11279
11277,b,11279
11279,b,11279
11275,b,11279
11278,b,11279
11280,f,11280
11279,f,11280
11279,c,11280
11280,c,11280
11278,c,11280
11281,c,11280
11281,f,11280
11276,c,11280
11277,f,11280
11276,f,11280
11277,c,11280
11278,f,11280
11281,b,11281
11281,e,11281
11280,e,11281
11280,b,11281
11282,b,11281
11278,b,11281
11279,e,11281
11279,b,11281
11277,b,11281
11277,e,11281
11282,e,11281
11278,e,11281
11281,c,11282
11282,f,11282
11283,c,11282
11281,f,11282
11278,f,11282
11280,f,11282
11280,c,11282
11279,f,11282
11279,c,11282
11278,c,11282
11283,f,11282
11282,c,11282
11283,e,11283
11282,e,11283
11284,e,11283
11279,e,11283
11280,e,11283
11281,e,11283
11281,f,11284
11284,f,11284
11283,f,11284
11285,f,11284
11282,f,11284
11280,f,11284
11282,f,11285
11281,f,11285
11286,f,11285
11285,f,11285
11284,f,11285
11283,f,11285
11287,d,11286
11286,d,11286
11285,d,11286
11283,d,11286
11284,d,11286
11282,d,11286
11284,f,11287
11288,f,11287
11286,f,11287
11283,f,11287
11287,f,11287
11285,f,11287
11289,a,11288
11284,a,11288
11286,a,11288
11288,a,11288
11285,a,11288
11287,a,11288
11289,d,11289
11289,e,11289
11288,e,11289
11288,d,11289
11288,b,11289
11290,b,11289
11290,d,11289
11290,e,11289
11285,d,11289
11287,d,11289
11287,b,11289
11289,b,11289
11286,e,11289
11286,d,11289
11286,b,11289
11285,b,11289
11285,e,11289
11287,e,11289
11289,f,11290
11290,c,11290
11290,f,11290
11289,c,11290
11288,f,11290
11291,c,11290
11291,f,11290
11288,c,11290
11286,c,11290
11286,f,11290
11287,c,11290
11287,f,11290
11291,a,11291
11291,e,11291
11290,e,11291
11290,a,11291
11287,a,11291
11292,a,11291
11289,e,11291
11289,a,11291
11287,e,11291
11288,a,11291
11288,e,11291
11292,e,11291
11293,d,11292
11291,f,11292
11292,b,11292
11292,d,11292
11292,f,11292
11291,d,11292
11291,b,11292
11293,f,11292
11293,b,11292
11290,d,11292
11288,f,11292
11289,b,11292
11289,d,11292
11289,f,11292
11290,f,11292
11290,b,11292
11288,b,11292
11288,d,11292
11289,b,11293
11289,c,11293
11293,f,11293
11292,f,11293
11293,c,11293
11293,b,11293
11294,b,11293
11291,f,11293
11291,c,11293
11291,b,11293
11289,f,11293
11294,c,11293
11290,b,11293
11290,c,11293
11290,f,11293
11294,f,11293
11292,b,11293
11292,c,11293
11293,f,11294
11295,c,11294
11293,e,11294
11294,e,11294
11294,f,11294
11294,c,11294
11293,c,11294
11295,f,11294
11290,f,11294
11292,c,11294
11290,e,11294
11291,c,11294
11291,f,11294
11292,e,11294
11292,f,11294
11290,c,11294
11291,e,11294
11295,e,11294
11294,b,11295
11294,d,11295
11295,b,11295
11296,e,11295
11296,d,11295
11296,b,11295
11295,e,11295
11295,f,11295
11295,d,11295
11294,e,11295
11296,f,11295
11294,f,11295
11291,e,11295
11292,d,11295
11292,b,11295
11292,f,11295
11293,d,11295
11293,f,11295
11293,b,11295
11291,f,11295
11291,d,11295
11291,b,11295
11293,e,11295
11292,e,11295
11297,c,11296
11297,f,11296
11297,e,11296
11295,e,11296
11295,f,11296
11295,c,11296
11296,c,11296
11292,c,11296
11292,f,11296
11293,e,11296
11293,f,11296
11293,c,11296
11296,f,11296
11294,f,11296
11294,c,11296
11292,e,11296
11294,e,11296
11296,e,11296
11297,c,11297
11298,f,11297
11298,c,11297
11298,e,11297
11296,e,11297
11296,f,11297
11297,e,11297
11297,f,11297
11293,e,11297
11293,f,11297
11293,c,11297
11294,c,11297
11294,f,11297
11296,c,11297
11294,e,11297
11295,e,11297
11295,f,11297
11295,c,11297
11297,e,11298
11298,e,11298
11299,e,11298
11295,e,11298
11296,e,11298
11294,e,11298
11297,b,11299
11300,b,11299
11296,b,11299
11298,b,11299
11295,b,11299
11299,b,11299
11300,f,11300
11300,c,11300
11299,f,11300
11301,c,11300
11301,f,11300
11299,c,11300
11296,c,11300
11298,f,11300
11298,c,11300
11297,f,11300
11297,c,11300
11296,f,11300
11298,e,11301
11297,e,11301
11299,e,11301
11301,e,11301
11302,e,11301
11300,e,11301
11301,f,11302
11301,e,11302
11302,f,11302
11298,f,11302
11302,e,11302
11303,e,11302
11298,e,11302
11303,f,11302
11299,e,11302
11300,f,11302
11300,e,11302
11299,f,11302
11303,d,11303
11301,d,11303
11301,f,11303
11302,f,11303
11304,f,11303
11304,d,11303
11299,f,11303
11299,d,11303
11300,f,11303
11302,d,11303
11300,d,11303
11303,f,11303
11303,d,11304
11305,d,11304
11304,d,11304
11304,f,11304
11305,f,11304
11303,f,11304
11302,d,11304
11300,d,11304
11302,f,11304
11301,d,11304
11301,f,11304
11300,f,11304
11305,b,11305
11305,f,11305
11304,b,11305
11306,b,11305
11304,f,11305
11303,f,11305
11303,b,11305
11301,f,11305
11302,b,11305
11302,f,11305
11306,f,11305
11301,b,11305
11306,c,11306
11307,f,11306
11305,f,11306
11305,c,11306
11302,c,11306
11304,f,11306
11304,c,11306
11302,f,11306
11306,f,11306
11303,f,11306
11303,c,11306
11307,c,11306
11308,e,11307
11307,e,11307
11303,e,11307
11306,e,11307
11305,e,11307
11304,e,11307
11306,e,11310
11310,e,11310
11309,e,11310
11309,c,11310
11311,c,11310
11311,e,11310
11310,c,11310
11308,e,11310
11306,c,11310
11307,e,11310
11307,c,11310
11308,c,11310
11311,d,11311
11311,f,11311
11311,e,11311
11310,e,11311
11310,f,11311
11312,e,11311
11310,d,11311
11312,f,11311
11312,d,11311
11307,d,11311
11309,e,11311
11309,f,11311
11309,d,11311
11307,f,11311
11307,e,11311
11308,d,11311
11308,f,11311
11308,e,11311
11309,f,11312
11311,f,11312
11309,e,11312
11313,e,11312
11311,e,11312
11312,f,11312
11310,e,11312
11310,f,11312
11308,f,11312
11308,e,11312
11313,f,11312
11312,e,11312
11312,f,11313
11313,a,11313
11314,a,11313
11312,a,11313
11314,f,11313
11313,f,11313
11309,f,11313
11311,f,11313
11311,a,11313
11310,a,11313
11310,f,11313
11309,a,11313
11314,b,11314
11314,d,11314
11313,d,11314
11315,d,11314
11310,b,11314
11313,b,11314
11315,b,11314
11312,d,11314
11312,b,11314
11310,d,11314
11311,b,11314
11311,d,11314
11314,c,11315
11315,f,11315
11314,f,11315
11311,c,11315
11316,f,11315
11313,f,11315
11313,c,11315
11311,f,11315
11312,f,11315
11312,c,11315
11316,c,11315
11315,c,11315
11316,e,11316
11315,e,11316
11317,e,11316
11314,e,11316
11313,e,11316
11312,e,11316
11315,f,11317
11313,f,11317
11314,f,11317
11316,f,11317
11317,f,11317
11318,f,11317
11320,b,11320
11318,b,11320
11317,b,11320
11319,b,11320
11316,b,11320
11321,b,11320
11321,c,11321
11320,f,11321
11320,c,11321
11321,f,11321
11319,f,11321
11322,c,11321
11322,f,11321
11318,f,11321
11318,c,11321
11317,c,11321
11317,f,11321
11319,c,11321
11319,f,11322
11322,f,11322
11322,e,11322
11321,e,11322
11321,f,11322
11323,f,11322
11323,e,11322
11320,e,11322
11320,f,11322
11318,f,11322
11318,e,11322
11319,e,11322
11323,c,11323
11323,f,11323
11324,f,11323
11324,d,11323
11322,f,11323
11322,c,11323
11322,d,11323
11323,d,11323
11324,c,11323
11319,f,11323
11321,f,11323
11321,c,11323
11321,d,11323
11319,d,11323
11319,c,11323
11320,f,11323
11320,c,11323
11320,d,11323
11321,e,11324
11325,f,11324
11324,e,11324
11324,f,11324
11325,e,11324
11323,e,11324
11320,f,11324
11320,e,11324
11322,e,11324
11322,f,11324
11321,f,11324
11323,f,11324
11323,f,11325
11321,f,11325
11322,f,11325
11324,f,11325
11326,f,11325
11325,f,11325
11327,b,11327
11326,b,11327
11325,b,11327
11324,b,11327
11328,b,11327
11323,b,11327
11328,f,11328
11327,f,11328
11327,c,11328
11324,f,11328
11329,f,11328
11325,c,11328
11326,c,11328
11328,c,11328
11324,c,11328
11325,f,11328
11326,f,11328
11329,c,11328
11330,e,11329
11329,e,11329
11328,e,11329
11327,e,11329
11325,e,11329
11326,e,11329
11331,f,11330
11329,f,11330
11326,f,11330
11330,f,11330
11328,f,11330
11327,f,11330
11330,b,11331
11330,a,11331
11332,e,11331
11331,a,11331
11332,a,11331
11331,e,11331
11331,b,11331
11332,b,11331
11330,e,11331
11327,e,11331
11327,b,11331
11328,e,11331
11327,a,11331
11328,a,11331
11329,b,11331
11329,a,11331
11329,e,11331
11328,b,11331
11331,b,11332
11331,d,11332
11331,c,11332
11331,f,11332
11332,c,11332
11333,d,11332
11333,b,11332
11333,f,11332
11332,b,11332
11332,d,11332
11333,c,11332
11332,f,11332
11328,f,11332
11328,b,11332
11329,d,11332
11329,b,11332
11328,c,11332
11328,d,11332
11329,c,11332
11330,b,11332
11329,f,11332
11330,c,11332
11330,f,11332
11330,d,11332
11333,c,11333
11333,f,11333
11332,e,11333
11332,f,11333
11334,f,11333
11333,e,11333
11334,e,11333
11332,c,11333
11334,c,11333
11329,f,11333
11329,e,11333
11330,e,11333
11330,f,11333
11330,c,11333
11331,c,11333
11331,f,11333
11331,e,11333
11329,c,11333
11334,f,11334
11334,e,11334
11333,e,11334
11333,f,11334
11330,e,11334
11331,f,11334
11332,e,11334
11332,f,11334
11331,e,11334
11335,e,11334
11335,f,11334
11330,f,11334
11334,d,11335
11334,f,11335
11336,d,11335
11336,b,11335
11335,b,11335
11334,b,11335
11335,f,11335
11333,f,11335
11333,d,11335
11333,b,11335
11335,d,11335
11332,f,11335
11332,d,11335
11332,b,11335
11331,f,11335
11331,d,11335
11331,b,11335
11336,f,11335
11336,c,11336
11336,f,11336
11337,c,11336
11335,f,11336
11337,f,11336
11334,f,11336
11335,c,11336
11334,c,11336
11333,f,11336
11333,c,11336
11332,f,11336
11332,c,11336
11334,e,11337
11335,e,11337
11338,e,11337
11333,e,11337
11336,e,11337
11337,e,11337
11339,e,11339
11337,e,11339
11340,e,11339
11336,e,11339
11335,e,11339
11338,e,11339
11340,b,11340
11339,f,11340
11339,b,11340
11340,f,11340
11338,f,11340
11341,b,11340
11341,f,11340
11337,f,11340
11337,b,11340
11336,b,11340
11336,f,11340
11338,b,11340
11338,c,11341
11341,c,11341
11341,f,11341
11340,f,11341
11340,c,11341
11342,c,11341
11342,f,11341
11339,f,11341
11339,c,11341
11337,c,11341
11337,f,11341
11338,f,11341
11342,f,11342
11342,e,11342
11341,e,11342
11343,a,11342
11343,f,11342
11341,f,11342
11341,a,11342
11343,e,11342
11342,a,11342
11339,f,11342
11338,a,11342
11338,f,11342
11340,e,11342
11340,f,11342
11340,a,11342
11338,e,11342
11339,a,11342
11339,e,11342
11339,b,11343
11343,b,11343
11344,b,11343
11344,d,11343
11344,f,11343
11342,f,11343
11342,d,11343
11342,b,11343
11343,f,11343
11339,d,11343
11341,f,11343
11341,d,11343
11341,b,11343
11339,f,11343
11340,b,11343
11340,d,11343
11340,f,11343
11343,d,11343
11344,c,11344
11340,c,11344
11345,c,11344
11345,f,11344
11343,f,11344
11340,f,11344
11344,f,11344
11341,c,11344
11341,f,11344
11342,f,11344
11342,c,11344
11343,c,11344
11344,e,11345
11343,e,11345
11345,e,11345
11342,e,11345
11341,e,11345
11346,e,11345
11346,c,11346
11342,c,11346
11344,c,11346
11345,c,11346
11347,c,11346
11343,c,11346
11346,a,11347
11347,a,11347
11347,e,11347
11346,e,11347
11345,e,11347
11348,e,11347
11344,e,11347
11344,a,11347
11343,a,11347
11343,e,11347
11348,a,11347
11345,a,11347
11345,b,11348
11348,b,11348
11348,d,11348
11348,f,11348
11347,f,11348
11347,d,11348
11347,b,11348
11349,b,11348
11349,d,11348
11346,f,11348
11346,d,11348
11346,b,11348
11344,b,11348
11344,d,11348
11344,f,11348
11345,d,11348
11349,f,11348
11345,f,11348
11349,c,11349
11349,f,11349
11348,f,11349
11348,c,11349
11350,f,11349
11350,c,11349
11347,f,11349
11347,c,11349
11345,c,11349
11346,f,11349
11346,c,11349
11345,f,11349
11347,e,11350
11351,e,11350
11350,e,11350
11350,f,11350
11349,e,11350
11349,f,11350
11351,f,11350
11346,e,11350
11348,e,11350
11348,f,11350
11346,f,11350
11347,f,11350
11349,f,11351
11347,f,11351
11348,f,11351
11350,f,11351
11352,f,11351
11351,f,11351
11353,e,11353
11353,d,11353
11352,e,11353
11352,d,11353
11351,e,11353
11351,d,11353
11350,e,11353
11350,d,11353
11349,e,11353
11349,d,11353
11354,d,11353
11354,e,11353
11351,f,11354
11355,f,11354
11350,f,11354
11352,f,11354
11353,f,11354
11354,f,11354
11356,f,11355
11354,f,11355
11351,f,11355
11353,f,11355
11352,f,11355
11355,f,11355
11357,d,11357
11356,d,11357
11358,d,11357
11353,d,11357
11355,d,11357
11354,d,11357
11355,d,11358
11355,f,11358
11359,f,11358
11359,d,11358
11354,f,11358
11354,d,11358
11356,d,11358
11356,f,11358
11358,d,11358
11357,f,11358
11358,f,11358
11357,d,11358
11358,f,11359
11359,d,11359
11360,d,11359
11358,d,11359
11360,f,11359
11357,d,11359
11357,f,11359
11356,f,11359
11356,d,11359
11355,f,11359
11355,d,11359
11359,f,11359
11360,e,11360
11361,f,11360
11361,e,11360
11359,e,11360
11359,f,11360
11360,f,11360
11357,e,11360
11358,e,11360
11358,f,11360
11357,f,11360
11356,e,11360
11356,f,11360
11359,f,11361
11357,f,11361
11358,f,11361
11360,f,11361
11362,f,11361
11361,f,11361
11364,e,11363
11362,e,11363
11361,e,11363
11363,e,11363
11359,e,11363
11360,e,11363
11365,f,11364
11365,a,11364
11364,f,11364
11364,a,11364
11360,f,11364
11363,f,11364
11363,a,11364
11361,a,11364
11362,a,11364
11360,a,11364
11362,f,11364
11361,f,11364
11366,d,11365
11365,b,11365
11365,d,11365
11362,d,11365
11364,d,11365
11364,b,11365
11362,b,11365
11361,d,11365
11361,b,11365
11363,d,11365
11363,b,11365
11366,b,11365
11365,f,11366
11367,c,11366
11366,f,11366
11365,c,11366
11362,c,11366
11364,c,11366
11364,f,11366
11363,f,11366
11363,c,11366
11362,f,11366
11367,f,11366
11366,c,11366
11367,e,11367
11368,e,11367
11366,e,11367
11363,e,11367
11365,e,11367
11364,e,11367
11365,f,11368
11366,f,11368
11364,f,11368
11367,f,11368
11369,f,11368
11368,f,11368
11370,f,11369
11369,f,11369
11368,f,11369
11365,f,11369
11366,f,11369
11367,f,11369
11371,f,11370
11367,f,11370
11368,f,11370
11370,f,11370
11366,f,11370
11369,f,11370
11371,d,11371
11370,d,11371
11370,b,11371
11372,b,11371
11372,d,11371
11369,d,11371
11367,d,11371
11369,b,11371
11371,b,11371
11368,d,11371
11368,b,11371
11367,b,11371
11372,f,11372
11371,f,11372
11371,c,11372
11372,c,11372
11373,c,11372
11369,c,11372
11370,f,11372
11370,c,11372
11369,f,11372
11373,f,11372
11368,f,11372
11368,c,11372
11370,e,11373
11371,e,11373
11374,e,11373
11369,e,11373
11372,e,11373
11373,e,11373
11375,f,11374
11374,f,11374
11372,f,11374
11371,f,11374
11370,f,11374
11373,f,11374
11373,b,11377
11377,b,11377
11375,b,11377
11376,b,11377
11378,b,11377
11374,b,11377
11378,f,11378
11377,f,11378
11377,c,11378
11374,c,11378
11376,f,11378
11374,f,11378
11378,c,11378
11379,f,11378
11375,f,11378
11375,c,11378
11376,c,11378
11379,c,11378
11379,e,11379
11378,e,11379
11378,f,11379
11379,f,11379
11377,f,11379
11380,f,11379
11377,e,11379
11376,e,11379
11380,e,11379
11375,f,11379
11376,f,11379
11375,e,11379
11377,f,11380
11376,f,11380
11378,f,11380
11379,f,11380
11381,f,11380
11380,f,11380
11382,b,11381
11382,f,11381
11381,b,11381
11380,b,11381
11380,f,11381
11381,f,11381
11377,b,11381
11379,f,11381
11379,b,11381
11377,f,11381
11378,b,11381
11378,f,11381
11379,c,11382
11382,c,11382
11382,f,11382
11381,f,11382
11381,c,11382
11381,a,11382
11383,a,11382
11379,a,11382
11383,c,11382
11380,f,11382
11380,c,11382
11380,a,11382
11378,a,11382
11378,c,11382
11378,f,11382
11379,f,11382
11383,f,11382
11382,a,11382
11383,b,11383
11383,d,11383
11382,e,11383
11382,d,11383
11382,b,11383
11383,e,11383
11384,e,11383
11381,d,11383
11380,e,11383
11379,b,11383
11379,d,11383
11379,e,11383
11380,b,11383
11380,d,11383
11384,b,11383
11381,b,11383
11384,d,11383
11381,e,11383
11380,c,11384
11385,c,11384
11382,c,11384
11383,c,11384
11384,c,11384
11381,c,11384
11384,e,11385
11381,e,11385
11383,e,11385
11382,e,11385
11386,e,11385
11385,e,11385
11387,f,11386
11385,f,11386
11386,f,11386
11383,f,11386
11384,f,11386
11382,f,11386
11385,e,11389
11390,e,11389
11388,e,11389
11389,e,11389
11386,e,11389
11387,e,11389
11387,f,11390
11386,f,11390
11388,f,11390
11389,f,11390
11390,f,11390
11391,f,11390
11392,c,11394
11394,d,11394
11394,c,11394
11393,c,11394
11393,d,11394
11392,d,11394
11395,d,11394
11391,c,11394
11391,d,11394
11390,d,11394
11390,c,11394
11395,c,11394
11391,f,11395
11395,f,11395
11395,e,11395
11394,e,11395
11394,f,11395
11396,f,11395
11393,e,11395
11393,f,11395
11396,e,11395
11392,e,11395
11392,f,11395
11391,e,11395
11396,f,11396
11395,f,11396
11393,f,11396
11397,f,11396
11394,f,11396
11392,f,11396
11397,f,11397
11396,f,11397
11396,b,11397
11397,b,11397
11393,b,11397
11398,b,11397
11395,f,11397
11395,b,11397
11393,f,11397
11394,b,11397
11394,f,11397
11398,f,11397
11399,c,11398
11398,f,11398
11397,f,11398
11397,c,11398
11399,f,11398
11398,c,11398
11396,f,11398
11396,c,11398
11395,f,11398
11395,c,11398
11394,c,11398
11394,f,11398
11396,e,11399
11397,e,11399
11395,e,11399
11398,e,11399
11399,e,11399
11400,e,11399
11401,f,11400
11399,f,11400
11400,f,11400
11398,f,11400
11396,f,11400
11397,f,11400
11401,f,11402
11401,b,11402
11403,f,11402
11400,f,11402
11402,b,11402
11402,f,11402
11403,b,11402
11398,f,11402
11400,b,11402
11399,f,11402
11399,b,11402
11398,b,11402
11399,f,11403
11402,c,11403
11402,f,11403
11404,b,11403
11404,c,11403
11404,f,11403
11401,f,11403
11401,c,11403
11399,b,11403
11403,f,11403
11403,c,11403
11403,b,11403
11399,c,11403
11400,f,11403
11400,c,11403
11400,b,11403
11401,b,11403
11402,b,11403
11405,e,11404
11403,c,11404
11404,a,11404
11403,e,11404
11404,c,11404
11404,f,11404
11404,e,11404
11405,a,11404
11405,c,11404
11403,f,11404
11405,f,11404
11403,a,11404
11400,a,11404
11401,c,11404
11401,a,11404
11400,e,11404
11401,f,11404
11400,f,11404
11402,a,11404
11401,e,11404
11402,f,11404
11402,e,11404
11400,c,11404
11402,c,11404
11406,d,11405
11406,f,11405
11404,e,11405
11404,f,11405
11404,d,11405
11404,b,11405
11402,e,11405
11405,e,11405
11405,b,11405
11406,b,11405
11401,b,11405
11401,d,11405
11402,f,11405
11402,d,11405
11402,b,11405
11401,e,11405
11405,d,11405
11403,b,11405
11401,f,11405
11403,f,11405
11403,e,11405
11406,e,11405
11403,d,11405
11405,f,11405
11405,f,11406
11405,c,11406
11407,c,11406
11406,f,11406
11406,c,11406
11407,f,11406
11402,c,11406
11402,f,11406
11403,c,11406
11403,f,11406
11404,f,11406
11404,c,11406
11406,e,11407
11407,e,11407
11407,b,11407
11408,e,11407
11406,b,11407
11403,b,11407
11408,b,11407
11404,b,11407
11404,e,11407
11405,b,11407
11405,e,11407
11403,e,11407
11408,c,11408
11407,c,11408
11405,c,11408
11404,c,11408
11406,c,11408
11409,c,11408
11409,a,11409
11408,c,11409
11408,a,11409
11409,c,11409
11410,e,11409
11410,c,11409
11410,a,11409
11409,e,11409
11408,e,11409
11406,a,11409
11406,c,11409
11405,e,11409
11407,e,11409
11407,c,11409
11407,a,11409
11406,e,11409
11405,a,11409
11405,c,11409
11407,d,11410
11409,b,11410
11409,d,11410
11409,f,11410
11410,b,11410
11410,d,11410
11410,f,11410
11410,e,11410
11411,e,11410
11411,f,11410
11411,d,11410
11406,b,11410
11409,e,11410
11411,b,11410
11406,e,11410
11406,f,11410
11408,d,11410
11408,f,11410
11408,e,11410
11408,b,11410
11407,e,11410
11407,b,11410
11407,f,11410
11406,d,11410
11411,b,11411
11411,f,11411
11410,f,11411
11410,c,11411
11410,b,11411
11407,b,11411
11407,c,11411
11407,f,11411
11411,c,11411
11412,b,11411
11412,c,11411
11408,f,11411
11408,c,11411
11408,b,11411
11409,b,11411
11409,f,11411
11409,c,11411
11412,f,11411
11413,b,11412
11412,f,11412
11413,e,11412
11411,f,11412
11411,c,11412
11411,b,11412
11412,c,11412
11412,b,11412
11411,e,11412
11413,c,11412
11412,e,11412
11413,f,11412
11410,e,11412
11408,b,11412
11408,c,11412
11408,f,11412
11408,e,11412
11409,b,11412
11410,f,11412
11410,c,11412
11410,b,11412
11409,e,11412
11409,f,11412
11409,c,11412
11412,d,11413
11413,e,11413
11412,f,11413
11412,e,11413
11409,d,11413
11413,d,11413
11412,c,11413
11409,c,11413
11409,f,11413
11409,e,11413
11410,e,11413
11410,f,11413
11410,c,11413
11410,d,11413
11414,e,11413
11414,f,11413
11413,c,11413
11413,f,11413
11411,c,11413
11411,f,11413
11411,e,11413
11414,c,11413
11414,d,11413
11411,d,11413
11413,f,11414
11415,f,11414
11413,e,11414
11410,f,11414
11412,e,11414
11412,f,11414
11410,e,11414
11411,e,11414
11411,f,11414
11414,f,11414
11415,e,11414
11414,e,11414
11415,f,11415
11416,f,11415
11414,f,11415
11413,f,11415
11412,f,11415
11411,f,11415
11414,d,11417
11418,d,11417
11417,d,11417
11416,d,11417
11413,d,11417
11415,d,11417
11415,f,11418
11419,f,11418
11414,f,11418
11418,f,11418
11416,f,11418
11417,f,11418
11417,c,11420
11416,c,11420
11419,c,11420
11418,c,11420
11421,c,11420
11420,c,11420
11422,e,11421
11421,e,11421
11421,a,11421
11420,e,11421
11420,a,11421
11422,a,11421
11419,e,11421
11417,a,11421
11417,e,11421
11418,a,11421
11418,e,11421
11419,a,11421
11419,b,11422
11421,f,11422
11421,d,11422
11421,b,11422
11422,b,11422
11423,b,11422
11423,d,11422
11420,f,11422
11420,d,11422
11420,b,11422
11418,b,11422
11418,d,11422
11418,f,11422
11423,f,11422
11419,f,11422
11419,d,11422
11422,f,11422
11422,d,11422
11422,f,11423
11423,f,11423
11422,c,11423
11423,c,11423
11424,c,11423
11421,f,11423
11421,c,11423
11424,f,11423
11419,c,11423
11419,f,11423
11420,c,11423
11420,f,11423
11425,d,11424
11424,d,11424
11424,e,11424
11423,e,11424
11423,d,11424
11425,e,11424
11420,e,11424
11422,e,11424
11422,d,11424
11420,d,11424
11421,d,11424
11421,e,11424
11425,e,11425
11424,e,11425
11425,d,11425
11425,f,11425
11426,f,11425
11424,f,11425
11424,d,11425
11424,b,11425
11426,d,11425
11425,b,11425
11426,b,11425
11421,e,11425
11422,e,11425
11426,e,11425
11423,e,11425
11423,f,11425
11423,d,11425
11423,b,11425
11421,b,11425
11421,d,11425
11421,f,11425
11422,b,11425
11422,f,11425
11422,d,11425
11426,f,11426
11425,f,11426
11425,c,11426
11423,f,11426
11422,c,11426
11427,c,11426
11427,f,11426
11424,f,11426
11424,c,11426
11422,f,11426
11423,c,11426
11426,c,11426
11426,e,11427
11428,e,11427
11427,e,11427
11425,e,11427
11424,e,11427
11423,e,11427
11426,f,11428
11424,f,11428
11425,f,11428
11427,f,11428
11428,f,11428
11429,f,11428
11433,a,11433
11432,a,11433
11431,a,11433
11434,a,11433
11429,a,11433
11430,a,11433
11430,b,11434
11434,d,11434
11433,d,11434
11433,b,11434
11435,b,11434
11430,d,11434
11435,d,11434
11432,b,11434
11434,b,11434
11431,b,11434
11432,d,11434
11431,d,11434
11434,f,11435
11434,c,11435
11435,c,11435
11435,f,11435
11433,c,11435
11436,c,11435
11433,f,11435
11436,f,11435
11431,c,11435
11431,f,11435
11432,c,11435
11432,f,11435
11436,a,11436
11436,e,11436
11435,e,11436
11435,a,11436
11433,e,11436
11437,a,11436
11434,e,11436
11434,a,11436
11432,a,11436
11432,e,11436
11433,a,11436
11437,e,11436
11436,f,11437
11436,d,11437
11436,b,11437
11437,b,11437
11437,d,11437
11437,f,11437
11438,b,11437
11438,f,11437
11438,d,11437
11433,b,11437
11434,d,11437
11434,b,11437
11433,f,11437
11435,f,11437
11435,d,11437
11435,b,11437
11434,f,11437
11433,d,11437
11437,a,11438
11435,f,11438
11437,f,11438
11438,f,11438
11438,c,11438
11438,a,11438
11437,c,11438
11439,a,11438
11439,c,11438
11439,f,11438
11435,a,11438
11435,c,11438
11434,c,11438
11434,a,11438
11434,f,11438
11436,c,11438
11436,f,11438
11436,a,11438
11439,e,11439
11438,d,11439
11438,b,11439
11439,d,11439
11440,b,11439
11440,d,11439
11440,e,11439
11438,e,11439
11439,b,11439
11435,d,11439
11437,e,11439
11437,d,11439
11437,b,11439
11435,b,11439
11435,e,11439
11436,e,11439
11436,d,11439
11436,b,11439
11441,f,11440
11441,c,11440
11440,f,11440
11440,c,11440
11439,f,11440
11439,c,11440
11437,f,11440
11436,c,11440
11438,c,11440
11438,f,11440
11437,c,11440
11436,f,11440
11438,e,11441
11440,e,11441
11439,e,11441
11437,e,11441
11441,e,11441
11442,e,11441
11441,f,11442
11438,f,11442
11439,f,11442
11440,f,11442
11443,f,11442
11442,f,11442
11443,e,11444
11445,e,11444
11444,e,11444
11441,e,11444
11440,e,11444
11442,e,11444
11445,f,11445
11446,f,11445
11444,f,11445
11443,f,11445
11442,f,11445
11441,f,11445
11444,f,11446
11442,f,11446
11445,f,11446
11446,f,11446
11447,f,11446
11443,f,11446
11452,a,11451
11447,a,11451
11448,a,11451
11450,a,11451
11449,a,11451
11451,a,11451
11453,d,11452
11453,b,11452
11452,c,11452
11451,d,11452
11451,c,11452
11453,c,11452
11452,d,11452
11451,b,11452
11450,c,11452
11452,b,11452
11450,b,11452
11449,c,11452
11449,d,11452
11449,b,11452
11448,c,11452
11448,d,11452
11448,b,11452
11450,d,11452
11453,c,11453
11453,e,11453
11454,e,11453
11452,e,11453
11452,f,11453
11452,c,11453
11453,f,11453
11449,c,11453
11454,c,11453
11450,e,11453
11450,f,11453
11450,c,11453
11449,e,11453
11449,f,11453
11451,f,11453
11451,c,11453
11454,f,11453
11451,e,11453
11450,b,11454
11453,f,11454
11453,b,11454
11453,e,11454
11454,e,11454
11454,f,11454
11454,b,11454
11451,e,11454
11455,b,11454
11455,e,11454
11451,f,11454
11451,b,11454
11455,f,11454
11450,f,11454
11452,b,11454
11450,e,11454
11452,e,11454
11452,f,11454
11455,c,11455
11455,d,11455
11455,b,11455
11454,c,11455
11454,d,11455
11454,b,11455
11454,f,11455
11455,f,11455
11456,b,11455
11456,d,11455
11456,c,11455
11456,f,11455
11451,f,11455
11452,d,11455
11452,b,11455
11452,c,11455
11453,b,11455
11453,d,11455
11451,c,11455
11453,f,11455
11451,d,11455
11451,b,11455
11453,c,11455
11452,f,11455
11455,e,11456
11455,f,11456
11455,c,11456
11457,c,11456
11456,e,11456
11452,c,11456
11452,f,11456
11457,f,11456
11457,e,11456
11454,e,11456
11454,f,11456
11454,c,11456
11452,e,11456
11453,c,11456
11453,f,11456
11453,e,11456
11456,c,11456
11456,f,11456
11457,f,11457
11458,e,11457
11456,e,11457
11456,f,11457
11453,f,11457
11455,e,11457
11455,f,11457
11457,e,11457
11454,e,11457
11454,f,11457
11453,e,11457
11458,f,11457
11458,f,11458
11459,f,11458
11457,f,11458
11456,f,11458
11455,f,11458
11454,f,11458
11460,b,11461
11457,b,11461
11461,b,11461
11459,b,11461
11462,b,11461
11458,b,11461
11459,c,11462
11459,f,11462
11462,c,11462
11460,c,11462
11460,f,11462
11463,f,11462
11462,f,11462
11458,c,11462
11461,c,11462
11461,f,11462
11458,f,11462
11463,c,11462
11463,e,11463
11462,e,11463
11461,e,11463
11460,e,11463
11459,e,11463
11464,e,11463
11463,f,11464
11465,f,11464
11465,d,11464
11463,d,11464
11464,d,11464
11462,f,11464
11462,d,11464
11461,f,11464
11461,d,11464
11460,f,11464
11460,d,11464
11464,f,11464
11466,f,11465
11464,f,11465
11465,f,11465
11462,f,11465
11461,f,11465
11463,f,11465
11464,c,11467
11468,c,11467
11466,e,11467
11466,c,11467
11468,e,11467
11467,e,11467
11467,c,11467
11465,c,11467
11463,e,11467
11463,c,11467
11464,e,11467
11465,e,11467
11468,f,11468
11469,f,11468
11469,e,11468
11467,f,11468
11468,e,11468
11467,e,11468
11466,e,11468
11466,f,11468
11465,e,11468
11465,f,11468
11464,e,11468
11464,f,11468
11467,f,11469
11470,f,11469
11465,f,11469
11468,f,11469
11466,f,11469
11469,f,11469
11470,c,11471
11472,c,11471
11469,c,11471
11471,c,11471
11468,c,11471
11467,c,11471
11472,e,11472
11472,c,11472
11471,e,11472
11471,c,11472
11473,c,11472
11473,e,11472
11468,e,11472
11469,e,11472
11470,e,11472
11470,c,11472
11468,c,11472
11469,c,11472
11473,f,11473
11474,f,11473
11474,e,11473
11472,e,11473
11472,f,11473
11470,e,11473
11469,f,11473
11471,e,11473
11471,f,11473
11469,e,11473
11470,f,11473
11473,e,11473
11475,f,11474
11474,f,11474
11471,f,11474
11472,f,11474
11470,f,11474
11473,f,11474
11473,d,11476
11472,d,11476
11474,d,11476
11475,d,11476
11477,d,11476
11476,d,11476
11478,f,11477
11476,f,11477
11475,f,11477
11474,f,11477
11473,f,11477
11477,f,11477
11478,e,11479
11480,c,11479
11480,e,11479
11477,e,11479
11478,c,11479
11476,e,11479
11479,e,11479
11476,c,11479
11475,e,11479
11475,c,11479
11477,c,11479
11479,c,11479
11480,e,11480
11480,f,11480
11481,e,11480
11479,e,11480
11479,f,11480
11481,f,11480
11478,e,11480
11478,f,11480
11477,e,11480
11477,f,11480
11476,e,11480
11476,f,11480
11478,f,11481
11482,f,11481
11481,f,11481
11480,f,11481
11477,f,11481
11479,f,11481
11488,a,11492
11489,a,11492
11491,a,11492
11492,a,11492
11490,a,11492
11493,a,11492
11492,b,11493
11494,c,11493
11492,d,11493
11493,d,11493
11492,f,11493
11494,d,11493
11494,b,11493
11493,f,11493
11493,c,11493
11494,f,11493
11492,c,11493
11491,f,11493
11493,b,11493
11490,d,11493
11489,b,11493
11489,d,11493
11491,d,11493
11491,b,11493
11489,c,11493
11490,f,11493
11490,c,11493
11491,c,11493
11490,b,11493
11489,f,11493
11493,c,11494
11493,f,11494
11495,e,11494
11495,f,11494
11495,c,11494
11494,c,11494
11494,f,11494
11493,e,11494
11494,e,11494
11491,c,11494
11492,c,11494
11490,e,11494
11491,f,11494
11491,e,11494
11490,c,11494
11492,f,11494
11490,f,11494
11492,e,11494
11496,f,11495
11495,f,11495
11495,e,11495
11494,e,11495
11494,f,11495
11496,e,11495
11492,e,11495
11493,e,11495
11492,f,11495
11491,e,11495
11493,f,11495
11491,f,11495
11495,c,11496
11495,f,11496
11495,d,11496
11497,d,11496
11496,f,11496
11496,d,11496
11492,c,11496
11494,d,11496
11497,f,11496
11494,f,11496
11494,c,11496
11492,f,11496
11493,f,11496
11493,c,11496
11493,d,11496
11492,d,11496
11497,c,11496
11496,c,11496
11497,f,11497
11497,e,11497
11498,f,11497
11498,e,11497
11496,e,11497
11496,f,11497
11495,f,11497
11495,e,11497
11493,f,11497
11493,e,11497
11494,e,11497
11494,f,11497
11495,f,11498
11498,e,11498
11498,f,11498
11499,e,11498
11497,e,11498
11499,f,11498
11494,f,11498
11494,e,11498
11495,e,11498
11496,e,11498
11496,f,11498
11497,f,11498
11500,a,11501
11502,a,11501
11502,c,11501
11499,c,11501
11499,a,11501
11500,c,11501
11498,c,11501
11501,c,11501
11498,a,11501
11497,c,11501
11497,a,11501
11501,a,11501
11503,d,11502
11503,e,11502
11502,e,11502
11502,d,11502
11502,b,11502
11501,e,11502
11501,d,11502
11501,b,11502
11503,b,11502
11500,b,11502
11499,b,11502
11500,e,11502
11500,d,11502
11498,b,11502
11498,d,11502
11498,e,11502
11499,d,11502
11499,e,11502
11503,f,11503
11503,c,11503
11502,f,11503
11502,c,11503
11500,f,11503
11499,f,11503
11501,f,11503
11501,c,11503
11504,c,11503
11500,c,11503
11499,c,11503
11504,f,11503
11500,e,11504
11502,e,11504
11501,e,11504
11503,e,11504
11505,e,11504
11504,e,11504
11506,f,11505
11505,f,11505
11504,f,11505
11503,f,11505
11502,f,11505
11501,f,11505
11506,c,11507
11504,c,11507
11505,c,11507
11507,c,11507
11503,c,11507
11508,c,11507
11508,f,11508
11507,e,11508
11507,f,11508
11509,e,11508
11508,e,11508
11509,f,11508
11506,f,11508
11505,e,11508
11505,f,11508
11504,e,11508
11504,f,11508
11506,e,11508
11508,f,11509
11508,a,11509
11509,a,11509
11509,f,11509
11510,a,11509
11510,f,11509
11507,f,11509
11507,a,11509
11506,f,11509
11506,a,11509
11505,f,11509
11505,a,11509
11509,b,11510
11510,b,11510
11509,d,11510
11510,d,11510
11508,d,11510
11511,b,11510
11511,d,11510
11508,b,11510
11507,d,11510
11506,d,11510
11506,b,11510
11507,b,11510
11511,c,11511
11511,f,11511
11510,c,11511
11510,f,11511
11512,c,11511
11508,f,11511
11507,c,11511
11507,f,11511
11508,c,11511
11512,f,11511
11509,c,11511
11509,f,11511
11510,e,11512
11513,e,11512
11509,e,11512
11511,e,11512
11512,e,11512
11508,e,11512
11513,e,11513
11513,f,11513
11514,f,11513
11512,e,11513
11512,f,11513
11514,e,11513
11509,e,11513
11511,e,11513
11511,f,11513
11510,e,11513
11510,f,11513
11509,f,11513
11512,f,11514
11510,f,11514
11513,f,11514
11515,f,11514
11511,f,11514
11514,f,11514
11516,d,11516
11515,d,11516
11514,d,11516
11517,d,11516
11513,d,11516
11512,d,11516
11517,d,11517
11514,f,11517
11513,d,11517
11515,d,11517
11515,f,11517
11518,f,11517
11518,d,11517
11516,d,11517
11516,f,11517
11517,f,11517
11513,f,11517
11514,d,11517
11518,f,11518
11517,f,11518
11519,f,11518
11516,f,11518
11514,f,11518
11515,f,11518
11516,f,11519
11519,f,11519
11519,c,11519
11518,f,11519
11520,f,11519
11518,c,11519
11517,f,11519
11517,c,11519
11515,f,11519
11516,c,11519
11515,c,11519
11520,c,11519
11517,e,11520
11518,e,11520
11516,e,11520
11521,e,11520
11519,e,11520
11520,e,11520
11522,f,11521
11520,f,11521
11521,f,11521
11519,f,11521
11518,f,11521
11517,f,11521
11519,d,11523
11524,c,11523
11524,d,11523
11523,c,11523
11519,c,11523
11522,c,11523
11522,d,11523
11523,d,11523
11520,c,11523
11521,c,11523
11521,d,11523
11520,d,11523
11521,e,11524
11524,e,11524
11521,f,11524
11523,e,11524
11523,f,11524
11520,e,11524
11522,e,11524
11522,f,11524
11525,e,11524
11525,f,11524
11520,f,11524
11524,f,11524
11526,f,11525
11524,f,11525
11525,f,11525
11523,f,11525
11522,f,11525
11521,f,11525
11527,b,11527
11526,e,11527
11528,e,11527
11525,e,11527
11527,e,11527
11528,b,11527
11526,b,11527
11523,b,11527
11525,b,11527
11524,e,11527
11523,e,11527
11524,b,11527
11529,f,11528
11529,c,11528
11529,b,11528
11528,f,11528
11528,c,11528
11528,b,11528
11527,f,11528
11527,c,11528
11527,b,11528
11524,f,11528
11524,c,11528
11526,f,11528
11526,c,11528
11526,b,11528
11524,b,11528
11525,f,11528
11525,c,11528
11525,b,11528
11526,e,11529
11528,c,11529
11528,f,11529
11526,f,11529
11529,f,11529
11525,c,11529
11529,e,11529
11530,c,11529
11530,f,11529
11530,e,11529
11529,c,11529
11525,f,11529
11528,e,11529
11527,c,11529
11526,c,11529
11525,e,11529
11527,e,11529
11527,f,11529
11530,b,11530
11526,b,11530
11526,f,11530
11526,e,11530
11531,b,11530
11531,f,11530
11529,e,11530
11529,f,11530
11529,b,11530
11530,e,11530
11527,f,11530
11531,e,11530
11528,e,11530
11528,f,11530
11528,b,11530
11527,e,11530
11530,f,11530
11527,b,11530
11531,c,11531
11531,f,11531
11530,f,11531
11530,c,11531
11532,f,11531
11532,c,11531
11529,c,11531
11529,f,11531
11528,f,11531
11528,c,11531
11527,c,11531
11527,f,11531
11529,e,11532
11530,e,11532
11528,e,11532
11531,e,11532
11533,e,11532
11532,e,11532
11534,f,11533
11533,f,11533
11531,f,11533
11529,f,11533
11530,f,11533
11532,f,11533
11538,e,11537
11537,e,11537
11535,e,11537
11536,e,11537
11534,e,11537
11533,e,11537
11535,f,11538
11539,f,11538
11534,f,11538
11537,f,11538
11538,f,11538
11536,f,11538
11537,d,11540
11539,c,11540
11539,d,11540
11541,d,11540
11541,c,11540
11536,c,11540
11540,d,11540
11538,d,11540
11536,d,11540
11540,c,11540
11537,c,11540
11538,c,11540
11540,e,11541
11542,e,11541
11542,f,11541
11540,f,11541
11541,f,11541
11541,e,11541
11537,e,11541
11539,e,11541
11539,f,11541
11537,f,11541
11538,f,11541
11538,e,11541
11542,f,11542
11542,d,11542
11541,f,11542
11541,d,11542
11543,f,11542
11543,d,11542
11539,f,11542
11540,f,11542
11540,d,11542
11538,f,11542
11539,d,11542
11538,d,11542
11540,f,11543
11541,f,11543
11544,f,11543
11543,f,11543
11542,f,11543
11539,f,11543
11544,b,11544
11543,b,11544
11545,b,11544
11542,b,11544
11540,b,11544
11541,b,11544
11544,c,11545
11545,f,11545
11545,c,11545
11542,f,11545
11544,f,11545
11546,f,11545
11541,c,11545
11546,c,11545
11543,f,11545
11543,c,11545
11541,f,11545
11542,c,11545
11543,e,11546
11544,e,11546
11547,e,11546
11546,e,11546
11545,e,11546
11542,e,11546
11548,a,11547
11547,a,11547
11546,f,11547
11548,f,11547
11547,f,11547
11546,a,11547
11545,f,11547
11545,a,11547
11543,a,11547
11543,f,11547
11544,a,11547
11544,f,11547
11545,d,11548
11549,f,11548
11548,f,11548
11548,d,11548
11548,b,11548
11547,f,11548
11545,b,11548
11547,b,11548
11547,d,11548
11549,b,11548
11546,f,11548
11546,d,11548
11546,b,11548
11544,d,11548
11549,d,11548
11545,f,11548
11544,f,11548
11544,b,11548
11545,c,11549
11545,f,11549
11549,f,11549
11549,c,11549
11550,f,11549
11548,c,11549
11547,f,11549
11547,c,11549
11546,c,11549
11546,f,11549
11550,c,11549
11548,f,11549
11551,c,11550
11551,e,11550
11550,c,11550
11550,e,11550
11549,c,11550
11549,e,11550
11546,c,11550
11548,e,11550
11548,c,11550
11546,e,11550
11547,c,11550
11547,e,11550
11550,e,11551
11552,e,11551
11551,e,11551
11551,f,11551
11551,d,11551
11552,f,11551
11550,f,11551
11550,d,11551
11547,d,11551
11552,d,11551
11548,e,11551
11548,f,11551
11548,d,11551
11549,e,11551
11547,e,11551
11549,d,11551
11549,f,11551
11547,f,11551
11548,b,11552
11553,b,11552
11552,f,11552
11551,b,11552
11552,b,11552
11550,f,11552
11550,b,11552
11548,f,11552
11549,b,11552
11549,f,11552
11553,f,11552
11551,f,11552
11554,c,11553
11553,c,11553
11553,f,11553
11554,f,11553
11552,c,11553
11552,f,11553
11550,c,11553
11549,f,11553
11551,f,11553
11551,c,11553
11550,f,11553
11549,c,11553
11554,a,11554
11554,d,11554
11554,e,11554
11553,e,11554
11553,d,11554
11553,a,11554
11555,a,11554
11550,a,11554
11550,d,11554
11555,d,11554
11552,e,11554
11552,d,11554
11552,a,11554
11550,e,11554
11551,a,11554
11551,d,11554
11551,e,11554
11555,e,11554
11555,b,11555
11555,d,11555
11555,f,11555
11554,f,11555
11554,d,11555
11554,b,11555
11556,f,11555
11551,f,11555
11556,b,11555
11556,d,11555
11551,b,11555
11552,b,11555
11552,d,11555
11552,f,11555
11551,d,11555
11553,d,11555
11553,f,11555
11553,b,11555
11553,f,11556
11556,c,11556
11556,f,11556
11555,f,11556
11555,c,11556
11553,c,11556
11554,c,11556
11552,f,11556
11557,c,11556
11557,f,11556
11554,f,11556
11552,c,11556
11557,f,11557
11556,f,11557
11556,e,11557
11557,e,11557
11558,f,11557
11555,e,11557
11555,f,11557
11558,e,11557
11553,f,11557
11553,e,11557
11554,f,11557
11554,e,11557
11559,f,11558
11558,a,11558
11558,f,11558
11557,f,11558
11557,a,11558
11559,a,11558
11554,a,11558
11556,f,11558
11556,a,11558
11554,f,11558
11555,a,11558
11555,f,11558
11559,a,11559
11558,d,11559
11558,b,11559
11559,b,11559
11559,d,11559
11558,a,11559
11560,d,11559
11560,b,11559
11560,a,11559
11556,d,11559
11556,b,11559
11555,d,11559
11557,d,11559
11557,b,11559
11557,a,11559
11555,b,11559
11556,a,11559
11555,a,11559
11559,b,11560
11559,d,11560
11557,c,11560
11559,f,11560
11557,f,11560
11560,c,11560
11560,f,11560
11561,b,11560
11561,d,11560
11561,c,11560
11561,f,11560
11560,b,11560
11560,d,11560
11559,c,11560
11558,b,11560
11556,b,11560
11558,d,11560
11558,c,11560
11558,f,11560
11557,b,11560
11556,c,11560
11556,f,11560
11557,d,11560
11556,d,11560
11562,f,11561
11560,f,11561
11560,c,11561
11557,e,11561
11557,f,11561
11557,c,11561
11561,c,11561
11562,c,11561
11560,e,11561
11561,f,11561
11559,e,11561
11559,f,11561
11559,c,11561
11558,c,11561
11558,f,11561
11558,e,11561
11562,e,11561
11561,e,11561
11562,f,11562
11562,e,11562
11561,e,11562
11563,e,11562
11563,f,11562
11559,e,11562
11560,e,11562
11560,f,11562
11561,f,11562
11559,f,11562
11558,e,11562
11558,f,11562
11560,f,11563
11561,f,11563
11559,f,11563
11562,f,11563
11563,f,11563
11564,f,11563
11567,f,11567
11566,f,11567
11565,f,11567
11568,f,11567
11564,f,11567
11563,f,11567
11564,a,11568
11565,a,11568
11565,e,11568
11568,e,11568
11568,a,11568
11566,a,11568
11566,e,11568
11567,e,11568
11567,a,11568
11564,e,11568
11569,e,11568
11569,a,11568
11568,b,11569
11570,f,11569
11569,b,11569
11568,f,11569
11569,d,11569
11569,c,11569
11569,f,11569
11570,b,11569
11570,c,11569
11568,c,11569
11570,d,11569
11568,d,11569
11565,c,11569
11566,d,11569
11566,c,11569
11566,f,11569
11565,d,11569
11565,b,11569
11566,b,11569
11565,f,11569
11567,d,11569
11567,c,11569
11567,f,11569
11567,b,11569
11570,e,11570
11570,f,11570
11567,f,11570
11569,e,11570
11569,f,11570
11569,c,11570
11571,c,11570
11571,f,11570
11571,e,11570
11570,c,11570
11567,e,11570
11566,f,11570
11566,c,11570
11567,c,11570
11568,e,11570
11568,f,11570
11568,c,11570
11566,e,11570
11571,f,11571
11567,f,11571
11572,e,11571
11570,e,11571
11570,f,11571
11567,e,11571
11568,f,11571
11569,e,11571
11569,f,11571
11568,e,11571
11571,e,11571
11572,f,11571
11572,f,11572
11573,f,11572
11568,f,11572
11570,f,11572
11569,f,11572
11571,f,11572
11576,f,11580
11577,f,11580
11578,f,11580
11581,f,11580
11579,f,11580
11580,f,11580
11580,e,11581
11582,e,11581
11581,e,11581
11577,e,11581
11579,e,11581
11578,e,11581
11579,f,11582
11580,f,11582
11578,f,11582
11581,f,11582
11582,f,11582
11583,f,11582
11580,f,11583
11581,f,11583
11584,f,11583
11583,f,11583
11579,f,11583
11582,f,11583
11584,f,11584
11583,f,11584
11585,f,11584
11582,f,11584
11581,f,11584
11580,f,11584
11582,e,11585
11586,e,11585
11586,f,11585
11585,e,11585
11585,f,11585
11582,f,11585
11584,f,11585
11584,e,11585
11583,e,11585
11583,f,11585
11581,f,11585
11581,e,11585
11584,f,11586
11585,f,11586
11582,f,11586
11586,f,11586
11587,f,11586
11583,f,11586
11592,f,11591
11591,f,11591
11590,f,11591
11588,f,11591
11589,f,11591
11587,f,11591
11589,f,11593
11592,f,11593
11592,a,11593
11593,f,11593
11594,a,11593
11594,f,11593
11589,a,11593
11593,a,11593
11591,a,11593
11590,f,11593
11590,a,11593
11591,f,11593
11594,b,11594
11595,b,11594
11593,d,11594
11595,d,11594
11593,b,11594
11594,d,11594
11592,b,11594
11590,d,11594
11592,d,11594
11591,b,11594
11591,d,11594
11590,b,11594
11592,c,11595
11595,b,11595
11595,c,11595
11595,f,11595
11594,f,11595
11594,c,11595
11594,b,11595
11591,b,11595
11591,c,11595
11592,f,11595
11596,c,11595
11596,f,11595
11593,f,11595
11593,c,11595
11593,b,11595
11591,f,11595
11592,b,11595
11596,b,11595
11595,f,11596
11596,c,11596
11595,c,11596
11596,f,11596
11596,e,11596
11597,e,11596
11595,e,11596
11597,c,11596
11593,e,11596
11594,e,11596
11594,f,11596
11594,c,11596
11592,c,11596
11592,f,11596
11592,e,11596
11597,f,11596
11593,c,11596
11593,f,11596
11597,f,11597
11596,e,11597
11596,f,11597
11594,f,11597
11597,e,11597
11598,f,11597
11598,e,11597
11595,e,11597
11595,f,11597
11593,f,11597
11593,e,11597
11594,e,11597
11597,f,11598
11599,f,11598
11598,f,11598
11596,f,11598
11594,f,11598
11595,f,11598
11600,f,11599
11599,f,11599
11600,a,11599
11600,d,11599
11598,f,11599
11598,d,11599
11598,a,11599
11595,a,11599
11599,d,11599
11599,a,11599
11596,a,11599
11597,f,11599
11597,d,11599
11597,a,11599
11595,d,11599
11595,f,11599
11596,d,11599
11596,f,11599
11601,f,11600
11599,b,11600
11599,d,11600
11600,d,11600
11600,f,11600
11596,d,11600
11600,b,11600
11599,f,11600
11596,f,11600
11601,b,11600
11598,d,11600
11596,b,11600
11597,f,11600
11598,f,11600
11598,b,11600
11601,d,11600
11597,b,11600
11597,d,11600
11597,a,11601
11597,c,11601
11600,c,11601
11602,c,11601
11601,c,11601
11599,c,11601
11599,a,11601
11598,a,11601
11598,c,11601
11601,a,11601
11602,a,11601
11600,a,11601
11601,b,11602
11603,b,11602
11601,e,11602
11602,b,11602
11602,d,11602
11603,e,11602
11603,d,11602
11601,d,11602
11602,e,11602
11600,e,11602
11598,e,11602
11598,b,11602
11600,d,11602
11600,b,11602
11599,b,11602
11599,d,11602
11599,e,11602
11598,d,11602
11603,b,11603
11603,c,11603
11603,f,11603
11602,c,11603
11602,b,11603
11604,f,11603
11599,b,11603
11602,f,11603
11604,b,11603
11601,f,11603
11601,c,11603
11601,b,11603
11599,c,11603
11599,f,11603
11600,b,11603
11600,c,11603
11600,f,11603
11604,c,11603
11603,e,11604
11604,f,11604
11603,f,11604
11603,c,11604
11604,e,11604
11605,c,11604
11600,e,11604
11605,e,11604
11602,e,11604
11602,f,11604
11602,c,11604
11600,f,11604
11601,e,11604
11601,f,11604
11601,c,11604
11600,c,11604
11605,f,11604
11604,c,11604
11605,f,11605
11605,e,11605
11606,f,11605
11606,e,11605
11604,f,11605
11604,e,11605
11603,e,11605
11601,f,11605
11601,e,11605
11602,f,11605
11603,f,11605
11602,e,11605
11607,f,11606
11603,f,11606
11604,f,11606
11605,f,11606
11606,f,11606
11602,f,11606
11603,d,11607
11606,b,11607
11606,d,11607
11607,d,11607
11608,b,11607
11608,d,11607
11603,b,11607
11605,d,11607
11607,b,11607
11604,d,11607
11604,b,11607
11605,b,11607
11608,f,11608
11607,f,11608
11607,c,11608
11607,d,11608
11609,d,11608
11609,c,11608
11609,f,11608
11608,c,11608
11608,d,11608
11604,d,11608
11605,d,11608
11604,f,11608
11604,c,11608
11605,c,11608
11606,d,11608
11606,c,11608
11605,f,11608
11606,f,11608
11609,e,11609
11609,f,11609
11610,b,11609
11609,b,11609
11606,b,11609
11610,c,11609
11610,f,11609
11608,e,11609
11608,f,11609
11608,c,11609
11608,b,11609
11610,e,11609
11609,c,11609
11606,c,11609
11607,b,11609
11606,f,11609
11605,b,11609
11605,e,11609
11605,f,11609
11605,c,11609
11607,c,11609
11607,f,11609
11606,e,11609
11607,e,11609
11608,e,11610
11606,f,11610
11610,c,11610
11610,f,11610
11610,e,11610
11609,e,11610
11609,f,11610
11609,c,11610
11608,f,11610
11606,e,11610
11607,f,11610
11607,c,11610
11606,c,11610
11608,c,11610
11611,c,11610
11611,f,11610
11611,e,11610
11607,e,11610
11610,f,11611
11610,e,11611
11611,f,11611
11611,e,11611
11612,e,11611
11612,f,11611
11608,e,11611
11609,e,11611
11609,f,11611
11607,e,11611
11607,f,11611
11608,f,11611
11612,c,11612
11612,f,11612
11613,c,11612
11611,f,11612
11611,c,11612
11609,f,11612
11608,c,11612
11613,f,11612
11610,f,11612
11610,c,11612
11608,f,11612
11609,c,11612
11613,b,11613
11613,e,11613
11612,b,11613
11614,b,11613
11614,e,11613
11612,e,11613
11609,e,11613
11611,e,11613
11609,b,11613
11610,b,11613
11611,b,11613
11610,e,11613
11611,c,11614
11612,c,11614
11614,c,11614
11615,c,11614
11613,c,11614
11610,c,11614
11614,c,11615
11614,e,11615
11615,c,11615
11615,e,11615
11616,e,11615
11611,e,11615
11611,c,11615
11616,c,11615
11613,e,11615
11613,c,11615
11612,c,11615
11612,e,11615
11616,f,11616
11616,e,11616
11615,e,11616
11615,f,11616
11613,e,11616
11617,f,11616
11614,e,11616
11614,f,11616
11612,f,11616
11612,e,11616
11613,f,11616
11617,e,11616
11617,c,11617
11618,f,11617
11616,f,11617
11616,c,11617
11617,f,11617
11618,c,11617
11614,f,11617
11613,f,11617
11614,c,11617
11613,c,11617
11615,f,11617
11615,c,11617
11616,e,11618
11614,e,11618
11618,e,11618
11615,e,11618
11617,e,11618
11619,e,11618
11620,f,11619
11615,f,11619
11619,f,11619
11619,c,11619
11618,f,11619
11618,c,11619
11615,c,11619
11620,c,11619
11616,c,11619
11617,f,11619
11617,c,11619
11616,f,11619
11617,e,11620
11618,e,11620
11620,e,11620
11616,e,11620
11619,e,11620
11621,e,11620
11617,f,11621
11621,a,11621
11620,f,11621
11620,a,11621
11621,f,11621
11619,f,11621
11622,f,11621
11619,a,11621
11618,f,11621
11618,a,11621
11617,a,11621
11622,a,11621
11621,d,11622
11621,b,11622
11622,b,11622
11622,d,11622
11623,b,11622
11623,d,11622
11620,d,11622
11620,b,11622
11618,b,11622
11618,d,11622
11619,b,11622
11619,d,11622
11620,f,11623
11623,a,11623
11623,c,11623
11623,f,11623
11622,f,11623
11622,c,11623
11622,a,11623
11624,a,11623
11620,c,11623
11624,c,11623
11621,f,11623
11621,c,11623
11621,a,11623
11619,a,11623
11619,c,11623
11619,f,11623
11620,a,11623
11624,f,11623
11624,b,11624
11624,d,11624
11623,e,11624
11623,d,11624
11625,e,11624
11624,e,11624
11625,b,11624
11625,d,11624
11623,b,11624
11621,e,11624
11620,b,11624
11622,e,11624
11622,d,11624
11622,b,11624
11620,d,11624
11620,e,11624
11621,b,11624
11621,d,11624
11626,c,11625
11624,f,11625
11624,c,11625
11622,f,11625
11621,c,11625
11621,f,11625
11626,f,11625
11623,f,11625
11623,c,11625
11622,c,11625
11625,f,11625
11625,c,11625
11626,e,11626
11625,e,11626
11624,e,11626
11623,e,11626
11622,e,11626
11627,e,11626
11624,f,11627
11625,f,11627
11627,f,11627
11623,f,11627
11626,f,11627
11628,f,11627
11629,a,11629
11628,a,11629
11627,a,11629
11630,a,11629
11625,a,11629
11626,a,11629
11626,d,11630
11630,d,11630
11630,c,11630
11629,c,11630
11629,d,11630
11629,b,11630
11631,b,11630
11631,d,11630
11631,c,11630
11630,b,11630
11626,c,11630
11627,b,11630
11628,d,11630
11627,d,11630
11628,b,11630
11626,b,11630
11628,c,11630
11627,c,11630
11631,e,11631
11630,b,11631
11630,c,11631
11630,f,11631
11632,f,11631
11632,c,11631
11630,e,11631
11632,b,11631
11631,b,11631
11631,f,11631
11632,e,11631
11631,c,11631
11629,c,11631
11627,b,11631
11627,f,11631
11627,e,11631
11628,e,11631
11628,f,11631
11629,e,11631
11629,f,11631
11628,c,11631
11629,b,11631
11627,c,11631
11628,b,11631
11631,d,11632
11631,e,11632
11631,f,11632
11629,e,11632
11633,c,11632
11633,d,11632
11631,c,11632
11632,e,11632
11628,d,11632
11633,f,11632
11633,e,11632
11632,d,11632
11630,e,11632
11630,f,11632
11630,c,11632
11630,d,11632
11628,e,11632
11632,c,11632
11629,d,11632
11629,c,11632
11629,f,11632
11632,f,11632
11628,c,11632
11628,f,11632
11629,f,11633
11633,e,11633
11634,f,11633
11633,f,11633
11632,e,11633
11631,f,11633
11631,e,11633
11630,e,11633
11630,f,11633
11634,e,11633
11629,e,11633
11632,f,11633
11632,f,11634
11631,f,11634
11630,f,11634
11633,f,11634
11635,f,11634
11634,f,11634
11636,a,11636
11637,a,11636
11635,a,11636
11634,a,11636
11633,a,11636
11632,a,11636
11634,b,11637
11633,e,11637
11638,d,11637
11638,b,11637
11637,e,11637
11637,d,11637
11637,b,11637
11636,e,11637
11636,d,11637
11636,b,11637
11638,e,11637
11635,b,11637
11633,d,11637
11633,b,11637
11635,d,11637
11635,e,11637
11634,e,11637
11634,d,11637
11637,f,11638
11638,f,11638
11638,c,11638
11639,c,11638
11638,a,11638
11637,c,11638
11637,a,11638
11634,c,11638
11634,f,11638
11639,a,11638
11635,a,11638
11635,c,11638
11639,f,11638
11634,a,11638
11635,f,11638
11636,f,11638
11636,c,11638
11636,a,11638
11640,e,11639
11640,f,11639
11640,d,11639
11638,a,11639
11638,b,11639
11639,b,11639
11639,a,11639
11639,e,11639
11639,f,11639
11638,f,11639
11638,e,11639
11639,d,11639
11640,b,11639
11640,a,11639
11638,d,11639
11635,a,11639
11636,e,11639
11636,f,11639
11636,d,11639
11636,b,11639
11636,a,11639
11637,a,11639
11637,b,11639
11635,b,11639
11637,f,11639
11637,e,11639
11635,e,11639
11635,f,11639
11635,d,11639
11637,d,11639
11636,b,11640
11640,f,11640
11639,f,11640
11639,c,11640
11639,d,11640
11640,d,11640
11640,b,11640
11640,c,11640
11639,b,11640
11636,c,11640
11641,b,11640
11641,d,11640
11641,c,11640
11638,f,11640
11637,f,11640
11638,c,11640
11638,d,11640
11638,b,11640
11636,d,11640
11637,c,11640
11636,f,11640
11641,f,11640
11637,b,11640
11637,d,11640
11641,c,11641
11642,f,11641
11640,e,11641
11642,c,11641
11640,c,11641
11640,f,11641
11637,f,11641
11639,e,11641
11639,f,11641
11639,c,11641
11637,c,11641
11638,e,11641
11638,f,11641
11638,c,11641
11641,f,11641
11637,e,11641
11642,e,11641
11641,e,11641
11643,e,11642
11642,f,11642
11642,e,11642
11643,f,11642
11641,e,11642
11639,e,11642
11640,e,11642
11640,f,11642
11639,f,11642
11638,e,11642
11638,f,11642
11641,f,11642
11640,f,11643
11641,f,11643
11639,f,11643
11642,f,11643
11643,f,11643
11644,f,11643
11647,e,11647
11646,e,11647
11645,e,11647
11648,e,11647
11643,e,11647
11644,e,11647
11644,c,11648
11648,f,11648
11647,f,11648
11647,c,11648
11649,c,11648
11644,f,11648
11649,f,11648
11646,f,11648
11646,c,11648
11645,f,11648
11648,c,11648
11645,c,11648
11650,d,11649
11650,e,11649
11648,e,11649
11648,d,11649
11649,d,11649
11649,e,11649
11647,e,11649
11647,d,11649
11645,d,11649
11645,e,11649
11646,d,11649
11646,e,11649
11647,f,11650
11650,f,11650
11649,f,11650
11648,f,11650
11646,f,11650
11651,f,11650
11651,c,11651
11649,c,11651
11652,c,11651
11647,c,11651
11648,c,11651
11650,c,11651
11653,b,11652
11652,e,11652
11652,b,11652
11651,e,11652
11653,e,11652
11651,b,11652
11648,b,11652
11650,e,11652
11650,b,11652
11649,b,11652
11648,e,11652
11649,e,11652
11653,c,11653
11650,c,11653
11653,f,11653
11652,f,11653
11652,c,11653
11650,f,11653
11651,f,11653
11651,c,11653
11649,c,11653
11649,f,11653
11654,f,11653
11654,c,11653
11653,e,11654
11654,e,11654
11655,e,11654
11652,e,11654
11651,e,11654
11650,e,11654
11655,f,11655
11653,f,11655
11656,f,11655
11651,f,11655
11654,f,11655
11652,f,11655
11656,c,11656
11655,c,11656
11657,c,11656
11652,c,11656
11654,c,11656
11653,c,11656
11654,e,11657
11654,f,11657
11653,e,11657
11655,f,11657
11655,e,11657
11653,f,11657
11656,f,11657
11656,e,11657
11658,e,11657
11657,f,11657
11657,e,11657
11658,f,11657
11659,f,11658
11658,f,11658
11654,f,11658
11656,f,11658
11655,f,11658
11657,f,11658
11660,a,11661
11658,a,11661
11662,a,11661
11659,a,11661
11661,a,11661
11657,a,11661
11662,d,11662
11662,b,11662
11661,d,11662
11661,b,11662
11660,d,11662
11660,b,11662
11663,b,11662
11663,d,11662
11658,b,11662
11659,d,11662
11659,b,11662
11658,d,11662
11663,c,11663
11663,f,11663
11662,f,11663
11662,c,11663
11664,c,11663
11664,f,11663
11659,f,11663
11660,c,11663
11661,f,11663
11661,c,11663
11659,c,11663
11660,f,11663
11664,f,11664
11664,e,11664
11665,b,11664
11665,d,11664
11665,f,11664
11663,e,11664
11663,f,11664
11663,d,11664
11663,b,11664
11665,e,11664
11664,d,11664
11664,b,11664
11660,b,11664
11660,f,11664
11662,e,11664
11662,f,11664
11662,d,11664
11662,b,11664
11660,d,11664
11660,e,11664
11661,e,11664
11661,f,11664
11661,d,11664
11661,b,11664
11666,f,11665
11666,c,11665
11665,f,11665
11665,c,11665
11664,f,11665
11662,f,11665
11661,c,11665
11664,c,11665
11663,c,11665
11663,f,11665
11662,c,11665
11661,f,11665
11663,e,11666
11662,e,11666
11665,e,11666
11664,e,11666
11666,e,11666
11667,e,11666
11666,f,11667
11663,f,11667
11668,f,11667
11665,f,11667
11664,f,11667
11667,f,11667
11667,f,11668
11668,f,11668
11666,f,11668
11665,f,11668
11664,f,11668
11669,f,11668
11671,d,11670
11670,d,11670
11669,d,11670
11671,f,11670
11670,f,11670
11669,f,11670
11668,d,11670
11667,f,11670
11667,d,11670
11666,f,11670
11666,d,11670
11668,f,11670
11668,f,11671
11667,f,11671
11669,f,11671
11670,f,11671
11671,f,11671
11672,f,11671
11674,d,11674
11673,d,11674
11672,d,11674
11675,d,11674
11670,d,11674
11671,d,11674
11675,f,11675
11674,f,11675
11674,b,11675
11671,f,11675
11673,f,11675
11671,b,11675
11676,f,11675
11672,f,11675
11672,b,11675
11675,b,11675
11673,b,11675
11676,b,11675
11675,f,11676
11676,f,11676
11676,c,11676
11675,c,11676
11677,c,11676
11673,c,11676
11674,f,11676
11674,c,11676
11673,f,11676
11677,f,11676
11672,c,11676
11672,f,11676
11677,e,11677
11676,e,11677
11673,e,11677
11678,e,11677
11675,e,11677
11674,e,11677
11678,d,11678
11678,f,11678
11677,f,11678
11677,d,11678
11679,d,11678
11679,f,11678
11674,f,11678
11676,f,11678
11676,d,11678
11675,f,11678
11675,d,11678
11674,d,11678
11676,f,11679
11677,f,11679
11680,f,11679
11675,f,11679
11678,f,11679
11679,f,11679
11681,a,11680
11676,a,11680
11679,a,11680
11680,a,11680
11677,a,11680
11678,a,11680
11678,d,11681
11682,d,11681
11681,d,11681
11681,b,11681
11681,a,11681
11677,a,11681
11678,b,11681
11680,d,11681
11680,b,11681
11680,a,11681
11682,b,11681
11677,b,11681
11682,a,11681
11679,a,11681
11678,a,11681
11679,d,11681
11679,b,11681
11677,d,11681
11683,a,11682
11678,f,11682
11678,c,11682
11678,d,11682
11678,b,11682
11681,a,11682
11681,b,11682
11681,d,11682
11679,d,11682
11681,c,11682
11681,f,11682
11682,f,11682
11682,c,11682
11682,d,11682
11682,b,11682
11682,a,11682
11678,a,11682
11683,b,11682
11679,b,11682
11683,d,11682
11683,f,11682
11679,c,11682
11679,f,11682
11683,c,11682
11679,a,11682
11680,a,11682
11680,b,11682
11680,c,11682
11680,f,11682
11680,d,11682
11683,f,11683
11683,e,11683
11683,c,11683
11682,f,11683
11682,c,11683
11682,d,11683
11682,b,11683
11684,b,11683
11684,d,11683
11684,c,11683
11684,f,11683
11683,d,11683
11684,e,11683
11682,e,11683
11683,b,11683
11679,f,11683
11679,b,11683
11679,e,11683
11680,b,11683
11680,d,11683
11680,c,11683
11680,f,11683
11680,e,11683
11679,d,11683
11681,b,11683
11679,c,11683
11681,f,11683
11681,d,11683
11681,c,11683
11681,e,11683
11681,c,11684
11681,f,11684
11681,e,11684
11683,d,11684
11682,d,11684
11683,e,11684
11685,d,11684
11684,e,11684
11684,f,11684
11684,c,11684
11684,d,11684
11683,f,11684
11683,c,11684
11681,d,11684
11680,c,11684
11682,c,11684
11682,f,11684
11682,e,11684
11680,d,11684
11680,f,11684
11685,e,11684
11685,f,11684
11685,c,11684
11680,e,11684
11685,f,11685
11685,e,11685
11686,a,11685
11684,e,11685
11684,f,11685
11684,a,11685
11686,f,11685
11686,e,11685
11685,a,11685
11681,e,11685
11681,f,11685
11683,a,11685
11683,f,11685
11681,a,11685
11682,a,11685
11682,f,11685
11682,e,11685
11683,e,11685
11682,d,11686
11682,b,11686
11682,a,11686
11685,a,11686
11685,b,11686
11685,d,11686
11682,f,11686
11686,f,11686
11687,d,11686
11687,b,11686
11687,a,11686
11686,a,11686
11686,b,11686
11686,d,11686
11685,f,11686
11685,e,11686
11686,e,11686
11687,f,11686
11683,e,11686
11683,f,11686
11682,e,11686
11683,b,11686
11683,a,11686
11684,a,11686
11684,b,11686
11683,d,11686
11684,f,11686
11684,e,11686
11687,e,11686
11684,d,11686
11687,c,11687
11687,d,11687
11686,f,11687
11686,c,11687
11686,d,11687
11686,b,11687
11687,b,11687
11688,f,11687
11687,f,11687
11688,c,11687
11688,d,11687
11688,b,11687
11684,c,11687
11684,f,11687
11683,b,11687
11685,f,11687
11683,d,11687
11683,c,11687
11683,f,11687
11685,c,11687
11685,d,11687
11685,b,11687
11684,d,11687
11684,b,11687
11689,c,11688
11687,e,11688
11687,c,11688
11689,e,11688
11685,e,11688
11684,c,11688
11684,e,11688
11686,e,11688
11686,c,11688
11685,c,11688
11688,c,11688
11688,e,11688
11689,e,11689
11688,e,11689
11690,e,11689
11687,e,11689
11685,e,11689
11686,e,11689
11688,f,11690
11690,f,11690
11686,f,11690
11689,f,11690
11687,f,11690
11691,f,11690
11693,e,11692
11692,e,11692
11691,e,11692
11690,e,11692
11688,e,11692
11689,e,11692
11690,f,11693
11689,f,11693
11691,f,11693
11693,f,11693
11694,f,11693
11692,f,11693
11690,c,11694
11694,c,11694
11692,c,11694
11693,c,11694
11691,c,11694
11695,c,11694
11694,e,11695
11694,c,11695
11695,c,11695
11695,e,11695
11696,e,11695
11696,c,11695
11693,c,11695
11692,e,11695
11691,c,11695
11691,e,11695
11692,c,11695
11693,e,11695
11693,b,11696
11696,b,11696
11696,f,11696
11696,e,11696
11695,e,11696
11695,f,11696
11695,b,11696
11697,b,11696
11697,f,11696
11694,e,11696
11694,f,11696
11694,b,11696
11692,b,11696
11692,f,11696
11692,e,11696
11693,e,11696
11693,f,11696
11697,e,11696
11696,f,11697
11696,c,11697
11697,c,11697
11697,f,11697
11698,c,11697
11698,f,11697
11695,f,11697
11695,c,11697
11693,c,11697
11693,f,11697
11694,c,11697
11694,f,11697
11698,f,11698
11698,e,11698
11697,e,11698
11697,f,11698
11695,e,11698
11699,f,11698
11699,e,11698
11696,e,11698
11696,f,11698
11694,e,11698
11695,f,11698
11694,f,11698
11698,f,11699
11699,f,11699
11695,f,11699
11700,f,11699
11697,f,11699
11696,f,11699
11700,d,11700
11699,d,11700
11699,b,11700
11700,b,11700
11696,b,11700
11701,d,11700
11701,b,11700
11698,d,11700
11698,b,11700
11696,d,11700
11697,b,11700
11697,d,11700
11701,c,11701
11702,d,11701
11700,f,11701
11700,c,11701
11700,d,11701
11702,c,11701
11701,d,11701
11701,f,11701
11702,f,11701
11698,f,11701
11697,d,11701
11697,c,11701
11699,f,11701
11699,c,11701
11699,d,11701
11697,f,11701
11698,d,11701
11698,c,11701
11703,f,11702
11703,e,11702
11701,e,11702
11701,f,11702
11702,e,11702
11698,f,11702
11700,e,11702
11700,f,11702
11698,e,11702
11699,f,11702
11699,e,11702
11702,f,11702
11704,d,11703
11704,f,11703
11699,d,11703
11703,d,11703
11702,f,11703
11699,f,11703
11703,f,11703
11700,f,11703
11701,f,11703
11701,d,11703
11700,d,11703
11702,d,11703
11702,f,11704
11701,f,11704
11703,f,11704
11700,f,11704
11704,f,11704
11705,f,11704
11709,e,11708
11706,e,11708
11704,e,11708
11707,e,11708
11705,e,11708
11708,e,11708
11709,f,11709
11708,f,11709
11706,f,11709
11705,f,11709
11707,f,11709
11710,f,11709
11711,f,11712
11711,b,11712
11710,b,11712
11713,b,11712
11713,f,11712
11710,f,11712
11712,b,11712
11709,f,11712
11709,b,11712
11708,f,11712
11708,b,11712
11712,f,11712
11714,c,11713
11713,c,11713
11712,c,11713
11713,f,11713
11714,f,11713
11712,f,11713
11711,f,11713
11711,c,11713
11709,f,11713
11710,c,11713
11710,f,11713
11709,c,11713
11715,e,11714
11713,e,11714
11710,e,11714
11714,e,11714
11712,e,11714
11711,e,11714
11714,f,11715
11715,f,11715
11716,b,11715
11714,b,11715
11716,f,11715
11711,b,11715
11713,f,11715
11715,b,11715
11712,f,11715
11712,b,11715
11711,f,11715
11713,b,11715
11716,f,11716
11717,c,11716
11717,f,11716
11715,f,11716
11715,c,11716
11716,c,11716
11714,f,11716
11714,c,11716
11712,c,11716
11712,f,11716
11713,f,11716
11713,c,11716
11714,e,11717
11718,e,11717
11716,e,11717
11717,e,11717
11715,e,11717
11713,e,11717
11716,f,11718
11715,f,11718
11717,f,11718
11718,f,11718
11719,f,11718
11714,f,11718
11722,e,11723
11724,e,11723
11721,e,11723
11719,e,11723
11720,e,11723
11723,e,11723
11723,f,11724
11725,f,11724
11724,f,11724
11721,f,11724
11722,f,11724
11720,f,11724
11722,d,11725
11723,d,11725
11721,d,11725
11724,d,11725
11725,d,11725
11726,d,11725
11723,f,11726
11724,f,11726
11722,f,11726
11725,f,11726
11726,f,11726
11727,f,11726
11732,a,11731
11730,a,11731
11731,a,11731
11729,a,11731
11728,a,11731
11727,a,11731
11728,f,11732
11732,b,11732
11732,d,11732
11732,c,11732
11732,f,11732
11731,f,11732
11731,c,11732
11731,d,11732
11731,b,11732
11733,b,11732
11733,d,11732
11733,c,11732
11728,c,11732
11733,f,11732
11728,d,11732
11730,c,11732
11730,d,11732
11730,b,11732
11728,b,11732
11729,b,11732
11729,d,11732
11729,c,11732
11730,f,11732
11729,f,11732
11733,c,11733
11732,b,11733
11732,c,11733
11734,f,11733
11734,e,11733
11733,e,11733
11733,f,11733
11732,e,11733
11733,b,11733
11732,f,11733
11734,b,11733
11734,c,11733
11729,f,11733
11730,e,11733
11730,f,11733
11729,c,11733
11731,e,11733
11731,f,11733
11731,c,11733
11731,b,11733
11729,b,11733
11729,e,11733
11730,b,11733
11730,c,11733
11730,c,11734
11733,c,11734
11733,f,11734
11733,e,11734
11734,f,11734
11730,f,11734
11735,e,11734
11735,f,11734
11734,e,11734
11734,c,11734
11732,e,11734
11732,f,11734
11732,c,11734
11730,e,11734
11731,c,11734
11731,f,11734
11731,e,11734
11735,c,11734
11734,a,11735
11736,e,11735
11734,e,11735
11736,f,11735
11735,a,11735
11735,f,11735
11735,e,11735
11734,f,11735
11736,a,11735
11733,a,11735
11731,e,11735
11733,e,11735
11733,f,11735
11731,a,11735
11732,a,11735
11732,f,11735
11732,e,11735
11731,f,11735
11736,b,11736
11736,d,11736
11736,f,11736
11735,f,11736
11735,d,11736
11735,b,11736
11732,b,11736
11732,d,11736
11737,b,11736
11737,d,11736
11737,f,11736
11734,f,11736
11734,d,11736
11734,b,11736
11733,b,11736
11733,d,11736
11733,f,11736
11732,f,11736
11737,c,11737
11737,f,11737
11736,f,11737
11736,c,11737
11733,c,11737
11738,c,11737
11733,f,11737
11738,f,11737
11734,c,11737
11735,f,11737
11734,f,11737
11735,c,11737
11739,e,11738
11734,b,11738
11734,e,11738
11738,e,11738
11737,e,11738
11737,b,11738
11738,b,11738
11736,e,11738
11736,b,11738
11735,b,11738
11735,e,11738
11739,b,11738
11739,e,11739
11738,e,11739
11740,e,11739
11739,c,11739
11738,c,11739
11740,c,11739
11736,e,11739
11737,e,11739
11737,c,11739
11735,e,11739
11736,c,11739
11735,c,11739
11736,f,11740
11740,f,11740
11740,e,11740
11741,a,11740
11741,f,11740
11741,e,11740
11739,e,11740
11739,f,11740
11739,a,11740
11736,a,11740
11740,a,11740
11737,a,11740
11737,e,11740
11738,e,11740
11738,f,11740
11738,a,11740
11736,e,11740
11737,f,11740
11742,f,11741
11740,b,11741
11740,d,11741
11737,b,11741
11741,b,11741
11742,d,11741
11742,b,11741
11741,f,11741
11740,f,11741
11737,d,11741
11741,d,11741
11739,d,11741
11737,f,11741
11738,f,11741
11739,b,11741
11738,d,11741
11739,f,11741
11738,b,11741
11742,c,11742
11742,f,11742
11743,f,11742
11740,c,11742
11739,c,11742
11739,f,11742
11738,f,11742
11738,c,11742
11740,f,11742
11741,c,11742
11741,f,11742
11743,c,11742
11744,b,11743
11744,e,11743
11742,b,11743
11744,f,11743
11743,b,11743
11743,f,11743
11743,e,11743
11742,f,11743
11739,e,11743
11742,e,11743
11739,b,11743
11741,e,11743
11741,f,11743
11739,f,11743
11741,b,11743
11740,b,11743
11740,e,11743
11740,f,11743
11745,f,11744
11745,c,11744
11744,f,11744
11744,c,11744
11743,f,11744
11741,f,11744
11740,c,11744
11740,f,11744
11742,f,11744
11742,c,11744
11743,c,11744
11741,c,11744
11743,e,11745
11746,e,11745
11741,e,11745
11742,e,11745
11744,e,11745
11745,e,11745
11748,a,11747
11745,a,11747
11747,a,11747
11744,a,11747
11743,a,11747
11746,a,11747
11749,b,11748
11749,d,11748
11748,b,11748
11747,d,11748
11747,b,11748
11748,d,11748
11745,b,11748
11744,b,11748
11746,b,11748
11744,d,11748
11745,d,11748
11746,d,11748
11749,a,11749
11749,c,11749
11749,f,11749
11748,f,11749
11748,c,11749
11748,a,11749
11745,a,11749
11750,a,11749
11750,f,11749
11746,a,11749
11747,f,11749
11747,c,11749
11747,a,11749
11745,c,11749
11745,f,11749
11746,f,11749
11746,c,11749
11750,c,11749
11750,e,11750
11751,b,11750
11751,d,11750
11749,e,11750
11749,d,11750
11749,b,11750
11751,e,11750
11750,d,11750
11750,b,11750
11748,e,11750
11748,d,11750
11748,b,11750
11746,b,11750
11746,d,11750
11746,e,11750
11747,b,11750
11747,d,11750
11747,e,11750
11750,c,11751
11751,f,11751
11751,c,11751
11750,f,11751
11752,c,11751
11752,f,11751
11747,c,11751
11748,f,11751
11748,c,11751
11749,f,11751
11749,c,11751
11747,f,11751
11750,e,11752
11753,e,11752
11753,d,11752
11749,d,11752
11749,e,11752
11751,d,11752
11751,e,11752
11748,e,11752
11752,e,11752
11752,d,11752
11750,d,11752
11748,d,11752
11753,f,11753
11754,f,11753
11752,f,11753
11751,f,11753
11750,f,11753
11749,f,11753
11755,a,11754
11751,a,11754
11752,a,11754
11754,a,11754
11750,a,11754
11753,a,11754
11755,d,11755
11754,d,11755
11754,b,11755
11756,b,11755
11756,d,11755
11751,b,11755
11751,d,11755
11753,b,11755
11755,b,11755
11752,d,11755
11752,b,11755
11753,d,11755
11755,f,11756
11757,c,11756
11757,f,11756
11755,c,11756
11756,c,11756
11756,f,11756
11752,f,11756
11753,c,11756
11753,f,11756
11754,f,11756
11754,c,11756
11752,c,11756
11753,c,11757
11756,e,11757
11758,c,11757
11757,e,11757
11755,e,11757
11755,c,11757
11753,e,11757
11754,c,11757
11754,e,11757
11757,c,11757
11758,e,11757
11756,c,11757
11757,a,11758
11757,f,11758
11754,f,11758
11758,e,11758
11759,a,11758
11759,f,11758
11759,e,11758
11754,a,11758
11758,a,11758
11758,f,11758
11757,e,11758
11754,e,11758
11756,e,11758
11756,f,11758
11755,a,11758
11755,f,11758
11755,e,11758
11756,a,11758
11758,f,11759
11760,f,11759
11759,f,11759
11759,d,11759
11759,b,11759
11758,d,11759
11758,b,11759
11755,b,11759
11755,d,11759
11760,d,11759
11757,f,11759
11756,f,11759
11756,d,11759
11756,b,11759
11760,b,11759
11757,b,11759
11757,d,11759
11755,f,11759
11760,c,11760
11760,f,11760
11759,f,11760
11759,c,11760
11756,c,11760
11761,c,11760
11761,f,11760
11758,f,11760
11758,c,11760
11756,f,11760
11757,f,11760
11757,c,11760
11760,e,11761
11761,c,11761
11760,c,11761
11762,c,11761
11761,e,11761
11762,e,11761
11759,c,11761
11758,e,11761
11759,e,11761
11757,e,11761
11758,c,11761
11757,c,11761
11762,e,11762
11763,f,11762
11761,e,11762
11761,f,11762
11759,e,11762
11763,e,11762
11760,e,11762
11760,f,11762
11758,e,11762
11759,f,11762
11758,f,11762
11762,f,11762
11763,f,11763
11762,f,11763
11764,f,11763
11759,f,11763
11761,f,11763
11760,f,11763
11762,d,11764
11760,d,11764
11763,d,11764
11764,d,11764
11765,d,11764
11761,d,11764
11765,f,11765
11764,f,11765
11766,f,11765
11762,f,11765
11761,f,11765
11763,f,11765
11767,f,11767
11766,f,11767
11768,f,11767
11763,f,11767
11765,f,11767
11764,f,11767
11766,d,11769
11767,d,11769
11770,d,11769
11768,d,11769
11769,d,11769
11765,d,11769
11771,f,11770
11769,f,11770
11770,f,11770
11768,f,11770
11767,f,11770
11766,f,11770
11772,a,11772
11771,d,11772
11771,a,11772
11770,d,11772
11773,a,11772
11773,d,11772
11772,d,11772
11768,d,11772
11770,a,11772
11769,a,11772
11769,d,11772
11768,a,11772
11773,b,11773
11773,d,11773
11773,f,11773
11772,f,11773
11772,d,11773
11772,b,11773
11774,b,11773
11774,d,11773
11774,f,11773
11769,f,11773
11771,f,11773
11771,d,11773
11771,b,11773
11769,b,11773
11769,d,11773
11770,f,11773
11770,d,11773
11770,b,11773
11774,f,11774
11775,d,11774
11775,c,11774
11775,f,11774
11773,f,11774
11773,d,11774
11774,c,11774
11774,d,11774
11773,c,11774
11770,d,11774
11771,c,11774
11771,d,11774
11772,f,11774
11772,c,11774
11772,d,11774
11771,f,11774
11770,c,11774
11770,f,11774
11774,d,11775
11774,e,11775
11774,f,11775
11775,f,11775
11775,e,11775
11776,e,11775
11775,d,11775
11771,d,11775
11776,d,11775
11771,e,11775
11772,e,11775
11772,f,11775
11772,d,11775
11776,f,11775
11773,d,11775
11773,f,11775
11771,f,11775
11773,e,11775
11773,f,11776
11776,c,11776
11776,f,11776
11775,f,11776
11775,c,11776
11772,f,11776
11772,c,11776
11774,c,11776
11774,f,11776
11777,c,11776
11777,f,11776
11773,c,11776
11777,e,11777
11778,e,11777
11776,e,11777
11776,b,11777
11778,b,11777
11777,b,11777
11775,b,11777
11773,e,11777
11774,b,11777
11774,e,11777
11775,e,11777
11773,b,11777
11775,c,11778
11778,c,11778
11778,f,11778
11779,a,11778
11777,f,11778
11777,c,11778
11777,a,11778
11775,f,11778
11775,a,11778
11774,c,11778
11779,c,11778
11774,a,11778
11776,f,11778
11776,c,11778
11776,a,11778
11774,f,11778
11778,a,11778
11779,f,11778
11779,b,11779
11779,d,11779
11779,e,11779
11780,e,11779
11780,b,11779
11778,e,11779
11778,d,11779
11778,b,11779
11780,d,11779
11775,e,11779
11775,b,11779
11776,b,11779
11777,e,11779
11777,d,11779
11776,d,11779
11776,e,11779
11777,b,11779
11775,d,11779
11776,c,11780
11780,d,11780
11780,c,11780
11781,d,11780
11779,f,11780
11779,c,11780
11779,d,11780
11776,d,11780
11780,f,11780
11781,c,11780
11781,f,11780
11778,f,11780
11778,c,11780
11778,d,11780
11777,d,11780
11777,c,11780
11777,f,11780
11776,f,11780
11781,f,11781
11782,e,11781
11780,e,11781
11780,f,11781
11782,f,11781
11781,e,11781
11779,e,11781
11779,f,11781
11778,e,11781
11778,f,11781
11777,e,11781
11777,f,11781
11779,f,11782
11780,f,11782
11783,f,11782
11778,f,11782
11781,f,11782
11782,f,11782
11779,c,11783
11783,c,11783
11782,c,11783
11784,c,11783
11781,c,11783
11780,c,11783
11781,e,11784
11785,d,11784
11785,e,11784
11784,e,11784
11784,d,11784
11784,b,11784
11783,e,11784
11781,d,11784
11783,b,11784
11780,b,11784
11780,d,11784
11783,d,11784
11785,b,11784
11782,e,11784
11782,d,11784
11782,b,11784
11781,b,11784
11780,e,11784
11781,c,11785
11781,f,11785
11784,f,11785
11784,c,11785
11782,f,11785
11786,f,11785
11786,c,11785
11783,f,11785
11783,c,11785
11782,c,11785
11785,c,11785
11785,f,11785
11786,e,11786
11785,e,11786
11787,e,11786
11784,e,11786
11782,e,11786
11783,e,11786
11788,f,11787
11787,d,11787
11787,f,11787
11786,f,11787
11786,d,11787
11786,a,11787
11788,a,11787
11788,d,11787
11783,a,11787
11784,d,11787
11783,f,11787
11785,f,11787
11785,d,11787
11784,f,11787
11785,a,11787
11783,d,11787
11787,a,11787
11784,a,11787
11788,f,11788
11787,b,11788
11787,d,11788
11788,b,11788
11789,f,11788
11787,f,11788
11789,d,11788
11788,d,11788
11789,b,11788
11785,d,11788
11785,f,11788
11784,b,11788
11784,d,11788
11785,b,11788
11784,f,11788
11786,f,11788
11786,d,11788
11786,b,11788
11785,c,11789
11785,a,11789
11788,a,11789
11788,d,11789
11790,d,11789
11788,f,11789
11785,d,11789
11790,a,11789
11789,f,11789
11789,d,11789
11789,a,11789
11788,c,11789
11786,f,11789
11789,c,11789
11790,f,11789
11786,c,11789
11786,d,11789
11790,c,11789
11785,f,11789
11787,a,11789
11787,d,11789
11786,a,11789
11787,f,11789
11787,c,11789
11791,e,11790
11790,f,11790
11789,e,11790
11789,f,11790
11789,d,11790
11789,b,11790
11790,d,11790
11790,b,11790
11790,e,11790
11791,b,11790
11791,d,11790
11791,f,11790
11787,b,11790
11788,e,11790
11788,f,11790
11786,b,11790
11786,d,11790
11788,d,11790
11788,b,11790
11786,f,11790
11787,e,11790
11787,f,11790
11787,d,11790
11786,e,11790
11788,f,11791
11792,f,11791
11791,f,11791
11791,c,11791
11790,f,11791
11792,c,11791
11787,c,11791
11790,c,11791
11789,c,11791
11789,f,11791
11788,c,11791
11787,f,11791
11789,e,11792
11788,e,11792
11791,e,11792
11790,e,11792
11792,e,11792
11793,e,11792
11789,d,11793
11790,d,11793
11791,d,11793
11794,d,11793
11792,d,11793
11793,d,11793
11794,f,11794
11793,f,11794
11792,f,11794
11791,f,11794
11790,f,11794
11795,f,11794
11796,b,11797
11796,c,11797
11798,b,11797
11798,c,11797
11795,c,11797
11795,b,11797
11793,c,11797
11794,c,11797
11794,b,11797
11793,b,11797
11797,c,11797
11797,b,11797
11799,f,11798
11799,e,11798
11798,e,11798
11798,f,11798
11798,c,11798
11797,e,11798
11797,f,11798
11797,c,11798
11799,c,11798
11796,c,11798
11796,e,11798
11796,f,11798
11794,c,11798
11794,f,11798
11794,e,11798
11795,c,11798
11795,e,11798
11795,f,11798
11796,e,11799
11799,e,11799
11799,f,11799
11798,e,11799
11800,e,11799
11798,f,11799
11795,e,11799
11797,e,11799
11797,f,11799
11796,f,11799
11795,f,11799
11800,f,11799
11798,f,11800
11801,f,11800
11800,f,11800
11797,f,11800
11799,f,11800
11796,f,11800
11801,b,11801
11800,b,11801
11802,b,11801
11799,b,11801
11797,b,11801
11798,b,11801
11799,f,11802
11802,f,11802
11802,c,11802
11803,f,11802
11801,c,11802
11801,f,11802
11800,f,11802
11800,c,11802
11798,c,11802
11798,f,11802
11799,c,11802
11803,c,11802
11800,e,11803
11799,e,11803
11801,e,11803
11804,e,11803
11802,e,11803
11803,e,11803
11804,f,11804
11803,f,11804
11805,f,11804
11802,f,11804
11801,f,11804
11800,f,11804
11802,e,11805
11805,e,11805
11806,f,11805
11804,e,11805
11804,f,11805
11801,f,11805
11803,e,11805
11803,f,11805
11801,e,11805
11802,f,11805
11806,e,11805
11805,f,11805
11806,f,11806
11802,f,11806
11805,f,11806
11807,f,11806
11804,f,11806
11803,f,11806
11804,d,11807
11805,d,11807
11808,d,11807
11803,d,11807
11806,d,11807
11807,d,11807
11809,f,11808
11804,f,11808
11807,f,11808
11808,f,11808
11805,f,11808
11806,f,11808
11809,b,11809
11809,e,11809
11806,b,11809
11807,b,11809
11807,e,11809
11810,e,11809
11810,b,11809
11806,e,11809
11805,e,11809
11805,b,11809
11808,b,11809
11808,e,11809
11806,c,11810
11810,c,11810
11810,f,11810
11809,c,11810
11809,f,11810
11811,c,11810
11808,f,11810
11808,c,11810
11807,f,11810
11807,c,11810
11811,f,11810
11806,f,11810
11807,e,11811
11809,e,11811
11812,e,11811
11810,e,11811
11811,e,11811
11808,e,11811
11813,f,11812
11811,f,11812
11812,f,11812
11809,f,11812
11810,f,11812
11808,f,11812
11810,b,11813
11811,b,11813
11809,b,11813
11812,b,11813
11814,b,11813
11813,b,11813
11810,c,11814
11815,f,11814
11815,c,11814
11814,f,11814
11810,f,11814
11813,f,11814
11813,c,11814
11814,c,11814
11812,f,11814
11812,c,11814
11811,f,11814
11811,c,11814
11812,e,11815
11813,e,11815
11811,e,11815
11814,e,11815
11816,e,11815
11815,e,11815
11812,f,11816
11817,f,11816
11816,f,11816
11815,f,11816
11814,f,11816
11813,f,11816
11815,c,11818
11814,c,11818
11816,c,11818
11819,c,11818
11817,c,11818
11818,c,11818
11820,d,11819
11819,e,11819
11820,e,11819
11819,d,11819
11818,e,11819
11818,d,11819
11816,d,11819
11817,e,11819
11817,d,11819
11816,e,11819
11815,e,11819
11815,d,11819
11821,f,11820
11820,f,11820
11817,f,11820
11816,f,11820
11818,f,11820
11819,f,11820
11823,f,11825
11825,f,11825
11825,a,11825
11824,f,11825
11824,a,11825
11826,f,11825
11823,a,11825
11826,a,11825
11821,f,11825
11822,f,11825
11822,a,11825
11821,a,11825
11825,a,11826
11827,a,11826
11827,b,11826
11827,d,11826
11822,d,11826
11825,b,11826
11825,d,11826
11824,d,11826
11822,b,11826
11822,a,11826
11826,d,11826
11826,b,11826
11826,a,11826
11823,d,11826
11823,b,11826
11823,a,11826
11824,b,11826
11824,a,11826
11826,b,11827
11826,a,11827
11827,a,11827
11826,c,11827
11826,f,11827
11827,b,11827
11827,d,11827
11827,c,11827
11828,a,11827
11828,b,11827
11828,d,11827
11828,c,11827
11826,d,11827
11827,f,11827
11828,f,11827
11824,f,11827
11823,f,11827
11824,c,11827
11824,a,11827
11825,a,11827
11825,b,11827
11825,d,11827
11825,c,11827
11823,c,11827
11823,d,11827
11823,b,11827
11823,a,11827
11824,b,11827
11824,d,11827
11825,f,11827
11827,d,11828
11827,b,11828
11827,c,11828
11825,f,11828
11827,e,11828
11829,c,11828
11829,d,11828
11828,e,11828
11828,f,11828
11828,b,11828
11827,f,11828
11829,b,11828
11824,b,11828
11824,d,11828
11825,e,11828
11825,c,11828
11825,d,11828
11825,b,11828
11824,e,11828
11828,d,11828
11824,c,11828
11826,b,11828
11824,f,11828
11826,c,11828
11826,f,11828
11826,e,11828
11829,e,11828
11829,f,11828
11826,d,11828
11828,c,11828
11828,e,11829
11828,f,11829
11828,c,11829
11829,e,11829
11829,f,11829
11829,c,11829
11830,c,11829
11830,e,11829
11830,f,11829
11825,c,11829
11825,f,11829
11825,e,11829
11826,c,11829
11826,f,11829
11827,e,11829
11827,f,11829
11827,c,11829
11826,e,11829
11831,f,11830
11831,e,11830
11829,e,11830
11829,f,11830
11826,f,11830
11826,e,11830
11828,e,11830
11828,f,11830
11827,f,11830
11827,e,11830
11830,f,11830
11830,e,11830
11831,c,11831
11831,f,11831
11832,c,11831
11830,f,11831
11830,c,11831
11832,f,11831
11827,f,11831
11829,f,11831
11829,c,11831
11828,f,11831
11828,c,11831
11827,c,11831
11830,e,11832
11829,e,11832
11828,e,11832
11831,e,11832
11833,e,11832
11832,e,11832
11833,e,11834
11835,e,11834
11834,e,11834
11831,e,11834
11830,e,11834
11832,e,11834
11834,f,11835
11836,f,11835
11835,f,11835
11833,f,11835
11832,f,11835
11831,f,11835
11834,d,11837
11835,d,11837
11838,d,11837
11836,d,11837
11833,d,11837
11837,d,11837
11839,f,11838
11839,d,11838
11838,f,11838
11838,d,11838
11837,f,11838
11837,d,11838
11834,d,11838
11836,f,11838
11836,d,11838
11834,f,11838
11835,f,11838
11835,d,11838
11836,e,11839
11840,e,11839
11840,f,11839
11836,f,11839
11839,f,11839
11838,e,11839
11839,e,11839
11835,f,11839
11838,f,11839
11837,f,11839
11837,e,11839
11835,e,11839
11837,f,11840
11839,f,11840
11841,f,11840
11840,f,11840
11836,f,11840
11838,f,11840
11841,b,11842
11843,b,11842
11840,b,11842
11839,b,11842
11838,b,11842
11842,b,11842
11844,c,11843
11842,c,11843
11844,e,11843
11843,f,11843
11843,c,11843
11844,f,11843
11842,e,11843
11842,f,11843
11843,e,11843
11840,c,11843
11841,e,11843
11839,f,11843
11841,f,11843
11841,c,11843
11839,e,11843
11840,f,11843
11840,e,11843
11839,c,11843
11844,b,11844
11844,f,11844
11844,e,11844
11843,e,11844
11843,f,11844
11843,b,11844
11840,b,11844
11841,b,11844
11845,e,11844
11842,e,11844
11842,f,11844
11842,b,11844
11840,f,11844
11840,e,11844
11841,e,11844
11841,f,11844
11845,f,11844
11845,b,11844
11845,c,11845
11844,f,11845
11844,c,11845
11845,f,11845
11846,f,11845
11846,c,11845
11841,f,11845
11843,f,11845
11843,c,11845
11841,c,11845
11842,c,11845
11842,f,11845
11846,e,11846
11846,f,11846
11845,e,11846
11845,f,11846
11847,f,11846
11843,e,11846
11842,e,11846
11844,e,11846
11844,f,11846
11843,f,11846
11842,f,11846
11847,e,11846
11843,f,11847
11844,f,11847
11845,f,11847
11848,f,11847
11846,f,11847
11847,f,11847
11849,d,11848
11847,d,11848
11845,d,11848
11846,d,11848
11844,d,11848
11848,d,11848
11849,b,11850
11851,b,11850
11850,b,11850
11848,b,11850
11847,b,11850
11846,b,11850
11848,c,11851
11848,f,11851
11847,c,11851
11849,c,11851
11849,f,11851
11852,f,11851
11852,c,11851
11850,c,11851
11850,f,11851
11851,f,11851
11851,c,11851
11847,f,11851
11852,e,11852
11851,e,11852
11853,e,11852
11850,e,11852
11849,e,11852
11848,e,11852
11853,f,11853
11850,f,11853
11849,e,11853
11851,f,11853
11851,e,11853
11854,e,11853
11854,f,11853
11850,e,11853
11849,f,11853
11852,f,11853
11852,e,11853
11853,e,11853
11853,f,11854
11855,f,11854
11854,f,11854
11852,f,11854
11850,f,11854
11851,f,11854
11856,b,11855
11856,e,11855
11852,e,11855
11852,b,11855
11851,e,11855
11853,b,11855
11853,e,11855
11854,e,11855
11854,b,11855
11855,e,11855
11855,b,11855
11851,b,11855
11857,c,11856
11855,f,11856
11857,f,11856
11855,e,11856
11856,e,11856
11856,f,11856
11856,c,11856
11855,c,11856
11857,e,11856
11852,f,11856
11854,f,11856
11854,e,11856
11854,c,11856
11852,e,11856
11853,c,11856
11853,f,11856
11852,c,11856
11853,e,11856
11856,d,11857
11856,c,11857
11857,c,11857
11857,d,11857
11858,e,11857
11857,e,11857
11857,f,11857
11856,e,11857
11856,f,11857
11858,f,11857
11855,f,11857
11854,e,11857
11853,d,11857
11853,c,11857
11853,f,11857
11853,e,11857
11854,d,11857
11854,c,11857
11854,f,11857
11858,c,11857
11855,d,11857
11855,c,11857
11858,d,11857
11855,e,11857
11856,e,11858
11855,e,11858
11859,e,11858
11859,f,11858
11855,f,11858
11854,f,11858
11858,f,11858
11854,e,11858
11856,f,11858
11857,f,11858
11857,e,11858
11858,e,11858
11860,f,11859
11859,f,11859
11858,f,11859
11859,b,11859
11858,b,11859
11860,b,11859
11857,f,11859
11855,b,11859
11857,b,11859
11855,f,11859
11856,b,11859
11856,f,11859
11860,f,11860
11861,f,11860
11859,f,11860
11859,c,11860
11856,c,11860
11861,c,11860
11858,f,11860
11858,c,11860
11856,f,11860
11857,c,11860
11857,f,11860
11860,c,11860
11857,e,11861
11861,e,11861
11861,a,11861
11860,a,11861
11860,e,11861
11857,a,11861
11862,e,11861
11859,e,11861
11858,e,11861
11858,a,11861
11862,a,11861
11859,a,11861
11861,d,11862
11862,b,11862
11862,d,11862
11863,b,11862
11861,b,11862
11863,d,11862
11860,d,11862
11860,b,11862
11858,b,11862
11858,d,11862
11859,b,11862
11859,d,11862
11860,f,11863
11863,f,11863
11863,c,11863
11862,f,11863
11862,c,11863
11859,f,11863
11861,f,11863
11861,c,11863
11864,f,11863
11860,c,11863
11859,c,11863
11864,c,11863
11860,e,11864
11861,e,11864
11862,e,11864
11865,e,11864
11863,e,11864
11864,e,11864
11866,f,11865
11864,f,11865
11865,f,11865
11861,f,11865
11863,f,11865
11862,f,11865
11863,c,11866
11862,c,11866
11864,c,11866
11865,c,11866
11866,c,11866
11867,c,11866
11866,d,11867
11866,c,11867
11866,e,11867
11863,e,11867
11867,e,11867
11868,c,11867
11868,e,11867
11867,d,11867
11867,c,11867
11868,d,11867
11865,e,11867
11865,c,11867
11865,d,11867
11863,c,11867
11863,d,11867
11864,d,11867
11864,e,11867
11864,c,11867
11864,f,11868
11868,f,11868
11869,e,11868
11867,e,11868
11867,f,11868
11869,f,11868
11864,e,11868
11865,e,11868
11866,e,11868
11866,f,11868
11865,f,11868
11868,e,11868
11869,f,11869
11865,f,11869
11870,f,11869
11867,f,11869
11866,f,11869
11868,f,11869
11869,c,11873
11870,c,11873
11871,c,11873
11874,c,11873
11872,c,11873
11873,c,11873
11874,e,11874
11870,e,11874
11871,e,11874
11872,e,11874
11875,e,11874
11873,e,11874
11873,f,11875
11875,f,11875
11872,f,11875
11871,f,11875
11874,f,11875
11876,f,11875
11879,f,11878
11876,f,11878
11877,f,11878
11875,f,11878
11874,f,11878
11878,f,11878
11879,d,11879
11878,d,11879
11880,d,11879
11877,d,11879
11875,d,11879
11876,d,11879
11877,f,11880
11881,f,11880
11881,c,11880
11880,f,11880
11880,c,11880
11879,f,11880
11879,c,11880
11877,c,11880
11878,f,11880
11878,c,11880
11876,f,11880
11876,c,11880
11882,e,11881
11878,e,11881
11879,e,11881
11881,e,11881
11880,e,11881
11877,e,11881
11881,f,11882
11878,f,11882
11882,f,11882
11879,f,11882
11883,f,11882
11880,f,11882
11884,d,11883
11883,d,11883
11882,d,11883
11880,d,11883
11881,d,11883
11879,d,11883
11882,f,11884
11880,f,11884
11883,f,11884
11884,f,11884
11881,f,11884
11885,f,11884
11885,a,11887
11888,a,11887
11887,a,11887
11886,a,11887
11883,a,11887
11884,a,11887
11885,b,11888
11888,d,11888
11888,b,11888
11889,d,11888
11884,d,11888
11887,d,11888
11887,b,11888
11889,b,11888
11886,d,11888
11886,b,11888
11884,b,11888
11885,d,11888
11885,f,11889
11889,c,11889
11889,f,11889
11888,f,11889
11888,c,11889
11885,c,11889
11887,c,11889
11890,c,11889
11890,f,11889
11887,f,11889
11886,c,11889
11886,f,11889
11891,e,11890
11889,e,11890
11890,e,11890
11887,e,11890
11888,e,11890
11886,e,11890
11888,f,11891
11891,d,11891
11892,f,11891
11892,d,11891
11890,f,11891
11891,f,11891
11890,d,11891
11887,f,11891
11889,f,11891
11889,d,11891
11888,d,11891
11887,d,11891
11889,f,11892
11890,f,11892
11888,f,11892
11892,f,11892
11893,f,11892
11891,f,11892
11894,f,11893
11890,f,11893
11892,f,11893
11893,f,11893
11889,f,11893
11891,f,11893
11893,a,11894
11894,d,11894
11893,d,11894
11894,b,11894
11895,a,11894
11895,b,11894
11895,d,11894
11893,b,11894
11892,d,11894
11894,a,11894
11892,b,11894
11891,a,11894
11890,d,11894
11890,b,11894
11890,a,11894
11891,b,11894
11892,a,11894
11891,d,11894
11895,d,11895
11895,f,11895
11896,b,11895
11896,d,11895
11896,c,11895
11894,f,11895
11894,c,11895
11894,d,11895
11894,b,11895
11896,f,11895
11895,c,11895
11892,b,11895
11895,b,11895
11891,b,11895
11892,f,11895
11891,f,11895
11891,c,11895
11891,d,11895
11892,c,11895
11893,b,11895
11893,d,11895
11892,d,11895
11893,f,11895
11893,c,11895
11894,c,11896
11892,c,11896
11896,c,11896
11896,f,11896
11896,e,11896
11895,e,11896
11895,f,11896
11895,c,11896
11892,f,11896
11893,e,11896
11892,e,11896
11893,c,11896
11897,c,11896
11897,f,11896
11897,e,11896
11894,e,11896
11894,f,11896
11893,f,11896
11897,e,11897
11896,e,11897
11896,f,11897
11896,d,11897
11897,d,11897
11897,f,11897
11898,e,11897
11893,e,11897
11898,f,11897
11893,f,11897
11895,e,11897
11895,f,11897
11895,d,11897
11893,d,11897
11898,d,11897
11894,d,11897
11894,e,11897
11894,f,11897
11895,f,11898
11898,d,11898
11898,f,11898
11897,f,11898
11897,d,11898
11894,d,11898
11894,f,11898
11899,d,11898
11899,f,11898
11896,f,11898
11896,d,11898
11895,d,11898
11898,f,11899
11899,f,11899
11900,f,11899
11896,f,11899
11897,f,11899
11895,f,11899
11897,f,11900
11900,f,11900
11900,b,11900
11899,f,11900
11901,f,11900
11896,b,11900
11899,b,11900
11898,f,11900
11898,b,11900
11897,b,11900
11896,f,11900
11901,b,11900
11897,c,11901
11898,c,11901
11899,c,11901
11902,c,11901
11900,c,11901
11901,c,11901
11903,e,11902
11901,e,11902
11902,e,11902
11900,e,11902
11899,e,11902
11898,e,11902
11902,f,11903
11903,f,11903
11904,f,11903
11901,f,11903
11899,f,11903
11900,f,11903
11902,c,11905
11905,c,11905
11901,c,11905
11904,c,11905
11903,c,11905
11906,c,11905
11903,d,11906
11903,e,11906
11906,d,11906
11902,e,11906
11904,d,11906
11904,e,11906
11907,e,11906
11902,d,11906
11905,d,11906
11905,e,11906
11907,d,11906
11906,e,11906
11908,f,11907
11907,f,11907
11906,f,11907
11903,f,11907
11905,f,11907
11904,f,11907
11905,c,11908
11906,c,11908
11904,c,11908
11907,c,11908
11909,c,11908
11908,c,11908
11910,e,11909
11910,f,11909
11905,e,11909
11909,e,11909
11909,f,11909
11908,e,11909
11908,f,11909
11905,f,11909
11906,f,11909
11907,e,11909
11906,e,11909
11907,f,11909
11910,d,11910
11911,d,11910
11909,f,11910
11909,d,11910
11906,d,11910
11911,f,11910
11908,f,11910
11908,d,11910
11907,d,11910
11907,f,11910
11906,f,11910
11910,f,11910
11911,f,11911
11910,f,11911
11912,f,11911
11909,f,11911
11908,f,11911
11907,f,11911
11910,d,11913
11912,c,11913
11912,d,11913
11913,c,11913
11914,d,11913
11914,c,11913
11909,c,11913
11913,d,11913
11911,d,11913
11909,d,11913
11910,c,11913
11911,c,11913
11914,f,11914
11914,c,11914
11915,c,11914
11913,e,11914
11915,f,11914
11915,e,11914
11913,c,11914
11914,e,11914
11913,f,11914
11910,c,11914
11911,c,11914
11910,e,11914
11910,f,11914
11911,e,11914
11912,c,11914
11911,f,11914
11912,e,11914
11912,f,11914
11915,e,11915
11915,f,11915
11912,c,11915
11916,c,11915
11916,f,11915
11914,e,11915
11914,f,11915
11914,c,11915
11916,e,11915
11915,c,11915
11912,f,11915
11911,f,11915
11912,e,11915
11911,e,11915
11913,c,11915
11913,e,11915
11913,f,11915
11911,c,11915
11916,e,11916
11913,f,11916
11914,e,11916
11917,e,11916
11914,f,11916
11913,e,11916
11916,f,11916
11915,f,11916
11915,e,11916
11917,f,11916
11912,f,11916
11912,e,11916
11916,f,11917
11915,f,11917
11918,f,11917
11914,f,11917
11913,f,11917
11917,f,11917
11915,c,11918
11917,c,11918
11914,c,11918
11916,c,11918
11919,c,11918
11918,c,11918
11919,a,11919
11918,f,11919
11918,e,11919
11919,f,11919
11919,e,11919
11920,e,11919
11918,a,11919
11917,e,11919
11916,a,11919
11920,a,11919
11917,a,11919
11915,a,11919
11916,e,11919
11916,f,11919
11915,f,11919
11915,e,11919
11920,f,11919
11917,f,11919
11920,b,11920
11920,d,11920
11920,f,11920
11919,f,11920
11919,d,11920
11919,b,11920
11921,b,11920
11917,b,11920
11916,f,11920
11917,d,11920
11917,f,11920
11921,f,11920
11916,d,11920
11916,b,11920
11921,d,11920
11918,d,11920
11918,f,11920
11918,b,11920
11921,f,11921
11920,c,11921
11920,b,11921
11922,b,11921
11920,f,11921
11921,c,11921
11922,c,11921
11921,b,11921
11917,c,11921
11922,f,11921
11917,b,11921
11919,f,11921
11919,c,11921
11919,b,11921
11917,f,11921
11918,b,11921
11918,c,11921
11918,f,11921
11918,c,11922
11922,f,11922
11922,e,11922
11921,e,11922
11921,f,11922
11921,c,11922
11922,c,11922
11923,c,11922
11923,f,11922
11923,e,11922
11919,e,11922
11920,e,11922
11920,f,11922
11920,c,11922
11918,f,11922
11919,f,11922
11919,c,11922
11918,e,11922
11923,e,11923
11922,e,11923
11924,e,11923
11923,f,11923
11922,f,11923
11924,f,11923
11921,e,11923
11920,f,11923
11919,f,11923
11921,f,11923
11919,e,11923
11920,e,11923
11925,c,11924
11925,f,11924
11923,f,11924
11923,c,11924
11921,f,11924
11920,c,11924
11920,f,11924
11922,f,11924
11922,c,11924
11921,c,11924
11924,c,11924
11924,f,11924
11925,e,11925
11924,e,11925
11926,e,11925
11921,e,11925
11923,e,11925
11922,e,11925
11927,e,11927
11928,e,11927
11926,e,11927
11924,e,11927
11925,e,11927
11923,e,11927
11929,f,11928
11927,f,11928
11926,f,11928
11928,f,11928
11924,f,11928
11925,f,11928
11928,e,11929
11928,d,11929
11930,d,11929
11926,e,11929
11927,d,11929
11930,e,11929
11929,d,11929
11926,d,11929
11925,e,11929
11925,d,11929
11927,e,11929
11929,e,11929
11930,f,11930
11927,f,11930
11928,f,11930
11926,f,11930
11929,f,11930
11931,f,11930
11934,d,11933
11934,b,11933
11931,d,11933
11933,d,11933
11933,b,11933
11932,d,11933
11932,b,11933
11929,d,11933
11931,b,11933
11930,b,11933
11930,d,11933
11929,b,11933
11930,f,11934
11934,f,11934
11935,c,11934
11933,f,11934
11933,c,11934
11935,f,11934
11932,f,11934
11932,c,11934
11930,c,11934
11931,f,11934
11931,c,11934
11934,c,11934
11936,e,11935
11935,e,11935
11934,e,11935
11933,e,11935
11932,e,11935
11931,e,11935
11934,f,11936
11937,f,11936
11932,f,11936
11935,f,11936
11933,f,11936
11936,f,11936
11937,a,11938
11939,a,11938
11936,a,11938
11938,a,11938
11935,a,11938
11934,a,11938
11939,b,11939
11940,b,11939
11938,d,11939
11938,b,11939
11939,d,11939
11940,d,11939
11936,d,11939
11935,b,11939
11937,b,11939
11935,d,11939
11936,b,11939
11937,d,11939
11937,d,11940
11940,d,11940
11940,c,11940
11941,d,11940
11941,c,11940
11939,f,11940
11939,c,11940
11939,d,11940
11936,d,11940
11941,f,11940
11938,f,11940
11938,c,11940
11938,d,11940
11936,c,11940
11936,f,11940
11937,f,11940
11937,c,11940
11940,f,11940
11942,e,11941
11941,e,11941
11940,e,11941
11942,f,11941
11941,f,11941
11938,f,11941
11939,e,11941
11939,f,11941
11938,e,11941
11937,e,11941
11940,f,11941
11937,f,11941
11939,f,11942
11940,f,11942
11938,f,11942
11941,f,11942
11943,f,11942
11942,f,11942
11943,b,11944
11945,b,11944
11942,b,11944
11944,b,11944
11941,b,11944
11940,b,11944
11945,f,11945
11945,c,11945
11944,f,11945
11946,c,11945
11946,f,11945
11944,c,11945
11943,f,11945
11941,c,11945
11943,c,11945
11942,f,11945
11942,c,11945
11941,f,11945
11946,e,11946
11944,e,11946
11942,e,11946
11945,e,11946
11947,e,11946
11943,e,11946
11947,f,11947
11946,f,11947
11943,f,11947
11945,f,11947
11944,f,11947
11948,f,11947
11945,f,11949
11946,f,11949
11950,f,11949
11947,f,11949
11949,f,11949
11948,f,11949
11950,a,11950
11949,b,11950
11949,a,11950
11948,b,11950
11948,a,11950
11950,b,11950
11947,b,11950
11951,a,11950
11946,b,11950
11947,a,11950
11946,a,11950
11951,b,11950
11952,d,11951
11952,b,11951
11952,c,11951
11950,b,11951
11950,c,11951
11950,f,11951
11951,f,11951
11951,c,11951
11951,d,11951
11951,b,11951
11950,d,11951
11947,f,11951
11947,c,11951
11952,f,11951
11948,b,11951
11948,d,11951
11949,f,11951
11949,c,11951
11949,d,11951
11949,b,11951
11947,b,11951
11947,d,11951
11948,c,11951
11948,f,11951
11951,a,11952
11951,c,11952
11951,f,11952
11952,c,11952
11953,e,11952
11952,f,11952
11953,c,11952
11953,a,11952
11952,e,11952
11952,a,11952
11951,e,11952
11953,f,11952
11949,f,11952
11948,e,11952
11949,c,11952
11949,a,11952
11950,a,11952
11950,c,11952
11950,f,11952
11949,e,11952
11948,f,11952
11948,c,11952
11948,a,11952
11950,e,11952
11953,f,11953
11953,e,11953
11954,e,11953
11954,d,11953
11954,f,11953
11952,e,11953
11952,f,11953
11952,d,11953
11952,b,11953
11954,b,11953
11949,b,11953
11949,d,11953
11950,e,11953
11950,f,11953
11950,d,11953
11950,b,11953
11951,b,11953
11953,b,11953
11951,f,11953
11951,d,11953
11949,e,11953
11949,f,11953
11951,e,11953
11953,d,11953
11955,f,11954
11953,f,11954
11953,c,11954
11955,c,11954
11954,f,11954
11954,c,11954
11950,c,11954
11952,f,11954
11950,f,11954
11952,c,11954
11951,c,11954
11951,f,11954
11956,c,11955
11952,c,11955
11953,c,11955
11952,e,11955
11956,e,11955
11951,e,11955
11951,c,11955
11954,e,11955
11955,e,11955
11955,c,11955
11953,e,11955
11954,c,11955
11957,f,11956
11955,e,11956
11955,f,11956
11952,e,11956
11954,e,11956
11954,f,11956
11956,f,11956
11953,e,11956
11953,f,11956
11952,f,11956
11957,e,11956
11956,e,11956
11957,f,11957
11958,f,11957
11955,f,11957
11954,f,11957
11953,f,11957
11956,f,11957
11961,f,11961
11959,f,11961
11960,f,11961
11962,f,11961
11958,f,11961
11957,f,11961
11962,c,11962
11961,c,11962
11961,a,11962
11963,a,11962
11963,c,11962
11958,a,11962
11958,c,11962
11960,a,11962
11962,a,11962
11959,c,11962
11959,a,11962
11960,c,11962
11963,d,11963
11963,e,11963
11964,e,11963
11962,d,11963
11964,b,11963
11964,d,11963
11962,b,11963
11963,b,11963
11962,e,11963
11960,e,11963
11960,b,11963
11959,e,11963
11961,e,11963
11961,d,11963
11961,b,11963
11960,d,11963
11959,b,11963
11959,d,11963
11963,a,11964
11963,c,11964
11961,c,11964
11961,f,11964
11964,f,11964
11965,a,11964
11965,c,11964
11965,f,11964
11964,c,11964
11964,a,11964
11963,f,11964
11960,c,11964
11962,f,11964
11961,a,11964
11962,c,11964
11962,a,11964
11960,f,11964
11960,a,11964
11965,b,11965
11961,b,11965
11961,d,11965
11961,e,11965
11966,b,11965
11966,d,11965
11964,e,11965
11964,d,11965
11964,b,11965
11965,e,11965
11966,e,11965
11963,e,11965
11963,d,11965
11963,b,11965
11962,b,11965
11962,d,11965
11962,e,11965
11965,d,11965
11966,c,11966
11966,f,11966
11965,f,11966
11965,c,11966
11967,f,11966
11967,c,11966
11962,c,11966
11964,f,11966
11964,c,11966
11963,f,11966
11963,c,11966
11962,f,11966
11964,e,11967
11965,e,11967
11963,e,11967
11966,e,11967
11968,e,11967
11967,e,11967
11964,f,11968
11969,f,11968
11967,f,11968
11968,f,11968
11965,f,11968
11966,f,11968
11967,f,11970
11966,f,11970
11968,f,11970
11969,f,11970
11970,f,11970
11971,f,11970
11973,f,11972
11972,f,11972
11971,f,11972
11970,f,11972
11969,f,11972
11968,f,11972
11977,d,11976
11976,e,11976
11976,d,11976
11975,d,11976
11977,e,11976
11974,e,11976
11975,e,11976
11974,d,11976
11972,d,11976
11973,e,11976
11972,e,11976
11973,d,11976
11973,f,11977
11978,f,11977
11978,a,11977
11977,f,11977
11976,f,11977
11976,a,11977
11977,a,11977
11974,f,11977
11975,f,11977
11975,a,11977
11974,a,11977
11973,a,11977
11978,b,11978
11978,d,11978
11979,d,11978
11977,b,11978
11974,b,11978
11974,d,11978
11977,d,11978
11979,b,11978
11976,d,11978
11976,b,11978
11975,b,11978
11975,d,11978
11979,f,11979
11978,c,11979
11978,f,11979
11975,f,11979
11975,c,11979
11977,f,11979
11977,c,11979
11980,f,11979
11980,c,11979
11976,f,11979
11976,c,11979
11979,c,11979
11979,e,11980
11981,e,11980
11977,e,11980
11978,e,11980
11976,e,11980
11980,e,11980
11982,f,11981
11981,f,11981
11977,f,11981
11979,f,11981
11978,f,11981
11980,f,11981
11989,a,11988
11987,a,11988
11986,a,11988
11988,a,11988
11984,a,11988
11985,a,11988
11985,c,11989
11990,d,11989
11990,b,11989
11989,f,11989
11989,c,11989
11989,d,11989
11989,b,11989
11988,f,11989
11985,d,11989
11988,d,11989
11988,b,11989
11990,c,11989
11988,c,11989
11990,f,11989
11986,c,11989
11986,d,11989
11986,b,11989
11986,f,11989
11987,b,11989
11987,f,11989
11987,c,11989
11985,b,11989
11985,f,11989
11987,d,11989
11990,f,11990
11989,e,11990
11989,f,11990
11989,c,11990
11990,c,11990
11990,e,11990
11987,c,11990
11991,f,11990
11991,e,11990
11988,e,11990
11988,f,11990
11988,c,11990
11986,f,11990
11986,e,11990
11987,e,11990
11987,f,11990
11991,c,11990
11986,c,11990
11990,e,11991
11990,f,11991
11991,f,11991
11991,e,11991
11988,e,11991
11992,f,11991
11989,e,11991
11989,f,11991
11987,f,11991
11987,e,11991
11992,e,11991
11988,f,11991
11989,f,11992
11990,f,11992
11991,f,11992
11993,f,11992
11992,f,11992
11988,f,11992
11994,d,11993
11992,c,11993
11993,d,11993
11993,c,11993
11992,d,11993
11994,c,11993
11989,d,11993
11991,c,11993
11991,d,11993
11989,c,11993
11990,d,11993
11990,c,11993
11991,f,11994
11994,e,11994
11995,b,11994
11995,f,11994
11993,e,11994
11993,f,11994
11993,b,11994
11994,f,11994
11995,e,11994
11992,e,11994
11992,f,11994
11992,b,11994
11990,b,11994
11990,f,11994
11990,e,11994
11991,b,11994
11991,e,11994
11994,b,11994
11996,c,11995
11996,f,11995
11994,f,11995
11994,c,11995
11995,c,11995
11995,f,11995
11991,c,11995
11993,f,11995
11993,c,11995
11992,f,11995
11991,f,11995
11992,c,11995
11993,e,11996
11994,e,11996
11997,e,11996
11996,e,11996
11992,e,11996
11995,e,11996
11993,f,11997
11997,f,11997
11997,b,11997
11996,f,11997
11996,b,11997
11998,b,11997
11994,f,11997
11994,b,11997
11998,f,11997
11995,f,11997
11993,b,11997
11995,b,11997
11997,c,11998
11997,f,11998
11998,f,11998
11998,c,11998
11998,b,11998
11999,b,11998
11999,c,11998
11999,f,11998
11997,b,11998
11994,b,11998
11995,b,11998
11996,f,11998
11995,c,11998
11996,c,11998
11996,b,11998
11994,c,11998
11995,f,11998
11994,f,11998
11999,f,11999
12000,f,11999
11998,a,11999
11998,d,11999
11998,c,11999
11998,f,11999
12000,a,11999
12000,d,11999
11999,c,11999
11999,e,11999
12000,e,11999
11998,e,11999
11999,a,11999
12000,c,11999
11999,d,11999
11996,c,11999
11995,f,11999
11996,d,11999
11996,a,11999
11995,e,11999
11996,f,11999
11995,c,11999
11997,a,11999
11997,d,11999
11996,e,11999
11997,f,11999
11997,e,11999
11995,d,11999
11995,a,11999
11997,c,11999
12000,e,12000
12001,b,12000
11999,e,12000
11999,f,12000
11999,d,12000
11999,b,12000
12000,d,12000
12000,b,12000
11996,b,12000
12000,f,12000
11996,d,12000
11996,f,12000
12001,d,12000
12001,f,12000
12001,e,12000
11997,e,12000
11998,e,12000
11998,f,12000
11997,f,12000
11997,d,12000
11998,d,12000
11998,b,12000
11996,e,12000
11997,b,12000
12000,c,12001
12000,f,12001
12001,c,12001
12002,c,12001
12001,f,12001
12002,f,12001
11999,f,12001
11999,c,12001
11997,c,12001
11998,f,12001
11998,c,12001
11997,f,12001
11999,d,12002
12002,e,12002
12002,d,12002
11999,e,12002
12001,e,12002
12001,d,12002
11998,d,12002
11998,e,12002
12000,e,12002
12000,d,12002
12003,e,12002
12003,d,12002
12005,a,12005
12004,a,12005
12003,a,12005
12006,a,12005
12001,a,12005
12002,a,12005
12002,b,12006
12006,b,12006
12006,d,12006
12005,d,12006
12005,b,12006
12005,a,12006
12007,a,12006
12007,b,12006
12007,d,12006
12002,d,12006
12003,d,12006
12002,a,12006
12004,b,12006
12003,a,12006
12004,a,12006
12004,d,12006
12006,a,12006
12003,b,12006
12007,f,12007
12006,b,12007
12006,d,12007
12006,f,12007
12008,f,12007
12008,d,12007
12008,b,12007
12007,b,12007
12007,c,12007
12008,c,12007
12007,d,12007
12006,c,12007
12003,f,12007
12004,d,12007
12004,b,12007
12004,f,12007
12005,b,12007
12003,c,12007
12004,c,12007
12005,c,12007
12005,f,12007
12003,d,12007
12003,b,12007
12005,d,12007
12009,c,12008
12009,f,12008
12009,e,12008
12007,e,12008
12007,f,12008
12007,c,12008
12008,c,12008
12008,e,12008
12004,c,12008
12004,f,12008
12004,e,12008
12006,e,12008
12006,f,12008
12006,c,12008
12005,c,12008
12005,f,12008
12005,e,12008
12008,f,12008
12009,f,12009
12009,e,12009
12010,f,12009
12010,e,12009
12008,e,12009
12005,e,12009
12005,f,12009
12008,f,12009
12006,e,12009
12007,f,12009
12006,f,12009
12007,e,12009
12006,f,12010
12007,f,12010
12009,f,12010
12010,f,12010
12011,f,12010
12008,f,12010
12009,d,12013
12012,d,12013
12010,d,12013
12014,d,12013
12011,d,12013
12013,d,12013
12014,f,12014
12013,f,12014
12011,f,12014
12012,f,12014
12010,f,12014
12015,f,12014
12011,e,12015
12013,e,12015
12014,e,12015
12016,e,12015
12012,e,12015
12015,e,12015
12017,f,12016
12016,f,12016
12015,f,12016
12012,f,12016
12014,f,12016
12013,f,12016
12015,a,12018
12018,a,12018
12016,a,12018
12014,a,12018
12017,a,12018
12019,a,12018
12018,a,12019
12018,b,12019
12019,d,12019
12019,b,12019
12020,a,12019
12020,b,12019
12020,d,12019
12019,a,12019
12017,d,12019
12018,d,12019
12017,a,12019
12015,a,12019
12015,b,12019
12015,d,12019
12016,a,12019
12016,d,12019
12017,b,12019
12016,b,12019
12016,d,12020
12016,b,12020
12019,b,12020
12019,f,12020
12019,c,12020
12021,b,12020
12020,f,12020
12020,c,12020
12019,d,12020
12021,c,12020
12021,d,12020
12020,d,12020
12017,b,12020
12018,f,12020
12018,c,12020
12018,d,12020
12018,b,12020
12020,b,12020
12016,c,12020
12016,f,12020
12017,d,12020
12021,f,12020
12017,c,12020
12017,f,12020
12022,f,12021
12021,c,12021
12020,f,12021
12022,c,12021
12020,e,12021
12022,e,12021
12021,f,12021
12020,c,12021
12021,e,12021
12019,e,12021
12019,f,12021
12017,c,12021
12017,f,12021
12017,e,12021
12018,c,12021
12018,f,12021
12019,c,12021
12018,e,12021
12021,e,12022
12022,e,12022
12022,f,12022
12023,e,12022
12021,f,12022
12023,f,12022
12018,e,12022
12019,e,12022
12019,f,12022
12020,f,12022
12020,e,12022
12018,f,12022
12023,a,12023
12023,f,12023
12022,f,12023
12022,a,12023
12020,a,12023
12019,a,12023
12024,f,12023
12021,f,12023
12021,a,12023
12019,f,12023
12020,f,12023
12024,a,12023
12024,b,12024
12025,e,12024
12025,d,12024
12023,d,12024
12023,b,12024
12025,b,12024
12024,e,12024
12023,e,12024
12024,d,12024
12020,d,12024
12022,e,12024
12022,d,12024
12022,b,12024
12020,e,12024
12021,b,12024
12021,d,12024
12020,b,12024
12021,e,12024
12025,c,12025
12025,f,12025
12024,f,12025
12024,c,12025
12022,f,12025
12026,f,12025
12023,f,12025
12023,c,12025
12021,f,12025
12022,c,12025
12026,c,12025
12021,c,12025
12027,e,12026
12025,e,12026
12022,e,12026
12026,e,12026
12023,e,12026
12024,e,12026
12027,f,12027
12026,f,12027
12026,b,12027
12023,b,12027
12023,f,12027
12028,b,12027
12027,b,12027
12025,f,12027
12025,b,12027
12024,b,12027
12024,f,12027
12028,f,12027
12028,b,12028
12024,f,12028
12028,f,12028
12027,f,12028
12027,c,12028
12027,b,12028
12029,f,12028
12028,c,12028
12024,c,12028
12029,b,12028
12024,b,12028
12025,f,12028
12025,c,12028
12026,f,12028
12026,c,12028
12026,b,12028
12029,c,12028
12025,b,12028
12028,c,12029
12029,e,12029
12028,e,12029
12025,c,12029
12029,f,12029
12029,c,12029
12028,f,12029
12025,f,12029
12026,e,12029
12030,f,12029
12030,e,12029
12027,e,12029
12027,f,12029
12027,c,12029
12025,e,12029
12026,c,12029
12026,f,12029
12030,c,12029
12030,f,12030
12030,e,12030
12029,e,12030
12029,f,12030
12031,f,12030
12031,e,12030
12028,f,12030
12026,e,12030
12027,f,12030
12027,e,12030
12028,e,12030
12026,f,12030
12030,a,12031
12027,a,12031
12027,c,12031
12027,f,12031
12032,a,12031
12032,c,12031
12032,f,12031
12030,f,12031
12031,f,12031
12029,f,12031
12029,c,12031
12029,a,12031
12031,c,12031
12028,a,12031
12028,c,12031
12028,f,12031
12031,a,12031
12030,c,12031
12031,b,12032
12031,e,12032
12032,b,12032
12032,d,12032
12032,e,12032
12033,e,12032
12031,d,12032
12028,e,12032
12028,d,12032
12033,d,12032
12028,b,12032
12030,e,12032
12030,d,12032
12030,b,12032
12033,b,12032
12029,b,12032
12029,d,12032
12029,e,12032
12033,d,12033
12033,c,12033
12033,e,12033
12034,d,12033
12032,e,12033
12032,c,12033
12032,d,12033
12029,d,12033
12029,c,12033
12034,c,12033
12034,e,12033
12031,e,12033
12031,c,12033
12031,d,12033
12029,e,12033
12030,d,12033
12030,c,12033
12030,e,12033
12035,e,12034
12034,f,12034
12033,e,12034
12033,f,12034
12034,e,12034
12035,f,12034
12031,e,12034
12032,f,12034
12030,e,12034
12031,f,12034
12032,e,12034
12030,f,12034
12033,b,12035
12035,b,12035
12035,f,12035
12034,f,12035
12034,b,12035
12032,f,12035
12032,b,12035
12031,f,12035
12031,b,12035
12036,b,12035
12036,f,12035
12033,f,12035
12036,b,12036
12037,f,12036
12036,c,12036
12036,f,12036
12035,f,12036
12035,c,12036
12035,b,12036
12032,f,12036
12037,b,12036
12032,c,12036
12037,c,12036
12033,b,12036
12034,f,12036
12034,c,12036
12034,b,12036
12033,c,12036
12033,f,12036
12032,b,12036
12036,e,12037
12036,f,12037
12036,c,12037
12033,c,12037
12033,f,12037
12037,f,12037
12037,c,12037
12033,e,12037
12037,e,12037
12038,e,12037
12035,e,12037
12035,f,12037
12035,c,12037
12034,c,12037
12034,f,12037
12034,e,12037
12038,c,12037
12038,f,12037
12039,e,12038
12039,f,12038
12037,e,12038
12038,f,12038
12037,f,12038
12038,e,12038
12036,e,12038
12034,e,12038
12036,f,12038
12035,f,12038
12035,e,12038
12034,f,12038
12039,d,12039
12039,c,12039
12039,f,12039
12038,f,12039
12038,c,12039
12038,d,12039
12040,d,12039
12036,f,12039
12040,c,12039
12040,f,12039
12037,f,12039
12037,c,12039
12037,d,12039
12035,f,12039
12036,d,12039
12036,c,12039
12035,c,12039
12035,d,12039
12040,e,12040
12039,e,12040
12041,e,12040
12036,e,12040
12038,e,12040
12037,e,12040
12041,e,12041
12042,c,12041
12040,e,12041
12040,c,12041
12037,c,12041
12037,e,12041
12041,c,12041
12042,e,12041
12039,e,12041
12039,c,12041
12038,c,12041
12038,e,12041
12042,f,12042
12042,e,12042
12041,e,12042
12043,f,12042
12043,e,12042
12041,f,12042
12040,e,12042
12040,f,12042
12039,e,12042
12039,f,12042
12038,f,12042
12038,e,12042
12040,f,12043
12044,f,12043
12041,f,12043
12039,f,12043
12042,f,12043
12043,f,12043
12044,c,12044
12043,c,12044
12042,c,12044
12041,c,12044
12040,c,12044
12045,c,12044
12046,e,12045
12042,e,12045
12045,e,12045
12041,e,12045
12043,e,12045
12044,e,12045
12046,a,12046
12045,a,12046
12045,f,12046
12046,f,12046
12047,f,12046
12043,f,12046
12044,a,12046
12047,a,12046
12043,a,12046
12042,f,12046
12042,a,12046
12044,f,12046
12048,b,12047
12046,e,12047
12046,d,12047
12046,b,12047
12047,e,12047
12047,d,12047
12048,d,12047
12048,e,12047
12044,d,12047
12044,e,12047
12043,b,12047
12043,d,12047
12043,e,12047
12044,b,12047
12047,b,12047
12045,b,12047
12045,d,12047
12045,e,12047
12049,f,12048
12049,e,12048
12048,f,12048
12047,e,12048
12047,f,12048
12047,c,12048
12048,e,12048
12049,c,12048
12048,c,12048
12046,f,12048
12045,f,12048
12044,c,12048
12046,e,12048
12044,f,12048
12044,e,12048
12046,c,12048
12045,e,12048
12045,c,12048
12050,f,12049
12050,e,12049
12048,e,12049
12048,f,12049
12046,e,12049
12045,f,12049
12045,e,12049
12047,e,12049
12047,f,12049
12046,f,12049
12049,f,12049
12049,e,12049
12050,f,12050
12046,f,12050
12051,f,12050
12049,f,12050
12048,f,12050
12047,f,12050
12049,a,12052
12051,d,12052
12051,a,12052
12052,d,12052
12053,a,12052
12053,d,12052
12048,d,12052
12052,a,12052
12050,a,12052
12048,a,12052
12049,d,12052
12050,d,12052
12053,f,12053
12053,b,12053
12054,b,12053
12054,d,12053
12054,f,12053
12052,f,12053
12052,d,12053
12052,b,12053
12053,d,12053
12051,d,12053
12051,f,12053
12051,b,12053
12049,b,12053
12049,d,12053
12049,f,12053
12050,f,12053
12050,d,12053
12050,b,12053
12051,f,12054
12055,f,12054
12055,c,12054
12054,c,12054
12053,f,12054
12053,c,12054
12054,f,12054
12050,f,12054
12050,c,12054
12051,c,12054
12052,f,12054
12052,c,12054
12051,e,12055
12055,e,12055
12054,e,12055
12056,e,12055
12052,e,12055
12053,e,12055
12054,f,12056
12052,f,12056
12055,f,12056
12053,f,12056
12056,f,12056
12057,f,12056
12061,f,12060
12059,e,12060
12059,f,12060
12061,e,12060
12058,e,12060
12057,f,12060
12057,e,12060
12060,f,12060
12056,e,12060
12056,f,12060
12058,f,12060
12060,e,12060
12062,f,12061
12061,f,12061
12059,f,12061
12058,f,12061
12057,f,12061
12060,f,12061
12060,a,12064
12064,a,12064
12064,b,12064
12063,d,12064
12063,b,12064
12063,a,12064
12064,d,12064
12062,b,12064
12062,a,12064
12062,d,12064
12060,b,12064
12060,d,12064
12061,a,12064
12061,b,12064
12061,d,12064
12065,b,12064
12065,a,12064
12065,d,12064
12065,c,12065
12064,b,12065
12064,c,12065
12064,f,12065
12066,d,12065
12066,b,12065
12065,f,12065
12066,c,12065
12065,d,12065
12064,d,12065
12066,f,12065
12063,b,12065
12062,c,12065
12061,b,12065
12061,d,12065
12061,c,12065
12061,f,12065
12062,b,12065
12062,d,12065
12062,f,12065
12065,b,12065
12063,d,12065
12063,c,12065
12063,f,12065
12067,e,12066
12067,c,12066
12066,f,12066
12067,d,12066
12065,e,12066
12065,f,12066
12065,d,12066
12066,e,12066
12066,d,12066
12067,f,12066
12066,c,12066
12065,c,12066
12062,e,12066
12063,c,12066
12064,d,12066
12064,c,12066
12063,d,12066
12063,f,12066
12062,f,12066
12063,e,12066
12064,f,12066
12064,e,12066
12062,d,12066
12062,c,12066
12066,e,12067
12068,f,12067
12067,f,12067
12067,e,12067
12066,f,12067
12068,e,12067
12063,e,12067
12064,e,12067
12064,f,12067
12063,f,12067
12065,e,12067
12065,f,12067
12064,b,12068
12069,f,12068
12069,b,12068
12065,b,12068
12066,b,12068
12065,f,12068
12064,f,12068
12068,b,12068
12066,f,12068
12067,b,12068
12067,f,12068
12068,f,12068
12069,c,12069
12068,f,12069
12070,f,12069
12068,c,12069
12070,c,12069
12069,f,12069
12065,f,12069
12067,f,12069
12067,c,12069
12065,c,12069
12066,c,12069
12066,f,12069
12071,e,12070
12070,e,12070
12069,e,12070
12067,e,12070
12068,e,12070
12066,e,12070
12072,b,12071
12069,b,12071
12067,b,12071
12071,b,12071
12068,b,12071
12070,b,12071
12072,f,12072
12071,f,12072
12071,c,12072
12073,c,12072
12073,f,12072
12070,f,12072
12070,c,12072
12068,c,12072
12072,c,12072
12069,f,12072
12069,c,12072
12068,f,12072
12072,e,12073
12073,e,12073
12074,c,12073
12072,c,12073
12073,c,12073
12074,e,12073
12071,c,12073
12071,e,12073
12069,c,12073
12070,e,12073
12070,c,12073
12069,e,12073
12071,e,12074
12075,e,12074
12075,f,12074
12074,e,12074
12074,f,12074
12073,f,12074
12073,e,12074
12072,e,12074
12072,f,12074
12070,e,12074
12071,f,12074
12070,f,12074
12071,f,12075
12073,f,12075
12072,f,12075
12074,f,12075
12075,f,12075
12076,f,12075
12076,a,12078
12078,a,12078
12079,a,12078
12077,a,12078
12075,a,12078
12074,a,12078
12075,b,12079
12079,d,12079
12079,b,12079
12075,d,12079
12080,d,12079
12078,b,12079
12078,d,12079
12080,b,12079
12077,d,12079
12077,b,12079
12076,b,12079
12076,d,12079
12080,c,12080
12080,f,12080
12079,f,12080
12079,c,12080
12077,f,12080
12081,c,12080
12081,f,12080
12078,f,12080
12078,c,12080
12076,f,12080
12077,c,12080
12076,c,12080
12080,e,12081
12081,e,12081
12082,e,12081
12079,e,12081
12077,e,12081
12078,e,12081
12083,b,12082
12082,f,12082
12081,f,12082
12081,b,12082
12078,b,12082
12078,f,12082
12083,f,12082
12079,b,12082
12080,f,12082
12080,b,12082
12082,b,12082
12079,f,12082
12084,d,12083
12083,c,12083
12084,f,12083
12082,c,12083
12082,d,12083
12084,c,12083
12083,d,12083
12083,f,12083
12082,f,12083
12079,f,12083
12081,f,12083
12081,c,12083
12081,d,12083
12079,d,12083
12079,c,12083
12080,f,12083
12080,c,12083
12080,d,12083
12085,f,12084
12084,e,12084
12084,f,12084
12083,e,12084
12083,f,12084
12081,e,12084
12080,f,12084
12082,e,12084
12082,f,12084
12080,e,12084
12081,f,12084
12085,e,12084
12083,f,12085
12086,f,12085
12082,f,12085
12081,f,12085
12084,f,12085
12085,f,12085
12086,f,12086
12085,f,12086
12087,f,12086
12083,f,12086
12082,f,12086
12084,f,12086
12088,c,12089
12088,b,12089
12087,a,12089
12088,a,12089
12090,a,12089
12090,b,12089
12090,c,12089
12087,c,12089
12087,b,12089
12089,c,12089
12085,c,12089
12089,a,12089
12089,b,12089
12085,a,12089
12085,b,12089
12086,c,12089
12086,b,12089
12086,a,12089
12089,b,12090
12089,d,12090
12089,c,12090
12089,f,12090
12091,d,12090
12091,e,12090
12090,b,12090
12090,d,12090
12090,c,12090
12090,f,12090
12091,f,12090
12091,c,12090
12090,e,12090
12089,e,12090
12091,b,12090
12086,d,12090
12087,c,12090
12087,f,12090
12087,e,12090
12086,e,12090
12086,f,12090
12086,c,12090
12087,d,12090
12086,b,12090
12087,b,12090
12088,b,12090
12088,d,12090
12088,c,12090
12088,f,12090
12088,e,12090
12088,e,12091
12090,e,12091
12090,f,12091
12092,f,12091
12091,f,12091
12091,e,12091
12092,c,12091
12091,c,12091
12090,c,12091
12092,e,12091
12087,f,12091
12088,f,12091
12088,c,12091
12087,e,12091
12087,c,12091
12089,f,12091
12089,e,12091
12089,c,12091
12089,e,12092
12088,e,12092
12092,f,12092
12092,e,12092
12093,f,12092
12091,e,12092
12093,e,12092
12091,f,12092
12090,f,12092
12090,e,12092
12089,f,12092
12088,f,12092
12094,f,12093
12092,f,12093
12092,d,12093
12093,f,12093
12093,d,12093
12094,d,12093
12091,d,12093
12089,f,12093
12091,f,12093
12090,f,12093
12090,d,12093
12089,d,12093
12091,f,12094
12092,f,12094
12095,f,12094
12090,f,12094
12093,f,12094
12094,f,12094
12095,e,12095
12095,c,12095
12094,e,12095
12094,c,12095
12091,e,12095
12091,c,12095
12096,c,12095
12093,e,12095
12093,c,12095
12096,e,12095
12092,c,12095
12092,e,12095
12096,e,12096
12095,e,12096
12092,e,12096
12097,e,12096
12094,e,12096
12093,e,12096
12098,c,12097
12097,c,12097
12097,f,12097
12096,c,12097
12096,f,12097
12098,f,12097
12093,f,12097
12093,c,12097
12095,f,12097
12095,c,12097
12094,c,12097
12094,f,12097
12098,e,12098
12097,e,12098
12097,a,12098
12094,a,12098
12099,a,12098
12098,a,12098
12099,e,12098
12096,e,12098
12096,a,12098
12094,e,12098
12095,a,12098
12095,e,12098
12099,d,12099
12099,f,12099
12098,f,12099
12098,d,12099
12098,b,12099
12100,f,12099
12099,b,12099
12095,d,12099
12100,b,12099
12095,b,12099
12097,f,12099
12097,d,12099
12097,b,12099
12096,b,12099
12096,d,12099
12095,f,12099
12096,f,12099
12100,d,12099
12099,f,12100
12099,c,12100
12096,c,12100
12101,c,12100
12100,f,12100
12101,f,12100
12098,f,12100
12098,c,12100
12097,c,12100
12097,f,12100
12096,f,12100
12100,c,12100
12100,e,12101
12101,e,12101
12102,e,12101
12099,e,12101
12097,e,12101
12098,e,12101
12102,f,12102
12102,e,12102
12101,e,12102
12101,f,12102
12101,b,12102
12098,b,12102
12098,f,12102
12102,b,12102
12103,f,12102
12103,b,12102
12100,e,12102
12100,f,12102
12100,b,12102
12098,e,12102
12099,b,12102
12099,f,12102
12099,e,12102
12103,e,12102
12103,c,12103
12103,f,12103
12099,f,12103
12102,f,12103
12102,c,12103
12099,c,12103
12104,f,12103
12100,c,12103
12100,f,12103
12101,f,12103
12104,c,12103
12101,c,12103
12100,c,12104
12103,c,12104
12100,e,12104
12105,c,12104
12105,e,12104
12104,e,12104
12102,e,12104
12102,c,12104
12101,c,12104
12101,e,12104
12104,c,12104
12103,e,12104
12104,d,12105
12104,f,12105
12106,d,12105
12106,e,12105
12105,f,12105
12106,f,12105
12104,e,12105
12105,e,12105
12105,d,12105
12101,e,12105
12103,e,12105
12103,f,12105
12103,d,12105
12101,d,12105
12101,f,12105
12102,d,12105
12102,e,12105
12102,f,12105
12106,f,12106
12105,f,12106
12103,f,12106
12104,f,12106
12102,f,12106
12107,f,12106
12107,b,12107
12105,b,12107
12103,b,12107
12108,b,12107
12104,b,12107
12106,b,12107
12109,c,12108
12108,f,12108
12109,f,12108
12107,f,12108
12107,c,12108
12108,c,12108
12106,f,12108
12106,c,12108
12104,c,12108
12104,f,12108
12105,c,12108
12105,f,12108
12108,e,12109
12109,e,12109
12105,e,12109
12110,e,12109
12107,e,12109
12106,e,12109
12107,f,12110
12107,d,12110
12110,d,12110
12108,d,12110
12108,f,12110
12111,d,12110
12110,f,12110
12109,d,12110
12109,f,12110
12106,d,12110
12111,f,12110
12106,f,12110
12110,f,12111
12111,f,12111
12109,f,12111
12108,f,12111
12107,f,12111
12112,f,12111
12108,d,12112
12112,d,12112
12113,b,12112
12111,d,12112
12111,b,12112
12112,b,12112
12109,b,12112
12109,d,12112
12113,d,12112
12110,d,12112
12110,b,12112
12108,b,12112
12114,f,12113
12113,c,12113
12112,f,12113
12112,c,12113
12114,c,12113
12113,f,12113
12110,f,12113
12111,f,12113
12111,c,12113
12110,c,12113
12109,f,12113
12109,c,12113
12111,e,12114
12112,e,12114
12110,e,12114
12113,e,12114
12115,e,12114
12114,e,12114
12111,c,12115
12115,f,12115
12114,f,12115
12114,c,12115
12111,f,12115
12113,c,12115
12113,f,12115
12116,c,12115
12112,f,12115
12112,c,12115
12116,f,12115
12115,c,12115
12117,e,12116
12115,e,12116
12116,e,12116
12114,e,12116
12113,e,12116
12112,e,12116
12117,f,12117
12118,f,12117
12115,f,12117
12114,f,12117
12116,f,12117
12113,f,12117
12116,b,12120
12120,b,12120
12118,b,12120
12119,b,12120
12121,b,12120
12117,b,12120
12121,f,12121
12122,c,12121
12120,f,12121
12120,c,12121
12121,c,12121
12117,f,12121
12117,c,12121
12119,f,12121
12119,c,12121
12118,f,12121
12118,c,12121
12122,f,12121
12123,e,12122
12121,e,12122
12122,e,12122
12118,e,12122
12120,e,12122
12119,e,12122
12124,f,12123
12120,f,12123
12121,f,12123
12123,f,12123
12119,f,12123
12122,f,12123
12124,e,12124
12123,e,12124
12123,a,12124
12124,a,12124
12125,a,12124
12125,e,12124
12120,a,12124
12122,e,12124
12122,a,12124
12121,e,12124
12121,a,12124
12120,e,12124
12125,d,12125
12125,b,12125
12124,f,12125
12126,b,12125
12126,d,12125
12126,f,12125
12124,d,12125
12124,b,12125
12125,f,12125
12121,d,12125
12121,f,12125
12123,f,12125
12123,d,12125
12123,b,12125
12122,b,12125
12122,d,12125
12122,f,12125
12121,b,12125
12125,c,12126
12126,f,12126
12126,e,12126
12125,e,12126
12125,f,12126
12123,e,12126
12122,c,12126
12122,f,12126
12127,f,12126
12127,e,12126
12124,e,12126
12124,f,12126
12124,c,12126
12122,e,12126
12123,c,12126
12123,f,12126
12127,c,12126
12126,c,12126
12126,e,12127
12126,f,12127
12127,f,12127
12123,f,12127
12128,e,12127
12125,e,12127
12125,f,12127
12124,e,12127
12124,f,12127
12123,e,12127
12127,e,12127
12128,f,12127
12129,f,12128
12128,f,12128
12126,f,12128
12125,f,12128
12124,f,12128
12127,f,12128
12133,b,12132
12131,b,12132
12130,b,12132
12132,b,12132
12128,b,12132
12129,b,12132
12129,c,12133
12133,f,12133
12133,c,12133
12129,f,12133
12132,f,12133
12132,c,12133
12134,f,12133
12134,c,12133
12131,f,12133
12131,c,12133
12130,c,12133
12130,f,12133
12135,b,12134
12134,b,12134
12134,e,12134
12133,e,12134
12133,b,12134
12130,b,12134
12131,e,12134
12132,b,12134
12132,e,12134
12130,e,12134
12131,b,12134
12135,e,12134
12134,f,12135
12135,d,12135
12135,c,12135
12134,c,12135
12134,d,12135
12136,f,12135
12136,d,12135
12136,c,12135
12135,f,12135
12131,f,12135
12133,f,12135
12133,c,12135
12133,d,12135
12131,d,12135
12131,c,12135
12132,f,12135
12132,c,12135
12132,d,12135
12136,e,12136
12136,f,12136
12135,e,12136
12135,f,12136
12137,e,12136
12133,e,12136
12134,e,12136
12134,f,12136
12132,e,12136
12133,f,12136
12132,f,12136
12137,f,12136
12134,f,12137
12135,f,12137
12138,f,12137
12133,f,12137
12137,f,12137
12136,f,12137
12139,a,12138
12138,a,12138
12137,a,12138
12136,a,12138
12135,a,12138
12134,a,12138
12139,b,12139
12139,d,12139
12140,b,12139
12138,d,12139
12138,b,12139
12135,b,12139
12140,d,12139
12137,d,12139
12137,b,12139
12135,d,12139
12136,b,12139
12136,d,12139
12140,f,12140
12141,c,12140
12139,f,12140
12139,c,12140
12141,f,12140
12140,c,12140
12136,c,12140
12138,f,12140
12136,f,12140
12137,c,12140
12138,c,12140
12137,f,12140
12138,e,12141
12141,e,12141
12140,e,12141
12139,e,12141
12137,e,12141
12142,e,12141
12138,f,12142
12140,f,12142
12143,f,12142
12142,f,12142
12139,f,12142
12141,f,12142
12143,e,12143
12144,e,12143
12142,e,12143
12141,e,12143
12140,e,12143
12139,e,12143
12141,f,12144
12140,f,12144
12142,f,12144
12143,f,12144
12144,f,12144
12145,f,12144
12146,f,12145
12144,f,12145
12145,f,12145
12143,f,12145
12142,f,12145
12141,f,12145
12148,e,12147
12147,a,12147
12146,e,12147
12146,a,12147
12145,e,12147
12147,e,12147
12148,a,12147
12143,a,12147
12145,a,12147
12143,e,12147
12144,e,12147
12144,a,12147
12148,d,12148
12148,f,12148
12147,f,12148
12147,d,12148
12147,b,12148
12149,b,12148
12148,b,12148
12144,f,12148
12146,f,12148
12146,d,12148
12146,b,12148
12144,b,12148
12144,d,12148
12145,f,12148
12145,d,12148
12145,b,12148
12149,f,12148
12149,d,12148
12149,c,12149
12149,f,12149
12148,f,12149
12148,c,12149
12150,c,12149
12147,c,12149
12150,f,12149
12147,f,12149
12145,c,12149
12145,f,12149
12146,c,12149
12146,f,12149
12149,e,12150
12146,e,12150
12147,e,12150
12150,e,12150
12148,e,12150
12151,e,12150
12150,c,12151
12150,f,12151
12151,f,12151
12151,c,12151
12152,c,12151
12149,f,12151
12149,c,12151
12148,f,12151
12148,c,12151
12147,c,12151
12147,f,12151
12152,f,12151
12149,e,12152
12152,a,12152
12152,e,12152
12151,e,12152
12151,a,12152
12153,a,12152
12153,e,12152
12150,e,12152
12150,a,12152
12148,a,12152
12149,a,12152
12148,e,12152
12153,b,12153
12152,f,12153
12153,d,12153
12153,f,12153
12152,d,12153
12152,b,12153
12154,d,12153
12154,f,12153
12154,b,12153
12150,f,12153
12149,d,12153
12151,f,12153
12151,d,12153
12151,b,12153
12149,f,12153
12149,b,12153
12150,d,12153
12150,b,12153
12154,f,12154
12155,c,12154
12155,f,12154
12153,f,12154
12153,c,12154
12151,f,12154
12152,f,12154
12152,c,12154
12150,f,12154
12151,c,12154
12150,c,12154
12154,c,12154
12151,e,12155
12156,e,12155
12155,e,12155
12154,e,12155
12152,e,12155
12153,e,12155
12153,f,12156
12154,f,12156
12156,f,12156
12157,f,12156
12155,f,12156
12152,f,12156
12154,b,12157
12156,b,12157
12153,b,12157
12158,b,12157
12155,b,12157
12157,b,12157
12156,e,12158
12157,b,12158
12157,f,12158
12158,c,12158
12158,b,12158
12159,e,12158
12158,f,12158
12158,e,12158
12159,b,12158
12159,c,12158
12159,f,12158
12157,e,12158
12156,f,12158
12157,c,12158
12156,b,12158
12155,c,12158
12155,b,12158
12154,e,12158
12156,c,12158
12154,f,12158
12154,c,12158
12155,f,12158
12154,b,12158
12155,e,12158
12160,e,12159
12160,f,12159
12160,c,12159
12158,a,12159
12158,b,12159
12158,d,12159
12158,c,12159
12159,c,12159
12158,e,12159
12160,b,12159
12160,a,12159
12159,e,12159
12159,a,12159
12159,b,12159
12159,d,12159
12159,f,12159
12160,d,12159
12158,f,12159
12155,f,12159
12155,e,12159
12155,c,12159
12155,d,12159
12155,b,12159
12155,a,12159
12157,a,12159
12157,b,12159
12157,d,12159
12156,e,12159
12157,f,12159
12157,e,12159
12156,f,12159
12156,c,12159
12156,d,12159
12156,a,12159
12156,b,12159
12157,c,12159
12160,b,12160
12156,b,12160
12159,b,12160
12159,d,12160
12159,c,12160
12161,c,12160
12159,e,12160
12161,d,12160
12161,b,12160
12160,e,12160
12160,f,12160
12156,d,12160
12159,f,12160
12156,c,12160
12157,e,12160
12156,e,12160
12157,c,12160
12157,d,12160
12157,b,12160
12158,b,12160
12158,d,12160
12158,c,12160
12156,f,12160
12158,f,12160
12160,c,12160
12161,e,12160
12161,f,12160
12157,f,12160
12160,d,12160
12158,e,12160
12160,e,12161
12161,e,12161
12161,f,12161
12161,c,12161
12162,c,12161
12162,f,12161
12162,e,12161
12160,c,12161
12160,f,12161
12157,c,12161
12157,f,12161
12157,e,12161
12158,c,12161
12158,f,12161
12159,e,12161
12159,f,12161
12159,c,12161
12158,e,12161
12161,f,12162
12162,e,12162
12162,f,12162
12161,e,12162
12163,e,12162
12163,f,12162
12158,e,12162
12159,e,12162
12159,f,12162
12160,f,12162
12158,f,12162
12160,e,12162
12161,f,12163
12163,b,12163
12163,f,12163
12162,f,12163
12162,b,12163
12161,b,12163
12159,f,12163
12160,b,12163
12164,b,12163
12164,f,12163
12160,f,12163
12159,b,12163
12165,c,12164
12165,b,12164
12163,b,12164
12164,b,12164
12164,c,12164
12163,c,12164
12160,b,12164
12161,b,12164
12161,c,12164
12162,b,12164
12160,c,12164
12162,c,12164
12162,c,12165
12165,e,12165
12166,c,12165
12164,e,12165
12164,c,12165
12162,e,12165
12161,c,12165
12166,e,12165
12165,c,12165
12163,e,12165
12163,c,12165
12161,e,12165
12166,f,12166
12166,e,12166
12167,f,12166
12165,e,12166
12165,f,12166
12167,e,12166
12162,f,12166
12164,e,12166
12163,f,12166
12162,e,12166
12164,f,12166
12163,e,12166
12166,f,12167
12167,e,12167
12167,f,12167
12168,e,12167
12166,e,12167
12168,f,12167
12163,e,12167
12165,e,12167
12165,f,12167
12164,f,12167
12164,e,12167
12163,f,12167
12165,f,12168
12166,f,12168
12169,f,12168
12168,f,12168
12167,f,12168
12164,f,12168
12169,b,12169
12168,b,12169
12170,b,12169
12167,b,12169
12165,b,12169
12166,b,12169
12167,c,12170
12171,f,12170
12170,f,12170
12170,c,12170
12170,b,12170
12167,b,12170
12171,b,12170
12169,c,12170
12169,b,12170
12169,f,12170
12166,f,12170
12167,f,12170
12166,c,12170
12166,b,12170
12168,b,12170
12171,c,12170
12168,f,12170
12168,c,12170
12168,e,12171
12171,c,12171
12171,f,12171
12171,e,12171
12170,e,12171
12170,f,12171
12170,c,12171
12167,c,12171
12167,f,12171
12167,e,12171
12172,e,12171
12168,c,12171
12169,e,12171
12169,f,12171
12169,c,12171
12172,f,12171
12172,c,12171
12168,f,12171
12173,f,12172
12172,e,12172
12171,f,12172
12171,e,12172
12172,f,12172
12170,e,12172
12170,f,12172
12169,e,12172
12169,f,12172
12168,e,12172
12168,f,12172
12173,e,12172
12173,f,12173
12173,e,12173
12174,f,12173
12172,e,12173
12172,f,12173
12174,e,12173
12170,f,12173
12171,e,12173
12171,f,12173
12170,e,12173
12169,f,12173
12169,e,12173
12171,f,12174
12172,f,12174
12170,f,12174
12173,f,12174
12175,f,12174
12174,f,12174
12176,d,12175
12175,d,12175
12173,d,12175
12171,d,12175
12172,d,12175
12174,d,12175
12180,c,12179
12179,c,12179
12178,c,12179
12175,c,12179
12177,c,12179
12176,c,12179
12177,e,12180
12176,e,12180
12178,e,12180
12180,e,12180
12179,e,12180
12181,e,12180
12181,f,12181
12180,f,12181
12180,c,12181
12182,c,12181
12182,f,12181
12179,f,12181
12179,c,12181
12178,f,12181
12178,c,12181
12177,f,12181
12177,c,12181
12181,c,12181
12182,d,12182
12183,e,12182
12181,e,12182
12181,d,12182
12182,e,12182
12183,d,12182
12180,e,12182
12180,d,12182
12179,e,12182
12179,d,12182
12178,e,12182
12178,d,12182
12181,f,12183
12179,f,12183
12182,f,12183
12183,f,12183
12184,f,12183
12180,f,12183
12187,b,12187
12186,b,12187
12185,b,12187
12188,b,12187
12184,b,12187
12183,b,12187
12184,f,12188
12187,c,12188
12187,b,12188
12188,b,12188
12189,b,12188
12189,c,12188
12189,f,12188
12184,c,12188
12186,f,12188
12186,c,12188
12186,b,12188
12188,f,12188
12188,c,12188
12185,f,12188
12185,c,12188
12185,b,12188
12184,b,12188
12187,f,12188
12188,c,12189
12188,f,12189
12189,c,12189
12189,f,12189
12189,e,12189
12190,c,12189
12190,e,12189
12190,f,12189
12188,e,12189
12185,f,12189
12187,e,12189
12187,f,12189
12187,c,12189
12185,c,12189
12186,e,12189
12186,f,12189
12186,c,12189
12185,e,12189
12191,e,12190
12191,f,12190
12190,e,12190
12190,f,12190
12189,e,12190
12187,e,12190
12186,f,12190
12189,f,12190
12188,f,12190
12188,e,12190
12187,f,12190
12186,e,12190
12188,f,12191
12190,f,12191
12189,f,12191
12191,f,12191
12192,f,12191
12187,f,12191
12190,e,12194
12191,e,12194
12192,e,12194
12195,e,12194
12193,e,12194
12194,e,12194
12194,f,12195
12196,f,12195
12195,f,12195
12192,f,12195
12193,f,12195
12191,f,12195
12193,a,12196
12194,a,12196
12192,a,12196
12197,a,12196
12195,a,12196
12196,a,12196
12193,d,12197
12197,d,12197
12198,b,12197
12196,d,12197
12196,b,12197
12198,d,12197
12195,d,12197
12193,b,12197
12195,b,12197
12194,d,12197
12194,b,12197
12197,b,12197
12198,f,12198
12199,c,12198
12199,f,12198
12197,f,12198
12197,c,12198
12198,c,12198
12195,c,12198
12196,f,12198
12194,c,12198
12196,c,12198
12194,f,12198
12195,f,12198
12196,e,12199
12199,e,12199
12198,e,12199
12200,e,12199
12195,e,12199
12197,e,12199
12198,f,12200
12201,f,12200
12200,f,12200
12196,f,12200
12197,f,12200
12199,f,12200
12199,e,12202
12202,e,12202
12200,e,12202
12203,e,12202
12198,e,12202
12201,e,12202
12203,e,12203
12204,f,12203
12202,e,12203
12202,f,12203
12204,e,12203
12200,e,12203
12201,f,12203
12200,f,12203
12199,e,12203
12199,f,12203
12201,e,12203
12203,f,12203
12204,f,12204
12203,f,12204
12205,f,12204
12202,f,12204
12201,f,12204
12200,f,12204
12202,a,12206
12202,b,12206
12207,b,12206
12207,a,12206
12206,b,12206
12205,b,12206
12205,a,12206
12204,b,12206
12206,a,12206
12203,b,12206
12203,a,12206
12204,a,12206
12206,b,12207
12206,d,12207
12206,c,12207
12206,f,12207
12203,b,12207
12204,b,12207
12207,b,12207
12207,d,12207
12207,c,12207
12207,f,12207
12208,b,12207
12208,d,12207
12203,d,12207
12208,c,12207
12208,f,12207
12203,f,12207
12204,f,12207
12203,c,12207
12205,d,12207
12205,c,12207
12205,b,12207
12204,c,12207
12204,d,12207
12205,f,12207
12208,f,12208
12208,c,12208
12208,e,12208
12207,e,12208
12207,f,12208
12207,c,12208
12204,c,12208
12204,f,12208
12204,e,12208
12206,c,12208
12209,c,12208
12209,f,12208
12209,e,12208
12206,e,12208
12206,f,12208
12205,c,12208
12205,f,12208
12205,e,12208
12210,f,12209
12209,b,12209
12209,f,12209
12208,f,12209
12208,b,12209
12209,e,12209
12210,e,12209
12210,b,12209
12208,e,12209
12205,e,12209
12207,e,12209
12207,f,12209
12207,b,12209
12205,b,12209
12205,f,12209
12206,b,12209
12206,e,12209
12206,f,12209
12210,f,12210
12210,c,12210
12209,f,12210
12209,c,12210
12211,f,12210
12207,f,12210
12206,f,12210
12207,c,12210
12208,c,12210
12208,f,12210
12206,c,12210
12211,c,12210
12212,e,12211
12209,e,12211
12207,e,12211
12210,e,12211
12211,e,12211
12208,e,12211
12211,f,12212
12212,f,12212
12213,f,12212
12213,d,12212
12212,d,12212
12211,d,12212
12208,d,12212
12210,f,12212
12210,d,12212
12208,f,12212
12209,d,12212
12209,f,12212
12213,f,12213
12214,c,12213
12212,f,12213
12212,c,12213
12209,c,12213
12214,f,12213
12211,f,12213
12211,c,12213
12209,f,12213
12210,c,12213
12213,c,12213
12210,f,12213
12214,e,12214
12213,e,12214
12215,e,12214
12210,e,12214
12212,e,12214
12211,e,12214
12213,f,12215
12211,f,12215
12214,f,12215
12216,f,12215
12212,f,12215
12215,f,12215
12216,f,12217
12218,f,12217
12215,f,12217
12217,f,12217
12214,f,12217
12213,f,12217
12218,d,12218
12219,d,12218
12217,f,12218
12217,d,12218
12218,f,12218
12219,f,12218
12216,d,12218
12216,f,12218
12214,d,12218
12214,f,12218
12215,d,12218
12215,f,12218
12216,f,12219
12219,f,12219
12219,b,12219
12216,b,12219
12220,f,12219
12218,b,12219
12218,f,12219
12220,b,12219
12215,f,12219
12217,f,12219
12217,b,12219
12215,b,12219
12216,f,12220
12220,f,12220
12219,f,12220
12220,c,12220
12221,c,12220
12221,f,12220
12218,f,12220
12218,c,12220
12217,c,12220
12217,f,12220
12216,c,12220
12219,c,12220
12221,e,12221
12220,e,12221
12221,b,12221
12220,b,12221
12222,b,12221
12219,e,12221
12219,b,12221
12217,b,12221
12217,e,12221
12218,b,12221
12218,e,12221
12222,e,12221
12219,f,12222
12222,b,12222
12222,c,12222
12222,f,12222
12221,f,12222
12221,c,12222
12221,b,12222
12223,b,12222
12223,c,12222
12223,f,12222
12219,b,12222
12218,f,12222
12218,c,12222
12218,b,12222
12219,c,12222
12220,c,12222
12220,f,12222
12220,b,12222
12223,e,12223
12223,c,12223
12222,e,12223
12222,f,12223
12222,c,12223
12224,c,12223
12224,f,12223
12224,e,12223
12223,f,12223
12221,e,12223
12221,f,12223
12221,c,12223
12219,c,12223
12219,f,12223
12219,e,12223
12220,c,12223
12220,f,12223
12220,e,12223
12223,b,12224
12225,e,12224
12224,e,12224
12224,f,12224
12224,b,12224
12223,e,12224
12223,f,12224
12225,f,12224
12225,b,12224
12220,f,12224
12220,e,12224
12221,e,12224
12221,f,12224
12221,b,12224
12222,b,12224
12222,f,12224
12220,b,12224
12222,e,12224
12225,c,12225
12224,f,12225
12224,c,12225
12226,f,12225
12225,f,12225
12223,f,12225
12223,c,12225
12222,c,12225
12222,f,12225
12226,c,12225
12221,f,12225
12221,c,12225
12225,b,12226
12225,e,12226
12226,e,12226
12226,b,12226
12227,e,12226
12224,e,12226
12224,b,12226
12223,e,12226
12223,b,12226
12222,e,12226
12222,b,12226
12227,b,12226
12227,c,12227
12227,f,12227
12226,f,12227
12228,f,12227
12226,c,12227
12228,c,12227
12225,f,12227
12225,c,12227
12223,c,12227
12224,f,12227
12224,c,12227
12223,f,12227
12225,e,12228
12228,e,12228
12227,e,12228
12229,e,12228
12226,e,12228
12224,e,12228
12225,f,12229
12226,f,12229
12230,f,12229
12228,f,12229
12229,f,12229
12227,f,12229
12230,a,12231
12232,a,12231
12229,a,12231
12228,a,12231
12227,a,12231
12231,a,12231
12233,d,12232
12232,f,12232
12232,d,12232
12232,b,12232
12231,b,12232
12231,f,12232
12231,d,12232
12233,f,12232
12233,b,12232
12230,d,12232
12228,b,12232
12228,d,12232
12228,f,12232
12230,b,12232
12229,b,12232
12229,d,12232
12229,f,12232
12230,f,12232
12230,c,12233
12233,c,12233
12234,c,12233
12232,e,12233
12232,f,12233
12232,c,12233
12229,c,12233
12234,e,12233
12231,e,12233
12231,f,12233
12231,c,12233
12229,f,12233
12229,e,12233
12233,f,12233
12230,e,12233
12230,f,12233
12234,f,12233
12233,e,12233
12234,f,12234
12234,e,12234
12233,e,12234
12235,f,12234
12235,e,12234
12232,e,12234
12233,f,12234
12232,f,12234
12231,e,12234
12231,f,12234
12230,e,12234
12230,f,12234
12232,f,12235
12233,f,12235
12231,f,12235
12234,f,12235
12236,f,12235
12235,f,12235
12236,e,12237
12238,e,12237
12237,e,12237
12234,e,12237
12233,e,12237
12235,e,12237
12238,f,12238
12237,f,12238
12239,f,12238
12235,f,12238
12236,f,12238
12234,f,12238
12237,e,12240
12241,e,12240
12238,e,12240
12239,e,12240
12236,e,12240
12240,e,12240
12242,f,12241
12241,f,12241
12237,f,12241
12239,f,12241
12238,f,12241
12240,f,12241
12240,e,12244
12241,e,12244
12243,e,12244
12242,e,12244
12245,e,12244
12244,e,12244
12246,b,12245
12245,f,12245
12245,b,12245
12244,f,12245
12246,f,12245
12243,f,12245
12244,b,12245
12243,b,12245
12241,f,12245
12242,b,12245
12242,f,12245
12241,b,12245
12243,d,12246
12246,d,12246
12246,c,12246
12246,f,12246
12245,f,12246
12245,c,12246
12245,d,12246
12247,d,12246
12247,f,12246
12244,f,12246
12244,c,12246
12244,d,12246
12242,d,12246
12242,c,12246
12242,f,12246
12243,f,12246
12243,c,12246
12247,c,12246
12246,e,12247
12246,f,12247
12247,f,12247
12247,e,12247
12248,e,12247
12248,f,12247
12243,f,12247
12245,e,12247
12245,f,12247
12243,e,12247
12244,f,12247
12244,e,12247
12249,e,12248
12247,f,12248
12247,a,12248
12244,a,12248
12248,f,12248
12249,a,12248
12249,f,12248
12248,e,12248
12248,a,12248
12246,e,12248
12246,f,12248
12246,a,12248
12244,f,12248
12244,e,12248
12245,a,12248
12245,f,12248
12245,e,12248
12247,e,12248
12250,f,12249
12248,f,12249
12248,d,12249
12249,f,12249
12249,b,12249
12248,b,12249
12249,d,12249
12250,b,12249
12250,d,12249
12245,b,12249
12247,f,12249
12247,d,12249
12247,b,12249
12245,d,12249
12245,f,12249
12246,b,12249
12246,d,12249
12246,f,12249
12250,c,12250
12250,f,12250
12249,f,12250
12249,c,12250
12246,c,12250
12251,c,12250
12251,f,12250
12248,f,12250
12248,c,12250
12246,f,12250
12247,c,12250
12247,f,12250
12250,e,12251
12251,b,12251
12250,b,12251
12251,e,12251
12252,b,12251
12252,e,12251
12247,b,12251
12249,e,12251
12249,b,12251
12247,e,12251
12248,b,12251
12248,e,12251
12252,a,12252
12252,c,12252
12251,c,12252
12251,a,12252
12248,a,12252
12253,a,12252
12253,c,12252
12250,c,12252
12250,a,12252
12248,c,12252
12249,a,12252
12249,c,12252
12254,d,12253
12253,d,12253
12253,e,12253
12249,e,12253
12252,e,12253
12252,d,12253
12252,b,12253
12254,e,12253
12253,b,12253
12249,d,12253
12254,b,12253
12250,e,12253
12249,b,12253
12250,d,12253
12251,e,12253
12251,d,12253
12251,b,12253
12250,b,12253
12250,c,12254
12250,f,12254
12253,a,12254
12253,c,12254
12253,f,12254
12255,c,12254
12255,f,12254
12255,a,12254
12250,a,12254
12252,f,12254
12252,c,12254
12252,a,12254
12251,a,12254
12251,c,12254
12251,f,12254
12254,a,12254
12254,f,12254
12254,c,12254
12256,d,12255
12254,f,12255
12254,e,12255
12256,f,12255
12255,b,12255
12255,d,12255
12255,f,12255
12256,e,12255
12256,b,12255
12254,d,12255
12255,e,12255
12254,b,12255
12251,b,12255
12251,d,12255
12252,e,12255
12253,b,12255
12253,d,12255
12253,f,12255
12251,f,12255
12253,e,12255
12252,b,12255
12252,d,12255
12252,f,12255
12251,e,12255
12255,c,12256
12257,c,12256
12255,a,12256
12255,e,12256
12255,f,12256
12253,e,12256
12256,a,12256
12256,d,12256
12256,c,12256
12256,f,12256
12256,e,12256
12257,e,12256
12257,a,12256
12257,d,12256
12253,f,12256
12252,a,12256
12255,d,12256
12254,a,12256
12253,c,12256
12253,d,12256
12253,a,12256
12252,e,12256
12252,f,12256
12252,c,12256
12252,d,12256
12254,d,12256
12254,c,12256
12257,f,12256
12254,f,12256
12254,e,12256
12255,d,12257
12253,b,12257
12253,d,12257
12253,f,12257
12257,b,12257
12257,d,12257
12257,f,12257
12257,e,12257
12256,e,12257
12256,f,12257
12256,d,12257
12256,b,12257
12253,e,12257
12258,e,12257
12254,e,12257
12258,d,12257
12254,f,12257
12254,d,12257
12254,b,12257
12258,b,12257
12255,e,12257
12255,f,12257
12255,b,12257
12258,f,12257
12258,c,12258
12257,c,12258
12257,f,12258
12257,e,12258
12259,c,12258
12255,f,12258
12259,e,12258
12254,c,12258
12254,f,12258
12254,e,12258
12258,f,12258
12255,c,12258
12259,f,12258
12258,e,12258
12256,c,12258
12256,f,12258
12256,e,12258
12255,e,12258
12260,e,12259
12258,f,12259
12260,f,12259
12259,f,12259
12258,e,12259
12259,e,12259
12257,e,12259
12257,f,12259
12256,e,12259
12256,f,12259
12255,e,12259
12255,f,12259
12258,c,12260
12256,c,12260
12257,c,12260
12259,c,12260
12260,c,12260
12261,c,12260
12265,f,12264
12264,f,12264
12263,f,12264
12261,f,12264
12262,f,12264
12260,f,12264
12263,c,12266
12264,c,12266
12267,c,12266
12265,c,12266
12262,c,12266
12266,c,12266
12268,e,12267
12266,e,12267
12267,e,12267
12264,e,12267
12265,e,12267
12263,e,12267
12266,f,12268
12264,f,12268
12267,f,12268
12268,f,12268
12265,f,12268
12269,f,12268
12269,c,12271
12272,c,12271
12271,e,12271
12271,c,12271
12270,e,12271
12270,c,12271
12269,e,12271
12267,c,12271
12272,e,12271
12268,e,12271
12267,e,12271
12268,c,12271
12268,f,12272
12272,f,12272
12272,e,12272
12273,d,12272
12271,e,12272
12271,f,12272
12271,d,12272
12273,f,12272
12273,e,12272
12270,e,12272
12270,f,12272
12270,d,12272
12268,d,12272
12269,e,12272
12269,f,12272
12269,d,12272
12268,e,12272
12272,d,12272
12274,f,12273
12272,f,12273
12273,f,12273
12271,f,12273
12270,f,12273
12269,f,12273
12271,a,12274
12272,a,12274
12270,a,12274
12275,a,12274
12273,a,12274
12274,a,12274
12271,b,12275
12271,d,12275
12276,d,12275
12276,b,12275
12275,d,12275
12274,d,12275
12274,b,12275
12275,b,12275
12273,d,12275
12273,b,12275
12272,b,12275
12272,d,12275
12273,f,12276
12277,f,12276
12277,c,12276
12276,f,12276
12276,c,12276
12275,f,12276
12275,c,12276
12272,c,12276
12273,c,12276
12274,c,12276
12274,f,12276
12272,f,12276
12278,e,12277
12275,e,12277
12277,e,12277
12273,e,12277
12274,e,12277
12276,e,12277
12278,e,12278
12277,e,12278
12277,f,12278
12279,f,12278
12278,f,12278
12276,f,12278
12274,f,12278
12274,e,12278
12275,e,12278
12275,f,12278
12279,e,12278
12276,e,12278
12278,f,12279
12278,b,12279
12279,b,12279
12279,f,12279
12280,b,12279
12276,f,12279
12280,f,12279
12277,f,12279
12277,b,12279
12275,b,12279
12275,f,12279
12276,b,12279
12277,e,12280
12280,f,12280
12280,e,12280
12281,c,12280
12279,e,12280
12279,f,12280
12279,c,12280
12276,c,12280
12277,f,12280
12281,f,12280
12277,c,12280
12281,e,12280
12276,e,12280
12276,f,12280
12278,c,12280
12280,c,12280
12278,e,12280
12278,f,12280
12281,e,12281
12281,f,12281
12280,e,12281
12280,f,12281
12280,b,12281
12282,b,12281
12282,e,12281
12282,f,12281
12281,b,12281
12277,f,12281
12278,e,12281
12277,e,12281
12279,e,12281
12279,f,12281
12279,b,12281
12278,b,12281
12278,f,12281
12277,b,12281
12282,f,12282
12283,c,12282
12281,f,12282
12281,c,12282
12279,f,12282
12278,f,12282
12283,f,12282
12280,f,12282
12280,c,12282
12279,c,12282
12278,c,12282
12282,c,12282
12283,e,12283
12279,e,12283
12282,e,12283
12284,e,12283
12281,e,12283
12280,e,12283
12283,a,12284
12282,a,12284
12285,a,12284
12281,a,12284
12284,a,12284
12280,a,12284
12286,b,12285
12285,b,12285
12284,b,12285
12285,d,12285
12286,d,12285
12284,d,12285
12281,b,12285
12281,d,12285
12283,b,12285
12283,d,12285
12282,b,12285
12282,d,12285
12283,a,12286
12287,a,12286
12286,f,12286
12286,c,12286
12286,a,12286
12285,f,12286
12285,c,12286
12285,a,12286
12287,c,12286
12287,f,12286
12282,a,12286
12283,c,12286
12283,f,12286
12284,f,12286
12284,c,12286
12284,a,12286
12282,c,12286
12282,f,12286
12283,d,12287
12283,b,12287
12286,b,12287
12286,d,12287
12286,c,12287
12284,c,12287
12283,c,12287
12288,b,12287
12287,e,12287
12287,c,12287
12287,d,12287
12287,b,12287
12286,e,12287
12283,e,12287
12288,c,12287
12284,d,12287
12284,e,12287
12288,d,12287
12284,b,12287
12285,b,12287
12285,c,12287
12285,d,12287
12288,e,12287
12285,e,12287
12288,e,12288
12288,f,12288
12288,c,12288
12288,d,12288
12287,f,12288
12287,c,12288
12287,d,12288
12289,d,12288
12289,c,12288
12289,f,12288
12289,e,12288
12287,e,12288
12285,c,12288
12285,f,12288
12285,d,12288
12284,d,12288
12284,c,12288
12286,e,12288
12286,f,12288
12286,c,12288
12284,f,12288
12284,e,12288
12285,e,12288
12286,d,12288
12288,c,12289
12288,f,12289
12285,c,12289
12290,e,12289
12290,f,12289
12289,c,12289
12288,e,12289
12290,c,12289
12289,e,12289
12289,f,12289
12285,f,12289
12285,e,12289
12287,e,12289
12287,f,12289
12287,c,12289
12286,c,12289
12286,f,12289
12286,e,12289
12290,e,12290
12291,f,12290
12291,e,12290
12290,f,12290
12286,f,12290
12289,e,12290
12287,f,12290
12287,e,12290
12286,e,12290
12288,f,12290
12288,e,12290
12289,f,12290
12289,f,12291
12290,f,12291
12292,f,12291
12291,f,12291
12288,f,12291
12287,f,12291
12292,c,12293
12292,e,12293
12294,c,12293
12294,e,12293
12291,e,12293
12291,c,12293
12293,e,12293
12293,c,12293
12289,c,12293
12289,e,12293
12290,c,12293
12290,e,12293
12293,a,12294
12293,d,12294
12293,f,12294
12295,d,12294
12295,e,12294
12294,a,12294
12294,d,12294
12294,f,12294
12294,e,12294
12295,f,12294
12295,a,12294
12293,e,12294
12291,d,12294
12291,f,12294
12290,a,12294
12290,d,12294
12290,f,12294
12290,e,12294
12292,e,12294
12292,f,12294
12292,d,12294
12292,a,12294
12291,e,12294
12291,a,12294
12292,d,12295
12295,d,12295
12294,b,12295
12294,d,12295
12295,f,12295
12294,f,12295
12296,d,12295
12296,b,12295
12295,b,12295
12294,c,12295
12291,b,12295
12291,d,12295
12296,c,12295
12292,c,12295
12292,f,12295
12291,f,12295
12292,b,12295
12291,c,12295
12293,b,12295
12295,c,12295
12293,c,12295
12293,f,12295
12296,f,12295
12293,d,12295
12296,e,12296
12295,f,12296
12295,c,12296
12296,f,12296
12297,c,12296
12297,f,12296
12297,e,12296
12296,c,12296
12295,e,12296
12294,c,12296
12292,e,12296
12292,c,12296
12294,e,12296
12293,c,12296
12293,f,12296
12294,f,12296
12293,e,12296
12292,f,12296
12297,f,12297
12297,e,12297
12296,e,12297
12296,f,12297
12294,e,12297
12298,f,12297
12298,e,12297
12295,e,12297
12295,f,12297
12294,f,12297
12293,f,12297
12293,e,12297
12298,f,12298
12294,f,12298
12299,f,12298
12297,f,12298
12296,f,12298
12295,f,12298
12296,e,12299
12300,e,12299
12299,e,12299
12299,f,12299
12299,b,12299
12295,b,12299
12298,e,12299
12298,b,12299
12295,f,12299
12295,e,12299
12298,f,12299
12300,b,12299
12296,f,12299
12296,b,12299
12297,e,12299
12300,f,12299
12297,b,12299
12297,f,12299
12299,c,12300
12296,c,12300
12297,c,12300
12298,c,12300
12301,c,12300
12300,c,12300
12301,a,12301
12302,e,12301
12300,e,12301
12301,e,12301
12301,d,12301
12300,a,12301
12300,d,12301
12298,e,12301
12302,d,12301
12302,a,12301
12297,e,12301
12297,d,12301
12299,e,12301
12299,d,12301
12299,a,12301
12297,a,12301
12298,a,12301
12298,d,12301
12301,b,12302
12301,f,12302
12302,f,12302
12302,d,12302
12302,b,12302
12301,d,12302
12303,b,12302
12299,d,12302
12303,f,12302
12300,f,12302
12300,d,12302
12300,b,12302
12298,b,12302
12298,d,12302
12298,f,12302
12299,f,12302
12299,b,12302
12303,d,12302
12303,c,12303
12302,f,12303
12302,c,12303
12304,f,12303
12304,c,12303
12303,f,12303
12299,c,12303
12301,f,12303
12301,c,12303
12299,f,12303
12300,c,12303
12300,f,12303
12304,f,12304
12304,e,12304
12303,e,12304
12303,f,12304
12300,f,12304
12300,e,12304
12305,f,12304
12305,e,12304
12302,e,12304
12302,f,12304
12301,f,12304
12301,e,12304
12305,b,12305
12305,f,12305
12304,f,12305
12304,b,12305
12301,f,12305
12301,b,12305
12306,b,12305
12306,f,12305
12303,f,12305
12303,b,12305
12302,b,12305
12302,f,12305
12306,c,12306
12306,f,12306
12305,f,12306
12305,c,12306
12302,c,12306
12302,f,12306
12307,c,12306
12307,f,12306
12304,f,12306
12304,c,12306
12303,c,12306
12303,f,12306
12306,e,12307
12306,d,12307
12307,d,12307
12307,e,12307
12304,d,12307
12308,d,12307
12305,e,12307
12305,d,12307
12303,d,12307
12303,e,12307
12304,e,12307
12308,e,12307
12305,c,12308
12304,c,12308
12306,c,12308
12308,c,12308
12307,c,12308
12309,c,12308
12310,e,12309
12310,c,12309
12309,c,12309
12309,e,12309
12308,c,12309
12308,e,12309
12307,e,12309
12307,c,12309
12305,c,12309
12305,e,12309
12306,c,12309
12306,e,12309
12307,e,12310
12311,e,12310
12311,f,12310
12311,c,12310
12307,f,12310
12310,f,12310
12310,c,12310
12309,e,12310
12309,f,12310
12309,c,12310
12310,e,12310
12306,f,12310
12306,c,12310
12307,c,12310
12308,e,12310
12306,e,12310
12308,f,12310
12308,c,12310
12311,e,12311
12312,f,12311
12310,e,12311
12310,f,12311
12312,e,12311
12307,e,12311
12309,e,12311
12309,f,12311
12308,f,12311
12308,e,12311
12307,f,12311
12311,f,12311
12312,c,12312
12312,f,12312
12313,c,12312
12311,f,12312
12311,c,12312
12313,f,12312
12308,f,12312
12310,f,12312
12310,c,12312
12309,f,12312
12308,c,12312
12309,c,12312
12310,e,12313
12311,e,12313
12314,e,12313
12309,e,12313
12312,e,12313
12313,e,12313
12313,f,12314
12312,f,12314
12310,f,12314
12314,f,12314
12311,f,12314
12315,f,12314
12316,c,12316
12315,c,12316
12317,c,12316
12312,c,12316
12314,c,12316
12313,c,12316
12313,e,12317
12315,e,12317
12316,e,12317
12317,e,12317
12318,e,12317
12314,e,12317
12314,f,12318
12317,f,12318
12319,f,12318
12315,f,12318
12316,f,12318
12318,f,12318
12320,c,12320
12321,c,12320
12318,c,12320
12317,c,12320
12319,c,12320
12316,c,12320
12322,c,12321
12320,c,12321
12321,e,12321
12320,e,12321
12322,e,12321
12318,c,12321
12319,c,12321
12318,e,12321
12317,e,12321
12317,c,12321
12319,e,12321
12321,c,12321
12322,e,12322
12322,f,12322
12323,f,12322
12321,e,12322
12323,e,12322
12321,f,12322
12320,e,12322
12318,f,12322
12318,e,12322
12320,f,12322
12319,f,12322
12319,e,12322
12323,f,12323
12324,f,12323
12320,f,12323
12322,f,12323
12321,f,12323
12319,f,12323
12324,f,12325
12324,c,12325
12324,b,12325
12326,b,12325
12326,c,12325
12326,f,12325
12325,f,12325
12323,f,12325
12323,c,12325
12325,c,12325
12322,b,12325
12321,b,12325
12321,c,12325
12321,f,12325
12323,b,12325
12322,c,12325
12325,b,12325
12322,f,12325
12327,f,12326
12327,c,12326
12326,c,12326
12326,f,12326
12325,e,12326
12325,f,12326
12325,c,12326
12326,e,12326
12327,e,12326
12322,e,12326
12323,e,12326
12322,c,12326
12324,e,12326
12324,f,12326
12322,f,12326
12324,c,12326
12323,c,12326
12323,f,12326
12328,f,12327
12328,e,12327
12326,e,12327
12326,f,12327
12324,e,12327
12323,f,12327
12323,e,12327
12325,e,12327
12325,f,12327
12324,f,12327
12327,e,12327
12327,f,12327
12328,f,12328
12327,f,12328
12326,f,12328
12324,f,12328
12325,f,12328
12329,f,12328
12331,d,12330
12330,e,12330
12330,d,12330
12329,e,12330
12331,e,12330
12329,d,12330
12328,e,12330
12326,e,12330
12328,d,12330
12326,d,12330
12327,d,12330
12327,e,12330
12331,f,12331
12330,f,12331
12332,f,12331
12328,f,12331
12329,f,12331
12327,f,12331
12333,e,12333
12332,e,12333
12332,d,12333
12334,d,12333
12334,e,12333
12329,d,12333
12331,d,12333
12333,d,12333
12330,e,12333
12330,d,12333
12329,e,12333
12331,e,12333
12333,f,12334
12334,f,12334
12335,f,12334
12332,f,12334
12331,f,12334
12330,f,12334
12332,d,12335
12335,d,12335
12333,d,12335
12331,d,12335
12334,d,12335
12336,d,12335
12336,f,12336
12335,f,12336
12335,d,12336
12336,d,12336
12333,d,12336
12334,f,12336
12334,d,12336
12337,f,12336
12333,f,12336
12332,f,12336
12337,d,12336
12332,d,12336
12336,f,12337
12337,f,12337
12335,f,12337
12334,f,12337
12333,f,12337
12338,f,12337
12334,e,12338
12336,e,12338
12339,e,12338
12338,e,12338
12337,e,12338
12335,e,12338
12340,f,12339
12338,f,12339
12339,f,12339
12337,f,12339
12336,f,12339
12335,f,12339
12337,f,12341
12341,e,12341
12341,f,12341
12340,e,12341
12337,e,12341
12342,e,12341
12340,f,12341
12342,f,12341
12339,e,12341
12339,f,12341
12338,f,12341
12338,e,12341
12342,f,12342
12341,f,12342
12339,f,12342
12343,f,12342
12340,f,12342
12338,f,12342
12343,f,12343
12342,e,12343
12342,f,12343
12343,e,12343
12342,c,12343
12344,f,12343
12343,c,12343
12344,e,12343
12344,c,12343
12340,f,12343
12341,e,12343
12341,f,12343
12341,c,12343
12339,c,12343
12339,f,12343
12340,e,12343
12340,c,12343
12339,e,12343
12344,e,12344
12344,f,12344
12345,e,12344
12343,e,12344
12343,f,12344
12345,f,12344
12342,e,12344
12342,f,12344
12340,f,12344
12340,e,12344
12341,f,12344
12341,e,12344
12346,f,12345
12345,f,12345
12341,f,12345
12344,f,12345
12343,f,12345
12342,f,12345
12344,c,12348
12349,c,12348
12347,f,12348
12347,c,12348
12349,f,12348
12344,f,12348
12346,f,12348
12348,c,12348
12345,f,12348
12345,c,12348
12346,c,12348
12348,f,12348
12350,f,12349
12349,e,12349
12349,f,12349
12350,e,12349
12348,e,12349
12348,f,12349
12345,f,12349
12347,e,12349
12347,f,12349
12345,e,12349
12346,e,12349
12346,f,12349
12347,f,12350
12350,f,12350
12351,f,12350
12348,f,12350
12349,f,12350
12346,f,12350
12349,a,12352
12352,a,12352
12351,a,12352
12350,a,12352
12353,a,12352
12348,a,12352
12350,a,12353
12353,b,12353
12353,d,12353
12349,a,12353
12352,d,12353
12352,b,12353
12352,a,12353
12349,b,12353
12354,a,12353
12354,b,12353
12354,d,12353
12351,d,12353
12350,b,12353
12350,d,12353
12351,b,12353
12351,a,12353
12353,a,12353
12349,d,12353
12353,b,12354
12353,d,12354
12355,c,12354
12353,c,12354
12354,c,12354
12354,f,12354
12353,f,12354
12355,f,12354
12354,b,12354
12354,d,12354
12355,d,12354
12355,b,12354
12352,d,12354
12351,f,12354
12351,b,12354
12350,f,12354
12351,d,12354
12350,d,12354
12352,b,12354
12350,c,12354
12352,f,12354
12350,b,12354
12352,c,12354
12351,c,12354
12356,c,12355
12356,f,12355
12354,e,12355
12354,f,12355
12354,c,12355
12355,f,12355
12355,c,12355
12355,e,12355
12351,c,12355
12351,f,12355
12356,e,12355
12353,e,12355
12353,f,12355
12353,c,12355
12351,e,12355
12352,c,12355
12352,f,12355
12352,e,12355
12356,f,12356
12356,e,12356
12355,e,12356
12357,f,12356
12357,e,12356
12354,e,12356
12354,f,12356
12353,e,12356
12353,f,12356
12355,f,12356
12352,e,12356
12352,f,12356
12354,f,12357
12355,f,12357
12358,f,12357
12353,f,12357
12356,f,12357
12357,f,12357
12358,b,12359
12360,b,12359
12357,b,12359
12359,b,12359
12356,b,12359
12355,b,12359
12360,c,12360
12359,f,12360
12361,f,12360
12359,c,12360
12361,c,12360
12360,f,12360
12358,c,12360
12358,f,12360
12356,c,12360
12356,f,12360
12357,c,12360
12357,f,12360
12358,e,12361
12361,e,12361
12360,e,12361
12359,e,12361
12357,e,12361
12362,e,12361
12359,f,12362
12362,f,12362
12360,f,12362
12363,f,12362
12358,f,12362
12361,f,12362
12362,e,12363
12364,e,12363
12363,e,12363
12361,e,12363
12360,e,12363
12359,e,12363
12363,f,12364
12364,f,12364
12365,f,12364
12361,f,12364
12362,f,12364
12360,f,12364
12363,d,12366
12364,d,12366
12367,d,12366
12365,d,12366
12362,d,12366
12366,d,12366
12368,f,12367
12366,f,12367
12367,f,12367
12364,f,12367
12365,f,12367
12363,f,12367
12365,a,12368
12366,a,12368
12364,a,12368
12369,a,12368
12367,a,12368
12368,a,12368
12365,d,12369
12369,d,12369
12370,b,12369
12368,d,12369
12368,b,12369
12370,d,12369
12367,d,12369
12365,b,12369
12367,b,12369
12366,d,12369
12366,b,12369
12369,b,12369
12370,f,12370
12371,c,12370
12371,f,12370
12369,f,12370
12369,c,12370
12370,c,12370
12366,c,12370
12367,c,12370
12368,f,12370
12366,f,12370
12368,c,12370
12367,f,12370
12371,e,12371
12370,e,12371
12368,e,12371
12369,e,12371
12367,e,12371
12372,e,12371
12371,f,12372
12370,f,12372
12372,f,12372
12368,f,12372
12369,f,12372
12373,f,12372
12372,d,12373
12373,d,12373
12371,d,12373
12370,d,12373
12369,d,12373
12374,d,12373
12375,f,12374
12374,f,12374
12372,f,12374
12371,f,12374
12370,f,12374
12373,f,12374
12377,c,12378
12377,a,12378
12379,a,12378
12379,c,12378
12378,c,12378
12376,a,12378
12376,c,12378
12375,c,12378
12375,a,12378
12374,c,12378
12374,a,12378
12378,a,12378
12380,d,12379
12379,d,12379
12379,b,12379
12380,e,12379
12378,e,12379
12378,d,12379
12378,b,12379
12380,b,12379
12379,e,12379
12375,d,12379
12377,e,12379
12377,d,12379
12377,b,12379
12375,e,12379
12376,b,12379
12376,d,12379
12376,e,12379
12375,b,12379
12380,c,12380
12380,f,12380
12379,f,12380
12379,c,12380
12376,c,12380
12377,f,12380
12381,c,12380
12381,f,12380
12378,f,12380
12378,c,12380
12376,f,12380
12377,c,12380
12381,b,12381
12381,e,12381
12382,e,12381
12380,b,12381
12380,e,12381
12377,b,12381
12382,b,12381
12379,e,12381
12379,b,12381
12377,e,12381
12378,b,12381
12378,e,12381
12382,a,12382
12382,c,12382
12382,f,12382
12381,f,12382
12381,c,12382
12381,a,12382
12378,a,12382
12383,a,12382
12383,f,12382
12383,c,12382
12378,f,12382
12379,f,12382
12380,f,12382
12380,c,12382
12380,a,12382
12378,c,12382
12379,a,12382
12379,c,12382
12384,a,12383
12383,e,12383
12382,a,12383
12382,b,12383
12383,b,12383
12382,d,12383
12382,e,12383
12383,d,12383
12384,d,12383
12383,a,12383
12384,b,12383
12384,e,12383
12380,e,12383
12380,b,12383
12380,a,12383
12379,e,12383
12381,e,12383
12381,d,12383
12381,b,12383
12381,a,12383
12380,d,12383
12379,a,12383
12379,b,12383
12379,d,12383
12383,b,12384
12381,f,12384
12383,c,12384
12383,d,12384
12384,d,12384
12384,c,12384
12384,f,12384
12385,c,12384
12385,b,12384
12385,d,12384
12383,f,12384
12384,b,12384
12385,f,12384
12380,d,12384
12382,b,12384
12382,d,12384
12382,c,12384
12380,f,12384
12381,b,12384
12381,d,12384
12380,b,12384
12380,c,12384
12381,c,12384
12382,f,12384
12384,c,12385
12385,e,12385
12385,f,12385
12385,c,12385
12381,e,12385
12381,f,12385
12384,e,12385
12384,f,12385
12386,c,12385
12386,e,12385
12383,e,12385
12383,f,12385
12383,c,12385
12382,c,12385
12382,f,12385
12382,e,12385
12386,f,12385
12381,c,12385
12386,f,12386
12386,e,12386
12385,e,12386
12385,f,12386
12387,e,12386
12387,f,12386
12384,f,12386
12384,e,12386
12382,f,12386
12382,e,12386
12383,f,12386
12383,e,12386
12386,f,12387
12387,f,12387
12387,d,12387
12388,d,12387
12386,d,12387
12383,d,12387
12388,f,12387
12385,f,12387
12384,f,12387
12384,d,12387
12385,d,12387
12383,f,12387
12388,b,12388
12388,f,12388
12387,f,12388
12387,b,12388
12384,f,12388
12389,f,12388
12386,f,12388
12386,b,12388
12385,b,12388
12385,f,12388
12389,b,12388
12384,b,12388
12389,c,12389
12388,f,12389
12388,c,12389
12390,f,12389
12390,c,12389
12389,f,12389
12387,f,12389
12387,c,12389
12385,c,12389
12385,f,12389
12386,c,12389
12386,f,12389
12387,e,12390
12390,e,12390
12389,e,12390
12391,e,12390
12386,e,12390
12388,e,12390
12392,a,12391
12389,a,12391
12391,a,12391
12387,a,12391
12388,a,12391
12390,a,12391
12392,d,12392
12392,e,12392
12391,e,12392
12391,d,12392
12391,b,12392
12393,b,12392
12393,d,12392
12388,e,12392
12392,b,12392
12390,b,12392
12388,b,12392
12393,e,12392
12389,e,12392
12389,d,12392
12389,b,12392
12388,d,12392
12390,e,12392
12390,d,12392
12392,f,12393
12393,c,12393
12392,c,12393
12393,f,12393
12391,c,12393
12394,c,12393
12391,f,12393
12394,f,12393
12389,c,12393
12390,f,12393
12390,c,12393
12389,f,12393
12391,e,12394
12390,e,12394
12392,e,12394
12393,e,12394
12395,e,12394
12394,e,12394
12396,f,12395
12394,f,12395
12395,f,12395
12396,b,12395
12394,b,12395
12395,b,12395
12391,f,12395
12391,b,12395
12393,f,12395
12393,b,12395
12392,b,12395
12392,f,12395
12396,a,12396
12396,c,12396
12396,f,12396
12395,f,12396
12395,c,12396
12395,a,12396
12397,a,12396
12393,a,12396
12393,c,12396
12394,f,12396
12394,c,12396
12394,a,12396
12392,a,12396
12392,c,12396
12392,f,12396
12393,f,12396
12397,f,12396
12397,c,12396
12397,b,12397
12396,e,12397
12396,d,12397
12396,b,12397
12397,d,12397
12397,e,12397
12398,e,12397
12398,b,12397
12398,d,12397
12395,e,12397
12395,d,12397
12395,b,12397
12393,b,12397
12393,d,12397
12393,e,12397
12394,b,12397
12394,e,12397
12394,d,12397
12398,c,12398
12398,f,12398
12397,f,12398
12397,c,12398
12394,c,12398
12399,c,12398
12399,f,12398
12396,f,12398
12396,c,12398
12394,f,12398
12395,f,12398
12395,c,12398
12398,e,12399
12400,e,12399
12399,e,12399
12397,e,12399
12395,e,12399
12396,e,12399
12397,e,12400
12400,e,12400
12400,f,12400
12399,e,12400
12401,e,12400
12399,f,12400
12398,e,12400
12398,f,12400
12396,e,12400
12397,f,12400
12396,f,12400
12401,f,12400
12397,f,12401
12398,f,12401
12399,f,12401
12402,f,12401
12400,f,12401
12401,f,12401
12403,c,12402
12402,c,12402
12401,c,12402
12400,c,12402
12399,c,12402
12398,c,12402
12400,e,12403
12404,e,12403
12401,e,12403
12399,e,12403
12402,e,12403
12403,e,12403
12401,f,12404
12402,f,12404
12405,f,12404
12403,f,12404
12400,f,12404
12404,f,12404
12405,f,12405
12406,f,12405
12403,f,12405
12402,f,12405
12401,f,12405
12404,f,12405
12404,d,12408
12408,d,12408
12407,d,12408
12406,d,12408
12409,d,12408
12405,d,12408
12406,b,12409
12406,f,12409
12410,b,12409
12409,b,12409
12405,f,12409
12407,b,12409
12407,f,12409
12405,b,12409
12408,b,12409
12408,f,12409
12409,f,12409
12410,f,12409
12409,f,12410
12409,c,12410
12410,f,12410
12410,c,12410
12411,f,12410
12408,f,12410
12408,c,12410
12407,f,12410
12407,c,12410
12406,f,12410
12406,c,12410
12411,c,12410
12412,e,12411
12410,e,12411
12411,e,12411
12409,e,12411
12407,e,12411
12408,e,12411
12409,f,12412
12412,f,12412
12411,f,12412
12413,f,12412
12410,f,12412
12408,f,12412
12410,b,12413
12413,b,12413
12414,b,12413
12409,b,12413
12412,b,12413
12411,b,12413
12415,c,12414
12415,f,12414
12414,f,12414
12414,c,12414
12413,f,12414
12413,c,12414
12412,f,12414
12410,c,12414
12412,c,12414
12410,f,12414
12411,c,12414
12411,f,12414
12414,e,12415
12415,e,12415
12411,e,12415
12416,e,12415
12413,e,12415
12412,e,12415
12412,f,12416
12413,f,12416
12413,c,12416
12412,c,12416
12414,c,12416
12414,f,12416
12417,f,12416
12417,c,12416
12416,f,12416
12415,f,12416
12416,c,12416
12415,c,12416
12417,e,12417
12417,b,12417
12416,b,12417
12416,e,12417
12414,b,12417
12418,b,12417
12415,e,12417
12415,b,12417
12413,b,12417
12413,e,12417
12418,e,12417
12414,e,12417
12418,c,12418
12418,f,12418
12417,f,12418
12417,c,12418
12415,f,12418
12419,c,12418
12416,f,12418
12416,c,12418
12414,c,12418
12414,f,12418
12415,c,12418
12419,f,12418
12419,c,12419
12419,e,12419
12418,e,12419
12418,c,12419
12420,c,12419
12420,e,12419
12416,e,12419
12415,e,12419
12417,e,12419
12417,c,12419
12416,c,12419
12415,c,12419
12417,e,12420
12420,e,12420
12421,e,12420
12419,e,12420
12419,f,12420
12420,f,12420
12416,e,12420
12421,f,12420
12418,e,12420
12418,f,12420
12417,f,12420
12416,f,12420
12420,f,12421
12417,f,12421
12421,f,12421
12419,f,12421
12418,f,12421
12422,f,12421
12422,d,12423
12424,a,12423
12424,d,12423
12421,d,12423
12421,a,12423
12422,a,12423
12420,a,12423
12420,d,12423
12419,d,12423
12419,a,12423
12423,d,12423
12423,a,12423
12425,b,12424
12424,d,12424
12424,b,12424
12425,f,12424
12425,d,12424
12423,f,12424
12423,d,12424
12423,b,12424
12424,f,12424
12421,f,12424
12420,f,12424
12422,f,12424
12422,d,12424
12422,b,12424
12420,b,12424
12420,d,12424
12421,d,12424
12421,b,12424
12426,c,12425
12425,f,12425
12425,c,12425
12424,f,12425
12424,c,12425
12422,f,12425
12421,c,12425
12421,f,12425
12423,f,12425
12423,c,12425
12422,c,12425
12426,f,12425
12424,e,12426
12422,e,12426
12423,e,12426
12427,e,12426
12425,e,12426
12426,e,12426
12427,f,12427
12426,f,12427
12424,f,12427
12423,f,12427
12425,f,12427
12428,f,12427
12430,f,12431
12431,f,12431
12430,e,12431
12432,e,12431
12432,d,12431
12432,f,12431
12430,d,12431
12431,e,12431
12429,e,12431
12431,d,12431
12429,d,12431
12428,e,12431
12428,f,12431
12428,d,12431
12427,e,12431
12429,f,12431
12427,f,12431
12427,d,12431
12429,f,12432
12428,f,12432
12430,f,12432
12433,f,12432
12431,f,12432
12432,f,12432
12435,d,12434
12432,d,12434
12431,d,12434
12433,d,12434
12430,d,12434
12434,d,12434
12436,f,12435
12435,f,12435
12434,f,12435
12433,f,12435
12432,f,12435
12431,f,12435
12433,a,12436
12435,a,12436
12437,a,12436
12432,a,12436
12434,a,12436
12436,a,12436
12433,b,12437
12438,b,12437
12436,c,12437
12437,c,12437
12437,d,12437
12437,b,12437
12436,b,12437
12436,d,12437
12435,d,12437
12435,b,12437
12438,d,12437
12438,c,12437
12434,c,12437
12434,d,12437
12434,b,12437
12433,c,12437
12433,d,12437
12435,c,12437
12439,c,12438
12437,e,12438
12437,f,12438
12437,c,12438
12438,c,12438
12439,f,12438
12438,f,12438
12436,e,12438
12436,f,12438
12436,c,12438
12435,e,12438
12435,f,12438
12435,c,12438
12434,e,12438
12434,f,12438
12434,c,12438
12439,e,12438
12438,e,12438
12440,e,12439
12439,e,12439
12440,f,12439
12438,e,12439
12438,f,12439
12439,f,12439
12437,e,12439
12437,f,12439
12436,e,12439
12436,f,12439
12435,e,12439
12435,f,12439
12438,f,12440
12436,f,12440
12439,f,12440
12441,f,12440
12440,f,12440
12437,f,12440
12442,c,12442
12441,c,12442
12440,c,12442
12443,c,12442
12438,c,12442
12439,c,12442
12443,e,12443
12442,e,12443
12442,d,12443
12444,d,12443
12439,e,12443
12443,d,12443
12441,d,12443
12439,d,12443
12440,e,12443
12440,d,12443
12441,e,12443
12444,e,12443
12444,f,12444
12443,f,12444
12445,f,12444
12442,f,12444
12441,f,12444
12440,f,12444
12442,d,12445
12443,d,12445
12441,d,12445
12444,d,12445
12446,d,12445
12445,d,12445
12442,f,12446
12446,f,12446
12445,f,12446
12447,f,12446
12444,f,12446
12443,f,12446
12448,c,12447
12444,c,12447
12445,c,12447
12447,c,12447
12443,c,12447
12446,c,12447
12448,c,12448
12448,e,12448
12447,e,12448
12447,c,12448
12449,c,12448
12446,e,12448
12444,e,12448
12446,c,12448
12445,e,12448
12445,c,12448
12444,c,12448
12449,e,12448
12448,e,12449
12449,f,12449
12449,e,12449
12448,f,12449
12450,e,12449
12450,f,12449
12447,e,12449
12447,f,12449
12445,f,12449
12445,e,12449
12446,f,12449
12446,e,12449
12447,f,12450
12446,f,12450
12448,f,12450
12449,f,12450
12451,f,12450
12450,f,12450
12452,b,12451
12450,c,12451
12450,b,12451
12452,a,12451
12451,a,12451
12451,b,12451
12451,c,12451
12450,a,12451
12452,c,12451
12447,c,12451
12449,c,12451
12448,c,12451
12448,b,12451
12447,a,12451
12447,b,12451
12448,a,12451
12449,b,12451
12449,a,12451
12448,b,12452
12451,b,12452
12451,d,12452
12451,c,12452
12451,f,12452
12449,b,12452
12453,f,12452
12453,d,12452
12453,b,12452
12452,f,12452
12452,b,12452
12452,d,12452
12452,c,12452
12451,e,12452
12453,c,12452
12453,e,12452
12452,e,12452
12449,e,12452
12449,f,12452
12448,e,12452
12448,f,12452
12448,c,12452
12450,b,12452
12448,d,12452
12450,c,12452
12450,f,12452
12450,e,12452
12449,c,12452
12449,d,12452
12450,d,12452
12454,f,12453
12454,e,12453
12452,d,12453
12453,c,12453
12452,f,12453
12452,e,12453
12454,c,12453
12453,d,12453
12453,e,12453
12453,f,12453
12452,c,12453
12454,d,12453
12450,e,12453
12449,d,12453
12451,e,12453
12451,f,12453
12451,c,12453
12451,d,12453
12449,c,12453
12449,f,12453
12449,e,12453
12450,f,12453
12450,c,12453
12450,d,12453
12455,e,12454
12455,f,12454
12454,e,12454
12454,f,12454
12453,e,12454
12451,e,12454
12450,f,12454
12450,e,12454
12453,f,12454
12452,e,12454
12451,f,12454
12452,f,12454
12453,f,12455
12451,f,12455
12455,f,12455
12456,f,12455
12452,f,12455
12454,f,12455
12455,d,12459
12460,d,12459
12456,d,12459
12457,d,12459
12458,d,12459
12459,d,12459
12456,f,12460
12457,f,12460
12458,f,12460
12461,f,12460
12459,f,12460
12460,f,12460
12462,f,12461
12460,f,12461
12461,f,12461
12458,f,12461
12457,f,12461
12459,f,12461
12465,d,12465
12466,d,12465
12463,d,12465
12464,d,12465
12462,d,12465
12461,d,12465
12463,f,12466
12464,f,12466
12465,f,12466
12467,f,12466
12462,f,12466
12466,f,12466
12468,b,12468
12469,b,12468
12466,b,12468
12467,b,12468
12465,b,12468
12464,b,12468
12466,c,12469
12469,f,12469
12469,c,12469
12465,f,12469
12468,f,12469
12470,c,12469
12468,c,12469
12467,f,12469
12467,c,12469
12465,c,12469
12466,f,12469
12470,f,12469
12467,e,12470
12468,e,12470
12471,e,12470
12466,e,12470
12469,e,12470
12470,e,12470
12470,f,12471
12472,f,12471
12468,f,12471
12469,f,12471
12467,f,12471
12471,f,12471
12473,c,12473
12474,c,12473
12472,c,12473
12470,c,12473
12469,c,12473
12471,c,12473
12471,e,12474
12473,e,12474
12474,e,12474
12475,e,12474
12470,e,12474
12472,e,12474
12475,a,12475
12474,f,12475
12474,c,12475
12476,c,12475
12475,c,12475
12475,f,12475
12476,f,12475
12473,f,12475
12474,a,12475
12476,a,12475
12472,c,12475
12472,a,12475
12471,f,12475
12472,f,12475
12471,c,12475
12473,c,12475
12471,a,12475
12473,a,12475
12475,d,12476
12477,d,12476
12475,e,12476
12476,e,12476
12476,d,12476
12476,b,12476
12477,b,12476
12475,b,12476
12473,b,12476
12477,e,12476
12473,d,12476
12474,e,12476
12474,d,12476
12474,b,12476
12472,b,12476
12472,d,12476
12472,e,12476
12473,e,12476
12478,f,12477
12478,c,12477
12477,c,12477
12476,f,12477
12477,a,12477
12477,f,12477
12476,a,12477
12478,a,12477
12476,c,12477
12473,a,12477
12473,c,12477
12473,f,12477
12474,f,12477
12475,f,12477
12475,c,12477
12474,c,12477
12475,a,12477
12474,a,12477
12477,b,12478
12478,d,12478
12477,e,12478
12474,b,12478
12479,b,12478
12478,e,12478
12477,d,12478
12479,d,12478
12474,d,12478
12479,e,12478
12476,e,12478
12476,d,12478
12476,b,12478
12475,b,12478
12475,d,12478
12475,e,12478
12474,e,12478
12478,b,12478
12479,c,12479
12479,f,12479
12480,c,12479
12480,f,12479
12478,f,12479
12478,c,12479
12475,c,12479
12475,f,12479
12476,f,12479
12477,f,12479
12477,c,12479
12476,c,12479
12476,e,12480
12480,e,12480
12481,d,12480
12479,e,12480
12479,d,12480
12480,d,12480
12481,e,12480
12478,e,12480
12478,d,12480
12477,d,12480
12477,e,12480
12476,d,12480
12481,f,12481
12480,f,12481
12477,f,12481
12482,f,12481
12479,f,12481
12478,f,12481
12479,c,12482
12480,c,12482
12483,c,12482
12478,c,12482
12481,c,12482
12482,c,12482
12483,e,12483
12483,d,12483
12482,e,12483
12484,e,12483
12484,d,12483
12482,d,12483
12481,e,12483
12481,d,12483
12480,e,12483
12480,d,12483
12479,e,12483
12479,d,12483
12480,f,12484
12482,f,12484
12483,f,12484
12481,f,12484
12484,f,12484
12485,f,12484
12487,a,12486
12484,a,12486
12483,a,12486
12482,a,12486
12485,a,12486
12486,a,12486
12488,d,12487
12487,d,12487
12486,d,12487
12487,b,12487
12486,b,12487
12485,d,12487
12488,b,12487
12483,b,12487
12484,d,12487
12483,d,12487
12484,b,12487
12485,b,12487
12485,d,12488
12488,d,12488
12488,c,12488
12488,f,12488
12487,f,12488
12487,c,12488
12487,d,12488
12489,d,12488
12489,f,12488
12489,c,12488
12486,f,12488
12486,c,12488
12486,d,12488
12484,d,12488
12484,c,12488
12484,f,12488
12485,c,12488
12485,f,12488
12489,f,12489
12488,e,12489
12490,e,12489
12489,e,12489
12488,f,12489
12490,b,12489
12490,f,12489
12489,b,12489
12488,b,12489
12485,b,12489
12485,f,12489
12487,e,12489
12487,f,12489
12487,b,12489
12485,e,12489
12486,b,12489
12486,f,12489
12486,e,12489
12489,c,12490
12490,e,12490
12489,e,12490
12489,f,12490
12491,c,12490
12490,c,12490
12486,c,12490
12491,f,12490
12491,e,12490
12488,e,12490
12488,f,12490
12488,c,12490
12486,e,12490
12487,c,12490
12487,f,12490
12487,e,12490
12486,f,12490
12490,f,12490
12491,f,12491
12487,e,12491
12490,e,12491
12490,f,12491
12487,f,12491
12489,e,12491
12489,f,12491
12491,e,12491
12488,e,12491
12488,f,12491
12492,e,12491
12492,f,12491
12492,f,12492
12493,f,12492
12490,f,12492
12491,f,12492
12489,f,12492
12488,f,12492
12495,b,12495
12491,b,12495
12494,b,12495
12493,b,12495
12496,b,12495
12492,b,12495
12493,c,12496
12496,f,12496
12495,f,12496
12495,c,12496
12496,c,12496
12497,c,12496
12492,f,12496
12497,f,12496
12494,f,12496
12492,c,12496
12493,f,12496
12494,c,12496
12497,e,12497
12498,c,12497
12498,e,12497
12496,e,12497
12496,c,12497
12497,c,12497
12495,c,12497
12493,e,12497
12495,e,12497
12494,c,12497
12494,e,12497
12493,c,12497
12498,f,12498
12498,e,12498
12497,f,12498
12494,f,12498
12494,e,12498
12497,e,12498
12499,f,12498
12496,e,12498
12496,f,12498
12499,e,12498
12495,f,12498
12495,e,12498
12498,f,12499
12498,d,12499
12495,d,12499
12497,f,12499
12497,d,12499
12499,d,12499
12500,d,12499
12496,f,12499
12496,d,12499
12495,f,12499
12500,f,12499
12499,f,12499
12501,f,12500
12499,f,12500
12497,f,12500
12498,f,12500
12496,f,12500
12500,f,12500
12501,b,12502
12500,b,12502
12503,b,12502
12502,b,12502
12498,b,12502
12499,b,12502
12503,f,12503
12502,f,12503
12502,c,12503
12504,c,12503
12504,f,12503
12503,c,12503
12500,c,12503
12501,f,12503
12501,c,12503
12499,c,12503
12500,f,12503
12499,f,12503
12503,e,12504
12505,b,12504
12505,e,12504
12503,b,12504
12504,e,12504
12504,b,12504
12502,e,12504
12502,b,12504
12500,b,12504
12500,e,12504
12501,b,12504
12501,e,12504
12502,f,12505
12506,f,12505
12506,c,12505
12505,c,12505
12504,f,12505
12504,c,12505
12505,f,12505
12501,f,12505
12503,f,12505
12503,c,12505
12502,c,12505
12501,c,12505
12504,e,12506
12507,e,12506
12503,e,12506
12502,e,12506
12505,e,12506
12506,e,12506
12507,f,12507
12506,f,12507
12508,f,12507
12503,f,12507
12505,f,12507
12504,f,12507
12509,a,12508
12507,a,12508
12508,a,12508
12504,a,12508
12505,a,12508
12506,a,12508
12509,f,12509
12509,b,12509
12510,d,12509
12508,f,12509
12508,d,12509
12510,f,12509
12508,b,12509
12510,b,12509
12509,d,12509
12505,d,12509
12507,f,12509
12507,d,12509
12507,b,12509
12505,b,12509
12505,f,12509
12506,b,12509
12506,f,12509
12506,d,12509
12511,f,12510
12511,c,12510
12510,f,12510
12510,c,12510
12509,f,12510
12509,c,12510
12507,c,12510
12507,f,12510
12508,c,12510
12506,f,12510
12506,c,12510
12508,f,12510
12511,b,12511
12511,e,12511
12510,e,12511
12510,b,12511
12507,e,12511
12507,b,12511
12512,e,12511
12509,e,12511
12509,b,12511
12508,b,12511
12508,e,12511
12512,b,12511
12512,c,12512
12512,f,12512
12511,f,12512
12511,c,12512
12508,c,12512
12513,c,12512
12508,f,12512
12510,f,12512
12510,c,12512
12513,f,12512
12509,f,12512
12509,c,12512
12511,e,12513
12514,e,12513
12509,e,12513
12512,e,12513
12513,e,12513
12510,e,12513
12513,f,12514
12514,f,12514
12515,f,12514
12512,f,12514
12511,f,12514
12510,f,12514
12512,c,12516
12516,e,12516
12516,c,12516
12512,e,12516
12515,e,12516
12517,e,12516
12515,c,12516
12517,c,12516
12514,c,12516
12513,c,12516
12513,e,12516
12514,e,12516
12517,f,12517
12517,e,12517
12516,e,12517
12516,f,12517
12514,f,12517
12515,e,12517
12515,f,12517
12513,e,12517
12518,e,12517
12514,e,12517
12518,f,12517
12513,f,12517
12517,f,12518
12517,a,12518
12518,a,12518
12518,f,12518
12516,a,12518
12519,a,12518
12516,f,12518
12519,f,12518
12514,a,12518
12514,f,12518
12515,f,12518
12515,a,12518
12519,b,12519
12519,d,12519
12518,d,12519
12518,b,12519
12520,d,12519
12520,b,12519
12517,d,12519
12517,b,12519
12515,b,12519
12515,d,12519
12516,b,12519
12516,d,12519
12519,c,12520
12520,f,12520
12520,c,12520
12519,f,12520
12517,c,12520
12521,c,12520
12518,f,12520
12518,c,12520
12521,f,12520
12516,c,12520
12516,f,12520
12517,f,12520
12521,c,12521
12521,e,12521
12520,e,12521
12520,c,12521
12522,e,12521
12522,c,12521
12519,e,12521
12519,c,12521
12517,c,12521
12517,e,12521
12518,c,12521
12518,e,12521
12523,f,12522
12521,e,12522
12522,f,12522
12521,f,12522
12521,c,12522
12523,e,12522
12522,e,12522
12522,c,12522
12523,c,12522
12520,e,12522
12518,f,12522
12518,c,12522
12520,f,12522
12520,c,12522
12518,e,12522
12519,c,12522
12519,f,12522
12519,e,12522
12524,f,12523
12524,e,12523
12522,e,12523
12522,f,12523
12519,f,12523
12523,f,12523
12523,e,12523
12521,e,12523
12521,f,12523
12519,e,12523
12520,f,12523
12520,e,12523
12523,a,12524
12523,b,12524
12523,f,12524
12524,f,12524
12524,b,12524
12524,a,12524
12525,a,12524
12525,b,12524
12525,f,12524
12520,b,12524
12520,f,12524
12520,a,12524
12521,a,12524
12521,b,12524
12521,f,12524
12522,b,12524
12522,a,12524
12522,f,12524
12526,d,12525
12526,c,12525
12526,f,12525
12525,b,12525
12524,c,12525
12524,d,12525
12524,b,12525
12526,b,12525
12525,c,12525
12524,f,12525
12525,d,12525
12525,f,12525
12522,b,12525
12522,d,12525
12522,c,12525
12521,b,12525
12523,b,12525
12523,d,12525
12522,f,12525
12523,f,12525
12521,f,12525
12521,c,12525
12521,d,12525
12523,c,12525
12526,e,12526
12527,c,12526
12527,f,12526
12525,e,12526
12525,f,12526
12525,c,12526
12527,e,12526
12522,c,12526
12526,f,12526
12522,f,12526
12522,e,12526
12524,e,12526
12524,f,12526
12524,c,12526
12523,c,12526
12523,f,12526
12523,e,12526
12526,c,12526
12523,e,12527
12527,e,12527
12528,f,12527
12528,e,12527
12526,e,12527
12526,f,12527
12523,f,12527
12527,f,12527
12524,f,12527
12524,e,12527
12525,e,12527
12525,f,12527
12525,e,12528
12528,e,12528
12528,d,12528
12529,d,12528
12529,e,12528
12527,e,12528
12527,d,12528
12524,e,12528
12526,e,12528
12526,d,12528
12525,d,12528
12524,d,12528
12528,e,12529
12527,e,12529
12529,e,12529
12530,e,12529
12526,e,12529
12525,e,12529
12529,f,12530
12530,f,12530
12531,f,12530
12528,f,12530
12526,f,12530
12527,f,12530
12528,c,12531
12530,c,12531
12530,b,12531
12531,b,12531
12532,c,12531
12532,e,12531
12528,b,12531
12530,e,12531
12529,e,12531
12529,b,12531
12527,b,12531
12527,c,12531
12527,e,12531
12531,e,12531
12531,c,12531
12528,e,12531
12529,c,12531
12532,b,12531
12531,c,12532
12531,f,12532
12531,e,12532
12531,d,12532
12532,d,12532
12532,f,12532
12532,e,12532
12533,d,12532
12533,c,12532
12533,f,12532
12532,c,12532
12533,e,12532
12528,c,12532
12528,f,12532
12528,e,12532
12530,e,12532
12530,f,12532
12530,c,12532
12529,d,12532
12529,c,12532
12529,f,12532
12529,e,12532
12530,d,12532
12528,d,12532
12534,f,12533
12533,e,12533
12534,e,12533
12532,e,12533
12532,f,12533
12529,f,12533
12531,e,12533
12531,f,12533
12530,f,12533
12530,e,12533
12529,e,12533
12533,f,12533
12534,b,12534
12534,f,12534
12534,e,12534
12535,b,12534
12535,f,12534
12530,e,12534
12533,e,12534
12533,f,12534
12533,b,12534
12535,e,12534
12530,f,12534
12530,b,12534
12531,b,12534
12532,e,12534
12531,f,12534
12532,f,12534
12532,b,12534
12531,e,12534
12536,f,12535
12536,c,12535
12534,f,12535
12534,c,12535
12531,f,12535
12535,c,12535
12533,f,12535
12533,c,12535
12532,c,12535
12532,f,12535
12531,c,12535
12535,f,12535
12536,e,12536
12537,e,12536
12535,e,12536
12532,e,12536
12534,e,12536
12533,e,12536
12535,f,12537
12534,f,12537
12537,f,12537
12538,f,12537
12536,f,12537
12533,f,12537
12536,e,12540
12539,e,12540
12539,a,12540
12541,a,12540
12541,e,12540
12536,a,12540
12538,e,12540
12540,a,12540
12540,e,12540
12537,e,12540
12537,a,12540
12538,a,12540
12541,f,12541
12541,b,12541
12542,b,12541
12542,d,12541
12540,f,12541
12540,d,12541
12542,f,12541
12540,b,12541
12541,d,12541
12539,b,12541
12537,b,12541
12538,b,12541
12537,f,12541
12537,d,12541
12538,d,12541
12539,d,12541
12538,f,12541
12539,f,12541
12539,c,12542
12542,a,12542
12542,c,12542
12541,f,12542
12543,c,12542
12541,a,12542
12542,f,12542
12543,a,12542
12539,f,12542
12541,c,12542
12538,c,12542
12539,a,12542
12538,f,12542
12538,a,12542
12540,a,12542
12540,c,12542
12543,f,12542
12540,f,12542
12541,b,12543
12539,b,12543
12543,b,12543
12543,d,12543
12543,e,12543
12542,e,12543
12542,d,12543
12542,b,12543
12539,d,12543
12539,e,12543
12540,e,12543
12540,d,12543
12540,b,12543
12544,b,12543
12541,e,12543
12541,d,12543
12544,e,12543
12544,d,12543
12543,f,12544
12543,c,12544
12545,c,12544
12541,f,12544
12542,f,12544
12542,c,12544
12544,c,12544
12541,c,12544
12540,f,12544
12540,c,12544
12545,f,12544
12544,f,12544
12545,e,12545
12546,e,12545
12544,e,12545
12543,e,12545
12542,e,12545
12541,e,12545
12544,f,12546
12542,f,12546
12545,f,12546
12546,f,12546
12547,f,12546
12543,f,12546
12547,f,12551
12548,f,12551
12549,f,12551
12552,f,12551
12551,f,12551
12550,f,12551
12553,f,12552
12552,f,12552
12551,f,12552
12550,f,12552
12548,f,12552
12549,f,12552
12550,d,12553
12554,e,12553
12554,d,12553
12553,e,12553
12553,d,12553
12552,e,12553
12552,d,12553
12550,e,12553
12551,e,12553
12551,d,12553
12549,d,12553
12549,e,12553
12554,f,12554
12550,f,12554
12555,f,12554
12553,e,12554
12553,f,12554
12554,e,12554
12551,e,12554
12555,e,12554
12552,e,12554
12552,f,12554
12551,f,12554
12550,e,12554
12556,f,12555
12555,f,12555
12553,f,12555
12552,f,12555
12554,f,12555
12551,f,12555
12554,b,12558
12555,b,12558
12556,b,12558
12559,b,12558
12557,b,12558
12558,b,12558
12559,f,12559
12559,c,12559
12558,f,12559
12558,c,12559
12557,f,12559
12557,c,12559
12556,f,12559
12556,c,12559
12555,f,12559
12555,c,12559
12560,c,12559
12560,f,12559
12557,e,12560
12556,e,12560
12558,e,12560
12559,e,12560
12561,e,12560
12560,e,12560
12562,f,12561
12561,f,12561
12560,f,12561
12557,f,12561
12559,f,12561
12558,f,12561
12563,c,12563
12562,c,12563
12564,c,12563
12560,c,12563
12561,c,12563
12559,c,12563
12561,e,12564
12564,e,12564
12560,e,12564
12562,e,12564
12565,e,12564
12563,e,12564
12566,f,12565
12564,f,12565
12562,f,12565
12563,f,12565
12561,f,12565
12565,f,12565
12568,b,12567
12565,b,12567
12566,b,12567
12567,b,12567
12564,b,12567
12563,b,12567
12569,f,12568
12568,c,12568
12569,c,12568
12567,f,12568
12568,f,12568
12567,c,12568
12565,c,12568
12566,f,12568
12566,c,12568
12564,c,12568
12564,f,12568
12565,f,12568
12566,e,12569
12570,e,12569
12570,b,12569
12566,b,12569
12569,b,12569
12568,e,12569
12568,b,12569
12569,e,12569
12567,e,12569
12565,b,12569
12567,b,12569
12565,e,12569
12566,f,12570
12567,f,12570
12567,c,12570
12568,c,12570
12568,f,12570
12566,c,12570
12571,f,12570
12571,c,12570
12569,c,12570
12569,f,12570
12570,f,12570
12570,c,12570
12567,e,12571
12571,e,12571
12570,e,12571
12572,e,12571
12569,e,12571
12568,e,12571
12569,c,12572
12572,c,12572
12570,c,12572
12570,f,12572
12573,f,12572
12573,c,12572
12568,f,12572
12568,c,12572
12571,c,12572
12571,f,12572
12572,f,12572
12569,f,12572
12572,e,12573
12573,e,12573
12574,e,12573
12571,e,12573
12570,e,12573
12569,e,12573
12571,f,12574
12572,f,12574
12575,f,12574
12574,f,12574
12570,f,12574
12573,f,12574
12571,e,12575
12575,e,12575
12574,e,12575
12576,e,12575
12572,e,12575
12573,e,12575
12576,f,12576
12576,e,12576
12575,e,12576
12575,f,12576
12575,a,12576
12572,a,12576
12572,f,12576
12577,a,12576
12577,f,12576
12577,e,12576
12573,a,12576
12574,e,12576
12574,f,12576
12574,a,12576
12576,a,12576
12572,e,12576
12573,f,12576
12573,e,12576
12577,d,12577
12576,b,12577
12576,f,12577
12576,e,12577
12578,d,12577
12578,f,12577
12577,f,12577
12578,b,12577
12577,e,12577
12578,e,12577
12577,b,12577
12576,d,12577
12573,f,12577
12574,d,12577
12574,f,12577
12574,e,12577
12575,e,12577
12575,f,12577
12575,d,12577
12573,e,12577
12574,b,12577
12573,d,12577
12573,b,12577
12575,b,12577
12574,c,12578
12574,f,12578
12578,f,12578
12577,c,12578
12578,c,12578
12576,f,12578
12576,c,12578
12575,c,12578
12575,f,12578
12579,c,12578
12579,f,12578
12577,f,12578
12580,d,12579
12575,e,12579
12578,a,12579
12578,d,12579
12578,c,12579
12578,e,12579
12580,a,12579
12579,e,12579
12579,c,12579
12580,c,12579
12580,e,12579
12577,d,12579
12576,c,12579
12575,d,12579
12575,a,12579
12579,a,12579
12576,a,12579
12576,d,12579
12576,e,12579
12579,d,12579
12577,a,12579
12575,c,12579
12577,c,12579
12577,e,12579
12581,b,12580
12581,d,12580
12581,e,12580
12580,b,12580
12579,e,12580
12579,f,12580
12579,d,12580
12579,b,12580
12580,f,12580
12580,e,12580
12580,d,12580
12581,f,12580
12577,b,12580
12577,d,12580
12577,f,12580
12577,e,12580
12578,b,12580
12576,d,12580
12576,f,12580
12578,d,12580
12578,f,12580
12578,e,12580
12576,b,12580
12576,e,12580
12581,c,12581
12580,f,12581
12582,c,12581
12582,f,12581
12581,f,12581
12578,f,12581
12577,c,12581
12577,f,12581
12579,f,12581
12579,c,12581
12578,c,12581
12580,c,12581
12580,e,12582
12578,e,12582
12582,e,12582
12579,e,12582
12583,e,12582
12581,e,12582
12583,f,12583
12584,f,12583
12580,f,12583
12581,f,12583
12582,f,12583
12579,f,12583
12583,b,12584
12583,a,12584
12584,b,12584
12585,a,12584
12584,a,12584
12582,b,12584
12585,b,12584
12580,a,12584
12580,b,12584
12582,a,12584
12581,a,12584
12581,b,12584
12582,b,12585
12585,c,12585
12585,f,12585
12586,b,12585
12584,f,12585
12584,c,12585
12584,d,12585
12584,b,12585
12586,d,12585
12586,c,12585
12585,b,12585
12586,f,12585
12581,f,12585
12582,d,12585
12582,c,12585
12582,f,12585
12581,c,12585
12581,d,12585
12585,d,12585
12583,b,12585
12583,d,12585
12583,c,12585
12583,f,12585
12581,b,12585
12586,f,12586
12587,f,12586
12585,e,12586
12585,f,12586
12585,c,12586
12587,e,12586
12586,e,12586
12586,c,12586
12587,c,12586
12582,c,12586
12584,e,12586
12584,f,12586
12584,c,12586
12582,f,12586
12582,e,12586
12583,e,12586
12583,f,12586
12583,c,12586
12588,e,12587
12588,f,12587
12587,e,12587
12587,f,12587
12586,e,12587
12584,e,12587
12583,f,12587
12583,e,12587
12586,f,12587
12584,f,12587
12585,f,12587
12585,e,12587
12584,f,12588
12589,f,12588
12588,f,12588
12586,f,12588
12585,f,12588
12587,f,12588
12587,d,12590
12590,d,12590
12586,d,12590
12589,d,12590
12588,d,12590
12591,d,12590
12589,f,12591
12590,f,12591
12587,f,12591
12592,f,12591
12588,f,12591
12591,f,12591
12594,a,12593
12593,a,12593
12592,a,12593
12590,a,12593
12591,a,12593
12589,a,12593
12591,b,12594
12594,d,12594
12594,b,12594
12595,d,12594
12593,d,12594
12593,b,12594
12595,b,12594
12592,d,12594
12592,b,12594
12590,b,12594
12590,d,12594
12591,d,12594
12592,f,12595
12595,c,12595
12595,f,12595
12594,f,12595
12594,c,12595
12591,c,12595
12591,f,12595
12593,c,12595
12592,c,12595
12596,c,12595
12596,f,12595
12593,f,12595
12596,c,12596
12597,e,12596
12596,e,12596
12597,c,12596
12595,c,12596
12595,e,12596
12594,c,12596
12592,c,12596
12594,e,12596
12592,e,12596
12593,c,12596
12593,e,12596
12597,c,12597
12597,f,12597
12597,e,12597
12596,e,12597
12596,f,12597
12596,c,12597
12593,c,12597
12598,c,12597
12598,e,12597
12598,f,12597
12594,c,12597
12594,e,12597
12595,e,12597
12595,f,12597
12595,c,12597
12593,f,12597
12593,e,12597
12594,f,12597
12599,e,12598
12597,c,12598
12594,c,12598
12597,e,12598
12598,c,12598
12598,e,12598
12598,f,12598
12597,f,12598
12594,f,12598
12599,f,12598
12594,e,12598
12595,c,12598
12596,e,12598
12596,f,12598
12596,c,12598
12595,f,12598
12595,e,12598
12599,c,12598
12595,e,12599
12598,f,12599
12598,a,12599
12595,a,12599
12595,f,12599
12599,f,12599
12600,e,12599
12600,f,12599
12598,e,12599
12599,a,12599
12597,e,12599
12597,f,12599
12597,a,12599
12596,a,12599
12596,f,12599
12596,e,12599
12600,a,12599
12599,e,12599
12600,f,12600
12599,d,12600
12599,f,12600
12600,b,12600
12601,b,12600
12599,b,12600
12600,d,12600
12597,d,12600
12601,d,12600
12596,b,12600
12596,d,12600
12596,f,12600
12597,b,12600
12597,f,12600
12601,f,12600
12598,f,12600
12598,b,12600
12598,d,12600
12598,c,12601
12601,c,12601
12601,f,12601
12602,c,12601
12600,f,12601
12600,c,12601
12599,f,12601
12597,f,12601
12597,c,12601
12602,f,12601
12599,c,12601
12598,f,12601
12603,e,12602
12601,e,12602
12602,e,12602
12599,e,12602
12600,e,12602
12598,e,12602
12600,d,12603
12601,d,12603
12604,d,12603
12599,d,12603
12602,d,12603
12603,d,12603
12600,d,12604
12605,d,12604
12603,f,12604
12603,d,12604
12602,d,12604
12602,f,12604
12604,d,12604
12600,f,12604
12601,f,12604
12601,d,12604
12605,f,12604
12604,f,12604
12605,f,12605
12604,f,12605
12606,f,12605
12603,f,12605
12602,f,12605
12601,f,12605
12604,f,12607
12605,f,12607
12606,f,12607
12608,f,12607
12603,f,12607
12607,f,12607
12609,c,12609
12608,c,12609
12607,c,12609
12610,c,12609
12606,c,12609
12605,c,12609
12607,b,12610
12607,e,12610
12610,e,12610
12606,b,12610
12608,b,12610
12608,e,12610
12609,e,12610
12609,b,12610
12606,e,12610
12611,e,12610
12611,b,12610
12610,b,12610
12610,a,12611
12611,a,12611
12610,f,12611
12611,c,12611
12611,f,12611
12612,c,12611
12612,f,12611
12610,c,12611
12612,a,12611
12607,c,12611
12608,f,12611
12608,a,12611
12609,f,12611
12609,c,12611
12609,a,12611
12608,c,12611
12607,a,12611
12607,f,12611
12611,b,12612
12613,b,12612
12611,f,12612
12611,e,12612
12609,f,12612
12612,d,12612
12612,f,12612
12612,e,12612
12613,e,12612
12613,f,12612
12609,d,12612
12612,b,12612
12611,d,12612
12608,d,12612
12609,e,12612
12609,b,12612
12608,e,12612
12608,f,12612
12608,b,12612
12610,d,12612
12610,f,12612
12610,b,12612
12613,d,12612
12610,e,12612
12609,c,12613
12613,c,12613
12613,f,12613
12612,f,12613
12614,f,12613
12614,c,12613
12610,f,12613
12610,c,12613
12611,c,12613
12611,f,12613
12609,f,12613
12612,c,12613
12613,e,12614
12614,e,12614
12615,e,12614
12612,e,12614
12610,e,12614
12611,e,12614
12616,c,12615
12612,f,12615
12612,c,12615
12616,f,12615
12613,c,12615
12613,f,12615
12615,c,12615
12614,f,12615
12614,c,12615
12615,f,12615
12611,f,12615
12611,c,12615
12615,b,12616
12616,e,12616
12616,b,12616
12615,e,12616
12617,b,12616
12612,b,12616
12614,e,12616
12612,e,12616
12613,e,12616
12613,b,12616
12617,e,12616
12614,b,12616
12617,c,12617
12616,e,12617
12616,f,12617
12617,f,12617
12617,e,12617
12618,e,12617
12616,c,12617
12613,c,12617
12618,c,12617
12618,f,12617
12615,e,12617
12615,f,12617
12615,c,12617
12613,f,12617
12613,e,12617
12614,c,12617
12614,f,12617
12614,e,12617
12618,f,12618
12618,e,12618
12617,e,12618
12617,f,12618
12619,f,12618
12616,e,12618
12616,f,12618
12614,f,12618
12614,e,12618
12615,f,12618
12615,e,12618
12619,e,12618
12620,d,12619
12619,b,12619
12619,d,12619
12619,f,12619
12618,f,12619
12618,d,12619
12618,b,12619
12620,f,12619
12620,b,12619
12615,f,12619
12615,b,12619
12616,d,12619
12616,f,12619
12617,f,12619
12617,d,12619
12617,b,12619
12615,d,12619
12616,b,12619
12616,c,12620
12616,f,12620
12619,f,12620
12621,c,12620
12620,f,12620
12620,c,12620
12618,f,12620
12618,c,12620
12617,c,12620
12617,f,12620
12621,f,12620
12619,c,12620
12620,a,12621
12622,a,12621
12620,e,12621
12621,a,12621
12621,b,12621
12621,e,12621
12622,e,12621
12620,b,12621
12617,e,12621
12617,b,12621
12622,b,12621
12617,a,12621
12618,e,12621
12618,b,12621
12618,a,12621
12619,e,12621
12619,b,12621
12619,a,12621
12618,b,12622
12621,b,12622
12621,d,12622
12621,f,12622
12618,d,12622
12622,f,12622
12622,c,12622
12622,d,12622
12622,b,12622
12621,c,12622
12623,b,12622
12623,d,12622
12623,c,12622
12619,c,12622
12619,d,12622
12619,b,12622
12619,f,12622
12618,c,12622
12620,b,12622
12618,f,12622
12620,c,12622
12620,f,12622
12623,f,12622
12620,d,12622
12622,e,12623
12622,f,12623
12622,c,12623
12623,e,12623
12623,f,12623
12623,c,12623
12624,c,12623
12624,e,12623
12624,f,12623
12619,c,12623
12619,f,12623
12619,e,12623
12620,f,12623
12621,e,12623
12621,f,12623
12621,c,12623
12620,c,12623
12620,e,12623
12623,d,12624
12623,f,12624
12625,e,12624
12625,f,12624
12624,e,12624
12624,f,12624
12623,e,12624
12625,d,12624
12620,d,12624
12620,e,12624
12622,e,12624
12622,f,12624
12622,d,12624
12621,d,12624
12621,f,12624
12621,e,12624
12620,f,12624
12624,d,12624
12625,e,12625
12625,f,12625
12626,f,12625
12626,e,12625
12621,e,12625
12624,e,12625
12624,f,12625
12621,f,12625
12622,f,12625
12622,e,12625
12623,e,12625
12623,f,12625
12624,f,12626
12623,f,12626
12626,b,12626
12627,b,12626
12625,f,12626
12625,b,12626
12622,f,12626
12624,b,12626
12626,f,12626
12622,b,12626
12623,b,12626
12627,f,12626
12626,f,12627
12623,f,12627
12627,c,12627
12626,c,12627
12627,f,12627
12623,c,12627
12628,c,12627
12625,f,12627
12628,f,12627
12624,f,12627
12624,c,12627
12625,c,12627
12627,e,12628
12628,a,12628
12628,e,12628
12629,a,12628
12627,a,12628
12626,a,12628
12625,a,12628
12624,a,12628
12626,e,12628
12625,e,12628
12624,e,12628
12629,e,12628
12629,d,12629
12630,b,12629
12628,d,12629
12628,b,12629
12626,d,12629
12627,d,12629
12627,b,12629
12625,b,12629
12625,d,12629
12626,b,12629
12630,d,12629
12629,b,12629
12631,c,12630
12631,f,12630
12630,c,12630
12630,f,12630
12629,f,12630
12629,c,12630
12626,c,12630
12628,f,12630
12628,c,12630
12627,f,12630
12627,c,12630
12626,f,12630
12628,e,12631
12629,e,12631
12627,e,12631
12630,e,12631
12632,e,12631
12631,e,12631
12628,f,12632
12632,f,12632
12633,f,12632
12630,f,12632
12629,f,12632
12631,f,12632
12631,b,12635
12636,b,12635
12632,b,12635
12633,b,12635
12635,b,12635
12634,b,12635
12636,f,12636
12637,c,12636
12635,f,12636
12635,c,12636
12637,f,12636
12634,c,12636
12633,f,12636
12633,c,12636
12632,f,12636
12632,c,12636
12634,f,12636
12636,c,12636
12637,e,12637
12637,d,12637
12638,d,12637
12638,e,12637
12636,e,12637
12636,d,12637
12633,d,12637
12635,e,12637
12633,e,12637
12635,d,12637
12634,d,12637
12634,e,12637
12635,f,12638
12638,f,12638
12639,f,12638
12637,f,12638
12636,f,12638
12634,f,12638
12637,d,12639
12636,d,12639
12635,d,12639
12638,d,12639
12640,d,12639
12639,d,12639
12641,f,12640
12640,f,12640
12639,f,12640
12638,f,12640
12637,f,12640
12636,f,12640
12639,c,12643
12643,c,12643
12642,c,12643
12644,c,12643
12640,c,12643
12641,c,12643
12641,e,12644
12644,e,12644
12640,e,12644
12642,e,12644
12645,e,12644
12643,e,12644
12646,a,12645
12645,a,12645
12644,f,12645
12644,a,12645
12645,f,12645
12642,a,12645
12641,a,12645
12643,f,12645
12643,a,12645
12641,f,12645
12646,f,12645
12642,f,12645
12643,d,12646
12646,d,12646
12647,b,12646
12645,d,12646
12645,b,12646
12647,d,12646
12644,d,12646
12644,b,12646
12642,b,12646
12642,d,12646
12643,b,12646
12646,b,12646
12647,c,12647
12647,f,12647
12646,f,12647
12646,c,12647
12648,c,12647
12648,f,12647
12645,f,12647
12645,c,12647
12644,f,12647
12644,c,12647
12643,f,12647
12643,c,12647
12645,e,12648
12646,e,12648
12644,e,12648
12647,e,12648
12649,e,12648
12648,e,12648
12650,f,12649
12645,f,12649
12648,f,12649
12647,f,12649
12646,f,12649
12649,f,12649
12652,c,12651
12649,c,12651
12651,c,12651
12650,c,12651
12648,c,12651
12647,c,12651
12649,b,12652
12649,e,12652
12653,e,12652
12653,b,12652
12648,b,12652
12650,b,12652
12650,e,12652
12652,b,12652
12648,e,12652
12651,e,12652
12652,e,12652
12651,b,12652
12652,f,12653
12653,c,12653
12654,c,12653
12652,c,12653
12654,f,12653
12651,c,12653
12651,f,12653
12650,f,12653
12650,c,12653
12649,f,12653
12649,c,12653
12653,f,12653
12654,e,12654
12655,f,12654
12655,e,12654
12653,e,12654
12653,f,12654
12654,f,12654
12651,f,12654
12652,e,12654
12650,e,12654
12651,e,12654
12650,f,12654
12652,f,12654
12652,f,12655
12654,f,12655
12653,f,12655
12655,f,12655
12656,f,12655
12651,f,12655
12654,c,12658
12658,c,12658
12655,c,12658
12656,c,12658
12659,c,12658
12657,c,12658
12659,e,12659
12658,e,12659
12657,e,12659
12660,e,12659
12655,e,12659
12656,e,12659
12660,f,12660
12659,f,12660
12659,d,12660
12661,d,12660
12660,d,12660
12657,d,12660
12658,f,12660
12658,d,12660
12656,d,12660
12656,f,12660
12657,f,12660
12661,f,12660
12660,f,12661
12661,f,12661
12662,b,12661
12662,f,12661
12661,b,12661
12660,b,12661
12659,f,12661
12659,b,12661
12657,b,12661
12657,f,12661
12658,f,12661
12658,b,12661
12659,f,12662
12663,f,12662
12662,f,12662
12662,c,12662
12661,f,12662
12661,c,12662
12663,c,12662
12658,c,12662
12660,f,12662
12660,c,12662
12658,f,12662
12659,c,12662
12660,e,12663
12661,e,12663
12662,e,12663
12664,e,12663
12659,e,12663
12663,e,12663
12660,f,12664
12664,f,12664
12665,f,12664
12662,f,12664
12661,f,12664
12663,f,12664
12664,e,12668
12665,e,12668
12666,e,12668
12667,e,12668
12669,e,12668
12668,e,12668
12669,f,12669
12665,f,12669
12666,f,12669
12667,f,12669
12668,f,12669
12670,f,12669
12670,f,12671
12672,f,12671
12671,f,12671
12671,e,12671
12670,e,12671
12669,e,12671
12672,e,12671
12669,f,12671
12667,f,12671
12668,e,12671
12667,e,12671
12668,f,12671
12669,d,12672
12672,f,12672
12672,d,12672
12673,d,12672
12671,d,12672
12671,f,12672
12668,f,12672
12669,f,12672
12668,d,12672
12670,d,12672
12673,f,12672
12670,f,12672
12670,b,12673
12673,b,12673
12673,f,12673
12672,f,12673
12672,b,12673
12669,f,12673
12669,b,12673
12674,b,12673
12674,f,12673
12671,f,12673
12671,b,12673
12670,f,12673
12675,c,12674
12674,c,12674
12673,f,12674
12673,c,12674
12675,f,12674
12674,f,12674
12672,f,12674
12672,c,12674
12670,c,12674
12670,f,12674
12671,f,12674
12671,c,12674
12672,e,12675
12675,e,12675
12674,e,12675
12676,e,12675
12671,e,12675
12673,e,12675
12674,f,12676
12677,f,12676
12672,f,12676
12676,f,12676
12673,f,12676
12675,f,12676
12678,a,12677
12677,a,12677
12676,a,12677
12675,a,12677
12673,a,12677
12674,a,12677
12675,d,12678
12678,d,12678
12678,b,12678
12675,b,12678
12677,d,12678
12677,b,12678
12679,d,12678
12679,b,12678
12676,d,12678
12676,b,12678
12674,b,12678
12674,d,12678
12680,c,12679
12679,c,12679
12679,f,12679
12678,f,12679
12678,c,12679
12675,c,12679
12675,f,12679
12677,c,12679
12680,f,12679
12677,f,12679
12676,c,12679
12676,f,12679
12681,e,12680
12680,c,12680
12680,e,12680
12679,c,12680
12679,e,12680
12681,c,12680
12677,c,12680
12676,e,12680
12678,e,12680
12678,c,12680
12677,e,12680
12676,c,12680
12681,d,12681
12681,f,12681
12681,e,12681
12680,e,12681
12680,f,12681
12680,d,12681
12682,d,12681
12677,d,12681
12677,f,12681
12682,f,12681
12679,e,12681
12679,f,12681
12679,d,12681
12677,e,12681
12678,d,12681
12678,f,12681
12678,e,12681
12682,e,12681
12682,c,12682
12682,f,12682
12681,f,12682
12681,c,12682
12678,c,12682
12678,f,12682
12683,c,12682
12680,f,12682
12680,c,12682
12679,c,12682
12679,f,12682
12683,f,12682
12683,b,12683
12683,e,12683
12682,e,12683
12682,b,12683
12679,b,12683
12679,e,12683
12684,e,12683
12684,b,12683
12681,e,12683
12681,b,12683
12680,b,12683
12680,e,12683
12684,e,12684
12683,e,12684
12684,c,12684
12684,f,12684
12685,e,12684
12683,f,12684
12683,c,12684
12683,b,12684
12685,f,12684
12685,c,12684
12684,b,12684
12685,b,12684
12681,b,12684
12680,b,12684
12681,e,12684
12681,f,12684
12681,c,12684
12680,e,12684
12682,b,12684
12682,c,12684
12680,c,12684
12682,e,12684
12680,f,12684
12682,f,12684
12681,c,12685
12684,e,12685
12684,f,12685
12684,c,12685
12685,e,12685
12685,f,12685
12685,c,12685
12686,c,12685
12686,f,12685
12681,e,12685
12682,e,12685
12682,f,12685
12682,c,12685
12686,e,12685
12683,c,12685
12681,f,12685
12683,e,12685
12683,f,12685
12682,a,12686
12687,f,12686
12685,e,12686
12685,f,12686
12685,a,12686
12687,a,12686
12686,e,12686
12686,f,12686
12687,e,12686
12686,a,12686
12682,f,12686
12684,e,12686
12682,e,12686
12683,a,12686
12683,f,12686
12684,f,12686
12684,a,12686
12683,e,12686
12686,d,12687
12688,b,12687
12687,f,12687
12687,d,12687
12687,b,12687
12686,f,12687
12688,d,12687
12686,b,12687
12683,b,12687
12688,f,12687
12683,f,12687
12684,f,12687
12684,d,12687
12683,d,12687
12685,b,12687
12685,d,12687
12685,f,12687
12684,b,12687
12686,f,12688
12686,c,12688
12685,c,12688
12685,f,12688
12687,c,12688
12687,f,12688
12689,c,12688
12688,f,12688
12688,c,12688
12684,c,12688
12689,f,12688
12684,f,12688
12689,e,12689
12690,e,12689
12688,e,12689
12687,e,12689
12686,e,12689
12685,e,12689
12691,a,12690
12687,a,12690
12688,a,12690
12690,a,12690
12686,a,12690
12689,a,12690
12691,d,12691
12692,b,12691
12690,d,12691
12690,b,12691
12692,d,12691
12687,b,12691
12687,d,12691
12689,b,12691
12691,b,12691
12688,d,12691
12688,b,12691
12689,d,12691
12692,c,12692
12693,c,12692
12693,f,12692
12691,f,12692
12691,c,12692
12692,f,12692
12690,c,12692
12690,f,12692
12688,c,12692
12689,f,12692
12689,c,12692
12688,f,12692
12694,e,12693
12690,e,12693
12691,e,12693
12693,e,12693
12689,e,12693
12692,e,12693
12694,f,12694
12693,f,12694
12693,d,12694
12695,d,12694
12695,f,12694
12690,d,12694
12692,f,12694
12694,d,12694
12690,f,12694
12691,f,12694
12691,d,12694
12692,d,12694
12696,f,12695
12696,e,12695
12694,e,12695
12694,f,12695
12695,e,12695
12695,f,12695
12693,e,12695
12693,f,12695
12691,f,12695
12691,e,12695
12692,f,12695
12692,e,12695
12693,f,12696
12696,f,12696
12695,f,12696
12697,f,12696
12694,f,12696
12692,f,12696
12695,b,12697
12693,b,12697
12697,b,12697
12696,b,12697
12698,b,12697
12694,b,12697
12697,c,12698
12698,e,12698
12697,e,12698
12698,c,12698
12698,f,12698
12699,f,12698
12699,c,12698
12699,e,12698
12697,f,12698
12696,f,12698
12695,f,12698
12694,c,12698
12696,e,12698
12696,c,12698
12694,f,12698
12694,e,12698
12695,e,12698
12695,c,12698
12700,f,12699
12700,e,12699
12698,e,12699
12698,f,12699
12699,e,12699
12696,e,12699
12697,e,12699
12697,f,12699
12695,f,12699
12695,e,12699
12696,f,12699
12699,f,12699
12700,f,12700
12701,f,12700
12698,f,12700
12696,f,12700
12699,f,12700
12697,f,12700
12699,b,12702
12702,b,12702
12700,b,12702
12701,b,12702
12698,b,12702
12703,b,12702
12700,c,12703
12700,f,12703
12699,f,12703
12703,c,12703
12701,c,12703
12701,f,12703
12704,f,12703
12704,c,12703
12699,c,12703
12702,c,12703
12702,f,12703
12703,f,12703
12703,e,12704
12705,e,12704
12704,e,12704
12702,e,12704
12701,e,12704
12700,e,12704
12702,f,12705
12703,f,12705
12706,f,12705
12701,f,12705
12704,f,12705
12705,f,12705
12706,a,12706
12702,a,12706
12705,a,12706
12707,a,12706
12704,a,12706
12703,a,12706
12708,b,12707
12707,d,12707
12706,d,12707
12706,b,12707
12703,b,12707
12704,d,12707
12708,d,12707
12705,d,12707
12705,b,12707
12704,b,12707
12707,b,12707
12703,d,12707
12707,f,12708
12707,c,12708
12708,f,12708
12709,c,12708
12705,c,12708
12706,f,12708
12706,c,12708
12705,f,12708
12704,f,12708
12704,c,12708
12709,f,12708
12708,c,12708
12709,e,12709
12710,e,12709
12708,e,12709
12705,e,12709
12706,e,12709
12707,e,12709
12707,f,12710
12710,f,12710
12706,f,12710
12709,f,12710
12708,f,12710
12711,f,12710
12708,c,12711
12711,c,12711
12709,c,12711
12707,c,12711
12710,c,12711
12712,c,12711
12712,d,12712
12713,e,12712
12711,e,12712
12711,d,12712
12713,d,12712
12710,e,12712
12710,d,12712
12712,e,12712
12709,e,12712
12709,d,12712
12708,e,12712
12708,d,12712
12713,f,12713
12714,f,12713
12712,f,12713
12711,f,12713
12710,f,12713
12709,f,12713
12718,f,12717
12716,f,12717
12717,f,12717
12713,f,12717
12714,f,12717
12715,f,12717
12715,d,12719
12718,e,12719
12718,d,12719
12720,d,12719
12720,e,12719
12717,e,12719
12719,d,12719
12719,e,12719
12716,e,12719
12716,d,12719
12715,e,12719
12717,d,12719
12720,f,12720
12721,c,12720
12719,f,12720
12721,f,12720
12719,c,12720
12720,c,12720
12718,f,12720
12716,c,12720
12718,c,12720
12716,f,12720
12717,c,12720
12717,f,12720
12721,c,12721
12721,e,12721
12720,e,12721
12720,c,12721
12722,c,12721
12717,c,12721
12719,e,12721
12719,c,12721
12717,e,12721
12718,c,12721
12718,e,12721
12722,e,12721
12723,e,12722
12722,f,12722
12722,e,12722
12721,e,12722
12721,f,12722
12718,f,12722
12718,e,12722
12723,f,12722
12720,e,12722
12720,f,12722
12719,f,12722
12719,e,12722
12723,b,12723
12723,f,12723
12722,f,12723
12722,b,12723
12719,b,12723
12719,f,12723
12724,b,12723
12721,f,12723
12721,b,12723
12720,b,12723
12720,f,12723
12724,f,12723
12725,f,12724
12723,f,12724
12724,a,12724
12724,c,12724
12724,f,12724
12723,c,12724
12723,a,12724
12725,c,12724
12725,a,12724
12720,f,12724
12720,a,12724
12722,f,12724
12722,c,12724
12722,a,12724
12721,a,12724
12721,c,12724
12721,f,12724
12720,c,12724
12725,b,12725
12725,d,12725
12725,e,12725
12724,d,12725
12724,b,12725
12721,b,12725
12721,d,12725
12724,e,12725
12726,b,12725
12726,d,12725
12723,e,12725
12723,d,12725
12723,b,12725
12721,e,12725
12722,b,12725
12726,e,12725
12722,e,12725
12722,d,12725
12726,e,12726
12727,f,12726
12725,e,12726
12725,f,12726
12722,c,12726
12725,c,12726
12727,c,12726
12722,f,12726
12724,e,12726
12724,f,12726
12724,c,12726
12726,c,12726
12723,e,12726
12723,f,12726
12723,c,12726
12722,e,12726
12727,e,12726
12726,f,12726
12727,f,12727
12727,e,12727
12728,f,12727
12726,e,12727
12728,e,12727
12726,f,12727
12725,e,12727
12723,f,12727
12723,e,12727
12725,f,12727
12724,f,12727
12724,e,12727
12725,f,12728
12729,f,12728
12727,f,12728
12728,f,12728
12726,f,12728
12724,f,12728
12725,d,12729
12729,d,12729
12728,d,12729
12730,d,12729
12726,d,12729
12727,d,12729
12728,f,12730
12726,f,12730
12727,f,12730
12729,f,12730
12731,f,12730
12730,f,12730
12731,b,12732
12731,a,12732
12733,a,12732
12733,b,12732
12730,b,12732
12730,a,12732
12732,b,12732
12732,a,12732
12728,a,12732
12728,b,12732
12729,b,12732
12729,a,12732
12734,b,12733
12734,e,12733
12732,b,12733
12732,d,12733
12732,c,12733
12732,f,12733
12732,e,12733
12734,c,12733
12733,b,12733
12733,d,12733
12733,c,12733
12733,f,12733
12734,d,12733
12733,e,12733
12734,f,12733
12731,e,12733
12729,b,12733
12730,d,12733
12730,c,12733
12730,f,12733
12730,e,12733
12729,f,12733
12729,c,12733
12729,d,12733
12730,b,12733
12729,e,12733
12731,b,12733
12731,d,12733
12731,c,12733
12731,f,12733
12734,f,12734
12731,f,12734
12733,e,12734
12733,f,12734
12733,c,12734
12735,c,12734
12735,f,12734
12735,e,12734
12734,e,12734
12734,c,12734
12731,e,12734
12731,c,12734
12730,f,12734
12732,c,12734
12732,f,12734
12730,c,12734
12732,e,12734
12730,e,12734
12736,f,12735
12732,e,12735
12732,f,12735
12731,e,12735
12731,f,12735
12735,f,12735
12733,e,12735
12733,f,12735
12736,e,12735
12734,f,12735
12734,e,12735
12735,e,12735
12737,a,12736
12736,f,12736
12736,a,12736
12735,a,12736
12735,f,12736
12732,f,12736
12732,a,12736
12734,f,12736
12734,a,12736
12737,f,12736
12733,a,12736
12733,f,12736
12734,d,12737
12737,d,12737
12738,b,12737
12736,d,12737
12736,b,12737
12733,b,12737
12733,d,12737
12738,d,12737
12735,d,12737
12735,b,12737
12734,b,12737
12737,b,12737
12738,c,12738
12738,f,12738
12737,f,12738
12737,c,12738
12739,f,12738
12739,c,12738
12734,f,12738
12736,f,12738
12736,c,12738
12735,f,12738
12735,c,12738
12734,c,12738
12736,e,12739
12737,e,12739
12735,e,12739
12738,e,12739
12739,e,12739
12740,e,12739
12741,f,12740
12739,f,12740
12740,f,12740
12738,f,12740
12737,f,12740
12736,f,12740
12743,c,12742
12742,c,12742
12741,e,12742
12741,c,12742
12740,e,12742
12742,e,12742
12743,e,12742
12738,c,12742
12740,c,12742
12739,e,12742
12738,e,12742
12739,c,12742
12744,e,12743
12744,f,12743
12744,a,12743
12743,e,12743
12743,f,12743
12743,a,12743
12742,e,12743
12742,f,12743
12742,a,12743
12739,e,12743
12740,a,12743
12740,e,12743
12740,f,12743
12739,a,12743
12741,a,12743
12741,f,12743
12739,f,12743
12741,e,12743
12744,b,12744
12744,d,12744
12740,f,12744
12744,f,12744
12745,b,12744
12741,d,12744
12743,f,12744
12743,d,12744
12743,b,12744
12740,b,12744
12740,d,12744
12741,f,12744
12745,f,12744
12742,b,12744
12741,b,12744
12745,d,12744
12742,f,12744
12742,d,12744
12741,b,12745
12745,b,12745
12745,c,12745
12745,f,12745
12746,b,12745
12744,f,12745
12744,c,12745
12744,b,12745
12741,c,12745
12741,f,12745
12743,b,12745
12746,f,12745
12743,f,12745
12743,c,12745
12742,b,12745
12742,c,12745
12742,f,12745
12746,c,12745
12746,c,12746
12746,f,12746
12746,e,12746
12745,e,12746
12745,f,12746
12745,c,12746
12747,e,12746
12747,f,12746
12747,c,12746
12743,e,12746
12744,c,12746
12743,c,12746
12743,f,12746
12742,f,12746
12742,c,12746
12742,e,12746
12744,f,12746
12744,e,12746
12745,e,12747
12747,f,12747
12748,f,12747
12743,e,12747
12743,f,12747
12744,f,12747
12744,e,12747
12746,f,12747
12746,e,12747
12748,e,12747
12745,f,12747
12747,e,12747
12749,f,12748
12748,d,12748
12748,f,12748
12749,d,12748
12747,f,12748
12744,d,12748
12746,f,12748
12746,d,12748
12745,f,12748
12745,d,12748
12747,d,12748
12744,f,12748
12747,c,12751
12752,c,12751
12750,c,12751
12751,c,12751
12749,c,12751
12748,c,12751
12749,e,12752
12753,e,12752
12751,e,12752
12752,e,12752
12750,e,12752
12748,e,12752
12750,f,12753
12751,f,12753
12752,f,12753
12749,f,12753
12753,f,12753
12754,f,12753
12751,e,12755
12754,e,12755
12752,e,12755
12753,e,12755
12756,e,12755
12755,e,12755
12757,f,12756
12755,f,12756
12756,f,12756
12754,f,12756
12753,f,12756
12752,f,12756
12754,e,12757
12753,e,12757
12755,e,12757
12756,e,12757
12758,e,12757
12757,e,12757
12759,f,12758
12758,f,12758
12754,f,12758
12756,f,12758
12757,f,12758
12755,f,12758
12765,c,12766
12765,a,12766
12767,a,12766
12767,c,12766
12766,c,12766
12764,a,12766
12764,c,12766
12763,c,12766
12763,a,12766
12762,c,12766
12762,a,12766
12766,a,12766
12768,b,12767
12768,d,12767
12767,d,12767
12767,b,12767
12766,e,12767
12766,d,12767
12768,e,12767
12767,e,12767
12766,b,12767
12763,e,12767
12763,b,12767
12763,d,12767
12764,b,12767
12764,d,12767
12764,e,12767
12765,e,12767
12765,b,12767
12765,d,12767
12766,f,12768
12769,f,12768
12768,f,12768
12764,c,12768
12764,f,12768
12765,f,12768
12767,c,12768
12767,f,12768
12768,c,12768
12766,c,12768
12765,c,12768
12769,c,12768
12768,e,12769
12770,e,12769
12767,e,12769
12766,e,12769
12769,e,12769
12765,e,12769
12769,a,12770
12769,f,12770
12771,a,12770
12770,a,12770
12770,f,12770
12766,f,12770
12768,f,12770
12768,a,12770
12767,f,12770
12766,a,12770
12771,f,12770
12767,a,12770
12772,d,12771
12771,d,12771
12772,b,12771
12770,d,12771
12770,b,12771
12771,b,12771
12769,d,12771
12769,b,12771
12767,b,12771
12767,d,12771
12768,b,12771
12768,d,12771
12772,c,12772
12772,f,12772
12771,f,12772
12771,c,12772
12773,f,12772
12773,c,12772
12768,f,12772
12770,f,12772
12770,c,12772
12769,f,12772
12769,c,12772
12768,c,12772
12770,e,12773
12771,e,12773
12774,e,12773
12769,e,12773
12772,e,12773
12773,e,12773
12773,f,12774
12774,f,12774
12775,f,12774
12770,f,12774
12772,f,12774
12771,f,12774
12774,c,12775
12775,c,12775
12771,c,12775
12773,c,12775
12776,c,12775
12772,c,12775
12777,b,12776
12775,f,12776
12775,e,12776
12777,f,12776
12776,b,12776
12775,b,12776
12777,e,12776
12776,e,12776
12774,f,12776
12774,b,12776
12773,e,12776
12773,f,12776
12773,b,12776
12776,f,12776
12772,e,12776
12772,f,12776
12772,b,12776
12774,e,12776
12777,f,12777
12777,c,12777
12778,c,12777
12776,f,12777
12776,c,12777
12778,f,12777
12773,f,12777
12775,f,12777
12775,c,12777
12774,f,12777
12774,c,12777
12773,c,12777
12775,e,12778
12776,e,12778
12779,e,12778
12774,e,12778
12777,e,12778
12778,e,12778
12779,f,12779
12775,f,12779
12778,f,12779
12780,f,12779
12777,f,12779
12776,f,12779
12780,e,12780
12777,e,12780
12778,e,12780
12776,e,12780
12779,e,12780
12781,e,12780
12781,f,12781
12780,f,12781
12780,d,12781
12781,d,12781
12782,f,12781
12779,f,12781
12779,d,12781
12782,d,12781
12778,f,12781
12778,d,12781
12777,f,12781
12777,d,12781
12780,f,12782
12781,f,12782
12783,f,12782
12782,f,12782
12779,f,12782
12778,f,12782
12784,b,12784
12783,b,12784
12782,b,12784
12785,b,12784
12780,b,12784
12781,b,12784
12785,c,12785
12785,f,12785
12784,f,12785
12784,c,12785
12784,b,12785
12786,b,12785
12786,c,12785
12786,f,12785
12781,f,12785
12783,f,12785
12781,c,12785
12783,b,12785
12782,b,12785
12782,c,12785
12782,f,12785
12783,c,12785
12781,b,12785
12785,b,12785
12787,a,12786
12787,b,12786
12785,e,12786
12785,f,12786
12786,a,12786
12787,e,12786
12787,c,12786
12787,f,12786
12785,b,12786
12785,a,12786
12786,c,12786
12786,f,12786
12786,e,12786
12785,c,12786
12786,b,12786
12784,e,12786
12783,f,12786
12783,c,12786
12783,b,12786
12782,a,12786
12782,b,12786
12782,c,12786
12782,f,12786
12782,e,12786
12784,f,12786
12784,c,12786
12784,b,12786
12784,a,12786
12783,e,12786
12783,a,12786
12784,c,12787
12786,b,12787
12786,d,12787
12788,b,12787
12786,f,12787
12786,e,12787
12788,c,12787
12788,d,12787
12787,e,12787
12787,b,12787
12787,d,12787
12786,c,12787
12783,b,12787
12783,d,12787
12788,f,12787
12784,f,12787
12784,e,12787
12784,b,12787
12787,c,12787
12783,f,12787
12783,c,12787
12785,b,12787
12785,d,12787
12783,e,12787
12785,f,12787
12788,e,12787
12785,c,12787
12787,f,12787
12785,e,12787
12784,d,12787
12787,e,12788
12787,f,12788
12787,c,12788
12787,d,12788
12788,e,12788
12789,d,12788
12789,c,12788
12789,f,12788
12789,e,12788
12788,d,12788
12788,c,12788
12788,f,12788
12785,e,12788
12784,d,12788
12786,e,12788
12784,c,12788
12784,f,12788
12784,e,12788
12786,f,12788
12786,c,12788
12786,d,12788
12785,d,12788
12785,f,12788
12785,c,12788
12789,f,12789
12790,e,12789
12788,e,12789
12788,f,12789
12785,f,12789
12785,e,12789
12787,e,12789
12787,f,12789
12786,f,12789
12786,e,12789
12789,e,12789
12790,f,12789
12790,f,12790
12791,f,12790
12786,f,12790
12788,f,12790
12787,f,12790
12789,f,12790
12795,d,12796
12796,d,12796
12794,d,12796
12797,d,12796
12793,d,12796
12792,d,12796
12794,f,12797
12795,f,12797
12796,f,12797
12798,f,12797
12793,f,12797
12797,f,12797
12799,c,12799
12798,c,12799
12797,c,12799
12796,c,12799
12795,c,12799
12800,c,12799
12797,e,12800
12796,e,12800
12798,e,12800
12801,e,12800
12799,e,12800
12800,e,12800
12801,f,12801
12800,f,12801
12802,f,12801
12798,f,12801
12797,f,12801
12799,f,12801
12806,f,12806
12805,f,12806
12805,c,12806
12805,a,12806
12807,a,12806
12807,c,12806
12807,f,12806
12804,c,12806
12804,a,12806
12804,f,12806
12803,f,12806
12803,c,12806
12803,a,12806
12802,f,12806
12802,c,12806
12802,a,12806
12806,c,12806
12806,a,12806
12808,b,12807
12808,d,12807
12807,d,12807
12807,b,12807
12806,e,12807
12806,d,12807
12808,e,12807
12807,e,12807
12806,b,12807
12804,e,12807
12803,b,12807
12805,e,12807
12805,d,12807
12805,b,12807
12803,d,12807
12803,e,12807
12804,b,12807
12804,d,12807
12809,c,12808
12809,f,12808
12807,f,12808
12807,c,12808
12805,f,12808
12804,c,12808
12804,f,12808
12806,f,12808
12806,c,12808
12805,c,12808
12808,f,12808
12808,c,12808
12809,e,12809
12810,e,12809
12808,e,12809
12805,e,12809
12806,e,12809
12807,e,12809
12811,f,12810
12808,f,12810
12810,f,12810
12807,f,12810
12806,f,12810
12809,f,12810
12810,a,12811
12812,a,12811
12807,a,12811
12811,a,12811
12808,a,12811
12809,a,12811
12812,b,12812
12811,d,12812
12813,b,12812
12813,d,12812
12811,b,12812
12812,d,12812
12810,d,12812
12808,b,12812
12808,d,12812
12810,b,12812
12809,b,12812
12809,d,12812
12810,f,12813
12814,c,12813
12812,f,12813
12812,c,12813
12813,c,12813
12809,c,12813
12811,f,12813
12811,c,12813
12809,f,12813
12810,c,12813
12814,f,12813
12813,f,12813
12814,d,12814
12814,e,12814
12815,d,12814
12813,e,12814
12813,d,12814
12815,e,12814
12810,d,12814
12812,e,12814
12811,d,12814
12811,e,12814
12810,e,12814
12812,d,12814
12813,f,12815
12814,f,12815
12812,f,12815
12815,f,12815
12816,f,12815
12811,f,12815
12818,c,12819
12820,e,12819
12820,c,12819
12819,e,12819
12819,c,12819
12818,e,12819
12817,e,12819
12816,c,12819
12815,c,12819
12815,e,12819
12817,c,12819
12816,e,12819
12817,f,12820
12820,e,12820
12820,f,12820
12821,e,12820
12819,e,12820
12819,f,12820
12821,f,12820
12816,f,12820
12818,e,12820
12818,f,12820
12817,e,12820
12816,e,12820
12821,b,12821
12821,f,12821
12820,f,12821
12820,b,12821
12817,b,12821
12817,f,12821
12819,b,12821
12822,b,12821
12822,f,12821
12819,f,12821
12818,b,12821
12818,f,12821
12822,c,12822
12821,c,12822
12822,f,12822
12823,f,12822
12823,c,12822
12821,f,12822
12818,f,12822
12820,f,12822
12820,c,12822
12819,c,12822
12819,f,12822
12818,c,12822
12823,d,12823
12823,e,12823
12822,e,12823
12822,d,12823
12819,d,12823
12824,d,12823
12821,e,12823
12821,d,12823
12819,e,12823
12820,d,12823
12820,e,12823
12824,e,12823
12824,d,12824
12824,f,12824
12823,f,12824
12823,d,12824
12820,d,12824
12825,d,12824
12822,f,12824
12822,d,12824
12825,f,12824
12821,d,12824
12821,f,12824
12820,f,12824
12822,f,12825
12825,c,12825
12825,f,12825
12824,f,12825
12824,c,12825
12821,f,12825
12826,c,12825
12826,f,12825
12823,f,12825
12823,c,12825
12822,c,12825
12821,c,12825
12826,e,12826
12825,e,12826
12827,e,12826
12822,e,12826
12824,e,12826
12823,e,12826
12824,f,12827
12828,d,12827
12826,f,12827
12826,d,12827
12827,f,12827
12823,d,12827
12828,f,12827
12825,f,12827
12825,d,12827
12824,d,12827
12823,f,12827
12827,d,12827
12828,f,12828
12829,f,12828
12827,f,12828
12824,f,12828
12826,f,12828
12825,f,12828
12827,c,12829
12829,c,12829
12828,c,12829
12825,c,12829
12830,c,12829
12826,c,12829
12830,e,12830
12829,e,12830
12831,e,12830
12828,e,12830
12827,e,12830
12826,e,12830
12828,e,12831
12831,e,12831
12830,e,12831
12830,f,12831
12828,f,12831
12832,f,12831
12829,e,12831
12829,f,12831
12827,f,12831
12831,f,12831
12832,e,12831
12827,e,12831
12832,f,12832
12831,f,12832
12828,f,12832
12830,f,12832
12829,f,12832
12833,f,12832
12830,a,12833
12831,a,12833
12834,a,12833
12833,a,12833
12829,a,12833
12832,a,12833
12835,b,12834
12834,b,12834
12833,d,12834
12833,b,12834
12835,d,12834
12834,d,12834
12832,b,12834
12832,d,12834
12830,b,12834
12830,d,12834
12831,b,12834
12831,d,12834
12832,c,12835
12836,b,12835
12835,f,12835
12835,c,12835
12835,b,12835
12836,c,12835
12832,b,12835
12834,f,12835
12834,c,12835
12834,b,12835
12836,f,12835
12831,b,12835
12831,c,12835
12833,b,12835
12833,c,12835
12833,f,12835
12831,f,12835
12832,f,12835
12837,a,12836
12836,f,12836
12836,c,12836
12836,a,12836
12832,e,12836
12835,e,12836
12835,f,12836
12835,c,12836
12835,a,12836
12832,a,12836
12832,c,12836
12832,f,12836
12836,e,12836
12833,e,12836
12837,c,12836
12837,f,12836
12833,c,12836
12833,f,12836
12833,a,12836
12834,a,12836
12834,c,12836
12834,f,12836
12837,e,12836
12834,e,12836
12837,e,12837
12837,f,12837
12837,d,12837
12837,b,12837
12836,f,12837
12836,d,12837
12836,b,12837
12838,b,12837
12838,d,12837
12838,f,12837
12838,e,12837
12836,e,12837
12833,b,12837
12833,f,12837
12834,d,12837
12835,b,12837
12834,b,12837
12833,e,12837
12834,f,12837
12833,d,12837
12834,e,12837
12835,d,12837
12835,f,12837
12835,e,12837
12837,f,12838
12837,c,12838
12839,c,12838
12838,c,12838
12838,f,12838
12839,f,12838
12838,d,12838
12837,d,12838
12839,d,12838
12834,c,12838
12834,f,12838
12835,f,12838
12835,c,12838
12835,d,12838
12836,d,12838
12836,c,12838
12836,f,12838
12834,d,12838
12839,f,12839
12839,e,12839
12838,e,12839
12838,f,12839
12836,f,12839
12835,e,12839
12837,e,12839
12837,f,12839
12836,e,12839
12840,e,12839
12840,f,12839
12835,f,12839
12839,f,12840
12839,d,12840
12841,c,12840
12841,d,12840
12840,d,12840
12839,c,12840
12840,f,12840
12837,c,12840
12836,d,12840
12838,f,12840
12838,c,12840
12838,d,12840
12836,c,12840
12840,c,12840
12837,f,12840
12841,f,12840
12837,d,12840
12836,f,12840
12841,b,12841
12840,e,12841
12842,b,12841
12841,e,12841
12840,b,12841
12842,e,12841
12839,e,12841
12837,b,12841
12837,e,12841
12839,b,12841
12838,b,12841
12838,e,12841
12843,c,12842
12842,c,12842
12841,c,12842
12839,c,12842
12840,c,12842
12838,c,12842
12841,e,12843
12839,e,12843
12844,e,12843
12840,e,12843
12842,e,12843
12843,e,12843
12844,f,12844
12843,f,12844
12845,f,12844
12840,f,12844
12841,f,12844
12842,f,12844
12846,a,12847
12845,a,12847
12847,a,12847
12848,a,12847
12844,a,12847
12843,a,12847
12848,d,12848
12847,d,12848
12847,b,12848
12848,b,12848
12849,b,12848
12849,d,12848
12844,d,12848
12844,b,12848
12846,d,12848
12846,b,12848
12845,d,12848
12845,b,12848
12850,e,12849
12849,e,12849
12850,c,12849
12850,f,12849
12848,e,12849
12848,f,12849
12848,c,12849
12849,f,12849
12849,c,12849
12846,f,12849
12845,c,12849
12845,f,12849
12847,e,12849
12847,f,12849
12847,c,12849
12845,e,12849
12846,c,12849
12846,e,12849
12851,f,12850
12851,e,12850
12849,e,12850
12849,f,12850
12846,f,12850
12846,e,12850
12848,e,12850
12848,f,12850
12847,f,12850
12847,e,12850
12850,e,12850
12850,f,12850
12851,f,12851
12852,c,12851
12852,f,12851
12851,c,12851
12850,f,12851
12850,c,12851
12847,c,12851
12847,f,12851
12849,f,12851
12849,c,12851
12848,f,12851
12848,c,12851
12850,e,12852
12853,e,12852
12849,e,12852
12848,e,12852
12851,e,12852
12852,e,12852
12853,f,12853
12852,f,12853
12851,f,12853
12850,f,12853
12849,f,12853
12854,f,12853
12856,f,12855
12854,f,12855
12855,f,12855
12853,f,12855
12851,f,12855
12852,f,12855
12854,c,12858
12855,c,12858
12856,c,12858
12857,c,12858
12858,c,12858
12859,c,12858
12855,e,12859
12856,e,12859
12857,e,12859
12860,e,12859
12858,e,12859
12859,e,12859
12861,f,12860
12859,f,12860
12860,f,12860
12858,f,12860
12857,f,12860
12856,f,12860
12859,e,12862
12860,e,12862
12863,e,12862
12862,e,12862
12861,e,12862
12858,e,12862
12863,f,12863
12862,f,12863
12864,f,12863
12861,f,12863
12860,f,12863
12859,f,12863
12864,b,12864
12860,b,12864
12862,b,12864
12865,b,12864
12863,b,12864
12861,b,12864
12866,c,12865
12865,f,12865
12865,c,12865
12864,c,12865
12866,f,12865
12864,f,12865
12861,c,12865
12863,f,12865
12863,c,12865
12861,f,12865
12862,f,12865
12862,c,12865
12867,e,12866
12866,e,12866
12865,e,12866
12863,e,12866
12864,e,12866
12862,e,12866
12865,f,12867
12868,f,12867
12864,f,12867
12866,f,12867
12867,f,12867
12863,f,12867
12870,b,12869
12867,b,12869
12869,b,12869
12866,b,12869
12868,b,12869
12865,b,12869
12869,f,12870
12869,c,12870
12870,f,12870
12870,c,12870
12867,c,12870
12868,c,12870
12867,f,12870
12871,f,12870
12866,f,12870
12866,c,12870
12868,f,12870
12871,c,12870
12868,e,12871
12867,e,12871
12869,e,12871
12872,e,12871
12870,e,12871
12871,e,12871
12872,f,12872
12873,f,12872
12871,f,12872
12868,f,12872
12870,f,12872
12869,f,12872
12870,c,12873
12871,c,12873
12874,c,12873
12873,c,12873
12869,c,12873
12872,c,12873
12874,e,12874
12875,e,12874
12874,d,12874
12873,e,12874
12873,c,12874
12873,d,12874
12874,c,12874
12872,e,12874
12871,d,12874
12872,d,12874
12870,d,12874
12870,c,12874
12870,e,12874
12875,d,12874
12871,c,12874
12872,c,12874
12871,e,12874
12875,c,12874
12871,f,12875
12872,b,12875
12875,b,12875
12875,d,12875
12875,f,12875
12875,e,12875
12874,e,12875
12874,f,12875
12874,d,12875
12874,b,12875
12872,d,12875
12872,f,12875
12871,e,12875
12872,e,12875
12876,f,12875
12876,d,12875
12871,d,12875
12876,e,12875
12871,b,12875
12873,e,12875
12873,f,12875
12876,b,12875
12873,b,12875
12873,d,12875
12876,f,12876
12877,c,12876
12875,c,12876
12876,c,12876
12876,a,12876
12877,a,12876
12875,a,12876
12875,f,12876
12872,a,12876
12877,f,12876
12872,c,12876
12874,f,12876
12874,c,12876
12874,a,12876
12872,f,12876
12873,a,12876
12873,c,12876
12873,f,12876
12873,b,12877
12877,d,12877
12877,e,12877
12878,b,12877
12876,e,12877
12876,d,12877
12876,b,12877
12877,b,12877
12873,d,12877
12873,e,12877
12878,d,12877
12878,e,12877
12875,e,12877
12875,d,12877
12875,b,12877
12874,b,12877
12874,d,12877
12874,e,12877
12878,c,12878
12878,f,12878
12877,f,12878
12877,c,12878
12879,c,12878
12879,f,12878
12876,f,12878
12874,c,12878
12874,f,12878
12875,c,12878
12876,c,12878
12875,f,12878
12876,e,12879
12879,e,12879
12879,d,12879
12878,e,12879
12880,e,12879
12878,d,12879
12875,e,12879
12877,e,12879
12877,d,12879
12876,d,12879
12875,d,12879
12880,d,12879
12877,f,12880
12878,f,12880
12881,f,12880
12880,f,12880
12876,f,12880
12879,f,12880
12881,a,12881
12881,f,12881
12880,f,12881
12880,a,12881
12879,f,12881
12882,f,12881
12882,a,12881
12879,a,12881
12878,f,12881
12877,a,12881
12877,f,12881
12878,a,12881
12882,b,12882
12882,d,12882
12881,d,12882
12881,b,12882
12879,b,12882
12879,d,12882
12880,d,12882
12880,b,12882
12878,b,12882
12878,d,12882
12883,d,12882
12883,b,12882
12883,c,12883
12884,f,12883
12882,f,12883
12882,c,12883
12883,f,12883
12884,c,12883
12880,f,12883
12881,f,12883
12881,c,12883
12880,c,12883
12879,f,12883
12879,c,12883
12881,e,12884
12882,e,12884
12885,e,12884
12880,e,12884
12883,e,12884
12884,e,12884
12881,f,12885
12886,f,12885
12884,e,12885
12884,f,12885
12883,f,12885
12883,e,12885
12881,e,12885
12885,f,12885
12882,e,12885
12882,f,12885
12886,e,12885
12885,e,12885
12886,f,12886
12887,f,12886
12885,f,12886
12882,f,12886
12884,f,12886
12883,f,12886
12885,f,12887
12883,f,12887
12886,f,12887
12884,f,12887
12887,f,12887
12888,f,12887
12890,c,12890
12889,c,12890
12888,c,12890
12891,c,12890
12886,c,12890
12887,c,12890
12887,c,12891
12891,e,12891
12890,e,12891
12890,c,12891
12887,e,12891
12892,e,12891
12889,c,12891
12892,c,12891
12891,c,12891
12888,c,12891
12889,e,12891
12888,e,12891
12893,e,12892
12891,e,12892
12893,f,12892
12891,f,12892
12889,f,12892
12890,e,12892
12890,f,12892
12889,e,12892
12888,e,12892
12888,f,12892
12892,f,12892
12892,e,12892
12894,f,12893
12892,f,12893
12893,f,12893
12891,f,12893
12890,f,12893
12889,f,12893
12892,d,12895
12896,d,12895
12895,e,12895
12895,d,12895
12894,e,12895
12894,d,12895
12896,e,12895
12893,d,12895
12891,e,12895
12891,d,12895
12892,e,12895
12893,e,12895
12893,d,12896
12897,f,12896
12896,f,12896
12896,d,12896
12895,f,12896
12892,d,12896
12895,d,12896
12894,f,12896
12894,d,12896
12893,f,12896
12892,f,12896
12897,d,12896
12894,f,12897
12895,f,12897
12898,f,12897
12897,f,12897
12893,f,12897
12896,f,12897
12899,d,12898
12897,d,12898
12895,d,12898
12894,d,12898
12896,d,12898
12898,d,12898
12899,f,12899
12900,f,12899
12896,f,12899
12897,f,12899
12895,f,12899
12898,f,12899
12898,b,12902
12899,b,12902
12900,b,12902
12903,b,12902
12901,b,12902
12902,b,12902
12902,c,12903
12904,f,12903
12904,c,12903
12903,f,12903
12903,c,12903
12902,f,12903
12901,f,12903
12901,c,12903
12899,c,12903
12899,f,12903
12900,f,12903
12900,c,12903
12901,e,12904
12901,f,12904
12905,f,12904
12904,e,12904
12904,f,12904
12903,e,12904
12903,f,12904
12905,e,12904
12902,e,12904
12902,f,12904
12900,e,12904
12900,f,12904
12903,f,12905
12906,f,12905
12902,f,12905
12904,f,12905
12905,f,12905
12901,f,12905
12902,c,12906
12906,c,12906
12905,c,12906
12907,c,12906
12904,c,12906
12903,c,12906
12904,e,12907
12905,e,12907
12903,e,12907
12906,e,12907
12907,e,12907
12908,e,12907
12908,d,12908
12908,f,12908
12909,f,12908
12907,f,12908
12907,d,12908
12909,d,12908
12906,f,12908
12906,d,12908
12905,f,12908
12905,d,12908
12904,f,12908
12904,d,12908
12906,f,12909
12907,f,12909
12910,f,12909
12909,f,12909
12908,f,12909
12905,f,12909
12911,c,12910
12910,c,12910
12909,c,12910
12906,c,12910
12907,c,12910
12908,c,12910
12908,b,12911
12911,e,12911
12910,e,12911
12910,b,12911
12910,a,12911
12912,a,12911
12912,b,12911
12912,e,12911
12911,b,12911
12909,e,12911
12911,a,12911
12908,e,12911
12909,a,12911
12907,a,12911
12907,b,12911
12907,e,12911
12908,a,12911
12909,b,12911
12912,e,12912
12911,b,12912
12911,d,12912
12911,c,12912
12911,f,12912
12911,e,12912
12913,c,12912
12913,f,12912
12913,b,12912
12912,b,12912
12912,c,12912
12912,f,12912
12913,e,12912
12912,d,12912
12913,d,12912
12909,e,12912
12908,e,12912
12909,b,12912
12909,d,12912
12909,c,12912
12909,f,12912
12908,f,12912
12908,d,12912
12908,b,12912
12908,c,12912
12910,d,12912
12910,c,12912
12910,f,12912
12910,e,12912
12910,b,12912
12911,c,12913
12913,f,12913
12914,c,12913
12914,f,12913
12914,e,12913
12912,e,12913
12912,f,12913
12912,c,12913
12910,c,12913
12910,f,12913
12913,e,12913
12909,c,12913
12909,f,12913
12913,c,12913
12911,e,12913
12911,f,12913
12910,e,12913
12909,e,12913
12910,e,12914
12914,e,12914
12915,f,12914
12910,f,12914
12914,f,12914
12913,e,12914
12915,e,12914
12913,f,12914
12912,e,12914
12912,f,12914
12911,e,12914
12911,f,12914
12913,f,12915
12916,f,12915
12915,f,12915
12914,f,12915
12911,f,12915
12912,f,12915
12915,a,12918
12919,a,12918
12916,a,12918
12918,a,12918
12914,a,12918
12917,a,12918
12919,d,12919
12917,d,12919
12919,b,12919
12918,d,12919
12918,b,12919
12920,b,12919
12920,d,12919
12915,b,12919
12915,d,12919
12917,b,12919
12916,d,12919
12916,b,12919
12916,f,12920
12919,b,12920
12921,b,12920
12921,c,12920
12921,f,12920
12919,c,12920
12918,f,12920
12918,b,12920
12916,b,12920
12920,f,12920
12916,c,12920
12920,c,12920
12920,b,12920
12917,f,12920
12917,c,12920
12917,b,12920
12918,c,12920
12919,f,12920
12920,b,12921
12920,c,12921
12920,f,12921
12921,b,12921
12921,c,12921
12921,f,12921
12921,e,12921
12922,b,12921
12922,f,12921
12922,e,12921
12920,e,12921
12922,c,12921
12918,f,12921
12917,b,12921
12917,c,12921
12918,b,12921
12918,c,12921
12918,e,12921
12917,e,12921
12919,b,12921
12917,f,12921
12919,f,12921
12919,e,12921
12919,c,12921
12922,c,12922
12922,f,12922
12922,e,12922
12923,c,12922
12921,e,12922
12921,f,12922
12921,c,12922
12919,e,12922
12919,f,12922
12919,c,12922
12923,f,12922
12918,f,12922
12923,e,12922
12920,e,12922
12920,f,12922
12920,c,12922
12918,c,12922
12918,e,12922
12923,a,12923
12923,f,12923
12923,e,12923
12924,a,12923
12924,f,12923
12922,e,12923
12922,f,12923
12922,a,12923
12924,e,12923
12919,f,12923
12921,e,12923
12921,f,12923
12919,a,12923
12920,a,12923
12920,f,12923
12920,e,12923
12921,a,12923
12919,e,12923
12925,d,12924
12925,b,12924
12924,f,12924
12924,d,12924
12924,b,12924
12923,f,12924
12923,b,12924
12920,b,12924
12923,d,12924
12920,f,12924
12921,f,12924
12921,d,12924
12921,b,12924
12920,d,12924
12922,d,12924
12922,f,12924
12922,b,12924
12925,f,12924
12926,f,12925
12923,f,12925
12923,c,12925
12922,c,12925
12921,f,12925
12922,f,12925
12924,c,12925
12924,f,12925
12926,c,12925
12925,f,12925
12925,c,12925
12921,c,12925
12927,e,12926
12925,e,12926
12926,e,12926
12922,e,12926
12924,e,12926
12923,e,12926
12928,d,12927
12924,d,12927
12925,d,12927
12923,d,12927
12926,d,12927
12927,d,12927
12928,f,12928
12927,f,12928
12927,d,12928
12928,d,12928
12929,d,12928
12924,d,12928
12926,f,12928
12924,f,12928
12925,f,12928
12925,d,12928
12929,f,12928
12926,d,12928
12930,f,12929
12928,f,12929
12929,f,12929
12927,f,12929
12926,f,12929
12925,f,12929
12927,f,12930
12928,f,12930
12931,f,12930
12926,f,12930
12929,f,12930
12930,f,12930
12927,e,12931
12931,e,12931
12930,e,12931
12932,e,12931
12929,e,12931
12928,e,12931
12929,d,12932
12930,d,12932
12930,f,12932
12928,f,12932
12928,d,12932
12931,d,12932
12931,f,12932
12929,f,12932
12933,f,12932
12932,d,12932
12932,f,12932
12933,d,12932
12929,f,12933
12934,f,12933
12933,f,12933
12931,f,12933
12930,f,12933
12932,f,12933
12936,d,12937
12937,d,12937
12935,d,12937
12938,d,12937
12934,d,12937
12933,d,12937
12935,f,12938
12936,f,12938
12939,f,12938
12937,f,12938
12934,f,12938
12938,f,12938
12940,d,12939
12939,c,12939
12939,d,12939
12940,c,12939
12938,c,12939
12938,d,12939
12935,d,12939
12937,c,12939
12937,d,12939
12935,c,12939
12936,c,12939
12936,d,12939
12939,f,12940
12940,e,12940
12940,f,12940
12941,e,12940
12939,e,12940
12937,e,12940
12941,f,12940
12938,e,12940
12938,f,12940
12936,e,12940
12937,f,12940
12936,f,12940
12938,f,12941
12939,f,12941
12942,f,12941
12940,f,12941
12941,f,12941
12937,f,12941
12942,e,12942
12941,e,12942
12943,e,12942
12938,e,12942
12940,e,12942
12939,e,12942
12939,d,12943
12944,d,12943
12944,f,12943
12942,f,12943
12942,d,12943
12943,d,12943
12943,f,12943
12941,f,12943
12941,d,12943
12939,f,12943
12940,d,12943
12940,f,12943
12944,f,12944
12945,f,12944
12944,c,12944
12943,f,12944
12940,c,12944
12945,c,12944
12940,f,12944
12943,c,12944
12941,c,12944
12941,f,12944
12942,f,12944
12942,c,12944
12946,e,12945
12943,e,12945
12945,e,12945
12942,e,12945
12941,e,12945
12944,e,12945
12946,f,12946
12947,f,12946
12942,f,12946
12945,f,12946
12943,f,12946
12944,f,12946
12946,c,12947
12948,c,12947
12947,c,12947
12948,b,12947
12947,b,12947
12946,b,12947
12945,c,12947
12943,b,12947
12945,b,12947
12943,c,12947
12944,b,12947
12944,c,12947
12945,c,12948
12948,c,12948
12949,c,12948
12947,e,12948
12947,f,12948
12947,c,12948
12948,f,12948
12949,f,12948
12946,e,12948
12946,f,12948
12946,c,12948
12944,c,12948
12944,f,12948
12944,e,12948
12945,e,12948
12945,f,12948
12949,e,12948
12948,e,12948
12949,e,12949
12950,f,12949
12948,e,12949
12948,f,12949
12950,e,12949
12949,f,12949
12947,e,12949
12947,f,12949
12946,e,12949
12946,f,12949
12945,e,12949
12945,f,12949
12948,f,12950
12946,f,12950
12949,f,12950
12947,f,12950
12951,f,12950
12950,f,12950
12953,b,12952
12952,b,12952
12950,b,12952
12951,b,12952
12949,b,12952
12948,b,12952
12950,c,12953
12954,f,12953
12954,c,12953
12953,f,12953
12953,c,12953
12949,f,12953
12952,c,12953
12952,f,12953
12949,c,12953
12950,f,12953
12951,f,12953
12951,c,12953
12954,f,12954
12950,f,12954
12955,e,12954
12953,e,12954
12953,f,12954
12955,f,12954
12951,e,12954
12952,e,12954
12952,f,12954
12951,f,12954
12954,e,12954
12950,e,12954
12955,f,12955
12956,f,12955
12953,f,12955
12954,f,12955
12952,f,12955
12951,f,12955
12959,c,12959
12958,c,12959
12957,c,12959
12960,c,12959
12956,c,12959
12955,c,12959
12957,e,12960
12960,e,12960
12958,e,12960
12961,e,12960
12959,e,12960
12956,e,12960
12960,f,12961
12961,f,12961
12959,f,12961
12962,f,12961
12958,f,12961
12957,f,12961
12959,c,12962
12958,c,12962
12960,c,12962
12963,c,12962
12961,c,12962
12962,c,12962
12963,d,12963
12962,e,12963
12962,d,12963
12963,e,12963
12960,d,12963
12964,d,12963
12961,e,12963
12961,d,12963
12960,e,12963
12964,e,12963
12959,e,12963
12959,d,12963
12960,f,12964
12962,f,12964
12965,f,12964
12963,f,12964
12964,f,12964
12961,f,12964
12964,d,12965
12965,d,12965
12966,d,12965
12963,d,12965
12962,d,12965
12961,d,12965
12963,f,12966
12962,f,12966
12964,f,12966
12967,f,12966
12965,f,12966
12966,f,12966
12968,c,12967
12967,c,12967
12967,d,12967
12966,c,12967
12966,d,12967
12968,d,12967
12963,d,12967
12963,c,12967
12965,c,12967
12965,d,12967
12964,d,12967
12964,c,12967
12965,e,12968
12968,f,12968
12969,e,12968
12967,e,12968
12967,f,12968
12964,f,12968
12969,f,12968
12966,e,12968
12966,f,12968
12964,e,12968
12965,f,12968
12968,e,12968
12970,a,12969
12968,f,12969
12969,f,12969
12969,a,12969
12968,a,12969
12965,a,12969
12967,f,12969
12966,f,12969
12966,a,12969
12965,f,12969
12970,f,12969
12967,a,12969
12970,b,12970
12970,d,12970
12971,b,12970
12971,d,12970
12969,d,12970
12969,b,12970
12968,d,12970
12968,b,12970
12966,b,12970
12966,d,12970
12967,b,12970
12967,d,12970
12968,f,12971
12971,f,12971
12971,c,12971
12970,f,12971
12967,c,12971
12970,c,12971
12969,f,12971
12969,c,12971
12972,f,12971
12968,c,12971
12967,f,12971
12972,c,12971
12968,e,12972
12970,e,12972
12969,e,12972
12973,e,12972
12971,e,12972
12972,e,12972
12974,f,12973
12973,f,12973
12972,f,12973
12970,f,12973
12971,f,12973
12969,f,12973
12975,b,12974
12975,e,12974
12971,e,12974
12971,b,12974
12970,e,12974
12972,b,12974
12972,e,12974
12974,b,12974
12974,e,12974
12973,e,12974
12973,b,12974
12970,b,12974
12974,f,12975
12974,c,12975
12976,c,12975
12976,b,12975
12975,f,12975
12975,c,12975
12975,b,12975
12974,b,12975
12976,f,12975
12971,c,12975
12972,f,12975
12971,f,12975
12972,b,12975
12972,c,12975
12973,f,12975
12973,c,12975
12971,b,12975
12973,b,12975
12976,e,12976
12977,c,12976
12977,f,12976
12976,c,12976
12975,e,12976
12975,f,12976
12975,c,12976
12976,f,12976
12977,e,12976
12973,f,12976
12972,c,12976
12974,e,12976
12974,f,12976
12972,e,12976
12973,c,12976
12973,e,12976
12972,f,12976
12974,c,12976
12978,f,12977
12977,f,12977
12978,e,12977
12976,e,12977
12976,f,12977
12973,f,12977
12973,e,12977
12977,e,12977
12975,e,12977
12975,f,12977
12974,f,12977
12974,e,12977
12977,c,12978
12977,f,12978
12978,f,12978
12978,c,12978
12974,f,12978
12978,a,12978
12977,a,12978
12979,a,12978
12974,c,12978
12979,f,12978
12974,a,12978
12975,a,12978
12975,c,12978
12979,c,12978
12975,f,12978
12976,c,12978
12976,f,12978
12976,a,12978
12980,d,12979
12980,e,12979
12978,e,12979
12978,d,12979
12978,b,12979
12979,e,12979
12979,d,12979
12980,b,12979
12979,b,12979
12975,d,12979
12975,b,12979
12977,e,12979
12977,d,12979
12977,b,12979
12976,b,12979
12976,d,12979
12976,e,12979
12975,e,12979
12979,c,12980
12979,f,12980
12981,c,12980
12980,c,12980
12976,c,12980
12980,f,12980
12981,f,12980
12978,f,12980
12978,c,12980
12977,c,12980
12977,f,12980
12976,f,12980
12980,b,12981
12980,e,12981
12981,b,12981
12981,e,12981
12977,b,12981
12982,b,12981
12982,e,12981
12979,e,12981
12979,b,12981
12978,e,12981
12978,b,12981
12977,e,12981
12981,c,12982
12981,b,12982
12982,b,12982
12982,c,12982
12982,f,12982
12983,f,12982
12981,f,12982
12983,b,12982
12978,b,12982
12979,c,12982
12979,b,12982
12983,c,12982
12980,f,12982
12980,c,12982
12980,b,12982
12978,f,12982
12978,c,12982
12979,f,12982
12980,e,12983
12982,f,12983
12984,c,12983
12982,e,12983
12983,e,12983
12983,f,12983
12983,c,12983
12982,c,12983
12984,f,12983
12984,e,12983
12979,c,12983
12979,e,12983
12979,f,12983
12980,f,12983
12981,c,12983
12981,f,12983
12980,c,12983
12981,e,12983
12984,e,12984
12984,f,12984
12983,c,12984
12983,e,12984
12984,c,12984
12983,a,12984
12985,a,12984
12985,c,12984
12985,f,12984
12985,e,12984
12984,a,12984
12983,f,12984
12982,e,12984
12980,a,12984
12981,e,12984
12980,e,12984
12982,a,12984
12982,c,12984
12982,f,12984
12980,c,12984
12980,f,12984
12981,a,12984
12981,c,12984
12981,f,12984
12984,f,12985
12984,d,12985
12984,a,12985
12982,f,12985
12984,e,12985
12982,e,12985
12985,a,12985
12985,d,12985
12985,f,12985
12985,e,12985
12986,a,12985
12986,b,12985
12986,d,12985
12986,f,12985
12986,e,12985
12985,b,12985
12981,a,12985
12984,b,12985
12981,d,12985
12982,d,12985
12982,b,12985
12982,a,12985
12981,e,12985
12981,f,12985
12981,b,12985
12983,b,12985
12983,d,12985
12983,f,12985
12983,e,12985
12983,a,12985
12984,f,12986
12982,b,12986
12982,d,12986
12982,c,12986
12982,f,12986
12986,c,12986
12986,f,12986
12985,f,12986
12985,c,12986
12985,d,12986
12984,c,12986
12987,b,12986
12985,b,12986
12983,f,12986
12987,f,12986
12984,d,12986
12984,b,12986
12987,d,12986
12983,b,12986
12983,d,12986
12983,c,12986
12986,b,12986
12987,c,12986
12986,d,12986
12986,f,12987
12986,c,12987
12987,f,12987
12988,c,12987
12987,e,12987
12986,e,12987
12984,c,12987
12988,e,12987
12985,e,12987
12985,f,12987
12985,c,12987
12984,e,12987
12984,f,12987
12983,e,12987
12983,f,12987
12983,c,12987
12988,f,12987
12987,c,12987
12988,e,12988
12987,e,12988
12989,e,12988
12986,e,12988
12985,e,12988
12984,e,12988
12989,a,12989
12987,a,12989
12990,a,12989
12986,a,12989
12985,a,12989
12988,a,12989
12989,b,12990
12989,d,12990
12989,f,12990
12986,f,12990
12990,b,12990
12988,f,12990
12988,d,12990
12988,b,12990
12986,d,12990
12991,b,12990
12991,d,12990
12991,f,12990
12987,f,12990
12987,d,12990
12987,b,12990
12986,b,12990
12990,d,12990
12990,f,12990
12992,c,12991
12991,e,12991
12990,d,12991
12990,c,12991
12990,f,12991
12990,e,12991
12992,d,12991
12992,b,12991
12992,f,12991
12991,f,12991
12991,c,12991
12990,b,12991
12992,e,12991
12989,b,12991
12988,f,12991
12987,b,12991
12987,d,12991
12987,c,12991
12987,f,12991
12987,e,12991
12988,b,12991
12988,d,12991
12988,c,12991
12988,e,12991
12991,d,12991
12989,e,12991
12991,b,12991
12989,f,12991
12989,c,12991
12989,d,12991
12993,e,12992
12992,b,12992
12992,e,12992
12991,b,12992
12991,c,12992
12991,f,12992
12991,e,12992
12993,b,12992
12992,f,12992
12993,c,12992
12993,f,12992
12992,c,12992
12988,e,12992
12989,e,12992
12988,b,12992
12988,c,12992
12988,f,12992
12990,e,12992
12990,f,12992
12989,c,12992
12989,b,12992
12990,b,12992
12989,f,12992
12990,c,12992
12992,c,12993
12989,c,12993
12992,e,12993
12994,f,12993
12994,c,12993
12993,e,12993
12992,f,12993
12994,e,12993
12993,f,12993
12989,f,12993
12989,e,12993
12991,e,12993
12991,f,12993
12991,c,12993
12990,c,12993
12990,f,12993
12990,e,12993
12993,c,12993
12994,e,12994
12995,f,12994
12995,e,12994
12990,e,12994
12993,e,12994
12993,f,12994
12990,f,12994
12994,f,12994
12991,e,12994
12991,f,12994
12992,e,12994
12992,f,12994
12991,e,12995
12991,f,12995
12996,f,12995
12994,e,12995
12994,f,12995
12995,e,12995
12996,e,12995
12992,f,12995
12993,e,12995
12993,f,12995
12992,e,12995
12995,f,12995
12996,c,12996
12995,c,12996
12992,c,12996
12997,c,12996
12994,c,12996
12993,c,12996
12998,f,12998
12998,d,12998
12997,f,12998
12999,f,12998
12997,d,12998
12999,d,12998
12996,d,12998
12996,f,12998
12994,d,12998
12994,f,12998
12995,f,12998
12995,d,12998
13000,f,12999
12995,f,12999
12997,f,12999
12999,f,12999
12998,f,12999
12996,f,12999
12999,e,13000
13000,e,13000
13001,e,13000
12996,e,13000
12997,e,13000
12998,e,13000
13001,c,13001
13001,f,13001
13000,c,13001
13000,a,13001
13002,a,13001
13002,c,13001
13002,f,13001
13001,a,13001
13000,f,13001
12997,c,13001
12998,a,13001
12997,f,13001
12999,f,13001
12998,c,13001
12997,a,13001
12998,f,13001
12999,c,13001
12999,a,13001
13002,b,13002
13002,d,13002
13001,e,13002
13001,d,13002
13003,d,13002
13002,e,13002
13003,e,13002
12999,b,13002
13001,b,13002
12998,e,13002
12999,d,13002
12999,e,13002
12998,d,13002
12998,b,13002
13003,b,13002
13000,b,13002
13000,d,13002
13000,e,13002
13001,f,13003
13000,c,13003
13003,c,13003
13003,f,13003
13002,f,13003
13002,c,13003
12999,c,13003
12999,f,13003
13004,c,13003
13004,f,13003
13001,c,13003
13000,f,13003
13003,e,13004
13005,e,13004
13004,e,13004
13000,e,13004
13002,e,13004
13001,e,13004
13005,f,13005
13006,a,13005
13004,f,13005
13004,a,13005
13001,a,13005
13001,f,13005
13005,a,13005
13006,f,13005
13003,f,13005
13003,a,13005
13002,a,13005
13002,f,13005
13006,d,13006
13007,b,13006
13007,d,13006
13005,d,13006
13005,b,13006
13002,d,13006
13002,b,13006
13006,b,13006
13003,b,13006
13004,d,13006
13003,d,13006
13004,b,13006
13007,c,13007
13007,f,13007
13008,c,13007
13006,f,13007
13006,c,13007
13003,c,13007
13003,f,13007
13008,f,13007
13005,f,13007
13005,c,13007
13004,c,13007
13004,f,13007
13008,f,13008
13008,e,13008
13007,e,13008
13007,f,13008
13009,e,13008
13004,e,13008
13004,f,13008
13009,f,13008
13006,e,13008
13005,f,13008
13005,e,13008
13006,f,13008
13009,f,13009
13006,f,13009
13007,f,13009
13008,f,13009
13005,f,13009
13010,f,13009
13009,a,13010
13009,d,13010
13011,a,13010
13010,e,13010
13010,a,13010
13010,d,13010
13010,c,13010
13011,e,13010
13011,c,13010
13011,d,13010
13009,c,13010
13009,e,13010
13007,a,13010
13007,d,13010
13007,e,13010
13006,e,13010
13008,e,13010
13008,c,13010
13008,d,13010
13008,a,13010
13007,c,13010
13006,c,13010
13006,a,13010
13006,d,13010
13010,b,13011
13010,d,13011
13010,f,13011
13010,e,13011
13008,d,13011
13011,d,13011
13011,f,13011
13011,e,13011
13012,d,13011
13012,f,13011
13012,e,13011
13008,b,13011
13011,b,13011
13012,b,13011
13009,b,13011
13008,f,13011
13007,e,13011
13007,f,13011
13007,b,13011
13009,e,13011
13009,f,13011
13009,d,13011
13008,e,13011
13007,d,13011
13012,c,13012
13012,f,13012
13011,f,13012
13011,c,13012
13008,f,13012
13008,c,13012
13013,f,13012
13010,f,13012
13010,c,13012
13009,c,13012
13009,f,13012
13013,c,13012
13013,b,13013
13012,e,13013
13012,b,13013
13013,e,13013
13009,e,13013
13014,b,13013
13014,e,13013
13011,e,13013
13011,b,13013
13009,b,13013
13010,b,13013
13010,e,13013
13014,c,13014
13014,f,13014
13013,f,13014
13013,c,13014
13010,c,13014
13010,f,13014
13015,c,13014
13015,f,13014
13012,f,13014
13012,c,13014
13011,c,13014
13011,f,13014
13015,c,13015
13014,f,13015
13014,c,13015
13016,e,13015
13015,e,13015
13014,e,13015
13015,f,13015
13016,c,13015
13011,c,13015
13011,f,13015
13011,e,13015
13013,e,13015
13013,f,13015
13013,c,13015
13016,f,13015
13012,e,13015
13012,c,13015
13012,f,13015
13016,e,13016
13016,f,13016
13012,f,13016
13017,e,13016
13015,f,13016
13014,e,13016
13014,f,13016
13012,e,13016
13013,f,13016
13013,e,13016
13017,f,13016
13015,e,13016
13018,b,13017
13018,f,13017
13017,b,13017
13016,b,13017
13016,f,13017
13017,f,13017
13013,b,13017
13013,f,13017
13015,f,13017
13015,b,13017
13014,b,13017
13014,f,13017
13018,c,13018
13018,a,13018
13019,a,13018
13019,c,13018
13019,f,13018
13017,f,13018
13017,c,13018
13017,a,13018
13014,a,13018
13014,c,13018
13015,f,13018
13015,c,13018
13015,a,13018
13014,f,13018
13016,a,13018
13018,f,13018
13016,f,13018
13016,c,13018
13019,b,13019
13015,b,13019
13019,d,13019
13020,d,13019
13018,e,13019
13018,d,13019
13020,b,13019
13018,b,13019
13020,e,13019
13019,e,13019
13015,d,13019
13017,e,13019
13016,d,13019
13016,b,13019
13017,b,13019
13017,d,13019
13015,e,13019
13016,e,13019
13017,c,13020
13018,c,13020
13016,c,13020
13019,c,13020
13020,c,13020
13021,c,13020
13022,b,13021
13020,b,13021
13020,e,13021
13021,e,13021
13017,e,13021
13019,e,13021
13021,b,13021
13018,e,13021
13018,b,13021
13017,b,13021
13022,e,13021
13019,b,13021
13023,f,13022
13022,f,13022
13023,c,13022
13021,f,13022
13021,c,13022
13022,c,13022
13020,f,13022
13020,c,13022
13019,f,13022
13019,c,13022
13018,f,13022
13018,c,13022
13020,e,13023
13021,e,13023
13019,e,13023
13022,e,13023
13024,e,13023
13023,e,13023
13020,f,13024
13025,f,13024
13023,f,13024
13024,f,13024
13021,f,13024
13022,f,13024
13022,e,13026
13026,e,13026
13026,b,13026
13025,b,13026
13024,e,13026
13025,e,13026
13027,e,13026
13023,b,13026
13023,e,13026
13024,b,13026
13027,b,13026
13022,b,13026
13023,f,13027
13025,c,13027
13025,f,13027
13028,f,13027
13023,c,13027
13024,f,13027
13026,c,13027
13026,f,13027
13024,c,13027
13027,f,13027
13027,c,13027
13028,c,13027
13029,e,13028
13028,e,13028
13027,e,13028
13026,e,13028
13025,e,13028
13024,e,13028
13030,d,13029
13026,f,13029
13026,d,13029
13025,f,13029
13027,d,13029
13027,f,13029
13030,f,13029
13029,d,13029
13028,f,13029
13028,d,13029
13029,f,13029
13025,d,13029
13029,a,13030
13029,f,13030
13030,f,13030
13030,a,13030
13031,a,13030
13031,f,13030
13026,a,13030
13026,f,13030
13028,a,13030
13027,f,13030
13027,a,13030
13028,f,13030
13031,d,13031
13031,e,13031
13032,b,13031
13032,d,13031
13032,e,13031
13030,e,13031
13030,d,13031
13030,b,13031
13031,b,13031
13027,b,13031
13027,e,13031
13029,e,13031
13029,d,13031
13029,b,13031
13028,b,13031
13028,d,13031
13028,e,13031
13027,d,13031
13032,c,13032
13032,f,13032
13033,c,13032
13031,c,13032
13028,c,13032
13031,f,13032
13033,f,13032
13030,f,13032
13030,c,13032
13029,c,13032
13029,f,13032
13028,f,13032
13032,a,13033
13033,e,13033
13033,a,13033
13032,e,13033
13029,a,13033
13034,e,13033
13031,e,13033
13031,a,13033
13030,e,13033
13030,a,13033
13034,a,13033
13029,e,13033
13033,f,13034
13033,d,13034
13034,b,13034
13033,b,13034
13034,d,13034
13034,f,13034
13035,f,13034
13032,b,13034
13035,b,13034
13031,b,13034
13031,d,13034
13031,f,13034
13030,f,13034
13030,d,13034
13032,d,13034
13032,f,13034
13030,b,13034
13035,d,13034
13035,c,13035
13031,f,13035
13031,c,13035
13033,c,13035
13035,f,13035
13036,f,13035
13036,c,13035
13032,f,13035
13034,f,13035
13034,c,13035
13032,c,13035
13033,f,13035
13036,e,13036
13035,c,13036
13036,d,13036
13037,e,13036
13036,c,13036
13035,d,13036
13035,e,13036
13033,e,13036
13037,d,13036
13033,c,13036
13033,d,13036
13032,e,13036
13032,d,13036
13034,e,13036
13034,c,13036
13034,d,13036
13037,c,13036
13032,c,13036
13036,e,13037
13036,f,13037
13037,e,13037
13037,f,13037
13037,b,13037
13036,b,13037
13034,e,13037
13038,b,13037
13038,e,13037
13034,f,13037
13034,b,13037
13038,f,13037
13033,f,13037
13033,b,13037
13033,e,13037
13035,f,13037
13035,e,13037
13035,b,13037
13038,c,13038
13037,c,13038
13038,d,13038
13037,d,13038
13037,f,13038
13038,f,13038
13039,d,13038
13039,f,13038
13039,c,13038
13036,c,13038
13035,f,13038
13034,d,13038
13034,c,13038
13036,f,13038
13036,d,13038
13034,f,13038
13035,d,13038
13035,c,13038
13039,e,13039
13040,d,13039
13040,f,13039
13040,e,13039
13038,e,13039
13038,f,13039
13038,d,13039
13039,f,13039
13039,d,13039
13035,f,13039
13037,e,13039
13037,f,13039
13037,d,13039
13035,e,13039
13036,d,13039
13036,f,13039
13036,e,13039
13035,d,13039
13036,e,13040
13040,e,13040
13041,f,13040
13041,e,13040
13039,e,13040
13039,f,13040
13036,f,13040
13040,f,13040
13038,f,13040
13037,f,13040
13037,e,13040
13038,e,13040
13042,b,13041
13040,f,13041
13040,b,13041
13037,b,13041
13037,f,13041
13041,b,13041
13041,f,13041
13042,f,13041
13039,f,13041
13039,b,13041
13038,f,13041
13038,b,13041
13042,c,13042
13043,c,13042
13041,f,13042
13041,c,13042
13043,f,13042
13038,f,13042
13042,f,13042
13040,f,13042
13040,c,13042
13039,f,13042
13039,c,13042
13038,c,13042
13041,e,13043
13039,e,13043
13042,e,13043
13043,e,13043
13044,e,13043
13040,e,13043
13047,c,13047
13046,c,13047
13045,c,13047
13048,c,13047
13044,c,13047
13043,c,13047
13044,b,13048
13048,e,13048
13047,e,13048
13047,b,13048
13048,b,13048
13049,b,13048
13049,e,13048
13045,e,13048
13046,e,13048
13046,b,13048
13045,b,13048
13044,e,13048
13049,f,13049
13048,f,13049
13050,c,13049
13050,f,13049
13048,c,13049
13049,c,13049
13047,f,13049
13045,f,13049
13047,c,13049
13046,c,13049
13046,f,13049
13045,c,13049
13050,a,13050
13050,d,13050
13050,e,13050
13049,e,13050
13049,d,13050
13049,a,13050
13046,a,13050
13046,d,13050
13051,a,13050
13051,e,13050
13051,d,13050
13047,d,13050
13048,e,13050
13048,d,13050
13048,a,13050
13046,e,13050
13047,e,13050
13047,a,13050
13052,f,13051
13052,c,13051
13052,b,13051
13050,b,13051
13050,d,13051
13051,d,13051
13050,f,13051
13051,b,13051
13051,f,13051
13051,c,13051
13050,c,13051
13047,b,13051
13052,d,13051
13047,d,13051
13047,c,13051
13048,d,13051
13048,b,13051
13048,f,13051
13049,b,13051
13048,c,13051
13049,c,13051
13049,f,13051
13047,f,13051
13049,d,13051
13052,e,13052
13053,f,13052
13053,e,13052
13051,e,13052
13051,f,13052
13051,c,13052
13052,f,13052
13052,c,13052
13053,c,13052
13048,c,13052
13048,e,13052
13050,e,13052
13050,f,13052
13050,c,13052
13049,c,13052
13049,f,13052
13049,e,13052
13048,f,13052
13049,e,13053
13053,e,13053
13054,f,13053
13054,e,13053
13052,e,13053
13052,f,13053
13049,f,13053
13053,f,13053
13051,e,13053
13051,f,13053
13050,e,13053
13050,f,13053
13052,b,13054
13054,f,13054
13055,b,13054
13053,f,13054
13053,b,13054
13050,b,13054
13051,f,13054
13050,f,13054
13055,f,13054
13052,f,13054
13051,b,13054
13054,b,13054
13056,f,13055
13056,e,13055
13055,c,13055
13055,f,13055
13055,e,13055
13056,c,13055
13054,e,13055
13054,f,13055
13054,c,13055
13051,e,13055
13052,f,13055
13051,f,13055
13053,e,13055
13053,f,13055
13051,c,13055
13052,c,13055
13053,c,13055
13052,e,13055
13057,f,13056
13057,e,13056
13055,e,13056
13055,f,13056
13053,e,13056
13052,f,13056
13052,e,13056
13054,e,13056
13054,f,13056
13053,f,13056
13056,f,13056
13056,e,13056
13057,a,13058
13057,d,13058
13059,a,13058
13059,d,13058
13056,d,13058
13054,d,13058
13055,d,13058
13055,a,13058
13058,d,13058
13054,a,13058
13056,a,13058
13058,a,13058
13060,b,13059
13059,f,13059
13059,d,13059
13059,b,13059
13060,d,13059
13060,f,13059
13058,f,13059
13058,d,13059
13058,b,13059
13055,d,13059
13055,f,13059
13056,d,13059
13056,f,13059
13057,f,13059
13057,d,13059
13057,b,13059
13056,b,13059
13055,b,13059
13056,c,13060
13056,f,13060
13060,c,13060
13060,f,13060
13059,f,13060
13059,c,13060
13061,f,13060
13058,f,13060
13058,c,13060
13057,c,13060
13057,f,13060
13061,c,13060
13062,e,13061
13057,b,13061
13060,a,13061
13060,b,13061
13060,e,13061
13061,a,13061
13061,b,13061
13061,e,13061
13059,a,13061
13057,a,13061
13057,e,13061
13058,a,13061
13059,e,13061
13059,b,13061
13058,b,13061
13058,e,13061
13062,b,13061
13062,a,13061
13063,b,13062
13061,d,13062
13062,c,13062
13063,d,13062
13062,f,13062
13061,f,13062
13061,b,13062
13061,c,13062
13062,d,13062
13062,b,13062
13063,f,13062
13058,b,13062
13058,d,13062
13058,c,13062
13058,f,13062
13059,b,13062
13063,c,13062
13059,c,13062
13059,d,13062
13060,b,13062
13060,d,13062
13060,c,13062
13060,f,13062
13059,f,13062
13064,c,13063
13063,e,13063
13062,e,13063
13062,f,13063
13062,c,13063
13063,f,13063
13063,c,13063
13060,f,13063
13060,e,13063
13059,c,13063
13059,f,13063
13059,e,13063
13064,f,13063
13060,c,13063
13064,e,13063
13061,e,13063
13061,c,13063
13061,f,13063
13061,f,13064
13064,f,13064
13064,e,13064
13063,e,13064
13063,f,13064
13065,e,13064
13062,f,13064
13060,f,13064
13060,e,13064
13065,f,13064
13062,e,13064
13061,e,13064
13066,f,13065
13064,f,13065
13065,f,13065
13063,f,13065
13062,f,13065
13061,f,13065
13063,d,13066
13064,d,13066
13062,d,13066
13067,d,13066
13065,d,13066
13066,d,13066
13067,f,13067
13066,f,13067
13068,f,13067
13065,f,13067
13063,f,13067
13064,f,13067
13069,a,13069
13065,a,13069
13068,a,13069
13070,a,13069
13066,a,13069
13067,a,13069
13067,b,13070
13070,d,13070
13069,d,13070
13069,b,13070
13066,b,13070
13071,d,13070
13068,b,13070
13066,d,13070
13070,b,13070
13071,b,13070
13067,d,13070
13068,d,13070
13070,c,13071
13071,f,13071
13070,f,13071
13071,c,13071
13072,f,13071
13069,f,13071
13069,c,13071
13068,f,13071
13068,c,13071
13067,f,13071
13067,c,13071
13072,c,13071
13071,e,13072
13072,e,13072
13068,e,13072
13070,e,13072
13069,e,13072
13073,e,13072
13071,f,13073
13069,f,13073
13072,f,13073
13074,f,13073
13070,f,13073
13073,f,13073
13075,c,13075
13076,c,13075
13074,c,13075
13071,c,13075
13073,c,13075
13072,c,13075
13073,c,13076
13076,e,13076
13076,c,13076
13075,e,13076
13075,c,13076
13077,e,13076
13077,c,13076
13074,c,13076
13072,c,13076
13072,e,13076
13073,e,13076
13074,e,13076
13074,c,13077
13077,c,13077
13077,f,13077
13077,e,13077
13076,e,13077
13076,f,13077
13076,c,13077
13073,c,13077
13078,c,13077
13078,f,13077
13075,e,13077
13073,f,13077
13075,c,13077
13073,e,13077
13074,e,13077
13074,f,13077
13078,e,13077
13075,f,13077
13078,d,13078
13078,f,13078
13079,e,13078
13079,d,13078
13077,e,13078
13077,f,13078
13077,d,13078
13079,f,13078
13078,e,13078
13074,f,13078
13076,e,13078
13076,f,13078
13076,d,13078
13074,e,13078
13075,d,13078
13075,f,13078
13075,e,13078
13074,d,13078
13079,d,13079
13079,f,13079
13078,f,13079
13078,d,13079
13075,d,13079
13075,f,13079
13080,d,13079
13077,f,13079
13077,d,13079
13076,d,13079
13076,f,13079
13080,f,13079
13079,f,13080
13080,a,13080
13080,d,13080
13080,f,13080
13076,f,13080
13081,d,13080
13079,d,13080
13079,a,13080
13081,f,13080
13076,d,13080
13081,a,13080
13077,f,13080
13077,d,13080
13077,a,13080
13078,f,13080
13078,d,13080
13078,a,13080
13076,a,13080
13078,e,13081
13080,a,13081
13080,b,13081
13080,d,13081
13080,f,13081
13080,e,13081
13081,b,13081
13077,a,13081
13081,d,13081
13081,f,13081
13081,e,13081
13078,f,13081
13082,b,13081
13082,d,13081
13082,f,13081
13082,e,13081
13081,a,13081
13077,b,13081
13082,a,13081
13077,f,13081
13078,a,13081
13077,e,13081
13077,d,13081
13079,a,13081
13079,b,13081
13079,e,13081
13079,d,13081
13079,f,13081
13078,d,13081
13078,b,13081
13081,f,13082
13078,f,13082
13078,d,13082
13078,b,13082
13082,b,13082
13082,d,13082
13082,c,13082
13082,f,13082
13083,d,13082
13083,c,13082
13083,f,13082
13078,c,13082
13081,c,13082
13083,b,13082
13081,b,13082
13079,f,13082
13079,c,13082
13079,d,13082
13079,b,13082
13080,b,13082
13080,c,13082
13080,f,13082
13080,d,13082
13081,d,13082
13080,e,13083
13084,c,13083
13079,e,13083
13084,e,13083
13081,e,13083
13082,c,13083
13082,e,13083
13083,e,13083
13081,c,13083
13079,c,13083
13080,c,13083
13083,c,13083
13084,e,13084
13083,e,13084
13085,e,13084
13082,e,13084
13080,e,13084
13081,e,13084
13083,f,13085
13081,f,13085
13084,f,13085
13085,f,13085
13082,f,13085
13086,f,13085
13087,e,13088
13089,e,13088
13086,e,13088
13088,e,13088
13085,e,13088
13084,e,13088
13089,c,13089
13090,f,13089
13088,f,13089
13088,c,13089
13089,f,13089
13090,c,13089
13087,c,13089
13086,f,13089
13087,f,13089
13085,c,13089
13085,f,13089
13086,c,13089
13090,d,13090
13091,d,13090
13089,e,13090
13089,d,13090
13087,e,13090
13091,e,13090
13088,e,13090
13088,d,13090
13086,d,13090
13086,e,13090
13087,d,13090
13090,e,13090
13092,f,13091
13091,f,13091
13089,f,13091
13088,f,13091
13090,f,13091
13087,f,13091
13096,e,13096
13095,e,13096
13095,b,13096
13095,a,13096
13097,a,13096
13097,b,13096
13097,e,13096
13096,b,13096
13094,b,13096
13094,a,13096
13094,e,13096
13093,b,13096
13092,a,13096
13092,b,13096
13092,e,13096
13093,a,13096
13093,e,13096
13096,a,13096
13097,b,13097
13098,b,13097
13096,c,13097
13097,d,13097
13097,c,13097
13097,f,13097
13096,d,13097
13096,b,13097
13098,c,13097
13098,f,13097
13098,d,13097
13096,f,13097
13093,b,13097
13094,d,13097
13094,b,13097
13093,f,13097
13093,c,13097
13093,d,13097
13094,c,13097
13095,b,13097
13094,f,13097
13095,c,13097
13095,f,13097
13095,d,13097
13098,c,13098
13098,d,13098
13098,f,13098
13098,e,13098
13097,e,13098
13097,f,13098
13097,c,13098
13095,c,13098
13099,e,13098
13099,f,13098
13095,f,13098
13097,d,13098
13094,c,13098
13095,e,13098
13095,d,13098
13094,e,13098
13099,c,13098
13096,d,13098
13096,c,13098
13094,d,13098
13096,e,13098
13096,f,13098
13099,d,13098
13094,f,13098
13100,e,13099
13100,f,13099
13097,e,13099
13097,f,13099
13096,f,13099
13096,e,13099
13095,f,13099
13099,f,13099
13099,e,13099
13095,e,13099
13098,f,13099
13098,e,13099
13099,b,13100
13100,b,13100
13100,d,13100
13101,b,13100
13101,f,13100
13099,f,13100
13099,d,13100
13100,f,13100
13101,d,13100
13096,d,13100
13098,f,13100
13098,d,13100
13098,b,13100
13096,f,13100
13097,b,13100
13097,d,13100
13096,b,13100
13097,f,13100
13101,c,13101
13101,f,13101
13100,f,13101
13102,f,13101
13100,c,13101
13102,c,13101
13099,f,13101
13099,c,13101
13097,f,13101
13098,c,13101
13098,f,13101
13097,c,13101
13102,e,13102
13101,c,13102
13101,e,13102
13098,c,13102
13103,e,13102
13100,e,13102
13100,c,13102
13098,e,13102
13099,e,13102
13099,c,13102
13103,c,13102
13102,c,13102
13104,e,13103
13102,e,13103
13103,e,13103
13101,e,13103
13099,e,13103
13100,e,13103
13105,f,13104
13104,f,13104
13103,f,13104
13101,f,13104
13100,f,13104
13102,f,13104
13103,d,13106
13105,d,13106
13104,d,13106
13102,d,13106
13106,d,13106
13107,d,13106
13107,d,13107
13107,b,13107
13108,f,13107
13106,f,13107
13106,d,13107
13106,b,13107
13107,f,13107
13105,f,13107
13105,b,13107
13108,d,13107
13103,b,13107
13103,d,13107
13103,f,13107
13105,d,13107
13104,b,13107
13108,b,13107
13104,f,13107
13104,d,13107
13106,c,13108
13108,c,13108
13108,f,13108
13107,f,13108
13107,c,13108
13105,c,13108
13104,f,13108
13104,c,13108
13109,f,13108
13106,f,13108
13105,f,13108
13109,c,13108
13109,e,13109
13108,e,13109
13110,e,13109
13106,e,13109
13105,e,13109
13107,e,13109
13110,a,13110
13106,a,13110
13106,f,13110
13110,f,13110
13111,f,13110
13111,a,13110
13109,f,13110
13108,f,13110
13108,a,13110
13107,a,13110
13107,f,13110
13109,a,13110
13107,f,13111
13110,b,13111
13110,f,13111
13107,d,13111
13111,f,13111
13112,b,13111
13112,d,13111
13112,f,13111
13111,d,13111
13111,b,13111
13110,d,13111
13109,f,13111
13107,b,13111
13108,b,13111
13108,d,13111
13109,d,13111
13109,b,13111
13108,f,13111
13111,c,13112
13112,f,13112
13112,c,13112
13111,f,13112
13113,f,13112
13113,c,13112
13108,f,13112
13109,f,13112
13109,c,13112
13110,c,13112
13108,c,13112
13110,f,13112
13110,e,13113
13111,e,13113
13112,e,13113
13113,e,13113
13114,e,13113
13109,e,13113
13113,f,13114
13114,d,13114
13115,f,13114
13114,f,13114
13113,d,13114
13115,d,13114
13110,f,13114
13112,f,13114
13112,d,13114
13110,d,13114
13111,d,13114
13111,f,13114
13115,f,13115
13114,f,13115
13112,f,13115
13113,f,13115
13111,f,13115
13116,f,13115
13115,d,13116
13113,d,13116
13114,d,13116
13116,d,13116
13112,d,13116
13117,d,13116
13117,f,13117
13114,f,13117
13115,f,13117
13113,f,13117
13118,f,13117
13116,f,13117
13117,a,13118
13118,a,13118
13119,a,13118
13114,a,13118
13115,a,13118
13116,a,13118
13116,a,13119
13119,b,13119
13119,d,13119
13118,d,13119
13118,b,13119
13118,a,13119
13120,a,13119
13120,b,13119
13120,d,13119
13116,d,13119
13116,b,13119
13117,b,13119
13117,a,13119
13115,a,13119
13115,b,13119
13119,a,13119
13115,d,13119
13117,d,13119
13120,c,13120
13121,c,13120
13119,d,13120
13119,c,13120
13120,f,13120
13121,b,13120
13121,f,13120
13119,f,13120
13120,d,13120
13121,d,13120
13120,b,13120
13119,b,13120
13117,f,13120
13116,b,13120
13116,f,13120
13117,b,13120
13117,d,13120
13117,c,13120
13116,c,13120
13116,d,13120
13118,c,13120
13118,d,13120
13118,b,13120
13118,f,13120
13122,f,13121
13122,e,13121
13118,e,13121
13120,e,13121
13120,f,13121
13120,c,13121
13118,f,13121
13118,c,13121
13117,e,13121
13117,c,13121
13117,f,13121
13121,c,13121
13121,f,13121
13119,e,13121
13119,f,13121
13119,c,13121
13121,e,13121
13122,c,13121
13118,e,13122
13122,e,13122
13123,f,13122
13123,e,13122
13122,f,13122
13121,e,13122
13121,f,13122
13120,e,13122
13120,f,13122
13118,f,13122
13119,e,13122
13119,f,13122
13121,f,13123
13120,f,13123
13119,f,13123
13122,f,13123
13124,f,13123
13123,f,13123
13126,e,13125
13125,e,13125
13124,e,13125
13121,e,13125
13122,e,13125
13123,e,13125
13123,f,13126
13126,f,13126
13125,f,13126
13127,f,13126
13124,f,13126
13122,f,13126
13124,f,13127
13128,f,13127
13123,f,13127
13126,f,13127
13127,f,13127
13125,f,13127
13128,d,13128
13129,d,13128
13128,b,13128
13127,d,13128
13127,b,13128
13129,b,13128
13126,d,13128
13124,b,13128
13126,b,13128
13124,d,13128
13125,b,13128
13125,d,13128
13129,f,13129
13128,f,13129
13128,c,13129
13126,f,13129
13129,c,13129
13130,c,13129
13127,f,13129
13127,c,13129
13125,c,13129
13125,f,13129
13126,c,13129
13130,f,13129
13130,a,13130
13130,e,13130
13129,e,13130
13129,a,13130
13131,a,13130
13131,e,13130
13126,a,13130
13126,e,13130
13128,e,13130
13128,a,13130
13127,a,13130
13127,e,13130
13127,d,13131
13131,d,13131
13131,f,13131
13132,b,13131
13130,f,13131
13130,d,13131
13130,b,13131
13127,b,13131
13131,b,13131
13132,d,13131
13132,f,13131
13127,f,13131
13129,f,13131
13129,d,13131
13129,b,13131
13128,b,13131
13128,d,13131
13128,f,13131
13131,f,13132
13131,c,13132
13132,f,13132
13133,f,13132
13133,c,13132
13132,c,13132
13128,f,13132
13130,f,13132
13129,c,13132
13129,f,13132
13130,c,13132
13128,c,13132
13133,e,13133
13134,e,13133
13132,e,13133
13129,e,13133
13131,e,13133
13130,e,13133
13135,c,13134
13133,c,13134
13134,f,13134
13133,f,13134
13130,c,13134
13132,c,13134
13132,f,13134
13130,f,13134
13131,f,13134
13131,c,13134
13135,f,13134
13134,c,13134
13135,e,13135
13136,e,13135
13134,e,13135
13133,e,13135
13132,e,13135
13131,e,13135
13133,f,13136
13134,f,13136
13137,f,13136
13132,f,13136
13135,f,13136
13136,f,13136
13138,d,13137
13136,d,13137
13135,d,13137
13133,d,13137
13134,d,13137
13137,d,13137
13138,f,13138
13137,f,13138
13139,f,13138
13135,f,13138
13136,f,13138
13134,f,13138
13137,b,13140
13140,b,13140
13136,b,13140
13139,b,13140
13141,b,13140
13138,b,13140
13138,f,13141
13141,f,13141
13140,f,13141
13140,c,13141
13137,c,13141
13142,c,13141
13142,f,13141
13138,c,13141
13139,f,13141
13137,f,13141
13139,c,13141
13141,c,13141
13142,e,13142
13141,e,13142
13143,a,13142
13143,d,13142
13141,d,13142
13141,a,13142
13143,e,13142
13142,d,13142
13142,a,13142
13138,d,13142
13139,e,13142
13139,a,13142
13138,a,13142
13140,e,13142
13140,d,13142
13140,a,13142
13138,e,13142
13139,d,13142
13142,b,13143
13142,d,13143
13142,f,13143
13143,d,13143
13144,d,13143
13140,f,13143
13143,b,13143
13144,f,13143
13144,b,13143
13139,b,13143
13139,d,13143
13141,f,13143
13141,d,13143
13141,b,13143
13139,f,13143
13140,b,13143
13140,d,13143
13143,f,13143
13144,c,13144
13144,f,13144
13145,c,13144
13143,f,13144
13145,f,13144
13143,c,13144
13140,c,13144
13142,f,13144
13142,c,13144
13141,f,13144
13141,c,13144
13140,f,13144
13143,e,13145
13142,e,13145
13141,e,13145
13144,e,13145
13146,e,13145
13145,e,13145
13142,f,13146
13146,f,13146
13144,f,13146
13143,f,13146
13145,f,13146
13147,f,13146
13148,a,13149
13147,a,13149
13150,a,13149
13145,a,13149
13146,a,13149
13149,a,13149
13151,d,13150
13150,d,13150
13150,b,13150
13149,d,13150
13149,b,13150
13151,b,13150
13148,d,13150
13148,b,13150
13146,b,13150
13146,d,13150
13147,b,13150
13147,d,13150
13148,f,13151
13151,f,13151
13151,c,13151
13152,c,13151
13152,f,13151
13150,f,13151
13150,c,13151
13149,f,13151
13149,c,13151
13147,f,13151
13147,c,13151
13148,c,13151
13153,e,13152
13151,e,13152
13150,e,13152
13152,e,13152
13149,e,13152
13148,e,13152
13153,b,13153
13152,f,13153
13152,b,13153
13153,f,13153
13154,b,13153
13154,f,13153
13149,f,13153
13149,b,13153
13150,b,13153
13150,f,13153
13151,f,13153
13151,b,13153
13153,c,13154
13153,a,13154
13155,f,13154
13154,f,13154
13154,c,13154
13154,a,13154
13155,a,13154
13155,c,13154
13153,f,13154
13151,a,13154
13151,f,13154
13152,f,13154
13152,c,13154
13152,a,13154
13150,a,13154
13150,c,13154
13150,f,13154
13151,c,13154
13155,e,13155
13156,b,13155
13154,e,13155
13154,b,13155
13156,d,13155
13156,e,13155
13155,d,13155
13155,b,13155
13154,d,13155
13153,b,13155
13151,b,13155
13151,d,13155
13151,e,13155
13152,d,13155
13153,e,13155
13153,d,13155
13152,b,13155
13152,e,13155
13155,a,13156
13155,c,13156
13152,c,13156
13157,f,13156
13157,c,13156
13157,a,13156
13156,f,13156
13155,f,13156
13152,a,13156
13156,c,13156
13152,f,13156
13153,f,13156
13153,c,13156
13153,a,13156
13156,a,13156
13154,c,13156
13154,a,13156
13154,f,13156
13158,d,13157
13158,b,13157
13158,e,13157
13156,e,13157
13156,d,13157
13157,e,13157
13157,d,13157
13157,b,13157
13153,d,13157
13153,e,13157
13156,b,13157
13154,b,13157
13154,d,13157
13153,b,13157
13155,e,13157
13155,d,13157
13155,b,13157
13154,e,13157
13158,f,13158
13158,c,13158
13157,f,13158
13159,f,13158
13157,c,13158
13154,f,13158
13156,f,13158
13156,c,13158
13155,c,13158
13155,f,13158
13154,c,13158
13159,c,13158
13156,e,13159
13157,e,13159
13160,e,13159
13155,e,13159
13158,e,13159
13159,e,13159
13160,f,13160
13159,f,13160
13161,f,13160
13158,f,13160
13157,f,13160
13156,f,13160
13158,c,13161
13159,c,13161
13157,c,13161
13162,c,13161
13160,c,13161
13161,c,13161
13163,e,13162
13161,e,13162
13162,e,13162
13159,e,13162
13160,e,13162
13158,e,13162
13160,f,13163
13164,f,13163
13162,f,13163
13159,f,13163
13163,f,13163
13161,f,13163
13165,a,13164
13161,a,13164
13162,a,13164
13160,a,13164
13164,a,13164
13163,a,13164
13165,d,13165
13164,d,13165
13164,b,13165
13166,b,13165
13166,d,13165
13161,b,13165
13163,b,13165
13165,b,13165
13162,d,13165
13162,b,13165
13161,d,13165
13163,d,13165
13165,e,13166
13165,f,13166
13165,c,13166
13166,c,13166
13166,f,13166
13166,e,13166
13167,e,13166
13164,f,13166
13167,c,13166
13162,c,13166
13164,e,13166
13164,c,13166
13163,e,13166
13162,f,13166
13162,e,13166
13167,f,13166
13163,c,13166
13163,f,13166
13167,f,13167
13167,e,13167
13166,e,13167
13166,f,13167
13168,f,13167
13168,e,13167
13165,e,13167
13165,f,13167
13163,f,13167
13163,e,13167
13164,f,13167
13164,e,13167
13168,f,13168
13168,e,13168
13167,e,13168
13167,f,13168
13169,f,13168
13169,e,13168
13164,f,13168
13164,e,13168
13166,e,13168
13166,f,13168
13165,f,13168
13165,e,13168
13165,d,13169
13170,d,13169
13168,f,13169
13168,d,13169
13169,d,13169
13169,f,13169
13170,f,13169
13167,f,13169
13167,d,13169
13166,d,13169
13166,f,13169
13165,f,13169
13170,d,13170
13170,f,13170
13166,f,13170
13171,d,13170
13169,f,13170
13169,d,13170
13166,d,13170
13168,f,13170
13171,f,13170
13168,d,13170
13167,f,13170
13167,d,13170
13169,f,13171
13168,f,13171
13172,f,13171
13167,f,13171
13170,f,13171
13171,f,13171
13172,b,13172
13171,b,13172
13170,b,13172
13173,b,13172
13169,b,13172
13168,b,13172
13172,c,13173
13173,c,13173
13170,c,13173
13174,c,13173
13169,c,13173
13171,c,13173
13174,c,13174
13174,e,13174
13173,e,13174
13173,c,13174
13173,b,13174
13175,b,13174
13175,c,13174
13172,e,13174
13171,b,13174
13172,b,13174
13174,b,13174
13170,b,13174
13170,c,13174
13170,e,13174
13171,e,13174
13171,c,13174
13172,c,13174
13175,e,13174
13175,c,13175
13174,e,13175
13176,e,13175
13175,f,13175
13175,e,13175
13174,f,13175
13174,c,13175
13171,e,13175
13172,e,13175
13171,c,13175
13171,f,13175
13176,c,13175
13172,c,13175
13172,f,13175
13176,f,13175
13173,e,13175
13173,c,13175
13173,f,13175
13176,f,13176
13176,e,13176
13173,e,13176
13175,e,13176
13175,f,13176
13173,f,13176
13174,f,13176
13172,f,13176
13177,f,13176
13177,e,13176
13174,e,13176
13172,e,13176
13177,e,13177
13176,f,13177
13177,f,13177
13178,e,13177
13178,f,13177
13176,e,13177
13175,e,13177
13175,f,13177
13173,f,13177
13174,e,13177
13174,f,13177
13173,e,13177
13175,f,13178
13176,f,13178
13178,f,13178
13179,f,13178
13174,f,13178
13177,f,13178
13175,b,13179
13178,b,13179
13178,d,13179
13179,d,13179
13179,b,13179
13180,b,13179
13175,d,13179
13180,d,13179
13177,d,13179
13177,b,13179
13176,b,13179
13176,d,13179
13180,c,13180
13180,f,13180
13179,f,13180
13179,c,13180
13177,c,13180
13181,c,13180
13181,f,13180
13178,f,13180
13178,c,13180
13176,f,13180
13177,f,13180
13176,c,13180
13180,e,13181
13181,e,13181
13182,e,13181
13179,e,13181
13177,e,13181
13178,e,13181
13179,f,13182
13182,f,13182
13178,f,13182
13181,f,13182
13180,f,13182
13183,f,13182
13179,a,13183
13183,a,13183
13181,a,13183
13184,a,13183
13180,a,13183
13182,a,13183
13185,d,13184
13184,b,13184
13183,d,13184
13183,b,13184
13185,b,13184
13184,d,13184
13180,d,13184
13182,d,13184
13182,b,13184
13181,b,13184
13180,b,13184
13181,d,13184
13185,c,13185
13185,f,13185
13184,f,13185
13184,c,13185
13182,c,13185
13182,f,13185
13183,f,13185
13183,c,13185
13181,c,13185
13181,f,13185
13186,c,13185
13186,f,13185
13186,e,13186
13187,e,13186
13185,e,13186
13182,e,13186
13184,e,13186
13183,e,13186
13188,f,13187
13188,d,13187
13187,f,13187
13187,d,13187
13186,f,13187
13186,d,13187
13184,f,13187
13183,f,13187
13183,d,13187
13185,d,13187
13185,f,13187
13184,d,13187
13186,f,13188
13187,f,13188
13185,f,13188
13188,f,13188
13189,f,13188
13184,f,13188
13192,a,13193
13194,e,13193
13194,a,13193
13193,e,13193
13193,a,13193
13192,e,13193
13191,e,13193
13189,a,13193
13191,a,13193
13189,e,13193
13190,a,13193
13190,e,13193
13195,f,13194
13195,d,13194
13195,b,13194
13194,f,13194
13194,d,13194
13194,b,13194
13193,f,13194
13193,d,13194
13193,b,13194
13190,f,13194
13191,b,13194
13191,f,13194
13192,f,13194
13192,d,13194
13192,b,13194
13190,b,13194
13191,d,13194
13190,d,13194
13195,c,13195
13195,f,13195
13194,f,13195
13194,c,13195
13191,c,13195
13192,f,13195
13196,f,13195
13193,f,13195
13193,c,13195
13192,c,13195
13191,f,13195
13196,c,13195
13196,e,13196
13195,e,13196
13197,e,13196
13192,e,13196
13194,e,13196
13193,e,13196
13195,f,13197
13198,f,13197
13197,f,13197
13193,f,13197
13196,f,13197
13194,f,13197
13198,b,13198
13197,b,13198
13199,b,13198
13195,b,13198
13194,b,13198
13196,b,13198
13199,c,13199
13200,c,13199
13198,f,13199
13198,c,13199
13200,f,13199
13196,f,13199
13195,c,13199
13197,f,13199
13197,c,13199
13195,f,13199
13196,c,13199
13199,f,13199
13201,e,13200
13199,e,13200
13200,e,13200
13196,e,13200
13198,e,13200
13197,e,13200
13199,f,13201
13201,f,13201
13197,f,13201
13200,f,13201
13202,f,13201
13198,f,13201
13204,b,13203
13203,f,13203
13203,b,13203
13202,f,13203
13202,b,13203
13201,f,13203
13204,f,13203
13201,b,13203
13199,b,13203
13200,f,13203
13199,f,13203
13200,b,13203
13205,f,13204
13205,c,13204
13204,f,13204
13204,c,13204
13203,f,13204
13203,c,13204
13201,c,13204
13202,f,13204
13202,c,13204
13201,f,13204
13200,f,13204
13200,c,13204
13204,e,13205
13205,e,13205
13205,c,13205
13201,c,13205
13204,c,13205
13201,e,13205
13206,c,13205
13202,c,13205
13203,c,13205
13203,e,13205
13206,e,13205
13202,e,13205
13202,e,13206
13205,e,13206
13207,f,13206
13207,e,13206
13204,e,13206
13204,f,13206
13202,f,13206
13203,f,13206
13203,e,13206
13206,f,13206
13206,e,13206
13205,f,13206
13207,f,13207
13207,d,13207
13208,f,13207
13206,d,13207
13206,f,13207
13208,d,13207
13203,d,13207
13203,f,13207
13204,d,13207
13205,d,13207
13204,f,13207
13205,f,13207
13204,e,13208
13208,e,13208
13208,f,13208
13208,d,13208
13205,e,13208
13205,f,13208
13209,e,13208
13207,e,13208
13207,f,13208
13207,d,13208
13205,d,13208
13209,f,13208
13204,d,13208
13206,e,13208
13206,f,13208
13206,d,13208
13204,f,13208
13209,d,13208
13210,f,13209
13209,f,13209
13205,f,13209
13207,f,13209
13206,f,13209
13208,f,13209
13215,f,13214
13215,d,13214
13215,a,13214
13214,f,13214
13214,d,13214
13214,a,13214
13213,f,13214
13213,d,13214
13213,a,13214
13212,f,13214
13212,a,13214
13212,d,13214
13211,d,13214
13211,a,13214
13210,f,13214
13210,a,13214
13210,d,13214
13211,f,13214
13211,f,13215
13214,b,13215
13214,d,13215
13214,c,13215
13214,e,13215
13216,c,13215
13216,d,13215
13216,b,13215
13215,e,13215
13215,c,13215
13215,b,13215
13215,d,13215
13214,f,13215
13211,e,13215
13216,f,13215
13215,f,13215
13211,c,13215
13213,e,13215
13213,f,13215
13213,c,13215
13213,d,13215
13213,b,13215
13211,b,13215
13211,d,13215
13212,b,13215
13212,d,13215
13216,e,13215
13212,c,13215
13212,f,13215
13212,e,13215
13216,c,13216
13215,f,13216
13215,e,13216
13217,c,13216
13217,e,13216
13216,f,13216
13215,c,13216
13217,f,13216
13216,e,13216
13213,e,13216
13212,e,13216
13213,c,13216
13213,f,13216
13212,f,13216
13214,c,13216
13214,f,13216
13212,c,13216
13214,e,13216
13213,e,13217
13213,f,13217
13215,e,13217
13215,f,13217
13214,f,13217
13216,f,13217
13216,e,13217
13218,f,13217
13217,e,13217
13217,f,13217
13218,e,13217
13214,e,13217
13218,f,13218
13217,f,13218
13219,f,13218
13216,f,13218
13215,f,13218
13214,f,13218
13219,c,13219
13216,c,13219
13217,c,13219
13220,c,13219
13215,c,13219
13218,c,13219
13221,b,13220
13220,e,13220
13220,b,13220
13219,e,13220
13219,b,13220
13221,e,13220
13218,e,13220
13216,b,13220
13218,b,13220
13217,b,13220
13217,e,13220
13216,e,13220
13218,f,13221
13221,c,13221
13221,f,13221
13220,f,13221
13220,c,13221
13217,c,13221
13222,f,13221
13219,f,13221
13219,c,13221
13217,f,13221
13218,c,13221
13222,c,13221
13221,e,13222
13222,e,13222
13218,e,13222
13223,e,13222
13220,e,13222
13219,e,13222
13220,f,13223
13221,f,13223
13224,f,13223
13219,f,13223
13223,f,13223
13222,f,13223
13224,d,13224
13224,b,13224
13223,d,13224
13223,b,13224
13225,d,13224
13225,b,13224
13221,b,13224
13220,d,13224
13222,d,13224
13222,b,13224
13220,b,13224
13221,d,13224
13226,f,13225
13225,f,13225
13226,c,13225
13224,f,13225
13224,c,13225
13222,f,13225
13221,c,13225
13223,f,13225
13223,c,13225
13221,f,13225
13222,c,13225
13225,c,13225
13227,e,13226
13225,e,13226
13226,e,13226
13222,e,13226
13224,e,13226
13223,e,13226
13224,f,13227
13225,f,13227
13228,f,13227
13223,f,13227
13226,f,13227
13227,f,13227
13229,e,13228
13224,e,13228
13227,e,13228
13228,e,13228
13226,e,13228
13225,e,13228
13227,f,13229
13225,f,13229
13228,f,13229
13229,f,13229
13230,f,13229
13226,f,13229
13232,e,13233
13234,e,13233
13231,e,13233
13230,e,13233
13229,e,13233
13233,e,13233
13235,d,13234
13235,f,13234
13234,d,13234
13233,f,13234
13233,d,13234
13234,f,13234
13231,d,13234
13232,f,13234
13232,d,13234
13230,d,13234
13231,f,13234
13230,f,13234
13232,e,13235
13232,f,13235
13236,e,13235
13236,f,13235
13235,f,13235
13234,e,13235
13235,e,13235
13231,f,13235
13233,e,13235
13233,f,13235
13231,e,13235
13234,f,13235
13234,f,13236
13233,f,13236
13235,f,13236
13232,f,13236
13236,f,13236
13237,f,13236
13239,c,13239
13240,c,13239
13237,c,13239
13236,c,13239
13235,c,13239
13238,c,13239
13241,a,13240
13238,e,13240
13239,e,13240
13239,a,13240
13241,e,13240
13240,e,13240
13240,a,13240
13236,a,13240
13238,a,13240
13236,e,13240
13237,a,13240
13237,e,13240
13237,f,13241
13241,c,13241
13241,f,13241
13242,b,13241
13242,d,13241
13240,f,13241
13240,c,13241
13240,d,13241
13240,b,13241
13242,c,13241
13241,b,13241
13242,f,13241
13241,d,13241
13238,b,13241
13239,f,13241
13239,c,13241
13239,d,13241
13239,b,13241
13237,b,13241
13237,d,13241
13237,c,13241
13238,d,13241
13238,c,13241
13238,f,13241
13241,f,13242
13242,c,13242
13243,e,13242
13243,f,13242
13242,f,13242
13242,e,13242
13241,e,13242
13243,c,13242
13241,c,13242
13238,f,13242
13238,c,13242
13240,e,13242
13240,f,13242
13240,c,13242
13239,c,13242
13238,e,13242
13239,e,13242
13239,f,13242
13243,f,13243
13243,e,13243
13244,f,13243
13242,e,13243
13242,f,13243
13239,f,13243
13244,e,13243
13241,e,13243
13241,f,13243
13240,f,13243
13240,e,13243
13239,e,13243
13244,f,13244
13243,f,13244
13240,f,13244
13245,f,13244
13241,f,13244
13242,f,13244
13245,a,13245
13242,a,13245
13243,a,13245
13244,a,13245
13246,a,13245
13241,a,13245
13247,c,13246
13245,d,13246
13246,c,13246
13245,c,13246
13246,b,13246
13246,d,13246
13247,d,13246
13245,b,13246
13247,b,13246
13244,b,13246
13242,d,13246
13244,c,13246
13244,d,13246
13242,c,13246
13243,b,13246
13243,d,13246
13243,c,13246
13242,b,13246
13244,c,13247
13247,c,13247
13247,f,13247
13247,e,13247
13246,e,13247
13246,f,13247
13246,c,13247
13244,f,13247
13248,f,13247
13248,e,13247
13245,e,13247
13245,f,13247
13245,c,13247
13243,c,13247
13243,f,13247
13243,e,13247
13244,e,13247
13248,c,13247
13247,f,13248
13248,f,13248
13248,e,13248
13247,e,13248
13249,f,13248
13249,e,13248
13244,e,13248
13245,f,13248
13246,e,13248
13246,f,13248
13245,e,13248
13244,f,13248
13245,a,13249
13248,f,13249
13249,f,13249
13250,f,13249
13249,a,13249
13247,f,13249
13247,a,13249
13245,f,13249
13246,a,13249
13246,f,13249
13250,a,13249
13248,a,13249
13249,d,13250
13251,b,13250
13250,b,13250
13249,b,13250
13251,d,13250
13250,d,13250
13246,b,13250
13248,d,13250
13248,b,13250
13247,b,13250
13247,d,13250
13246,d,13250
13251,c,13251
13251,f,13251
13251,e,13251
13252,c,13251
13250,e,13251
13250,f,13251
13250,c,13251
13252,f,13251
13247,c,13251
13252,e,13251
13248,e,13251
13249,e,13251
13249,f,13251
13249,c,13251
13247,f,13251
13247,e,13251
13248,c,13251
13248,f,13251
13253,f,13252
13251,e,13252
13251,f,13252
13253,e,13252
13252,f,13252
13248,f,13252
13252,e,13252
13250,f,13252
13249,e,13252
13248,e,13252
13249,f,13252
13250,e,13252
13251,f,13253
13253,f,13253
13253,e,13253
13252,e,13253
13252,f,13253
13250,e,13253
13249,f,13253
13249,e,13253
13250,f,13253
13254,e,13253
13251,e,13253
13254,f,13253
13254,b,13254
13254,f,13254
13255,b,13254
13250,f,13254
13253,b,13254
13255,f,13254
13250,b,13254
13253,f,13254
13251,f,13254
13252,f,13254
13252,b,13254
13251,b,13254
13254,e,13255
13255,f,13255
13255,e,13255
13254,f,13255
13254,c,13255
13251,c,13255
13251,f,13255
13251,e,13255
13256,e,13255
13256,c,13255
13256,f,13255
13253,e,13255
13253,f,13255
13253,c,13255
13252,c,13255
13252,f,13255
13252,e,13255
13255,c,13255
13257,f,13256
13255,e,13256
13255,f,13256
13256,e,13256
13252,f,13256
13254,e,13256
13254,f,13256
13252,e,13256
13253,e,13256
13253,f,13256
13257,e,13256
13256,f,13256
13257,e,13257
13256,e,13257
13258,e,13257
13253,e,13257
13255,e,13257
13254,e,13257
13255,c,13258
13256,c,13258
13254,c,13258
13257,c,13258
13258,c,13258
13259,c,13258
13256,e,13259
13257,e,13259
13260,e,13259
13255,e,13259
13258,e,13259
13259,e,13259
13260,f,13260
13259,f,13260
13261,f,13260
13258,f,13260
13257,f,13260
13256,f,13260
13261,b,13261
13257,b,13261
13259,b,13261
13262,b,13261
13260,b,13261
13258,b,13261
13262,f,13262
13262,c,13262
13261,f,13262
13261,c,13262
13263,c,13262
13263,f,13262
13258,f,13262
13260,f,13262
13260,c,13262
13258,c,13262
13259,c,13262
13259,f,13262
13263,e,13263
13262,e,13263
13260,e,13263
13261,e,13263
13259,e,13263
13264,e,13263
13263,f,13264
13261,f,13264
13262,f,13264
13265,f,13264
13260,f,13264
13264,f,13264
13264,f,13265
13265,f,13265
13263,f,13265
13266,f,13265
13261,f,13265
13262,f,13265
13266,d,13266
13265,d,13266
13265,b,13266
13262,b,13266
13263,b,13266
13263,d,13266
13264,d,13266
13264,b,13266
13262,d,13266
13266,b,13266
13267,d,13266
13267,b,13266
13266,c,13267
13267,f,13267
13267,c,13267
13266,f,13267
13268,f,13267
13265,f,13267
13265,c,13267
13264,f,13267
13268,c,13267
13263,c,13267
13263,f,13267
13264,c,13267
13269,b,13268
13268,b,13268
13268,e,13268
13267,e,13268
13267,b,13268
13264,e,13268
13269,e,13268
13266,e,13268
13266,b,13268
13264,b,13268
13265,b,13268
13265,e,13268
13269,f,13269
13268,f,13269
13268,c,13269
13270,c,13269
13270,f,13269
13269,c,13269
13267,f,13269
13267,c,13269
13265,c,13269
13265,f,13269
13266,f,13269
13266,c,13269
13267,e,13270
13271,e,13270
13269,e,13270
13270,e,13270
13268,e,13270
13266,e,13270
13272,f,13271
13271,f,13271
13267,f,13271
13269,f,13271
13268,f,13271
13270,f,13271
13270,a,13273
13272,a,13273
13271,a,13273
13274,a,13273
13269,a,13273
13273,a,13273
13275,d,13274
13275,b,13274
13274,d,13274
13274,b,13274
13273,b,13274
13273,d,13274
13272,d,13274
13270,b,13274
13272,b,13274
13271,b,13274
13271,d,13274
13270,d,13274
13275,c,13275
13274,f,13275
13274,c,13275
13271,c,13275
13272,c,13275
13276,c,13275
13273,f,13275
13273,c,13275
13276,f,13275
13271,f,13275
13272,f,13275
13275,f,13275
13276,e,13276
13275,e,13276
13277,e,13276
13274,e,13276
13272,e,13276
13273,e,13276
13274,e,13277
13277,e,13277
13276,e,13277
13276,f,13277
13277,f,13277
13278,f,13277
13278,e,13277
13275,e,13277
13275,f,13277
13273,f,13277
13273,e,13277
13274,f,13277
13278,b,13278
13277,f,13278
13278,f,13278
13279,f,13278
13279,b,13278
13277,b,13278
13274,f,13278
13276,f,13278
13276,b,13278
13275,b,13278
13275,f,13278
13274,b,13278
13279,b,13279
13279,c,13279
13279,f,13279
13278,f,13279
13278,c,13279
13278,b,13279
13275,b,13279
13275,c,13279
13276,f,13279
13280,c,13279
13280,f,13279
13277,f,13279
13277,c,13279
13277,b,13279
13275,f,13279
13276,b,13279
13280,b,13279
13276,c,13279
13279,e,13280
13280,c,13280
13279,f,13280
13279,c,13280
13280,f,13280
13280,e,13280
13281,e,13280
13281,c,13280
13276,c,13280
13281,f,13280
13278,e,13280
13278,f,13280
13278,c,13280
13276,f,13280
13276,e,13280
13277,c,13280
13277,f,13280
13277,e,13280
13280,f,13281
13281,f,13281
13278,e,13281
13277,f,13281
13280,e,13281
13282,f,13281
13279,e,13281
13279,f,13281
13277,e,13281
13278,f,13281
13282,e,13281
13281,e,13281
13282,b,13282
13281,f,13282
13282,f,13282
13281,b,13282
13283,b,13282
13280,f,13282
13280,b,13282
13279,f,13282
13283,f,13282
13278,b,13282
13278,f,13282
13279,b,13282
13284,c,13283
13283,b,13283
13283,c,13283
13282,c,13283
13282,b,13283
13284,b,13283
13279,b,13283
13281,c,13283
13281,b,13283
13279,c,13283
13280,b,13283
13280,c,13283
13284,b,13284
13283,e,13284
13284,c,13284
13284,e,13284
13283,c,13284
13283,b,13284
13285,c,13284
13285,b,13284
13285,e,13284
13280,e,13284
13280,b,13284
13282,e,13284
13282,c,13284
13282,b,13284
13281,b,13284
13281,c,13284
13281,e,13284
13280,c,13284
13285,c,13285
13285,f,13285
13285,e,13285
13284,e,13285
13286,e,13285
13284,c,13285
13281,c,13285
13284,f,13285
13286,c,13285
13286,f,13285
13283,e,13285
13283,f,13285
13283,c,13285
13281,e,13285
13282,c,13285
13282,f,13285
13282,e,13285
13281,f,13285
13286,e,13286
13285,f,13286
13287,f,13286
13285,e,13286
13282,e,13286
13282,f,13286
13284,e,13286
13284,f,13286
13283,e,13286
13283,f,13286
13287,e,13286
13286,f,13286
13287,f,13287
13288,f,13287
13286,e,13287
13286,f,13287
13288,e,13287
13287,e,13287
13285,e,13287
13283,e,13287
13284,f,13287
13284,e,13287
13283,f,13287
13285,f,13287
13284,f,13288
13286,f,13288
13287,f,13288
13288,f,13288
13285,f,13288
13289,f,13288
13286,d,13290
13287,d,13290
13291,d,13290
13288,d,13290
13289,d,13290
13290,d,13290
13292,f,13291
13290,f,13291
13288,f,13291
13289,f,13291
13287,f,13291
13291,f,13291
13294,e,13293
13293,e,13293
13292,e,13293
13291,e,13293
13290,e,13293
13289,e,13293
13291,f,13294
13294,f,13294
13295,f,13294
13292,f,13294
13293,f,13294
13290,f,13294
13293,a,13297
13296,e,13297
13296,a,13297
13298,a,13297
13298,e,13297
13295,e,13297
13295,a,13297
13297,a,13297
13294,e,13297
13294,a,13297
13297,e,13297
13293,e,13297
13299,d,13298
13299,c,13298
13299,f,13298
13298,c,13298
13298,d,13298
13298,b,13298
13297,f,13298
13297,c,13298
13297,d,13298
13297,b,13298
13299,b,13298
13298,f,13298
13294,b,13298
13295,d,13298
13295,f,13298
13295,b,13298
13296,f,13298
13296,c,13298
13296,d,13298
13296,b,13298
13295,c,13298
13294,d,13298
13294,c,13298
13294,f,13298
13298,c,13299
13298,f,13299
13298,e,13299
13296,e,13299
13299,f,13299
13299,e,13299
13300,f,13299
13300,e,13299
13299,c,13299
13296,f,13299
13300,c,13299
13295,f,13299
13296,c,13299
13295,e,13299
13297,c,13299
13297,f,13299
13297,e,13299
13295,c,13299
13299,e,13300
13301,e,13300
13297,e,13300
13297,f,13300
13298,e,13300
13298,f,13300
13300,e,13300
13299,f,13300
13301,f,13300
13300,f,13300
13296,f,13300
13296,e,13300
13301,a,13301
13300,f,13301
13300,a,13301
13301,f,13301
13302,f,13301
13298,f,13301
13299,f,13301
13299,a,13301
13297,f,13301
13297,a,13301
13298,a,13301
13302,a,13301
13301,e,13302
13301,d,13302
13301,b,13302
13302,b,13302
13302,d,13302
13302,e,13302
13303,b,13302
13303,e,13302
13298,b,13302
13299,e,13302
13299,d,13302
13299,b,13302
13300,e,13302
13300,d,13302
13300,b,13302
13303,d,13302
13298,e,13302
13298,d,13302
13300,f,13303
13302,f,13303
13302,c,13303
13304,a,13303
13303,f,13303
13303,c,13303
13303,a,13303
13302,a,13303
13300,a,13303
13304,c,13303
13300,c,13303
13301,f,13303
13301,c,13303
13301,a,13303
13299,a,13303
13299,c,13303
13299,f,13303
13304,f,13303
13305,e,13304
13305,f,13304
13305,d,13304
13305,b,13304
13304,d,13304
13303,d,13304
13303,f,13304
13304,e,13304
13304,f,13304
13303,b,13304
13303,e,13304
13304,b,13304
13300,b,13304
13301,f,13304
13301,e,13304
13300,e,13304
13300,f,13304
13300,d,13304
13301,d,13304
13301,b,13304
13302,b,13304
13302,d,13304
13302,f,13304
13302,e,13304
13306,c,13305
13304,f,13305
13304,c,13305
13306,f,13305
13305,f,13305
13302,f,13305
13305,c,13305
13301,c,13305
13302,c,13305
13303,f,13305
13301,f,13305
13303,c,13305
13307,e,13306
13303,e,13306
13302,e,13306
13305,e,13306
13306,e,13306
13304,e,13306
13306,f,13307
13307,e,13307
13307,f,13307
13306,e,13307
13308,f,13307
13305,e,13307
13305,f,13307
13304,f,13307
13304,e,13307
13303,e,13307
13303,f,13307
13308,e,13307
13305,f,13308
13308,d,13308
13308,f,13308
13307,f,13308
13307,d,13308
13309,f,13308
13305,d,13308
13306,f,13308
13306,d,13308
13304,d,13308
13309,d,13308
13304,f,13308
13309,b,13309
13310,f,13309
13308,b,13309
13309,f,13309
13310,b,13309
13308,f,13309
13307,f,13309
13307,b,13309
13305,b,13309
13305,f,13309
13306,b,13309
13306,f,13309
13309,c,13310
13310,f,13310
13310,c,13310
13309,f,13310
13311,f,13310
13311,c,13310
13308,f,13310
13308,c,13310
13307,f,13310
13307,c,13310
13306,c,13310
13306,f,13310
13312,f,13311
13311,f,13311
13311,e,13311
13310,e,13311
13310,f,13311
13307,f,13311
13312,e,13311
13309,e,13311
13309,f,13311
13308,f,13311
13308,e,13311
13307,e,13311
13312,f,13312
13313,f,13312
13311,f,13312
13310,f,13312
13308,f,13312
13309,f,13312
13310,d,13313
13314,e,13313
13314,d,13313
13313,e,13313
13313,d,13313
13312,e,13313
13312,d,13313
13309,d,13313
13309,e,13313
13311,e,13313
13311,d,13313
13310,e,13313
13318,a,13318
13317,a,13318
13316,a,13318
13319,a,13318
13315,a,13318
13314,a,13318
13319,d,13319
13318,d,13319
13318,b,13319
13319,b,13319
13320,b,13319
13315,b,13319
13320,d,13319
13317,d,13319
13317,b,13319
13316,d,13319
13316,b,13319
13315,d,13319
13320,f,13320
13321,c,13320
13319,f,13320
13321,f,13320
13320,c,13320
13319,c,13320
13318,f,13320
13318,c,13320
13317,f,13320
13317,c,13320
13316,f,13320
13316,c,13320
13318,e,13321
13319,e,13321
13322,e,13321
13317,e,13321
13320,e,13321
13321,e,13321
13322,f,13322
13321,f,13322
13318,f,13322
13323,f,13322
13320,f,13322
13319,f,13322
13320,f,13323
13321,f,13323
13324,f,13323
13319,f,13323
13322,f,13323
13323,f,13323
13325,c,13324
13324,c,13324
13324,b,13324
13323,c,13324
13323,b,13324
13325,b,13324
13322,c,13324
13320,b,13324
13320,c,13324
13322,b,13324
13321,b,13324
13321,c,13324
13322,f,13325
13325,e,13325
13326,c,13325
13324,e,13325
13324,f,13325
13324,c,13325
13321,c,13325
13322,c,13325
13326,f,13325
13323,e,13325
13323,f,13325
13323,c,13325
13321,f,13325
13321,e,13325
13325,c,13325
13322,e,13325
13326,e,13325
13325,f,13325
13326,e,13326
13325,e,13326
13325,f,13326
13327,f,13326
13327,e,13326
13326,f,13326
13324,e,13326
13324,f,13326
13323,e,13326
13323,f,13326
13322,f,13326
13322,e,13326
13324,f,13327
13325,f,13327
13328,f,13327
13323,f,13327
13326,f,13327
13327,f,13327
13328,d,13328
13324,d,13328
13327,d,13328
13329,d,13328
13326,d,13328
13325,d,13328
13328,f,13329
13327,f,13329
13329,f,13329
13325,f,13329
13330,f,13329
13326,f,13329
13330,f,13330
13329,f,13330
13328,f,13330
13327,f,13330
13331,f,13330
13326,f,13330
13331,c,13331
13332,d,13331
13330,c,13331
13330,d,13331
13332,c,13331
13328,d,13331
13328,c,13331
13329,c,13331
13329,d,13331
13327,d,13331
13327,c,13331
13331,d,13331
13332,d,13332
13333,e,13332
13332,e,13332
13333,d,13332
13331,e,13332
13331,f,13332
13331,d,13332
13333,f,13332
13332,f,13332
13329,e,13332
13330,e,13332
13330,f,13332
13328,d,13332
13328,f,13332
13328,e,13332
13330,d,13332
13329,d,13332
13329,f,13332
13330,f,13333
13333,f,13333
13332,f,13333
13331,f,13333
13329,f,13333
13334,f,13333
13330,b,13334
13332,b,13334
13335,b,13334
13331,b,13334
13334,b,13334
13333,b,13334
13336,f,13335
13335,f,13335
13335,c,13335
13336,c,13335
13334,f,13335
13334,c,13335
13331,f,13335
13333,f,13335
13333,c,13335
13332,f,13335
13332,c,13335
13331,c,13335
13333,e,13336
13334,e,13336
13332,e,13336
13335,e,13336
13337,e,13336
13336,e,13336
13338,f,13337
13337,f,13337
13336,f,13337
13333,f,13337
13335,f,13337
13334,f,13337
13335,f,13338
13339,f,13338
13338,f,13338
13334,f,13338
13337,f,13338
13336,f,13338
13337,a,13341
13341,a,13341
13339,a,13341
13340,a,13341
13342,a,13341
13338,a,13341
13338,b,13342
13342,b,13342
13341,d,13342
13341,b,13342
13342,d,13342
13338,d,13342
13343,b,13342
13340,b,13342
13343,d,13342
13339,b,13342
13340,d,13342
13339,d,13342
13342,f,13343
13342,c,13343
13343,c,13343
13343,f,13343
13340,f,13343
13344,c,13343
13341,f,13343
13341,c,13343
13344,f,13343
13339,c,13343
13339,f,13343
13340,c,13343
13344,b,13344
13344,e,13344
13343,e,13344
13343,b,13344
13345,b,13344
13341,e,13344
13345,e,13344
13342,e,13344
13342,b,13344
13340,b,13344
13340,e,13344
13341,b,13344
13345,c,13345
13345,f,13345
13346,f,13345
13344,f,13345
13344,c,13345
13344,d,13345
13346,d,13345
13345,d,13345
13346,c,13345
13341,f,13345
13342,c,13345
13343,f,13345
13343,c,13345
13343,d,13345
13341,d,13345
13341,c,13345
13342,f,13345
13342,d,13345
13346,f,13346
13347,f,13346
13347,e,13346
13345,e,13346
13345,f,13346
13343,e,13346
13342,f,13346
13342,e,13346
13344,e,13346
13344,f,13346
13343,f,13346
13346,e,13346
13347,f,13347
13346,f,13347
13348,f,13347
13343,f,13347
13345,f,13347
13344,f,13347
13346,d,13349
13348,e,13349
13348,d,13349
13345,e,13349
13350,d,13349
13350,e,13349
13349,e,13349
13349,d,13349
13347,d,13349
13345,d,13349
13346,e,13349
13347,e,13349
13351,c,13350
13351,f,13350
13349,f,13350
13349,c,13350
13350,f,13350
13350,c,13350
13348,f,13350
13348,c,13350
13347,f,13350
13347,c,13350
13346,f,13350
13346,c,13350
13348,e,13351
13349,e,13351
13347,e,13351
13350,e,13351
13352,e,13351
13351,e,13351
13348,f,13352
13352,f,13352
13353,f,13352
13350,f,13352
13349,f,13352
13351,f,13352
13356,c,13357
13356,d,13357
13358,d,13357
13358,c,13357
13355,c,13357
13355,d,13357
13354,c,13357
13354,d,13357
13353,c,13357
13353,d,13357
13357,c,13357
13357,d,13357
13359,e,13358
13358,f,13358
13357,e,13358
13357,f,13358
13359,f,13358
13358,e,13358
13356,e,13358
13356,f,13358
13354,f,13358
13354,e,13358
13355,f,13358
13355,e,13358
13356,f,13359
13359,f,13359
13358,f,13359
13357,f,13359
13355,f,13359
13360,f,13359
13360,c,13360
13358,c,13360
13356,c,13360
13361,c,13360
13357,c,13360
13359,c,13360
13362,f,13361
13361,e,13361
13360,e,13361
13360,f,13361
13362,e,13361
13361,f,13361
13357,e,13361
13359,e,13361
13359,f,13361
13357,f,13361
13358,f,13361
13358,e,13361
13363,e,13362
13363,f,13362
13362,e,13362
13362,f,13362
13359,f,13362
13361,e,13362
13361,f,13362
13359,e,13362
13358,e,13362
13358,f,13362
13360,f,13362
13360,e,13362
13364,f,13363
13359,e,13363
13359,f,13363
13362,e,13363
13362,f,13363
13363,f,13363
13363,e,13363
13361,e,13363
13361,f,13363
13360,f,13363
13360,e,13363
13364,e,13363
13363,b,13364
13363,f,13364
13364,f,13364
13364,b,13364
13365,b,13364
13365,f,13364
13360,b,13364
13362,f,13364
13361,b,13364
13361,f,13364
13360,f,13364
13362,b,13364
13364,d,13365
13364,c,13365
13366,e,13365
13366,f,13365
13365,d,13365
13366,d,13365
13364,f,13365
13364,e,13365
13365,e,13365
13365,f,13365
13365,c,13365
13366,c,13365
13363,e,13365
13361,e,13365
13362,e,13365
13362,f,13365
13362,c,13365
13362,d,13365
13363,d,13365
13363,c,13365
13363,f,13365
13361,f,13365
13361,d,13365
13361,c,13365
13366,e,13366
13366,f,13366
13367,a,13366
13365,f,13366
13365,b,13366
13365,a,13366
13366,b,13366
13366,a,13366
13362,a,13366
13362,b,13366
13363,f,13366
13365,e,13366
13363,e,13366
13367,e,13366
13363,b,13366
13363,a,13366
13367,f,13366
13362,e,13366
13362,f,13366
13364,a,13366
13367,b,13366
13364,f,13366
13364,e,13366
13364,b,13366
13367,c,13367
13366,e,13367
13366,d,13367
13366,b,13367
13367,d,13367
13367,b,13367
13368,b,13367
13368,d,13367
13368,c,13367
13368,e,13367
13367,e,13367
13366,c,13367
13363,d,13367
13363,e,13367
13363,c,13367
13365,d,13367
13363,b,13367
13365,c,13367
13365,b,13367
13364,e,13367
13364,c,13367
13364,d,13367
13364,b,13367
13365,e,13367
13364,d,13368
13364,e,13368
13368,e,13368
13367,c,13368
13364,c,13368
13367,e,13368
13368,c,13368
13366,e,13368
13366,c,13368
13366,d,13368
13369,d,13368
13365,d,13368
13365,c,13368
13365,e,13368
13369,c,13368
13369,e,13368
13368,d,13368
13367,d,13368
13368,c,13369
13368,f,13369
13368,e,13369
13369,e,13369
13369,f,13369
13368,a,13369
13370,a,13369
13365,f,13369
13370,f,13369
13365,c,13369
13365,a,13369
13369,a,13369
13366,a,13369
13366,c,13369
13366,f,13369
13366,e,13369
13370,c,13369
13370,e,13369
13369,c,13369
13365,e,13369
13367,a,13369
13367,c,13369
13367,f,13369
13367,e,13369
13370,b,13370
13369,e,13370
13369,f,13370
13369,d,13370
13369,b,13370
13371,e,13370
13371,f,13370
13371,d,13370
13370,f,13370
13370,d,13370
13366,b,13370
13367,f,13370
13370,e,13370
13366,d,13370
13366,f,13370
13366,e,13370
13367,b,13370
13367,d,13370
13371,b,13370
13368,b,13370
13368,d,13370
13368,f,13370
13368,e,13370
13367,e,13370
13371,c,13371
13372,f,13371
13372,c,13371
13371,f,13371
13368,f,13371
13370,c,13371
13369,f,13371
13369,c,13371
13370,f,13371
13368,c,13371
13367,f,13371
13367,c,13371
13370,d,13373
13374,d,13373
13369,d,13373
13371,d,13373
13373,d,13373
13372,d,13373
13374,f,13374
13372,f,13374
13371,f,13374
13375,f,13374
13370,f,13374
13373,f,13374
13375,c,13375
13374,b,13375
13374,c,13375
13375,b,13375
13373,c,13375
13376,b,13375
13376,c,13375
13372,c,13375
13372,b,13375
13371,c,13375
13371,b,13375
13373,b,13375
13376,f,13376
13376,e,13376
13375,e,13376
13375,f,13376
13375,c,13376
13376,c,13376
13377,e,13376
13377,c,13376
13374,f,13376
13372,c,13376
13372,f,13376
13372,e,13376
13373,c,13376
13373,f,13376
13374,c,13376
13373,e,13376
13374,e,13376
13377,f,13376
13377,e,13377
13377,d,13377
13377,f,13377
13376,a,13377
13376,d,13377
13376,f,13377
13376,e,13377
13378,a,13377
13378,d,13377
13378,f,13377
13374,d,13377
13374,f,13377
13373,a,13377
13373,d,13377
13373,f,13377
13373,e,13377
13374,a,13377
13378,e,13377
13374,e,13377
13377,a,13377
13375,a,13377
13375,d,13377
13375,f,13377
13375,e,13377
13379,b,13378
13378,f,13378
13377,f,13378
13377,d,13378
13377,b,13378
13378,d,13378
13379,d,13378
13378,b,13378
13379,f,13378
13375,f,13378
13374,b,13378
13374,d,13378
13376,f,13378
13376,d,13378
13374,f,13378
13376,b,13378
13375,b,13378
13375,d,13378
13380,c,13379
13380,f,13379
13378,f,13379
13378,c,13379
13379,c,13379
13375,c,13379
13375,f,13379
13377,f,13379
13377,c,13379
13376,c,13379
13376,f,13379
13379,f,13379
13381,f,13380
13381,e,13380
13376,e,13380
13380,e,13380
13380,f,13380
13379,e,13380
13376,f,13380
13379,f,13380
13377,f,13380
13377,e,13380
13378,e,13380
13378,f,13380
13382,f,13381
13379,f,13381
13381,f,13381
13377,f,13381
13378,f,13381
13380,f,13381
13382,c,13382
13381,c,13382
13381,a,13382
13383,a,13382
13383,c,13382
13382,a,13382
13380,a,13382
13378,a,13382
13379,c,13382
13379,a,13382
13378,c,13382
13380,c,13382
13383,b,13383
13384,e,13383
13382,e,13383
13382,d,13383
13383,e,13383
13384,b,13383
13384,d,13383
13383,d,13383
13382,b,13383
13380,e,13383
13380,b,13383
13379,e,13383
13381,e,13383
13381,d,13383
13381,b,13383
13380,d,13383
13379,b,13383
13379,d,13383
13383,a,13384
13383,c,13384
13383,f,13384
13381,f,13384
13384,f,13384
13385,a,13384
13385,c,13384
13385,f,13384
13381,c,13384
13384,a,13384
13384,c,13384
13380,f,13384
13381,a,13384
13382,a,13384
13382,c,13384
13382,f,13384
13380,c,13384
13380,a,13384
13384,b,13385
13386,d,13385
13384,e,13385
13384,d,13385
13381,b,13385
13385,b,13385
13385,d,13385
13385,e,13385
13386,e,13385
13381,d,13385
13381,e,13385
13386,b,13385
13383,d,13385
13382,e,13385
13382,d,13385
13382,b,13385
13383,e,13385
13383,b,13385
13382,c,13386
13386,c,13386
13386,f,13386
13385,f,13386
13385,c,13386
13382,f,13386
13383,c,13386
13384,f,13386
13384,c,13386
13383,f,13386
13387,c,13386
13387,f,13386
13386,b,13387
13386,e,13387
13388,b,13387
13387,e,13387
13387,b,13387
13385,e,13387
13385,b,13387
13384,e,13387
13384,b,13387
13383,e,13387
13383,b,13387
13388,e,13387
13388,c,13388
13389,f,13388
13389,c,13388
13387,f,13388
13387,c,13388
13388,f,13388
13385,c,13388
13386,f,13388
13386,c,13388
13385,f,13388
13384,f,13388
13384,c,13388
13386,e,13389
13387,e,13389
13390,e,13389
13385,e,13389
13388,e,13389
13389,e,13389
13390,f,13390
13389,f,13390
13386,f,13390
13391,f,13390
13388,f,13390
13387,f,13390
13388,d,13391
13389,d,13391
13387,d,13391
13390,d,13391
13392,d,13391
13391,d,13391
13389,f,13392
13390,f,13392
13393,f,13392
13392,f,13392
13391,f,13392
13388,f,13392
13393,a,13393
13392,a,13393
13394,a,13393
13391,a,13393
13389,a,13393
13390,a,13393
13391,d,13394
13394,d,13394
13394,b,13394
13390,d,13394
13390,b,13394
13392,b,13394
13392,d,13394
13393,d,13394
13393,b,13394
13391,b,13394
13395,d,13394
13395,b,13394
13394,f,13395
13395,c,13395
13395,f,13395
13395,e,13395
13396,c,13395
13396,e,13395
13394,e,13395
13396,f,13395
13394,c,13395
13392,e,13395
13392,c,13395
13393,e,13395
13393,f,13395
13391,e,13395
13393,c,13395
13392,f,13395
13391,c,13395
13391,f,13395
13395,c,13396
13395,f,13396
13395,e,13396
13393,e,13396
13396,e,13396
13397,c,13396
13397,f,13396
13397,e,13396
13396,f,13396
13393,f,13396
13396,c,13396
13392,f,13396
13392,e,13396
13394,c,13396
13394,f,13396
13394,e,13396
13392,c,13396
13393,c,13396
13393,b,13397
13396,b,13397
13397,f,13397
13396,e,13397
13396,f,13397
13397,e,13397
13398,b,13397
13398,f,13397
13398,e,13397
13397,b,13397
13393,f,13397
13393,e,13397
13394,b,13397
13394,e,13397
13395,e,13397
13395,f,13397
13395,b,13397
13394,f,13397
13394,c,13398
13398,f,13398
13399,c,13398
13397,f,13398
13397,c,13398
13398,c,13398
13395,c,13398
13399,f,13398
13396,f,13398
13396,c,13398
13395,f,13398
13394,f,13398
13399,e,13399
13398,e,13399
13395,e,13399
13400,e,13399
13397,e,13399
13396,e,13399
13397,f,13400
13398,f,13400
13401,f,13400
13396,f,13400
13399,f,13400
13400,f,13400
13401,c,13401
13400,c,13401
13402,c,13401
13399,c,13401
13397,c,13401
13398,c,13401
13402,c,13402
13403,c,13402
13403,e,13402
13401,e,13402
13401,c,13402
13398,c,13402
13402,e,13402
13400,e,13402
13400,c,13402
13398,e,13402
13399,c,13402
13399,e,13402
13402,f,13403
13404,f,13403
13404,e,13403
13402,e,13403
13403,e,13403
13403,f,13403
13399,f,13403
13401,e,13403
13401,f,13403
13400,e,13403
13400,f,13403
13399,e,13403
13401,f,13404
13402,f,13404
13400,f,13404
13403,f,13404
13404,f,13404
13405,f,13404
13408,a,13409
13408,c,13409
13409,c,13409
13407,c,13409
13409,a,13409
13407,a,13409
13410,a,13409
13406,a,13409
13406,c,13409
13405,c,13409
13405,a,13409
13410,c,13409
13406,e,13410
13411,b,13410
13411,a,13410
13409,a,13410
13409,d,13410
13409,e,13410
13410,e,13410
13410,d,13410
13410,b,13410
13410,a,13410
13409,b,13410
13411,e,13410
13411,d,13410
13408,e,13410
13406,b,13410
13406,a,13410
13407,a,13410
13407,b,13410
13407,d,13410
13407,e,13410
13406,d,13410
13408,a,13410
13408,b,13410
13408,d,13410
13412,d,13411
13411,f,13411
13411,b,13411
13410,c,13411
13411,d,13411
13410,d,13411
13410,b,13411
13410,f,13411
13411,c,13411
13412,b,13411
13412,f,13411
13408,f,13411
13412,c,13411
13407,b,13411
13408,d,13411
13408,b,13411
13407,f,13411
13409,f,13411
13409,c,13411
13409,d,13411
13409,b,13411
13407,c,13411
13408,c,13411
13407,d,13411
13411,d,13412
13408,d,13412
13411,f,13412
13411,e,13412
13412,e,13412
13412,f,13412
13412,c,13412
13412,d,13412
13411,c,13412
13413,d,13412
13408,f,13412
13413,c,13412
13409,e,13412
13409,f,13412
13409,c,13412
13409,d,13412
13408,e,13412
13410,d,13412
13410,c,13412
13408,c,13412
13410,e,13412
13413,e,13412
13413,f,13412
13410,f,13412
13414,f,13413
13412,e,13413
13412,f,13413
13412,a,13413
13414,e,13413
13413,f,13413
13413,a,13413
13413,e,13413
13414,a,13413
13410,a,13413
13409,f,13413
13411,e,13413
13411,f,13413
13409,e,13413
13410,f,13413
13410,e,13413
13411,a,13413
13409,a,13413
13414,b,13414
13414,d,13414
13414,f,13414
13413,f,13414
13415,f,13414
13413,b,13414
13410,b,13414
13410,d,13414
13413,d,13414
13415,b,13414
13415,d,13414
13412,f,13414
13412,d,13414
13412,b,13414
13411,b,13414
13411,d,13414
13411,f,13414
13410,f,13414
13416,c,13415
13415,f,13415
13414,c,13415
13416,f,13415
13414,f,13415
13411,c,13415
13413,f,13415
13413,c,13415
13411,f,13415
13412,f,13415
13412,c,13415
13415,c,13415
13416,f,13416
13416,e,13416
13417,c,13416
13417,f,13416
13417,e,13416
13415,f,13416
13415,c,13416
13416,c,13416
13415,e,13416
13414,e,13416
13414,f,13416
13412,c,13416
13414,c,13416
13412,f,13416
13412,e,13416
13413,e,13416
13413,f,13416
13413,c,13416
13414,e,13417
13418,e,13417
13417,e,13417
13416,e,13417
13413,e,13417
13415,e,13417
13418,c,13419
13420,c,13419
13417,c,13419
13419,c,13419
13415,c,13419
13416,c,13419
13421,f,13420
13421,e,13420
13419,e,13420
13419,f,13420
13416,f,13420
13418,f,13420
13417,e,13420
13417,f,13420
13420,f,13420
13416,e,13420
13418,e,13420
13420,e,13420
13421,f,13421
13422,f,13421
13418,f,13421
13419,f,13421
13417,f,13421
13420,f,13421
13420,f,13423
13424,f,13423
13422,f,13423
13423,f,13423
13421,f,13423
13419,f,13423
13422,e,13426
13423,e,13426
13424,e,13426
13427,e,13426
13425,e,13426
13426,e,13426
13427,f,13427
13428,f,13427
13424,f,13427
13425,f,13427
13423,f,13427
13426,f,13427
13426,a,13430
13427,a,13430
13431,a,13430
13428,a,13430
13430,a,13430
13429,a,13430
13431,d,13431
13431,b,13431
13430,d,13431
13430,b,13431
13432,d,13431
13432,b,13431
13429,b,13431
13428,d,13431
13427,b,13431
13427,d,13431
13428,b,13431
13429,d,13431
13429,c,13432
13432,c,13432
13432,f,13432
13431,f,13432
13431,c,13432
13433,c,13432
13430,f,13432
13430,c,13432
13428,c,13432
13428,f,13432
13429,f,13432
13433,f,13432
13432,e,13433
13433,a,13433
13434,e,13433
13434,a,13433
13433,e,13433
13432,a,13433
13429,a,13433
13429,e,13433
13430,a,13433
13430,e,13433
13431,e,13433
13431,a,13433
13430,b,13434
13434,f,13434
13433,f,13434
13431,f,13434
13434,d,13434
13434,b,13434
13435,f,13434
13433,d,13434
13432,f,13434
13432,d,13434
13432,b,13434
13430,d,13434
13430,f,13434
13431,b,13434
13431,d,13434
13435,b,13434
13435,d,13434
13433,b,13434
13431,c,13435
13434,f,13435
13436,f,13435
13434,e,13435
13436,c,13435
13435,e,13435
13435,f,13435
13434,c,13435
13436,e,13435
13433,c,13435
13432,e,13435
13431,f,13435
13431,e,13435
13432,c,13435
13432,f,13435
13435,c,13435
13433,f,13435
13433,e,13435
13437,c,13436
13437,f,13436
13437,e,13436
13436,d,13436
13435,e,13436
13435,f,13436
13435,c,13436
13435,d,13436
13436,e,13436
13436,f,13436
13437,d,13436
13436,c,13436
13433,f,13436
13434,e,13436
13434,f,13436
13434,c,13436
13432,d,13436
13434,d,13436
13432,c,13436
13432,f,13436
13433,e,13436
13432,e,13436
13433,c,13436
13433,d,13436
13434,e,13437
13438,f,13437
13437,e,13437
13437,f,13437
13436,e,13437
13436,f,13437
13433,f,13437
13433,e,13437
13435,e,13437
13435,f,13437
13434,f,13437
13438,e,13437
13436,f,13438
13434,f,13438
13435,f,13438
13437,f,13438
13439,f,13438
13438,f,13438
13440,c,13440
13439,c,13440
13438,c,13440
13441,c,13440
13436,c,13440
13437,c,13440
13438,b,13441
13440,e,13441
13440,b,13441
13442,b,13441
13442,e,13441
13441,e,13441
13437,e,13441
13441,b,13441
13439,b,13441
13437,b,13441
13438,e,13441
13439,e,13441
13442,a,13442
13443,a,13442
13441,f,13442
13443,c,13442
13443,f,13442
13441,c,13442
13441,a,13442
13442,c,13442
13442,f,13442
13439,c,13442
13439,a,13442
13440,f,13442
13440,c,13442
13440,a,13442
13438,f,13442
13439,f,13442
13438,a,13442
13438,c,13442
13442,b,13443
13442,d,13443
13442,e,13443
13440,e,13443
13443,e,13443
13444,b,13443
13444,d,13443
13444,e,13443
13443,d,13443
13440,d,13443
13443,b,13443
13439,d,13443
13440,b,13443
13439,e,13443
13441,b,13443
13441,e,13443
13441,d,13443
13439,b,13443
13445,c,13444
13441,c,13444
13442,f,13444
13440,f,13444
13442,c,13444
13441,f,13444
13443,c,13444
13443,f,13444
13444,f,13444
13444,c,13444
13440,c,13444
13445,f,13444
13444,e,13445
13445,e,13445
13446,e,13445
13443,e,13445
13441,e,13445
13442,e,13445
13447,c,13446
13446,f,13446
13445,f,13446
13445,c,13446
13442,c,13446
13447,f,13446
13446,c,13446
13444,f,13446
13444,c,13446
13442,f,13446
13443,c,13446
13443,f,13446
13448,c,13447
13447,e,13447
13446,e,13447
13446,c,13447
13447,c,13447
13448,e,13447
13445,c,13447
13445,e,13447
13443,c,13447
13443,e,13447
13444,c,13447
13444,e,13447
13447,e,13448
13448,e,13448
13448,f,13448
13449,e,13448
13447,f,13448
13444,f,13448
13449,f,13448
13445,f,13448
13446,f,13448
13446,e,13448
13444,e,13448
13445,e,13448
13445,a,13449
13448,f,13449
13449,f,13449
13450,a,13449
13450,f,13449
13447,f,13449
13447,a,13449
13446,a,13449
13446,f,13449
13449,a,13449
13445,f,13449
13448,a,13449
13450,d,13450
13449,b,13450
13451,b,13450
13451,d,13450
13449,d,13450
13450,b,13450
13448,d,13450
13448,b,13450
13446,d,13450
13447,b,13450
13447,d,13450
13446,b,13450
13452,e,13451
13451,f,13451
13451,e,13451
13448,e,13451
13452,c,13451
13452,f,13451
13450,e,13451
13450,f,13451
13450,c,13451
13447,c,13451
13451,c,13451
13449,e,13451
13449,f,13451
13449,c,13451
13447,f,13451
13447,e,13451
13448,c,13451
13448,f,13451
13452,f,13452
13452,e,13452
13453,b,13452
13451,e,13452
13451,b,13452
13453,f,13452
13453,e,13452
13452,b,13452
13448,b,13452
13451,f,13452
13450,f,13452
13448,e,13452
13448,f,13452
13450,e,13452
13449,f,13452
13449,e,13452
13450,b,13452
13449,b,13452
13454,f,13453
13452,f,13453
13452,c,13453
13449,c,13453
13449,f,13453
13454,c,13453
13453,f,13453
13451,f,13453
13451,c,13453
13450,c,13453
13450,f,13453
13453,c,13453
13453,a,13454
13453,e,13454
13454,e,13454
13454,a,13454
13455,a,13454
13450,e,13454
13452,e,13454
13451,e,13454
13451,a,13454
13450,a,13454
13455,e,13454
13452,a,13454
13455,b,13455
13455,d,13455
13455,f,13455
13456,b,13455
13456,d,13455
13456,f,13455
13454,f,13455
13454,d,13455
13454,b,13455
13453,f,13455
13453,d,13455
13453,b,13455
13451,b,13455
13451,d,13455
13451,f,13455
13452,b,13455
13452,f,13455
13452,d,13455
13453,f,13456
13457,f,13456
13457,c,13456
13456,f,13456
13455,f,13456
13455,c,13456
13456,c,13456
13452,f,13456
13453,c,13456
13452,c,13456
13454,c,13456
13454,f,13456
13458,e,13457
13457,e,13457
13456,e,13457
13453,e,13457
13454,e,13457
13455,e,13457
13454,b,13458
13458,f,13458
13458,b,13458
13454,f,13458
13457,b,13458
13455,b,13458
13455,f,13458
13457,f,13458
13459,b,13458
13456,f,13458
13456,b,13458
13459,f,13458
13459,c,13459
13459,f,13459
13458,f,13459
13458,c,13459
13455,f,13459
13456,f,13459
13460,f,13459
13457,f,13459
13457,c,13459
13456,c,13459
13455,c,13459
13460,c,13459
13461,e,13460
13460,e,13460
13459,e,13460
13456,e,13460
13458,e,13460
13457,e,13460
13461,f,13461
13462,a,13461
13460,f,13461
13460,a,13461
13457,a,13461
13457,f,13461
13461,a,13461
13462,f,13461
13459,f,13461
13459,a,13461
13458,a,13461
13458,f,13461
13462,d,13462
13463,b,13462
13463,d,13462
13461,d,13462
13461,b,13462
13462,b,13462
13458,d,13462
13458,b,13462
13459,b,13462
13460,d,13462
13460,b,13462
13459,d,13462
13460,f,13463
13464,c,13463
13464,f,13463
13462,f,13463
13462,c,13463
13459,c,13463
13459,f,13463
13461,f,13463
13461,c,13463
13460,c,13463
13463,c,13463
13463,f,13463
13464,e,13464
13465,e,13464
13460,e,13464
13463,e,13464
13461,e,13464
13462,e,13464
13466,f,13465
13465,f,13465
13464,f,13465
13463,f,13465
13462,f,13465
13461,f,13465
13464,a,13467
13465,a,13467
13468,a,13467
13463,a,13467
13466,a,13467
13467,a,13467
13469,b,13468
13468,d,13468
13467,b,13468
13468,b,13468
13469,d,13468
13467,d,13468
13465,d,13468
13466,d,13468
13466,b,13468
13464,b,13468
13464,d,13468
13465,b,13468
13466,f,13469
13469,f,13469
13469,c,13469
13466,c,13469
13470,f,13469
13468,f,13469
13468,c,13469
13465,c,13469
13470,c,13469
13465,f,13469
13467,f,13469
13467,c,13469
13470,a,13470
13470,e,13470
13469,e,13470
13469,a,13470
13466,a,13470
13466,e,13470
13471,a,13470
13468,a,13470
13468,e,13470
13467,a,13470
13467,e,13470
13471,e,13470
13472,b,13471
13470,f,13471
13471,b,13471
13471,f,13471
13470,d,13471
13470,b,13471
13472,f,13471
13472,d,13471
13471,d,13471
13468,b,13471
13469,f,13471
13469,d,13471
13469,b,13471
13467,b,13471
13467,d,13471
13467,f,13471
13468,f,13471
13468,d,13471
13473,c,13472
13472,f,13472
13472,c,13472
13471,f,13472
13471,c,13472
13469,f,13472
13468,c,13472
13468,f,13472
13470,f,13472
13470,c,13472
13469,c,13472
13473,f,13472
13471,e,13473
13474,e,13473
13470,e,13473
13469,e,13473
13472,e,13473
13473,e,13473
13474,f,13474
13473,f,13474
13475,f,13474
13471,f,13474
13470,f,13474
13472,f,13474
13481,c,13481
13480,c,13481
13480,b,13481
13480,a,13481
13482,a,13481
13482,b,13481
13482,c,13481
13479,c,13481
13479,b,13481
13479,a,13481
13481,a,13481
13481,b,13481
13477,a,13481
13478,c,13481
13478,b,13481
13478,a,13481
13477,b,13481
13477,c,13481
13483,d,13482
13481,b,13482
13481,d,13482
13481,c,13482
13481,f,13482
13481,e,13482
13482,b,13482
13482,d,13482
13482,f,13482
13483,e,13482
13483,f,13482
13483,c,13482
13483,b,13482
13482,e,13482
13482,c,13482
13478,f,13482
13478,b,13482
13479,c,13482
13479,d,13482
13479,b,13482
13479,e,13482
13480,b,13482
13480,d,13482
13479,f,13482
13480,f,13482
13480,e,13482
13478,e,13482
13478,c,13482
13478,d,13482
13480,c,13482
13483,e,13483
13484,f,13483
13482,e,13483
13482,f,13483
13482,c,13483
13483,f,13483
13480,e,13483
13484,c,13483
13479,c,13483
13484,e,13483
13480,f,13483
13480,c,13483
13479,e,13483
13479,f,13483
13481,c,13483
13483,c,13483
13481,e,13483
13481,f,13483
13485,b,13484
13483,f,13484
13483,b,13484
13484,e,13484
13484,f,13484
13484,b,13484
13485,f,13484
13485,e,13484
13483,e,13484
13480,b,13484
13482,e,13484
13480,f,13484
13480,e,13484
13481,b,13484
13482,f,13484
13482,b,13484
13481,f,13484
13481,e,13484
13484,c,13485
13485,f,13485
13485,c,13485
13484,f,13485
13486,f,13485
13486,c,13485
13481,f,13485
13482,f,13485
13482,c,13485
13483,c,13485
13483,f,13485
13481,c,13485
13486,e,13486
13485,e,13486
13483,e,13486
13487,e,13486
13484,e,13486
13482,e,13486
13487,a,13487
13487,f,13487
13488,f,13487
13486,a,13487
13488,a,13487
13486,f,13487
13484,f,13487
13483,a,13487
13485,f,13487
13485,a,13487
13484,a,13487
13483,f,13487
13488,d,13488
13489,b,13488
13487,d,13488
13487,b,13488
13489,d,13488
13484,b,13488
13488,b,13488
13486,d,13488
13486,b,13488
13484,d,13488
13485,b,13488
13485,d,13488
13490,c,13489
13490,f,13489
13488,f,13489
13488,c,13489
13485,c,13489
13489,f,13489
13489,c,13489
13485,f,13489
13486,c,13489
13487,f,13489
13486,f,13489
13487,c,13489
13487,e,13490
13489,e,13490
13489,d,13490
13486,d,13490
13486,e,13490
13491,e,13490
13491,d,13490
13488,e,13490
13488,d,13490
13487,d,13490
13490,d,13490
13490,e,13490
13492,f,13491
13490,f,13491
13489,f,13491
13487,f,13491
13488,f,13491
13491,f,13491
13493,e,13493
13492,e,13493
13494,e,13493
13490,e,13493
13491,e,13493
13489,e,13493
13491,c,13494
13491,f,13494
13490,f,13494
13490,c,13494
13492,c,13494
13492,f,13494
13495,f,13494
13495,c,13494
13493,c,13494
13493,f,13494
13494,f,13494
13494,c,13494
13496,e,13495
13494,e,13495
13495,e,13495
13493,e,13495
13491,e,13495
13492,e,13495
13494,f,13496
13492,f,13496
13495,f,13496
13496,f,13496
13497,f,13496
13493,f,13496
13499,e,13498
13499,f,13498
13498,e,13498
13498,f,13498
13497,e,13498
13497,f,13498
13496,e,13498
13496,f,13498
13495,e,13498
13495,f,13498
13494,e,13498
13494,f,13498
13495,f,13499
13497,f,13499
13498,f,13499
13499,f,13499
13500,f,13499
13496,f,13499
13508,c,13509
13510,c,13509
13507,c,13509
13509,c,13509
13506,c,13509
13505,c,13509
13507,e,13510
13508,e,13510
13511,e,13510
13509,e,13510
13510,e,13510
13506,e,13510
13512,f,13511
13511,f,13511
13511,d,13511
13510,f,13511
13510,d,13511
13512,d,13511
13507,f,13511
13509,f,13511
13509,d,13511
13508,d,13511
13508,f,13511
13507,d,13511
13509,f,13512
13511,b,13512
13512,f,13512
13509,b,13512
13510,f,13512
13510,b,13512
13508,b,13512
13508,f,13512
13513,b,13512
13513,f,13512
13511,f,13512
13512,b,13512
13512,c,13513
13512,f,13513
13514,c,13513
13510,c,13513
13511,f,13513
13511,c,13513
13510,f,13513
13513,c,13513
13509,f,13513
13509,c,13513
13514,f,13513
13513,f,13513
13514,e,13514
13515,e,13514
13513,e,13514
13511,e,13514
13512,e,13514
13510,e,13514
13513,f,13515
13511,f,13515
13514,f,13515
13515,f,13515
13512,f,13515
13516,f,13515
13517,e,13518
13519,e,13518
13516,e,13518
13518,e,13518
13515,e,13518
13514,e,13518
13520,f,13519
13518,c,13519
13518,f,13519
13519,f,13519
13520,c,13519
13519,c,13519
13517,f,13519
13517,c,13519
13516,f,13519
13516,c,13519
13515,f,13519
13515,c,13519
13516,e,13520
13518,e,13520
13519,e,13520
13517,e,13520
13520,e,13520
13521,e,13520
13517,f,13521
13522,f,13521
13521,f,13521
13519,f,13521
13518,f,13521
13520,f,13521
13525,d,13525
13526,d,13525
13523,d,13525
13524,d,13525
13521,d,13525
13522,d,13525
13522,f,13526
13527,e,13526
13527,f,13526
13522,e,13526
13526,f,13526
13525,e,13526
13525,f,13526
13526,e,13526
13524,e,13526
13523,f,13526
13524,f,13526
13523,e,13526
13527,f,13527
13523,f,13527
13526,f,13527
13528,f,13527
13524,f,13527
13525,f,13527
13530,e,13529
13527,e,13529
13528,e,13529
13526,e,13529
13525,e,13529
13529,e,13529
13531,e,13530
13530,e,13530
13530,f,13530
13531,f,13530
13529,e,13530
13529,f,13530
13528,e,13530
13526,f,13530
13526,e,13530
13528,f,13530
13527,f,13530
13527,e,13530
13528,a,13531
13532,f,13531
13531,f,13531
13531,c,13531
13531,a,13531
13532,a,13531
13530,f,13531
13530,c,13531
13530,a,13531
13527,a,13531
13532,c,13531
13527,c,13531
13528,c,13531
13528,f,13531
13529,f,13531
13529,c,13531
13529,a,13531
13527,f,13531
13528,b,13532
13531,b,13532
13531,d,13532
13531,f,13532
13529,e,13532
13528,d,13532
13532,e,13532
13532,f,13532
13532,d,13532
13532,b,13532
13531,e,13532
13528,f,13532
13533,b,13532
13533,d,13532
13529,d,13532
13529,b,13532
13529,f,13532
13530,b,13532
13530,f,13532
13530,d,13532
13528,e,13532
13533,e,13532
13533,f,13532
13530,e,13532
13533,c,13533
13532,c,13533
13532,b,13533
13534,f,13533
13533,f,13533
13534,b,13533
13534,c,13533
13532,f,13533
13533,b,13533
13529,b,13533
13529,c,13533
13531,f,13533
13531,c,13533
13531,b,13533
13529,f,13533
13530,b,13533
13530,c,13533
13530,f,13533
13533,c,13534
13534,e,13534
13533,e,13534
13533,f,13534
13535,c,13534
13534,c,13534
13530,c,13534
13530,e,13534
13535,f,13534
13535,e,13534
13532,e,13534
13532,f,13534
13532,c,13534
13531,c,13534
13531,f,13534
13531,e,13534
13530,f,13534
13534,f,13534
13535,f,13535
13536,e,13535
13534,e,13535
13534,f,13535
13531,f,13535
13533,e,13535
13533,f,13535
13535,e,13535
13531,e,13535
13532,e,13535
13532,f,13535
13536,f,13535
13537,e,13536
13536,e,13536
13535,e,13536
13532,e,13536
13534,e,13536
13533,e,13536
13535,e,13539
13539,e,13539
13539,f,13539
13535,f,13539
13538,e,13539
13538,f,13539
13537,e,13539
13540,e,13539
13540,f,13539
13536,e,13539
13536,f,13539
13537,f,13539
13536,e,13540
13540,b,13540
13540,f,13540
13540,e,13540
13539,e,13540
13539,f,13540
13539,b,13540
13541,b,13540
13541,f,13540
13538,e,13540
13538,f,13540
13536,b,13540
13536,f,13540
13537,e,13540
13537,f,13540
13537,b,13540
13541,e,13540
13538,b,13540
13541,c,13541
13542,f,13541
13541,f,13541
13542,c,13541
13540,f,13541
13540,c,13541
13539,c,13541
13537,c,13541
13539,f,13541
13537,f,13541
13538,c,13541
13538,f,13541
13542,e,13542
13541,e,13542
13541,b,13542
13542,b,13542
13538,e,13542
13538,b,13542
13543,e,13542
13540,e,13542
13540,b,13542
13539,b,13542
13539,e,13542
13543,b,13542
13543,c,13543
13543,f,13543
13539,f,13543
13542,f,13543
13542,c,13543
13539,c,13543
13544,c,13543
13541,f,13543
13540,c,13543
13540,f,13543
13541,c,13543
13544,f,13543
13545,e,13544
13544,b,13544
13544,e,13544
13543,e,13544
13543,b,13544
13540,b,13544
13540,e,13544
13545,b,13544
13542,e,13544
13542,b,13544
13541,b,13544
13541,e,13544
13544,c,13545
13545,f,13545
13544,f,13545
13545,c,13545
13542,f,13545
13542,c,13545
13541,c,13545
13541,f,13545
13546,c,13545
13546,f,13545
13543,c,13545
13543,f,13545
13544,e,13546
13547,e,13546
13543,e,13546
13545,e,13546
13546,e,13546
13542,e,13546
13547,e,13547
13547,f,13547
13548,f,13547
13546,e,13547
13546,f,13547
13548,e,13547
13545,f,13547
13545,e,13547
13544,e,13547
13544,f,13547
13543,e,13547
13543,f,13547
13545,f,13548
13546,f,13548
13544,f,13548
13547,f,13548
13548,f,13548
13549,f,13548
13550,e,13551
13551,e,13551
13549,e,13551
13552,e,13551
13548,e,13551
13547,e,13551
13552,e,13552
13553,e,13552
13551,e,13552
13551,f,13552
13551,b,13552
13553,f,13552
13553,b,13552
13550,e,13552
13549,e,13552
13550,b,13552
13552,b,13552
13549,f,13552
13549,b,13552
13548,e,13552
13548,f,13552
13548,b,13552
13550,f,13552
13552,f,13552
13553,c,13553
13553,f,13553
13554,c,13553
13552,f,13553
13552,c,13553
13550,f,13553
13551,f,13553
13551,c,13553
13554,f,13553
13550,c,13553
13549,f,13553
13549,c,13553
13551,e,13554
13552,e,13554
13550,e,13554
13553,e,13554
13555,e,13554
13554,e,13554
13555,f,13555
13554,f,13555
13556,f,13555
13551,f,13555
13553,f,13555
13552,f,13555
13554,b,13557
13556,b,13557
13558,b,13557
13553,b,13557
13557,b,13557
13555,b,13557
13558,f,13558
13559,b,13558
13558,b,13558
13559,c,13558
13557,f,13558
13557,c,13558
13557,b,13558
13559,f,13558
13558,c,13558
13556,b,13558
13556,f,13558
13554,c,13558
13554,f,13558
13556,c,13558
13555,b,13558
13555,c,13558
13555,f,13558
13554,b,13558
13559,f,13559
13559,e,13559
13558,e,13559
13558,f,13559
13558,c,13559
13555,c,13559
13556,c,13559
13560,f,13559
13557,e,13559
13557,f,13559
13557,c,13559
13555,f,13559
13555,e,13559
13560,e,13559
13556,e,13559
13556,f,13559
13560,c,13559
13559,c,13559
13559,e,13560
13559,f,13560
13560,f,13560
13560,e,13560
13558,f,13560
13558,e,13560
13561,e,13560
13557,e,13560
13557,f,13560
13556,e,13560
13556,f,13560
13561,f,13560
13558,f,13561
13559,f,13561
13557,f,13561
13561,f,13561
13560,f,13561
13562,f,13561
13561,a,13562
13562,a,13562
13559,a,13562
13563,a,13562
13560,a,13562
13558,a,13562
13563,d,13563
13560,b,13563
13559,d,13563
13559,b,13563
13561,b,13563
13561,d,13563
13562,d,13563
13562,b,13563
13560,d,13563
13564,d,13563
13564,b,13563
13563,b,13563
13563,a,13564
13565,f,13564
13563,f,13564
13564,c,13564
13564,f,13564
13565,a,13564
13565,c,13564
13563,c,13564
13564,a,13564
13560,a,13564
13561,c,13564
13561,a,13564
13562,f,13564
13562,c,13564
13562,a,13564
13561,f,13564
13560,c,13564
13560,f,13564
13562,f,13565
13564,b,13565
13566,d,13565
13564,f,13565
13564,e,13565
13565,b,13565
13565,f,13565
13565,e,13565
13562,d,13565
13566,e,13565
13566,b,13565
13565,d,13565
13561,b,13565
13564,d,13565
13563,b,13565
13562,e,13565
13562,b,13565
13561,e,13565
13561,f,13565
13561,d,13565
13563,d,13565
13566,f,13565
13563,f,13565
13563,e,13565
13564,f,13566
13567,f,13566
13562,c,13566
13566,c,13566
13562,f,13566
13566,f,13566
13566,e,13566
13565,e,13566
13565,f,13566
13565,c,13566
13563,e,13566
13564,c,13566
13563,f,13566
13563,c,13566
13567,e,13566
13564,e,13566
13562,e,13566
13567,c,13566
13566,f,13567
13566,e,13567
13568,f,13567
13567,e,13567
13564,e,13567
13565,e,13567
13565,f,13567
13564,f,13567
13563,e,13567
13563,f,13567
13568,e,13567
13567,f,13567
13568,d,13568
13568,f,13568
13569,d,13568
13569,f,13568
13567,f,13568
13567,d,13568
13565,d,13568
13564,f,13568
13566,f,13568
13564,d,13568
13566,d,13568
13565,f,13568
13570,f,13569
13569,f,13569
13568,f,13569
13566,f,13569
13565,f,13569
13567,f,13569
13570,e,13570
13569,e,13570
13567,e,13570
13571,e,13570
13568,e,13570
13566,e,13570
13567,e,13571
13571,e,13571
13572,e,13571
13568,e,13571
13570,e,13571
13569,e,13571
13573,d,13572
13573,f,13572
13572,f,13572
13572,d,13572
13571,f,13572
13571,d,13572
13570,f,13572
13570,d,13572
13569,f,13572
13569,d,13572
13568,f,13572
13568,d,13572
13573,f,13573
13571,f,13573
13569,f,13573
13572,f,13573
13574,f,13573
13570,f,13573
13574,c,13576
13574,d,13576
13577,c,13576
13575,d,13576
13573,d,13576
13573,c,13576
13576,d,13576
13577,d,13576
13572,c,13576
13572,d,13576
13575,c,13576
13576,c,13576
13577,f,13577
13578,b,13577
13576,f,13577
13578,f,13577
13576,b,13577
13576,c,13577
13577,b,13577
13576,e,13577
13578,c,13577
13575,e,13577
13578,e,13577
13575,c,13577
13573,b,13577
13573,c,13577
13573,f,13577
13573,e,13577
13574,b,13577
13574,c,13577
13575,f,13577
13574,e,13577
13574,f,13577
13577,e,13577
13577,c,13577
13575,b,13577
13578,f,13578
13578,e,13578
13577,e,13578
13579,e,13578
13578,c,13578
13578,a,13578
13577,a,13578
13579,a,13578
13575,a,13578
13576,f,13578
13576,c,13578
13576,a,13578
13579,c,13578
13579,f,13578
13575,e,13578
13575,f,13578
13575,c,13578
13577,c,13578
13574,e,13578
13574,f,13578
13574,c,13578
13574,a,13578
13576,e,13578
13577,f,13578
13578,a,13579
13577,a,13579
13578,d,13579
13578,f,13579
13578,e,13579
13580,a,13579
13579,e,13579
13579,f,13579
13579,d,13579
13579,b,13579
13578,b,13579
13580,b,13579
13576,b,13579
13580,f,13579
13575,a,13579
13575,b,13579
13575,d,13579
13575,f,13579
13575,e,13579
13576,a,13579
13576,d,13579
13576,f,13579
13576,e,13579
13580,d,13579
13579,a,13579
13577,b,13579
13577,d,13579
13577,f,13579
13577,e,13579
13580,e,13579
13581,c,13580
13581,b,13580
13580,f,13580
13579,c,13580
13579,d,13580
13579,b,13580
13580,c,13580
13580,d,13580
13580,b,13580
13581,d,13580
13581,f,13580
13579,f,13580
13577,f,13580
13577,c,13580
13578,b,13580
13577,d,13580
13576,c,13580
13576,d,13580
13576,f,13580
13578,c,13580
13578,f,13580
13576,b,13580
13578,d,13580
13577,b,13580
13582,f,13581
13582,e,13581
13581,c,13581
13580,e,13581
13580,f,13581
13580,c,13581
13581,e,13581
13581,f,13581
13582,c,13581
13577,c,13581
13577,f,13581
13577,e,13581
13579,e,13581
13579,f,13581
13579,c,13581
13578,c,13581
13578,f,13581
13578,e,13581
13582,f,13582
13582,e,13582
13583,f,13582
13583,e,13582
13578,e,13582
13581,e,13582
13581,f,13582
13580,e,13582
13580,f,13582
13579,e,13582
13579,f,13582
13578,f,13582
13586,f,13585
13585,f,13585
13584,f,13585
13581,f,13585
13583,f,13585
13582,f,13585
13583,e,13586
13587,e,13586
13584,e,13586
13586,e,13586
13582,e,13586
13585,e,13586
13587,f,13587
13588,f,13587
13586,e,13587
13586,f,13587
13585,f,13587
13585,e,13587
13584,e,13587
13587,e,13587
13583,e,13587
13583,f,13587
13588,e,13587
13584,f,13587
13588,f,13588
13589,f,13588
13587,f,13588
13585,f,13588
13584,f,13588
13586,f,13588
13593,e,13593
13592,e,13593
13592,d,13593
13594,d,13593
13591,e,13593
13591,d,13593
13590,e,13593
13590,d,13593
13589,e,13593
13589,d,13593
13594,e,13593
13593,d,13593
13593,f,13594
13594,f,13594
13595,f,13594
13592,f,13594
13591,f,13594
13590,f,13594
13591,a,13595
13593,a,13595
13596,a,13595
13595,a,13595
13594,a,13595
13592,a,13595
13596,d,13596
13595,d,13596
13595,b,13596
13596,b,13596
13597,d,13596
13597,b,13596
13594,b,13596
13592,b,13596
13593,d,13596
13592,d,13596
13593,b,13596
13594,d,13596
13597,c,13597
13597,f,13597
13596,f,13597
13596,c,13597
13598,c,13597
13594,c,13597
13595,f,13597
13595,c,13597
13593,c,13597
13593,f,13597
13594,f,13597
13598,f,13597
13598,b,13598
13597,e,13598
13598,e,13598
13597,b,13598
13599,b,13598
13599,e,13598
13595,e,13598
13594,b,13598
13596,e,13598
13596,b,13598
13594,e,13598
13595,b,13598
13599,a,13599
13599,c,13599
13599,f,13599
13600,c,13599
13598,f,13599
13598,c,13599
13598,a,13599
13595,a,13599
13595,c,13599
13600,f,13599
13597,f,13599
13597,c,13599
13597,a,13599
13595,f,13599
13596,a,13599
13596,c,13599
13596,f,13599
13600,a,13599
13596,b,13600
13600,e,13600
13600,d,13600
13600,b,13600
13599,d,13600
13599,b,13600
13601,b,13600
13599,e,13600
13596,d,13600
13601,e,13600
13598,e,13600
13598,d,13600
13597,e,13600
13597,d,13600
13597,b,13600
13596,e,13600
13601,d,13600
13598,b,13600
13601,c,13601
13601,f,13601
13602,c,13601
13602,f,13601
13600,f,13601
13600,c,13601
13599,f,13601
13597,c,13601
13598,c,13601
13598,f,13601
13597,f,13601
13599,c,13601
13602,d,13602
13602,e,13602
13601,d,13602
13598,d,13602
13601,e,13602
13603,d,13602
13600,e,13602
13600,d,13602
13603,e,13602
13599,d,13602
13599,e,13602
13598,e,13602
13604,d,13603
13602,f,13603
13602,d,13603
13604,f,13603
13599,d,13603
13601,f,13603
13601,d,13603
13599,f,13603
13600,f,13603
13600,d,13603
13603,d,13603
13603,f,13603
13605,f,13604
13604,f,13604
13601,f,13604
13603,f,13604
13600,f,13604
13602,f,13604
13603,b,13606
13606,b,13606
13604,b,13606
13605,b,13606
13602,b,13606
13607,b,13606
13604,c,13607
13604,f,13607
13607,c,13607
13605,c,13607
13605,f,13607
13608,f,13607
13608,c,13607
13603,f,13607
13606,c,13607
13606,f,13607
13603,c,13607
13607,f,13607
13608,e,13608
13609,e,13608
13607,e,13608
13606,e,13608
13605,e,13608
13604,e,13608
13610,f,13609
13606,f,13609
13607,f,13609
13609,f,13609
13605,f,13609
13608,f,13609
13610,e,13610
13609,e,13610
13609,a,13610
13610,a,13610
13611,a,13610
13611,e,13610
13606,a,13610
13606,e,13610
13608,a,13610
13607,e,13610
13607,a,13610
13608,e,13610
13611,d,13611
13611,b,13611
13612,b,13611
13612,d,13611
13612,f,13611
13610,f,13611
13610,d,13611
13610,b,13611
13611,f,13611
13607,d,13611
13609,f,13611
13609,d,13611
13609,b,13611
13607,b,13611
13607,f,13611
13608,b,13611
13608,d,13611
13608,f,13611
13609,f,13612
13612,f,13612
13612,c,13612
13611,f,13612
13613,f,13612
13611,c,13612
13608,f,13612
13609,c,13612
13610,c,13612
13610,f,13612
13608,c,13612
13613,c,13612
13614,e,13613
13610,e,13613
13611,e,13613
13609,e,13613
13612,e,13613
13613,e,13613
13614,f,13614
13615,f,13614
13613,c,13614
13614,c,13614
13613,f,13614
13615,c,13614
13612,f,13614
13612,c,13614
13611,f,13614
13611,c,13614
13610,f,13614
13610,c,13614
13612,e,13615
13613,e,13615
13611,e,13615
13614,e,13615
13616,e,13615
13615,e,13615
13612,f,13616
13616,f,13616
13617,f,13616
13614,f,13616
13613,f,13616
13615,f,13616
13621,f,13622
13621,a,13622
13623,a,13622
13623,f,13622
13620,f,13622
13620,a,13622
13619,f,13622
13619,a,13622
13618,f,13622
13618,a,13622
13622,f,13622
13622,a,13622
13623,d,13623
13624,b,13623
13622,d,13623
13622,b,13623
13623,b,13623
13620,d,13623
13624,d,13623
13621,d,13623
13621,b,13623
13619,b,13623
13619,d,13623
13620,b,13623
13620,c,13624
13624,f,13624
13623,f,13624
13623,c,13624
13624,c,13624
13625,c,13624
13625,f,13624
13622,f,13624
13622,c,13624
13620,f,13624
13621,c,13624
13621,f,13624
13624,e,13625
13626,e,13625
13625,e,13625
13623,e,13625
13622,e,13625
13621,e,13625
13627,f,13626
13626,f,13626
13623,f,13626
13625,f,13626
13622,f,13626
13624,f,13626
13625,e,13629
13629,e,13629
13628,e,13629
13627,e,13629
13630,e,13629
13626,e,13629
13626,d,13630
13630,b,13630
13630,d,13630
13630,f,13630
13629,f,13630
13629,d,13630
13629,b,13630
13629,a,13630
13631,a,13630
13631,b,13630
13631,d,13630
13631,f,13630
13626,f,13630
13628,d,13630
13627,f,13630
13626,b,13630
13630,a,13630
13628,b,13630
13628,a,13630
13626,a,13630
13627,a,13630
13627,b,13630
13628,f,13630
13627,d,13630
13630,b,13631
13630,d,13631
13630,c,13631
13631,c,13631
13632,c,13631
13632,d,13631
13632,b,13631
13631,f,13631
13631,d,13631
13632,f,13631
13631,b,13631
13630,f,13631
13628,f,13631
13628,b,13631
13627,f,13631
13629,b,13631
13628,d,13631
13627,c,13631
13628,c,13631
13629,c,13631
13629,f,13631
13627,d,13631
13627,b,13631
13629,d,13631
13633,c,13632
13633,e,13632
13631,e,13632
13631,f,13632
13631,c,13632
13632,c,13632
13633,f,13632
13630,e,13632
13628,c,13632
13628,f,13632
13628,e,13632
13630,f,13632
13630,c,13632
13629,c,13632
13629,f,13632
13629,e,13632
13632,f,13632
13632,e,13632
13633,f,13633
13633,e,13633
13634,f,13633
13632,e,13633
13634,e,13633
13632,f,13633
13629,f,13633
13630,f,13633
13631,e,13633
13631,f,13633
13630,e,13633
13629,e,13633
13632,f,13634
13635,f,13634
13631,f,13634
13630,f,13634
13633,f,13634
13634,f,13634
13635,c,13635
13634,c,13635
13636,c,13635
13631,c,13635
13633,c,13635
13632,c,13635
13633,e,13636
13634,e,13636
13637,e,13636
13636,e,13636
13632,e,13636
13635,e,13636
13638,b,13637
13637,b,13637
13636,f,13637
13636,b,13637
13637,f,13637
13638,f,13637
13635,f,13637
13633,b,13637
13635,b,13637
13633,f,13637
13634,b,13637
13634,f,13637
13635,a,13638
13639,f,13638
13639,c,13638
13639,a,13638
13638,f,13638
13638,c,13638
13638,a,13638
13637,f,13638
13637,c,13638
13637,a,13638
13635,c,13638
13636,f,13638
13636,c,13638
13636,a,13638
13634,f,13638
13634,c,13638
13634,a,13638
13635,f,13638
13640,b,13639
13635,b,13639
13639,b,13639
13639,d,13639
13639,e,13639
13638,e,13639
13638,d,13639
13638,b,13639
13640,d,13639
13635,e,13639
13637,e,13639
13637,d,13639
13637,b,13639
13636,b,13639
13636,d,13639
13636,e,13639
13640,e,13639
13635,d,13639
13639,f,13640
13640,e,13640
13640,f,13640
13640,c,13640
13639,c,13640
13639,e,13640
13636,f,13640
13641,f,13640
13636,e,13640
13637,c,13640
13637,f,13640
13637,e,13640
13641,c,13640
13638,c,13640
13636,c,13640
13638,f,13640
13638,e,13640
13641,e,13640
13642,f,13641
13642,e,13641
13640,f,13641
13641,f,13641
13641,e,13641
13640,e,13641
13639,e,13641
13637,f,13641
13638,e,13641
13639,f,13641
13638,f,13641
13637,e,13641
13639,b,13642
13643,f,13642
13640,b,13642
13640,f,13642
13643,b,13642
13642,b,13642
13642,f,13642
13641,f,13642
13641,b,13642
13638,f,13642
13638,b,13642
13639,f,13642
13642,b,13643
13639,c,13643
13642,c,13643
13644,c,13643
13642,f,13643
13644,d,13643
13644,b,13643
13643,f,13643
13643,b,13643
13642,d,13643
13644,f,13643
13641,c,13643
13643,c,13643
13639,d,13643
13641,f,13643
13639,f,13643
13641,d,13643
13641,b,13643
13643,d,13643
13639,b,13643
13640,b,13643
13640,d,13643
13640,f,13643
13640,c,13643
13643,c,13644
13644,f,13644
13644,c,13644
13645,f,13644
13645,c,13644
13644,e,13644
13643,f,13644
13645,e,13644
13643,e,13644
13640,c,13644
13642,e,13644
13642,f,13644
13642,c,13644
13640,f,13644
13641,e,13644
13641,f,13644
13641,c,13644
13640,e,13644
13646,e,13645
13646,f,13645
13645,e,13645
13645,f,13645
13642,f,13645
13644,f,13645
13641,f,13645
13641,e,13645
13643,e,13645
13644,e,13645
13643,f,13645
13642,e,13645
13644,d,13648
13648,d,13648
13647,d,13648
13646,d,13648
13645,d,13648
13649,d,13648
13646,f,13649
13647,f,13649
13648,f,13649
13650,f,13649
13645,f,13649
13649,f,13649
13652,b,13651
13651,b,13651
13649,b,13651
13650,b,13651
13647,b,13651
13648,b,13651
13649,c,13652
13653,f,13652
13653,c,13652
13652,f,13652
13648,f,13652
13651,f,13652
13651,c,13652
13652,c,13652
13649,f,13652
13650,f,13652
13650,c,13652
13648,c,13652
13654,b,13653
13650,e,13653
13650,b,13653
13651,b,13653
13651,e,13653
13653,b,13653
13652,e,13653
13652,b,13653
13649,b,13653
13653,e,13653
13654,e,13653
13649,e,13653
13653,c,13654
13653,e,13654
13654,e,13654
13654,f,13654
13654,c,13654
13653,f,13654
13655,c,13654
13650,c,13654
13655,e,13654
13652,e,13654
13652,c,13654
13651,e,13654
13651,f,13654
13651,c,13654
13650,e,13654
13650,f,13654
13655,f,13654
13652,f,13654
13655,f,13655
13655,e,13655
13656,f,13655
13654,e,13655
13654,f,13655
13656,e,13655
13653,e,13655
13653,f,13655
13651,e,13655
13652,f,13655
13652,e,13655
13651,f,13655
13657,b,13656
13657,f,13656
13655,f,13656
13655,b,13656
13652,b,13656
13652,f,13656
13656,b,13656
13656,f,13656
13654,f,13656
13654,b,13656
13653,b,13656
13653,f,13656
13656,a,13657
13656,c,13657
13656,f,13657
13657,f,13657
13657,c,13657
13658,a,13657
13657,a,13657
13658,c,13657
13658,f,13657
13653,f,13657
13653,c,13657
13655,c,13657
13653,a,13657
13654,a,13657
13655,f,13657
13655,a,13657
13654,c,13657
13654,f,13657
13657,a,13658
13657,b,13658
13659,e,13658
13659,c,13658
13658,c,13658
13659,b,13658
13657,d,13658
13659,a,13658
13657,c,13658
13657,e,13658
13658,e,13658
13658,a,13658
13658,d,13658
13659,d,13658
13658,b,13658
13655,e,13658
13655,a,13658
13655,c,13658
13654,e,13658
13656,a,13658
13656,b,13658
13656,d,13658
13656,c,13658
13654,c,13658
13654,d,13658
13654,b,13658
13654,a,13658
13655,b,13658
13655,d,13658
13656,e,13658
13658,d,13659
13658,b,13659
13658,c,13659
13656,f,13659
13658,e,13659
13660,d,13659
13660,b,13659
13656,c,13659
13659,b,13659
13659,d,13659
13658,f,13659
13659,e,13659
13655,d,13659
13659,c,13659
13656,e,13659
13656,d,13659
13656,b,13659
13655,e,13659
13655,f,13659
13655,b,13659
13657,b,13659
13657,d,13659
13659,f,13659
13657,f,13659
13657,e,13659
13660,e,13659
13660,f,13659
13660,c,13659
13655,c,13659
13657,c,13659
13660,f,13660
13660,c,13660
13659,c,13660
13660,e,13660
13661,c,13660
13661,f,13660
13661,e,13660
13659,e,13660
13659,f,13660
13658,e,13660
13656,c,13660
13656,f,13660
13658,f,13660
13658,c,13660
13656,e,13660
13657,e,13660
13657,f,13660
13657,c,13660
13658,e,13661
13662,e,13661
13661,e,13661
13661,f,13661
13660,e,13661
13660,f,13661
13662,f,13661
13657,f,13661
13657,e,13661
13659,e,13661
13659,f,13661
13658,f,13661
13660,f,13662
13663,f,13662
13659,f,13662
13661,f,13662
13662,f,13662
13658,f,13662
13664,d,13663
13662,d,13663
13663,d,13663
13661,d,13663
13659,d,13663
13660,d,13663
13665,f,13664
13661,f,13664
13663,f,13664
13664,f,13664
13660,f,13664
13662,f,13664
13665,e,13666
13665,d,13666
13667,d,13666
13667,e,13666
13666,e,13666
13664,e,13666
13666,d,13666
13662,d,13666
13662,e,13666
13663,e,13666
13663,d,13666
13664,d,13666
13667,a,13667
13668,a,13667
13668,f,13667
13666,f,13667
13666,a,13667
13667,f,13667
13663,f,13667
13663,a,13667
13665,f,13667
13665,a,13667
13664,a,13667
13664,f,13667
13668,d,13668
13669,d,13668
13667,d,13668
13667,b,13668
13664,b,13668
13668,b,13668
13669,b,13668
13666,d,13668
13666,b,13668
13665,b,13668
13665,d,13668
13664,d,13668
13669,f,13669
13670,c,13669
13670,f,13669
13670,e,13669
13669,c,13669
13668,e,13669
13668,f,13669
13668,c,13669
13665,c,13669
13669,e,13669
13665,f,13669
13665,e,13669
13666,c,13669
13667,e,13669
13666,f,13669
13666,e,13669
13667,f,13669
13667,c,13669
13670,f,13670
13671,f,13670
13671,e,13670
13669,e,13670
13669,f,13670
13666,e,13670
13670,e,13670
13668,e,13670
13668,f,13670
13667,f,13670
13667,e,13670
13666,f,13670
13671,f,13671
13672,f,13671
13667,f,13671
13670,f,13671
13668,f,13671
13669,f,13671
13672,a,13673
13673,a,13673
13669,a,13673
13671,a,13673
13670,a,13673
13674,a,13673
13675,e,13674
13673,a,13674
13673,b,13674
13673,d,13674
13674,a,13674
13674,b,13674
13672,e,13674
13674,d,13674
13674,e,13674
13675,d,13674
13673,e,13674
13672,d,13674
13671,a,13674
13672,a,13674
13670,a,13674
13670,b,13674
13670,d,13674
13670,e,13674
13675,a,13674
13671,b,13674
13671,d,13674
13672,b,13674
13671,e,13674
13675,b,13674
13671,d,13675
13672,b,13675
13675,b,13675
13675,d,13675
13675,c,13675
13675,f,13675
13672,d,13675
13674,f,13675
13674,c,13675
13674,d,13675
13674,b,13675
13672,c,13675
13672,f,13675
13671,c,13675
13676,d,13675
13673,f,13675
13676,b,13675
13671,b,13675
13676,c,13675
13676,f,13675
13671,f,13675
13673,b,13675
13673,d,13675
13673,c,13675
13677,e,13676
13675,a,13676
13677,a,13676
13675,e,13676
13675,f,13676
13676,f,13676
13676,c,13676
13676,a,13676
13676,e,13676
13677,c,13676
13675,c,13676
13677,f,13676
13674,c,13676
13673,e,13676
13673,a,13676
13672,e,13676
13673,c,13676
13672,f,13676
13674,a,13676
13673,f,13676
13674,e,13676
13672,c,13676
13672,a,13676
13674,f,13676
13678,f,13677
13678,e,13677
13676,e,13677
13676,f,13677
13676,d,13677
13676,b,13677
13677,b,13677
13677,d,13677
13678,d,13677
13678,b,13677
13673,b,13677
13674,e,13677
13674,f,13677
13674,d,13677
13674,b,13677
13673,e,13677
13677,f,13677
13675,d,13677
13675,b,13677
13675,e,13677
13673,f,13677
13673,d,13677
13675,f,13677
13677,e,13677
13679,f,13678
13674,f,13678
13677,f,13678
13679,c,13678
13678,f,13678
13678,c,13678
13677,c,13678
13674,c,13678
13675,f,13678
13675,c,13678
13676,f,13678
13676,c,13678
13680,e,13679
13676,e,13679
13676,d,13679
13677,e,13679
13677,d,13679
13675,e,13679
13675,d,13679
13678,d,13679
13678,e,13679
13680,d,13679
13679,e,13679
13679,d,13679
13679,f,13680
13680,f,13680
13676,f,13680
13678,f,13680
13677,f,13680
13681,f,13680
13678,f,13681
13679,f,13681
13677,f,13681
13680,f,13681
13682,f,13681
13681,f,13681
13683,d,13683
13682,d,13683
13681,d,13683
13680,d,13683
13684,d,13683
13679,d,13683
13684,e,13684
13683,e,13684
13683,f,13684
13685,f,13684
13685,e,13684
13680,e,13684
13681,f,13684
13682,f,13684
13684,f,13684
13680,f,13684
13681,e,13684
13682,e,13684
13685,f,13685
13685,b,13685
13686,b,13685
13686,d,13685
13686,f,13685
13684,f,13685
13684,d,13685
13685,d,13685
13684,b,13685
13683,f,13685
13683,d,13685
13683,b,13685
13681,b,13685
13681,d,13685
13681,f,13685
13682,b,13685
13682,d,13685
13682,f,13685
13683,f,13686
13686,f,13686
13686,c,13686
13685,f,13686
13687,f,13686
13685,c,13686
13682,f,13686
13683,c,13686
13684,c,13686
13684,f,13686
13682,c,13686
13687,c,13686
13688,e,13687
13685,e,13687
13683,e,13687
13686,e,13687
13687,e,13687
13684,e,13687
13687,f,13688
13688,f,13688
13689,f,13688
13689,b,13688
13687,b,13688
13688,b,13688
13686,b,13688
13686,f,13688
13684,b,13688
13684,f,13688
13685,b,13688
13685,f,13688
13686,f,13689
13690,c,13689
13689,f,13689
13689,c,13689
13688,f,13689
13688,c,13689
13687,f,13689
13687,c,13689
13685,f,13689
13690,f,13689
13686,c,13689
13685,c,13689
13686,e,13690
13687,e,13690
13688,e,13690
13689,e,13690
13691,e,13690
13690,e,13690
13692,f,13691
13691,f,13691
13690,f,13691
13689,f,13691
13688,f,13691
13687,f,13691
13690,d,13694
13691,d,13694
13692,d,13694
13694,d,13694
13695,d,13694
13693,d,13694
13695,e,13695
13694,e,13695
13694,f,13695
13696,f,13695
13696,e,13695
13693,f,13695
13692,e,13695
13692,f,13695
13691,e,13695
13691,f,13695
13693,e,13695
13695,f,13695
13695,f,13696
13693,f,13696
13694,f,13696
13696,f,13696
13692,f,13696
13697,f,13696
13698,e,13698
13697,e,13698
13699,e,13698
13696,e,13698
13694,e,13698
13695,e,13698
13700,f,13699
13695,f,13699
13697,f,13699
13699,f,13699
13698,f,13699
13696,f,13699
13700,f,13700
13699,f,13700
13699,a,13700
13701,a,13700
13701,f,13700
13696,a,13700
13697,f,13700
13697,a,13700
13700,a,13700
13696,f,13700
13698,a,13700
13698,f,13700
13701,e,13701
13701,d,13701
13701,b,13701
13702,b,13701
13702,d,13701
13702,e,13701
13700,e,13701
13700,b,13701
13700,d,13701
13697,d,13701
13699,e,13701
13699,d,13701
13699,b,13701
13697,b,13701
13697,e,13701
13698,b,13701
13698,d,13701
13698,e,13701
13703,f,13702
13703,c,13702
13702,f,13702
13702,c,13702
13701,f,13702
13701,c,13702
13699,f,13702
13698,f,13702
13700,c,13702
13700,f,13702
13699,c,13702
13698,c,13702
13699,e,13703
13703,e,13703
13700,e,13703
13704,e,13703
13702,e,13703
13701,e,13703
13705,a,13704
13703,e,13704
13703,f,13704
13703,d,13704
13705,e,13704
13704,e,13704
13705,d,13704
13705,f,13704
13704,f,13704
13703,a,13704
13702,e,13704
13702,d,13704
13700,e,13704
13700,f,13704
13700,d,13704
13701,a,13704
13701,d,13704
13701,f,13704
13701,e,13704
13702,f,13704
13704,d,13704
13700,a,13704
13704,a,13704
13702,a,13704
13706,d,13705
13705,e,13705
13706,e,13705
13704,e,13705
13704,f,13705
13704,d,13705
13705,b,13705
13705,d,13705
13705,f,13705
13706,b,13705
13706,f,13705
13704,b,13705
13701,e,13705
13702,f,13705
13702,e,13705
13703,b,13705
13702,d,13705
13701,d,13705
13701,f,13705
13703,d,13705
13703,f,13705
13703,e,13705
13701,b,13705
13702,b,13705
13706,c,13706
13705,f,13706
13705,c,13706
13707,f,13706
13706,f,13706
13703,f,13706
13702,f,13706
13703,c,13706
13704,c,13706
13704,f,13706
13702,c,13706
13707,c,13706
13705,e,13707
13706,e,13707
13703,e,13707
13707,e,13707
13708,e,13707
13704,e,13707
13707,f,13708
13709,f,13708
13708,b,13708
13708,f,13708
13707,b,13708
13709,b,13708
13706,b,13708
13706,f,13708
13704,b,13708
13704,f,13708
13705,b,13708
13705,f,13708
13706,f,13709
13709,f,13709
13709,c,13709
13708,c,13709
13705,c,13709
13708,f,13709
13710,c,13709
13707,f,13709
13707,c,13709
13705,f,13709
13710,f,13709
13706,c,13709
13707,e,13710
13706,e,13710
13708,e,13710
13710,e,13710
13711,e,13710
13709,e,13710
13710,b,13711
13712,b,13711
13712,f,13711
13711,b,13711
13711,f,13711
13710,f,13711
13708,f,13711
13707,b,13711
13709,f,13711
13709,b,13711
13707,f,13711
13708,b,13711
13712,c,13712
13712,f,13712
13711,f,13712
13711,c,13712
13708,c,13712
13713,c,13712
13710,f,13712
13710,c,13712
13708,f,13712
13709,c,13712
13709,f,13712
13713,f,13712
13714,e,13713
13712,e,13713
13713,f,13713
13713,e,13713
13712,f,13713
13709,e,13713
13714,f,13713
13710,f,13713
13710,e,13713
13711,e,13713
13711,f,13713
13709,f,13713
13715,f,13714
13713,a,13714
13710,a,13714
13710,b,13714
13715,a,13714
13715,b,13714
13713,b,13714
13714,f,13714
13712,b,13714
13712,a,13714
13710,f,13714
13711,a,13714
13711,b,13714
13711,f,13714
13714,b,13714
13714,a,13714
13712,f,13714
13713,f,13714
13714,b,13715
13714,d,13715
13714,f,13715
13716,f,13715
13715,d,13715
13715,c,13715
13715,f,13715
13716,d,13715
13716,c,13715
13715,b,13715
13716,b,13715
13714,c,13715
13711,b,13715
13712,d,13715
13712,c,13715
13713,f,13715
13713,c,13715
13713,d,13715
13712,f,13715
13713,b,13715
13712,b,13715
13711,f,13715
13711,d,13715
13711,c,13715
13715,e,13716
13716,f,13716
13716,e,13716
13717,c,13716
13717,f,13716
13717,e,13716
13716,c,13716
13715,f,13716
13713,e,13716
13712,c,13716
13713,c,13716
13715,c,13716
13714,c,13716
13713,f,13716
13714,e,13716
13714,f,13716
13712,f,13716
13712,e,13716
13714,e,13717
13716,e,13717
13718,e,13717
13713,e,13717
13715,e,13717
13717,e,13717
13718,b,13719
13718,e,13719
13720,b,13719
13719,e,13719
13717,e,13719
13720,e,13719
13716,e,13719
13716,b,13719
13719,b,13719
13715,e,13719
13715,b,13719
13717,b,13719
13720,f,13720
13719,f,13720
13719,c,13720
13720,c,13720
13716,c,13720
13721,c,13720
13718,f,13720
13718,c,13720
13717,f,13720
13721,f,13720
13716,f,13720
13717,c,13720
13721,e,13721
13720,e,13721
13718,e,13721
13722,e,13721
13719,e,13721
13717,e,13721
13721,b,13722
13722,b,13722
13723,f,13722
13722,f,13722
13723,b,13722
13721,f,13722
13718,f,13722
13720,f,13722
13720,b,13722
13718,b,13722
13719,b,13722
13719,f,13722
13720,f,13723
13724,f,13723
13724,c,13723
13724,b,13723
13720,c,13723
13723,c,13723
13723,b,13723
13722,f,13723
13722,c,13723
13722,b,13723
13719,b,13723
13723,f,13723
13719,f,13723
13720,b,13723
13721,f,13723
13721,c,13723
13721,b,13723
13719,c,13723
13723,d,13724
13723,c,13724
13723,f,13724
13723,e,13724
13725,d,13724
13724,f,13724
13720,e,13724
13724,c,13724
13720,f,13724
13720,c,13724
13724,e,13724
13721,e,13724
13724,d,13724
13725,c,13724
13725,f,13724
13725,e,13724
13722,e,13724
13722,f,13724
13722,c,13724
13722,d,13724
13721,d,13724
13721,c,13724
13721,f,13724
13720,d,13724
13724,e,13725
13725,f,13725
13724,f,13725
13725,e,13725
13721,f,13725
13726,f,13725
13723,e,13725
13723,f,13725
13726,e,13725
13721,e,13725
13722,f,13725
13722,e,13725
13723,a,13726
13726,a,13726
13726,f,13726
13725,f,13726
13725,a,13726
13722,f,13726
13727,a,13726
13727,f,13726
13724,f,13726
13724,a,13726
13722,a,13726
13723,f,13726
13727,b,13727
13727,d,13727
13726,d,13727
13726,b,13727
13723,b,13727
13728,b,13727
13725,d,13727
13725,b,13727
13728,d,13727
13724,d,13727
13724,b,13727
13723,d,13727
13725,c,13728
13724,c,13728
13726,c,13728
13728,c,13728
13729,c,13728
13727,c,13728
13730,f,13729
13729,e,13729
13729,f,13729
13728,f,13729
13730,e,13729
13728,e,13729
13727,e,13729
13727,f,13729
13725,f,13729
13725,e,13729
13726,f,13729
13726,e,13729
13729,f,13730
13730,f,13730
13730,a,13730
13727,f,13730
13731,f,13730
13729,a,13730
13731,a,13730
13727,a,13730
13726,a,13730
13728,f,13730
13728,a,13730
13726,f,13730
13727,d,13731
13730,b,13731
13730,d,13731
13732,b,13731
13727,b,13731
13729,d,13731
13729,b,13731
13728,b,13731
13728,d,13731
13731,b,13731
13732,d,13731
13731,d,13731
13732,c,13732
13731,c,13732
13732,f,13732
13732,b,13732
13733,b,13732
13731,b,13732
13731,f,13732
13730,f,13732
13733,f,13732
13729,b,13732
13728,f,13732
13728,c,13732
13729,c,13732
13730,b,13732
13729,f,13732
13733,c,13732
13728,b,13732
13730,c,13732
13733,e,13733
13732,e,13733
13732,f,13733
13732,c,13733
13733,f,13733
13733,c,13733
13734,c,13733
13730,e,13733
13734,e,13733
13731,e,13733
13731,f,13733
13731,c,13733
13729,c,13733
13729,f,13733
13729,e,13733
13730,c,13733
13730,f,13733
13734,f,13733
13734,f,13734
13734,e,13734
13733,e,13734
13733,f,13734
13735,f,13734
13735,e,13734
13732,e,13734
13730,f,13734
13730,e,13734
13731,f,13734
13731,e,13734
13732,f,13734
13736,b,13735
13736,f,13735
13734,f,13735
13734,b,13735
13735,b,13735
13731,b,13735
13733,f,13735
13733,b,13735
13732,b,13735
13732,f,13735
13731,f,13735
13735,f,13735
13736,c,13736
13736,f,13736
13737,c,13736
13737,f,13736
13732,f,13736
13735,f,13736
13732,c,13736
13734,f,13736
13734,c,13736
13733,f,13736
13735,c,13736
13733,c,13736
13734,e,13737
13735,e,13737
13733,e,13737
13736,e,13737
13738,e,13737
13737,e,13737
13739,c,13739
13738,c,13739
13737,c,13739
13740,c,13739
13736,c,13739
13735,c,13739
13736,e,13740
13740,e,13740
13741,d,13740
13739,e,13740
13739,d,13740
13740,d,13740
13741,e,13740
13738,e,13740
13738,d,13740
13736,d,13740
13737,e,13740
13737,d,13740
13742,f,13741
13740,f,13741
13741,f,13741
13739,f,13741
13738,f,13741
13737,f,13741
13743,b,13742
13739,b,13742
13740,b,13742
13741,b,13742
13738,b,13742
13742,b,13742
13744,c,13743
13739,c,13743
13742,c,13743
13742,f,13743
13744,b,13743
13743,f,13743
13743,c,13743
13744,f,13743
13742,b,13743
13743,b,13743
13740,f,13743
13739,b,13743
13741,c,13743
13741,b,13743
13739,f,13743
13740,b,13743
13741,f,13743
13740,c,13743
13743,c,13744
13743,f,13744
13744,f,13744
13745,e,13744
13745,f,13744
13745,c,13744
13744,c,13744
13743,e,13744
13744,e,13744
13742,f,13744
13741,e,13744
13740,c,13744
13742,e,13744
13740,f,13744
13740,e,13744
13742,c,13744
13741,c,13744
13741,f,13744
13746,f,13745
13744,e,13745
13744,f,13745
13742,e,13745
13741,f,13745
13741,e,13745
13743,e,13745
13743,f,13745
13745,f,13745
13742,f,13745
13746,e,13745
13745,e,13745
13747,f,13746
13745,f,13746
13742,f,13746
13744,f,13746
13743,f,13746
13746,f,13746
13747,e,13748
13749,e,13748
13748,e,13748
13745,e,13748
13746,e,13748
13744,e,13748
13746,c,13749
13750,c,13749
13748,f,13749
13748,c,13749
13749,c,13749
13750,f,13749
13747,f,13749
13747,c,13749
13745,c,13749
13745,f,13749
13746,f,13749
13749,f,13749
13751,e,13750
13749,e,13750
13750,e,13750
13748,e,13750
13747,e,13750
13746,e,13750
13749,f,13751
13751,f,13751
13747,f,13751
13750,f,13751
13748,f,13751
13752,f,13751
13757,a,13757
13756,a,13757
13755,a,13757
13753,a,13757
13758,a,13757
13754,a,13757
13758,d,13758
13757,d,13758
13757,b,13758
13758,b,13758
13759,b,13758
13759,d,13758
13754,d,13758
13754,b,13758
13756,d,13758
13756,b,13758
13755,d,13758
13755,b,13758
13759,f,13759
13760,c,13759
13760,f,13759
13760,e,13759
13758,e,13759
13758,f,13759
13758,c,13759
13759,e,13759
13759,c,13759
13756,f,13759
13756,e,13759
13757,e,13759
13757,f,13759
13757,c,13759
13755,c,13759
13755,f,13759
13755,e,13759
13756,c,13759
13760,f,13760
13761,e,13760
13759,e,13760
13759,f,13760
13757,e,13760
13760,e,13760
13756,f,13760
13756,e,13760
13758,e,13760
13758,f,13760
13757,f,13760
13761,f,13760
13762,f,13761
13761,f,13761
13760,f,13761
13759,f,13761
13757,f,13761
13758,f,13761
13765,c,13765
13763,c,13765
13764,c,13765
13762,c,13765
13761,c,13765
13766,c,13765
13763,e,13766
13766,e,13766
13764,e,13766
13767,e,13766
13765,e,13766
13762,e,13766
13768,f,13767
13768,d,13767
13767,f,13767
13767,d,13767
13766,f,13767
13766,d,13767
13764,d,13767
13764,f,13767
13765,f,13767
13765,d,13767
13763,d,13767
13763,f,13767
13768,f,13768
13769,e,13768
13765,e,13768
13767,f,13768
13767,e,13768
13764,f,13768
13766,e,13768
13766,f,13768
13764,e,13768
13765,f,13768
13768,e,13768
13769,f,13768
13769,f,13769
13770,f,13769
13765,f,13769
13767,f,13769
13766,f,13769
13768,f,13769
13774,f,13774
13775,f,13774
13773,f,13774
13770,f,13774
13772,f,13774
13771,f,13774
13772,c,13775
13771,c,13775
13773,c,13775
13776,c,13775
13774,c,13775
13775,c,13775
13776,e,13776
13775,e,13776
13777,e,13776
13774,e,13776
13773,e,13776
13772,e,13776
13774,f,13777
13775,f,13777
13773,f,13777
13776,f,13777
13777,f,13777
13778,f,13777
13782,d,13782
13781,d,13782
13780,d,13782
13779,d,13782
13778,d,13782
13783,d,13782
13780,f,13783
13784,f,13783
13781,f,13783
13783,f,13783
13782,f,13783
13779,f,13783
13784,f,13784
13784,a,13784
13783,f,13784
13783,a,13784
13785,a,13784
13782,a,13784
13785,f,13784
13781,f,13784
13781,a,13784
13780,a,13784
13780,f,13784
13782,f,13784
13782,b,13785
13785,b,13785
13785,d,13785
13784,d,13785
13784,b,13785
13786,b,13785
13786,d,13785
13781,d,13785
13783,d,13785
13783,b,13785
13781,b,13785
13782,d,13785
13786,f,13786
13785,f,13786
13787,a,13786
13787,c,13786
13785,c,13786
13785,a,13786
13787,f,13786
13786,c,13786
13786,a,13786
13782,a,13786
13782,c,13786
13783,c,13786
13783,a,13786
13784,f,13786
13784,c,13786
13784,a,13786
13783,f,13786
13782,f,13786
13786,b,13787
13788,d,13787
13786,d,13787
13787,b,13787
13787,d,13787
13787,e,13787
13788,e,13787
13786,e,13787
13783,b,13787
13788,b,13787
13784,e,13787
13785,e,13787
13785,d,13787
13784,d,13787
13784,b,13787
13783,e,13787
13785,b,13787
13783,d,13787
13784,c,13788
13787,f,13788
13787,c,13788
13787,d,13788
13788,f,13788
13789,d,13788
13784,d,13788
13789,c,13788
13789,f,13788
13786,f,13788
13786,c,13788
13786,d,13788
13785,d,13788
13785,c,13788
13785,f,13788
13784,f,13788
13788,d,13788
13788,c,13788
13789,f,13789
13789,e,13789
13788,e,13789
13788,f,13789
13787,f,13789
13790,e,13789
13787,e,13789
13790,f,13789
13785,f,13789
13785,e,13789
13786,f,13789
13786,e,13789
13790,b,13790
13790,c,13790
13790,f,13790
13789,f,13790
13789,c,13790
13789,b,13790
13786,b,13790
13791,b,13790
13791,f,13790
13791,c,13790
13787,c,13790
13788,f,13790
13788,c,13790
13788,b,13790
13786,c,13790
13786,f,13790
13787,b,13790
13787,f,13790
13791,e,13791
13792,f,13791
13790,d,13791
13790,c,13791
13792,c,13791
13792,e,13791
13791,d,13791
13791,f,13791
13791,c,13791
13790,f,13791
13792,d,13791
13790,e,13791
13789,e,13791
13789,f,13791
13789,c,13791
13789,d,13791
13787,d,13791
13787,c,13791
13787,f,13791
13788,e,13791
13788,f,13791
13788,c,13791
13788,d,13791
13787,e,13791
13789,e,13792
13792,e,13792
13792,f,13792
13791,e,13792
13791,f,13792
13788,f,13792
13788,e,13792
13790,e,13792
13790,f,13792
13789,f,13792
13793,f,13792
13793,e,13792
13791,f,13793
13790,f,13793
13789,f,13793
13792,f,13793
13794,f,13793
13793,f,13793
13796,e,13795
13795,e,13795
13794,e,13795
13793,e,13795
13791,e,13795
13792,e,13795
13796,d,13796
13796,f,13796
13792,f,13796
13795,d,13796
13795,b,13796
13796,b,13796
13794,f,13796
13795,f,13796
13794,b,13796
13792,b,13796
13792,d,13796
13797,d,13796
13797,f,13796
13793,f,13796
13793,d,13796
13793,b,13796
13794,d,13796
13797,b,13796
13798,c,13797
13796,f,13797
13796,c,13797
13797,c,13797
13795,f,13797
13795,c,13797
13794,f,13797
13794,c,13797
13793,f,13797
13793,c,13797
13798,f,13797
13797,f,13797
13798,e,13798
13799,e,13798
13797,e,13798
13794,e,13798
13796,e,13798
13795,e,13798
13797,f,13799
13800,f,13799
13796,f,13799
13798,f,13799
13799,f,13799
13795,f,13799
13798,a,13801
13800,f,13801
13800,a,13801
13797,a,13801
13802,a,13801
13802,f,13801
13801,a,13801
13799,a,13801
13797,f,13801
13801,f,13801
13798,f,13801
13799,f,13801
13801,d,13802
13802,d,13802
13803,d,13802
13801,b,13802
13802,b,13802
13803,b,13802
13799,d,13802
13798,b,13802
13800,d,13802
13800,b,13802
13798,d,13802
13799,b,13802
13800,f,13803
13804,c,13803
13804,f,13803
13802,f,13803
13802,c,13803
13803,f,13803
13799,c,13803
13801,f,13803
13801,c,13803
13799,f,13803
13800,c,13803
13803,c,13803
13804,e,13804
13805,e,13804
13800,e,13804
13803,e,13804
13802,e,13804
13801,e,13804
13803,f,13805
13802,f,13805
13801,f,13805
13804,f,13805
13806,f,13805
13805,f,13805
13807,c,13807
13806,c,13807
13805,c,13807
13804,c,13807
13803,c,13807
13808,c,13807
13805,e,13808
13804,e,13808
13806,e,13808
13807,e,13808
13809,e,13808
13808,e,13808
13810,f,13809
13809,f,13809
13807,f,13809
13806,f,13809
13805,f,13809
13808,f,13809
13809,e,13813
13810,e,13813
13811,e,13813
13814,e,13813
13812,e,13813
13813,e,13813
13812,f,13814
13810,f,13814
13811,f,13814
13814,f,13814
13815,f,13814
13813,f,13814
13813,c,13815
13816,c,13815
13812,c,13815
13811,c,13815
13814,c,13815
13815,c,13815
13816,e,13816
13815,e,13816
13817,c,13816
13815,c,13816
13817,e,13816
13816,c,13816
13814,e,13816
13814,c,13816
13813,e,13816
13813,c,13816
13812,e,13816
13812,c,13816
13817,f,13817
13818,e,13817
13816,e,13817
13816,f,13817
13817,e,13817
13818,f,13817
13813,e,13817
13813,f,13817
13815,e,13817
13815,f,13817
13814,f,13817
13814,e,13817
13819,f,13818
13818,f,13818
13817,f,13818
13815,f,13818
13814,f,13818
13816,f,13818
13817,d,13819
13815,d,13819
13820,d,13819
13816,d,13819
13818,d,13819
13819,d,13819
13816,f,13820
13821,f,13820
13819,f,13820
13820,f,13820
13817,f,13820
13818,f,13820
13822,a,13822
13820,a,13822
13821,a,13822
13823,a,13822
13819,a,13822
13818,a,13822
13820,b,13823
13823,d,13823
13822,d,13823
13822,b,13823
13823,b,13823
13824,b,13823
13819,d,13823
13824,d,13823
13821,d,13823
13821,b,13823
13820,d,13823
13819,b,13823
13823,f,13824
13825,f,13824
13825,c,13824
13823,c,13824
13824,c,13824
13824,f,13824
13820,c,13824
13822,f,13824
13822,c,13824
13820,f,13824
13821,c,13824
13821,f,13824
13821,f,13825
13826,f,13825
13826,e,13825
13824,e,13825
13824,f,13825
13825,f,13825
13823,e,13825
13823,f,13825
13821,e,13825
13822,f,13825
13822,e,13825
13825,e,13825
13826,f,13826
13826,e,13826
13827,e,13826
13825,e,13826
13825,f,13826
13822,e,13826
13827,f,13826
13822,f,13826
13824,e,13826
13824,f,13826
13823,e,13826
13823,f,13826
13824,f,13827
13825,f,13827
13823,f,13827
13826,f,13827
13828,f,13827
13827,f,13827
13824,d,13828
13829,d,13828
13828,d,13828
13827,d,13828
13825,d,13828
13826,d,13828
13828,f,13829
13829,f,13829
13825,f,13829
13826,f,13829
13830,f,13829
13827,f,13829
13828,b,13830
13827,b,13830
13830,b,13830
13829,b,13830
13831,b,13830
13826,b,13830
13831,c,13831
13831,f,13831
13830,f,13831
13830,c,13831
13828,f,13831
13832,c,13831
13829,f,13831
13829,c,13831
13828,c,13831
13832,f,13831
13827,c,13831
13827,f,13831
13832,e,13832
13831,e,13832
13833,e,13832
13830,e,13832
13828,e,13832
13829,e,13832
13832,e,13833
13832,f,13833
13833,f,13833
13833,e,13833
13834,f,13833
13834,e,13833
13830,e,13833
13831,e,13833
13831,f,13833
13829,f,13833
13829,e,13833
13830,f,13833
13831,e,13834
13835,b,13834
13835,f,13834
13834,e,13834
13834,f,13834
13834,b,13834
13831,f,13834
13835,e,13834
13833,e,13834
13833,b,13834
13833,f,13834
13832,e,13834
13831,b,13834
13830,e,13834
13830,f,13834
13832,b,13834
13832,f,13834
13830,b,13834
13832,c,13835
13834,c,13835
13835,c,13835
13831,f,13835
13833,f,13835
13833,c,13835
13832,f,13835
13831,c,13835
13836,f,13835
13836,c,13835
13835,f,13835
13834,f,13835
13835,e,13836
13837,c,13836
13835,c,13836
13837,e,13836
13836,e,13836
13834,e,13836
13834,c,13836
13833,e,13836
13833,c,13836
13836,c,13836
13832,e,13836
13832,c,13836
13837,f,13837
13838,d,13837
13838,f,13837
13836,e,13837
13838,e,13837
13836,f,13837
13836,d,13837
13837,d,13837
13837,e,13837
13835,f,13837
13835,e,13837
13835,d,13837
13834,e,13837
13834,f,13837
13834,d,13837
13833,e,13837
13833,f,13837
13833,d,13837
13836,f,13838
13834,f,13838
13837,f,13838
13835,f,13838
13838,f,13838
13839,f,13838
13841,f,13840
13840,f,13840
13839,f,13840
13838,f,13840
13836,f,13840
13837,f,13840
13838,e,13842
13841,e,13842
13841,b,13842
13843,b,13842
13843,e,13842
13838,b,13842
13840,e,13842
13842,b,13842
13839,e,13842
13839,b,13842
13842,e,13842
13840,b,13842
13843,e,13843
13843,c,13843
13844,c,13843
13844,e,13843
13842,e,13843
13842,f,13843
13842,c,13843
13843,f,13843
13844,f,13843
13840,f,13843
13841,e,13843
13841,f,13843
13841,c,13843
13839,c,13843
13839,f,13843
13840,e,13843
13839,e,13843
13840,c,13843
13845,f,13844
13845,e,13844
13843,e,13844
13843,f,13844
13844,e,13844
13840,f,13844
13841,e,13844
13842,e,13844
13842,f,13844
13840,e,13844
13841,f,13844
13844,f,13844
13845,f,13845
13841,f,13845
13846,f,13845
13842,f,13845
13844,f,13845
13843,f,13845
13844,a,13847
13846,a,13847
13848,a,13847
13845,a,13847
13847,a,13847
13843,a,13847
13848,e,13848
13847,b,13848
13848,d,13848
13848,b,13848
13849,b,13848
13847,e,13848
13849,d,13848
13849,f,13848
13849,e,13848
13847,d,13848
13848,f,13848
13847,f,13848
13844,f,13848
13845,f,13848
13845,e,13848
13846,e,13848
13844,e,13848
13845,d,13848
13844,d,13848
13845,b,13848
13846,b,13848
13846,d,13848
13846,f,13848
13844,b,13848
13848,f,13849
13848,c,13849
13849,c,13849
13849,f,13849
13846,c,13849
13850,f,13849
13845,c,13849
13846,f,13849
13845,f,13849
13847,c,13849
13847,f,13849
13850,c,13849
13851,e,13850
13848,e,13850
13846,e,13850
13847,e,13850
13849,e,13850
13850,e,13850
13851,d,13851
13851,f,13851
13850,d,13851
13850,f,13851
13852,d,13851
13852,f,13851
13849,f,13851
13847,f,13851
13848,d,13851
13848,f,13851
13847,d,13851
13849,d,13851
13850,f,13852
13848,f,13852
13851,f,13852
13853,f,13852
13849,f,13852
13852,f,13852
13850,d,13854
13853,d,13854
13853,b,13854
13855,b,13854
13855,d,13854
13852,d,13854
13852,b,13854
13854,d,13854
13851,d,13854
13851,b,13854
13850,b,13854
13854,b,13854
13855,f,13855
13855,c,13855
13856,d,13855
13856,c,13855
13854,f,13855
13856,f,13855
13854,c,13855
13854,d,13855
13855,d,13855
13851,d,13855
13852,d,13855
13852,c,13855
13852,f,13855
13851,c,13855
13851,f,13855
13853,c,13855
13853,f,13855
13853,d,13855
13852,e,13856
13853,e,13856
13855,e,13856
13855,f,13856
13853,f,13856
13856,f,13856
13852,f,13856
13857,f,13856
13857,e,13856
13854,e,13856
13854,f,13856
13856,e,13856
13856,a,13857
13857,f,13857
13857,a,13857
13856,f,13857
13853,a,13857
13858,f,13857
13854,f,13857
13854,a,13857
13853,f,13857
13855,a,13857
13855,f,13857
13858,a,13857
13859,a,13858
13858,f,13858
13859,d,13858
13857,d,13858
13857,b,13858
13857,a,13858
13858,d,13858
13858,b,13858
13858,a,13858
13854,a,13858
13859,b,13858
13857,f,13858
13855,b,13858
13855,d,13858
13855,a,13858
13855,f,13858
13854,f,13858
13854,d,13858
13854,b,13858
13856,a,13858
13859,f,13858
13856,d,13858
13856,f,13858
13856,b,13858
13859,f,13859
13859,b,13859
13860,b,13859
13858,f,13859
13858,c,13859
13858,d,13859
13858,b,13859
13860,d,13859
13860,c,13859
13860,f,13859
13859,c,13859
13859,d,13859
13856,d,13859
13856,c,13859
13855,d,13859
13855,c,13859
13855,f,13859
13857,f,13859
13857,c,13859
13857,d,13859
13855,b,13859
13856,f,13859
13856,b,13859
13857,b,13859
13861,f,13860
13856,c,13860
13859,f,13860
13859,e,13860
13860,e,13860
13860,f,13860
13859,c,13860
13861,c,13860
13860,c,13860
13856,e,13860
13861,e,13860
13858,e,13860
13858,f,13860
13858,c,13860
13857,c,13860
13857,f,13860
13857,e,13860
13856,f,13860
13861,c,13861
13861,e,13861
13860,e,13861
13860,c,13861
13857,c,13861
13862,c,13861
13857,e,13861
13859,e,13861
13858,c,13861
13858,e,13861
13859,c,13861
13862,e,13861
13859,e,13862
13860,e,13862
13862,e,13862
13861,e,13862
13863,e,13862
13858,e,13862
13864,f,13863
13862,f,13863
13863,c,13863
13863,f,13863
13864,c,13863
13862,c,13863
13859,f,13863
13859,c,13863
13861,f,13863
13861,c,13863
13860,c,13863
13860,f,13863
13864,f,13864
13864,e,13864
13861,f,13864
13863,e,13864
13863,f,13864
13863,a,13864
13860,a,13864
13865,a,13864
13865,f,13864
13865,e,13864
13864,a,13864
13861,e,13864
13862,e,13864
13862,f,13864
13862,a,13864
13860,f,13864
13860,e,13864
13861,a,13864
13865,c,13865
13866,f,13865
13866,c,13865
13864,b,13865
13864,d,13865
13866,b,13865
13866,d,13865
13865,d,13865
13865,f,13865
13864,c,13865
13865,b,13865
13864,f,13865
13861,d,13865
13862,f,13865
13862,c,13865
13862,d,13865
13862,b,13865
13861,b,13865
13863,f,13865
13863,c,13865
13863,d,13865
13863,b,13865
13861,c,13865
13861,f,13865
13865,f,13866
13865,c,13866
13866,c,13866
13866,f,13866
13866,e,13866
13867,e,13866
13865,e,13866
13862,c,13866
13867,c,13866
13862,e,13866
13863,e,13866
13863,f,13866
13863,c,13866
13867,f,13866
13864,c,13866
13862,f,13866
13864,f,13866
13864,e,13866
13865,b,13867
13868,e,13867
13867,b,13867
13867,f,13867
13867,e,13867
13866,e,13867
13866,f,13867
13866,b,13867
13863,b,13867
13868,b,13867
13868,f,13867
13864,f,13867
13863,f,13867
13864,b,13867
13865,e,13867
13865,f,13867
13864,e,13867
13863,e,13867
13867,f,13868
13867,e,13868
13869,f,13868
13867,c,13868
13869,c,13868
13868,e,13868
13864,e,13868
13865,f,13868
13868,c,13868
13864,c,13868
13864,f,13868
13865,c,13868
13869,e,13868
13865,e,13868
13868,f,13868
13866,c,13868
13866,f,13868
13866,e,13868
13870,d,13869
13868,e,13869
13868,d,13869
13869,e,13869
13870,e,13869
13869,d,13869
13865,e,13869
13867,e,13869
13867,d,13869
13866,e,13869
13866,d,13869
13865,d,13869
13871,b,13870
13867,b,13870
13868,b,13870
13870,b,13870
13866,b,13870
13869,b,13870
13871,f,13871
13870,f,13871
13870,c,13871
13872,c,13871
13872,f,13871
13867,c,13871
13869,f,13871
13871,c,13871
13867,f,13871
13868,f,13871
13868,c,13871
13869,c,13871
13872,e,13872
13871,e,13872
13871,a,13872
13873,a,13872
13872,a,13872
13873,e,13872
13868,a,13872
13870,e,13872
13870,a,13872
13869,a,13872
13869,e,13872
13868,e,13872
13870,f,13873
13873,d,13873
13873,f,13873
13874,b,13873
13872,f,13873
13872,d,13873
13872,b,13873
13869,b,13873
13869,d,13873
13874,d,13873
13874,f,13873
13870,d,13873
13871,f,13873
13871,d,13873
13871,b,13873
13869,f,13873
13870,b,13873
13873,b,13873
13874,f,13874
13875,d,13874
13873,f,13874
13873,c,13874
13873,d,13874
13875,c,13874
13875,f,13874
13874,d,13874
13874,c,13874
13871,d,13874
13870,f,13874
13870,c,13874
13871,c,13874
13871,f,13874
13872,d,13874
13870,d,13874
13872,c,13874
13872,f,13874
13875,e,13875
13875,f,13875
13873,f,13875
13876,f,13875
13871,f,13875
13872,f,13875
13874,f,13875
13874,e,13875
13872,e,13875
13876,e,13875
13873,e,13875
13871,e,13875
13877,f,13876
13872,f,13876
13874,f,13876
13875,f,13876
13873,f,13876
13876,f,13876
13876,f,13877
13877,f,13877
13878,f,13877
13875,f,13877
13874,f,13877
13873,f,13877
13877,c,13878
13877,a,13878
13879,c,13878
13879,a,13878
13879,f,13878
13878,a,13878
13877,f,13878
13876,f,13878
13875,a,13878
13878,c,13878
13874,a,13878
13874,c,13878
13874,f,13878
13876,c,13878
13875,c,13878
13878,f,13878
13876,a,13878
13875,f,13878
13880,d,13879
13880,b,13879
13880,e,13879
13878,e,13879
13878,d,13879
13878,b,13879
13879,b,13879
13879,d,13879
13879,e,13879
13875,e,13879
13876,b,13879
13877,e,13879
13875,b,13879
13875,d,13879
13877,d,13879
13877,b,13879
13876,e,13879
13876,d,13879
13880,c,13880
13879,c,13880
13877,c,13880
13876,c,13880
13878,c,13880
13881,c,13880
13879,e,13881
13877,e,13881
13882,e,13881
13878,e,13881
13881,e,13881
13880,e,13881
13881,f,13882
13883,f,13882
13882,f,13882
13880,f,13882
13878,f,13882
13879,f,13882
13880,f,13883
13883,f,13883
13883,c,13883
13884,f,13883
13882,f,13883
13880,c,13883
13879,c,13883
13882,c,13883
13881,f,13883
13881,c,13883
13879,f,13883
13884,c,13883
13881,e,13884
13882,e,13884
13884,e,13884
13880,e,13884
13883,e,13884
13885,e,13884
13885,f,13885
13884,e,13885
13884,f,13885
13885,e,13885
13883,f,13885
13886,f,13885
13883,e,13885
13882,e,13885
13882,f,13885
13886,e,13885
13881,f,13885
13881,e,13885
13886,d,13886
13885,f,13886
13885,d,13886
13886,f,13886
13883,f,13886
13883,d,13886
13884,f,13886
13884,d,13886
13882,d,13886
13882,f,13886
13887,d,13886
13887,f,13886
13887,f,13887
13888,f,13887
13886,f,13887
13883,f,13887
13884,f,13887
13885,f,13887
13889,a,13888
13888,b,13888
13888,e,13888
13887,a,13888
13887,b,13888
13887,e,13888
13888,a,13888
13889,b,13888
13886,b,13888
13884,b,13888
13886,a,13888
13885,e,13888
13884,e,13888
13885,a,13888
13885,b,13888
13889,e,13888
13886,e,13888
13884,a,13888
13890,b,13889
13888,c,13889
13888,d,13889
13890,d,13889
13888,f,13889
13889,f,13889
13889,c,13889
13889,d,13889
13889,b,13889
13888,b,13889
13890,c,13889
13885,b,13889
13886,f,13889
13885,d,13889
13885,c,13889
13885,f,13889
13886,b,13889
13886,d,13889
13886,c,13889
13890,f,13889
13887,d,13889
13887,b,13889
13887,c,13889
13887,f,13889
13891,c,13890
13890,e,13890
13890,f,13890
13889,f,13890
13889,c,13890
13889,d,13890
13889,e,13890
13890,c,13890
13891,d,13890
13890,d,13890
13888,f,13890
13891,e,13890
13887,c,13890
13887,d,13890
13886,e,13890
13886,f,13890
13887,f,13890
13888,d,13890
13887,e,13890
13891,f,13890
13888,e,13890
13886,c,13890
13886,d,13890
13888,c,13890
13890,e,13891
13890,f,13891
13890,a,13891
13891,f,13891
13891,a,13891
13891,e,13891
13887,a,13891
13887,f,13891
13892,a,13891
13892,f,13891
13892,e,13891
13888,e,13891
13889,e,13891
13889,f,13891
13889,a,13891
13888,f,13891
13888,a,13891
13887,e,13891
13893,f,13892
13891,f,13892
13891,d,13892
13893,b,13892
13892,f,13892
13892,b,13892
13891,b,13892
13893,d,13892
13892,d,13892
13889,d,13892
13890,f,13892
13890,d,13892
13890,b,13892
13888,b,13892
13888,d,13892
13888,f,13892
13889,f,13892
13889,b,13892
13893,c,13893
13894,f,13893
13892,f,13893
13892,c,13893
13890,f,13893
13893,f,13893
13889,c,13893
13889,f,13893
13891,f,13893
13891,c,13893
13890,c,13893
13894,c,13893
13895,e,13894
13894,e,13894
13890,e,13894
13892,e,13894
13893,e,13894
13891,e,13894
13899,d,13898
13897,d,13898
13896,d,13898
13898,d,13898
13895,d,13898
13894,d,13898
13896,f,13899
13900,f,13899
13899,f,13899
13898,f,13899
13895,f,13899
13897,f,13899
13901,c,13900
13896,d,13900
13899,c,13900
13899,d,13900
13896,c,13900
13901,d,13900
13900,d,13900
13900,c,13900
13897,c,13900
13898,c,13900
13898,d,13900
13897,d,13900
13900,e,13901
13902,b,13901
13902,e,13901
13901,e,13901
13901,f,13901
13902,f,13901
13900,f,13901
13900,b,13901
13897,b,13901
13898,f,13901
13897,f,13901
13897,e,13901
13898,b,13901
13898,e,13901
13901,b,13901
13899,b,13901
13899,f,13901
13899,e,13901
13903,c,13902
13902,f,13902
13902,d,13902
13901,f,13902
13901,c,13902
13901,d,13902
13903,f,13902
13903,d,13902
13902,c,13902
13899,f,13902
13899,c,13902
13900,f,13902
13900,c,13902
13898,d,13902
13898,c,13902
13900,d,13902
13898,f,13902
13899,d,13902
13903,f,13903
13904,e,13903
13902,e,13903
13902,f,13903
13900,e,13903
13899,f,13903
13899,e,13903
13901,e,13903
13901,f,13903
13900,f,13903
13903,e,13903
13904,f,13903
13904,f,13904
13905,f,13904
13903,f,13904
13902,f,13904
13901,f,13904
13900,f,13904
13908,f,13908
13907,f,13908
13907,a,13908
13909,a,13908
13909,f,13908
13906,f,13908
13906,a,13908
13905,f,13908
13905,a,13908
13904,f,13908
13904,a,13908
13908,a,13908
13910,d,13909
13909,b,13909
13908,d,13909
13908,b,13909
13909,d,13909
13910,b,13909
13906,d,13909
13905,b,13909
13907,d,13909
13907,b,13909
13905,d,13909
13906,b,13909
13910,f,13910
13911,c,13910
13909,f,13910
13909,c,13910
13910,c,13910
13906,c,13910
13911,f,13910
13908,f,13910
13908,c,13910
13906,f,13910
13907,c,13910
13907,f,13910
13911,e,13911
13910,e,13911
13907,e,13911
13909,e,13911
13908,e,13911
13912,e,13911
13909,f,13912
13910,f,13912
13913,f,13912
13912,f,13912
13908,f,13912
13911,f,13912
13912,d,13913
13913,d,13913
13914,d,13913
13911,d,13913
13910,d,13913
13909,d,13913
13915,f,13914
13914,f,13914
13911,f,13914
13912,f,13914
13913,f,13914
13910,f,13914
13913,b,13917
13916,e,13917
13916,b,13917
13917,e,13917
13918,b,13917
13915,e,13917
13915,b,13917
13917,b,13917
13914,e,13917
13914,b,13917
13913,e,13917
13918,e,13917
13917,f,13918
13917,c,13918
13918,f,13918
13918,c,13918
13919,c,13918
13916,c,13918
13915,f,13918
13919,f,13918
13914,c,13918
13914,f,13918
13915,c,13918
13916,f,13918
13916,e,13919
13919,f,13919
13919,e,13919
13918,e,13919
13918,f,13919
13920,f,13919
13917,e,13919
13917,f,13919
13915,f,13919
13915,e,13919
13920,e,13919
13916,f,13919
13920,a,13920
13920,f,13920
13919,f,13920
13919,a,13920
13921,a,13920
13921,f,13920
13917,a,13920
13916,f,13920
13918,f,13920
13918,a,13920
13917,f,13920
13916,a,13920
13921,b,13921
13921,d,13921
13922,d,13921
13920,b,13921
13917,b,13921
13920,d,13921
13922,b,13921
13919,d,13921
13919,b,13921
13918,b,13921
13918,d,13921
13917,d,13921
13922,f,13922
13921,f,13922
13921,c,13922
13918,f,13922
13918,c,13922
13923,f,13922
13920,f,13922
13920,c,13922
13919,f,13922
13919,c,13922
13923,c,13922
13922,c,13922
13923,e,13923
13924,e,13923
13922,e,13923
13921,e,13923
13919,e,13923
13920,e,13923
13921,f,13924
13924,f,13924
13923,f,13924
13925,f,13924
13922,f,13924
13920,f,13924
13925,b,13925
13921,b,13925
13926,b,13925
13922,b,13925
13924,b,13925
13923,b,13925
13926,f,13926
13927,c,13926
13927,f,13926
13926,c,13926
13925,f,13926
13925,c,13926
13923,c,13926
13922,c,13926
13924,f,13926
13924,c,13926
13922,f,13926
13923,f,13926
13927,c,13927
13928,c,13927
13928,e,13927
13926,e,13927
13926,c,13927
13923,c,13927
13927,e,13927
13924,e,13927
13925,e,13927
13925,c,13927
13923,e,13927
13924,c,13927
13927,d,13928
13929,d,13928
13928,d,13928
13929,f,13928
13927,e,13928
13927,f,13928
13929,e,13928
13928,e,13928
13928,f,13928
13924,d,13928
13924,f,13928
13924,e,13928
13925,d,13928
13925,f,13928
13925,e,13928
13926,e,13928
13926,f,13928
13926,d,13928
13928,f,13929
13929,f,13929
13930,f,13929
13927,f,13929
13926,f,13929
13925,f,13929
13930,d,13930
13928,d,13930
13931,d,13930
13927,d,13930
13926,d,13930
13929,d,13930
13931,e,13931
13932,f,13931
13930,e,13931
13930,f,13931
13932,e,13931
13931,f,13931
13929,e,13931
13927,e,13931
13928,f,13931
13928,e,13931
13927,f,13931
13929,f,13931
13928,f,13932
13931,f,13932
13929,f,13932
13932,f,13932
13933,f,13932
13930,f,13932
13937,e,13939
13938,e,13939
13938,f,13939
13940,f,13939
13940,e,13939
13937,f,13939
13936,f,13939
13936,e,13939
13939,e,13939
13935,e,13939
13935,f,13939
13939,f,13939
13941,c,13940
13940,c,13940
13941,f,13940
13939,c,13940
13940,f,13940
13939,f,13940
13936,c,13940
13938,f,13940
13938,c,13940
13937,f,13940
13937,c,13940
13936,f,13940
13942,e,13941
13941,e,13941
13940,e,13941
13938,e,13941
13939,e,13941
13937,e,13941
13940,f,13942
13939,f,13942
13941,f,13942
13942,f,13942
13938,f,13942
13943,f,13942
13944,d,13946
13945,d,13946
13945,b,13946
13947,b,13946
13947,d,13946
13944,b,13946
13942,b,13946
13943,d,13946
13943,b,13946
13942,d,13946
13946,d,13946
13946,b,13946
13948,f,13947
13947,c,13947
13946,f,13947
13946,c,13947
13947,f,13947
13948,c,13947
13943,f,13947
13945,f,13947
13945,c,13947
13943,c,13947
13944,c,13947
13944,f,13947
13948,e,13948
13947,e,13948
13945,e,13948
13946,e,13948
13944,e,13948
13949,e,13948
13948,f,13949
13947,f,13949
13950,f,13949
13949,f,13949
13945,f,13949
13946,f,13949
13950,d,13950
13949,d,13950
13951,d,13950
13948,d,13950
13946,d,13950
13947,d,13950
13948,f,13951
13951,f,13951
13950,f,13951
13950,a,13951
13952,a,13951
13951,a,13951
13952,f,13951
13949,f,13951
13949,a,13951
13947,a,13951
13947,f,13951
13948,a,13951
13951,d,13952
13952,d,13952
13951,b,13952
13953,b,13952
13952,b,13952
13949,d,13952
13948,b,13952
13950,d,13952
13950,b,13952
13948,d,13952
13949,b,13952
13953,d,13952
13950,f,13953
13953,f,13953
13954,c,13953
13952,f,13953
13952,c,13953
13949,c,13953
13954,f,13953
13951,f,13953
13951,c,13953
13949,f,13953
13950,c,13953
13953,c,13953
13954,e,13954
13955,e,13954
13953,e,13954
13952,e,13954
13951,e,13954
13950,e,13954
13953,f,13955
13951,f,13955
13954,f,13955
13955,f,13955
13952,f,13955
13956,f,13955
13959,d,13958
13958,d,13958
13956,d,13958
13955,d,13958
13957,d,13958
13954,d,13958
13958,c,13959
13960,c,13959
13958,f,13959
13960,f,13959
13956,c,13959
13957,c,13959
13956,f,13959
13959,f,13959
13955,f,13959
13955,c,13959
13957,f,13959
13959,c,13959
13960,e,13960
13959,e,13960
13961,e,13960
13958,e,13960
13957,e,13960
13956,e,13960
13958,f,13961
13959,f,13961
13961,f,13961
13960,f,13961
13962,f,13961
13957,f,13961
13962,c,13963
13961,e,13963
13961,c,13963
13962,e,13963
13959,c,13963
13964,e,13963
13960,e,13963
13960,c,13963
13959,e,13963
13963,e,13963
13964,c,13963
13963,c,13963
13965,f,13964
13965,e,13964
13963,e,13964
13963,f,13964
13964,f,13964
13962,e,13964
13962,f,13964
13961,e,13964
13961,f,13964
13960,e,13964
13960,f,13964
13964,e,13964
13966,f,13965
13965,f,13965
13964,f,13965
13963,f,13965
13962,f,13965
13961,f,13965
13964,d,13967
13963,d,13967
13965,d,13967
13968,d,13967
13966,d,13967
13967,d,13967
13968,f,13968
13967,f,13968
13969,f,13968
13966,f,13968
13965,f,13968
13964,f,13968
13966,c,13970
13970,e,13970
13969,e,13970
13969,c,13970
13971,c,13970
13971,e,13970
13968,e,13970
13968,c,13970
13967,e,13970
13967,c,13970
13970,c,13970
13966,e,13970
13971,f,13971
13970,e,13971
13970,f,13971
13971,e,13971
13972,f,13971
13969,e,13971
13969,f,13971
13972,e,13971
13967,f,13971
13967,e,13971
13968,e,13971
13968,f,13971
13972,f,13972
13968,f,13972
13970,f,13972
13971,f,13972
13973,f,13972
13969,f,13972
13973,e,13973
13972,e,13973
13972,f,13973
13973,d,13973
13973,f,13973
13972,d,13973
13974,e,13973
13970,f,13973
13974,d,13973
13969,d,13973
13971,e,13973
13971,f,13973
13971,d,13973
13970,e,13973
13969,f,13973
13969,e,13973
13970,d,13973
13974,f,13973
13974,f,13974
13974,e,13974
13973,e,13974
13973,f,13974
13971,e,13974
13971,f,13974
13972,e,13974
13972,f,13974
13970,f,13974
13970,e,13974
13975,f,13974
13975,e,13974
13974,f,13975
13975,b,13975
13975,f,13975
13974,b,13975
13976,b,13975
13976,f,13975
13972,b,13975
13972,f,13975
13973,f,13975
13973,b,13975
13971,b,13975
13971,f,13975
13976,f,13976
13976,c,13976
13976,d,13976
13977,f,13976
13975,f,13976
13975,c,13976
13975,d,13976
13973,f,13976
13972,d,13976
13972,c,13976
13974,f,13976
13974,c,13976
13974,d,13976
13972,f,13976
13973,d,13976
13973,c,13976
13977,c,13976
13977,d,13976
13977,e,13977
13978,e,13977
13976,e,13977
13975,e,13977
13974,e,13977
13973,e,13977
13982,f,13982
13980,f,13982
13981,f,13982
13979,f,13982
13978,f,13982
13983,f,13982
13980,a,13983
13981,a,13983
13984,a,13983
13983,a,13983
13982,a,13983
13979,a,13983
13985,d,13984
13985,b,13984
13984,d,13984
13984,b,13984
13983,d,13984
13983,b,13984
13981,d,13984
13980,d,13984
13982,d,13984
13982,b,13984
13981,b,13984
13980,b,13984
13985,c,13985
13985,f,13985
13986,c,13985
13984,f,13985
13984,c,13985
13981,c,13985
13986,f,13985
13983,f,13985
13983,c,13985
13981,f,13985
13982,c,13985
13982,f,13985
13986,e,13986
13985,e,13986
13982,e,13986
13987,e,13986
13983,e,13986
13984,e,13986
13984,f,13987
13985,f,13987
13986,f,13987
13983,f,13987
13988,f,13987
13987,f,13987
13989,c,13988
13987,a,13988
13987,f,13988
13988,a,13988
13988,c,13988
13988,f,13988
13989,f,13988
13987,c,13988
13989,a,13988
13986,a,13988
13984,a,13988
13984,c,13988
13984,f,13988
13986,f,13988
13986,c,13988
13985,a,13988
13985,c,13988
13985,f,13988
13986,d,13989
13989,e,13989
13990,b,13989
13990,d,13989
13988,e,13989
13988,d,13989
13988,b,13989
13985,b,13989
13990,e,13989
13987,e,13989
13987,d,13989
13987,b,13989
13985,d,13989
13985,e,13989
13989,b,13989
13986,e,13989
13986,b,13989
13989,d,13989
13990,c,13990
13990,f,13990
13989,f,13990
13989,c,13990
13991,c,13990
13991,f,13990
13988,f,13990
13986,c,13990
13988,c,13990
13987,f,13990
13987,c,13990
13986,f,13990
13988,e,13991
13989,e,13991
13991,e,13991
13987,e,13991
13990,e,13991
13992,e,13991
13988,a,13992
13992,a,13992
13991,f,13992
13991,a,13992
13992,f,13992
13990,a,13992
13993,a,13992
13990,f,13992
13993,f,13992
13989,f,13992
13989,a,13992
13988,f,13992
13992,b,13993
13993,b,13993
13993,d,13993
13992,d,13993
13994,b,13993
13991,d,13993
13991,b,13993
13989,b,13993
13989,d,13993
13990,d,13993
13994,d,13993
13990,b,13993
13991,c,13994
13993,c,13994
13991,f,13994
13995,c,13994
13994,f,13994
13993,f,13994
13992,f,13994
13992,c,13994
13990,c,13994
13990,f,13994
13994,c,13994
13995,f,13994
13996,e,13995
13996,c,13995
13995,c,13995
13995,e,13995
13994,c,13995
13994,e,13995
13993,e,13995
13993,c,13995
13991,c,13995
13992,e,13995
13992,c,13995
13991,e,13995
13993,e,13996
13997,e,13996
13997,f,13996
13996,e,13996
13996,f,13996
13995,f,13996
13995,e,13996
13994,e,13996
13994,f,13996
13992,e,13996
13993,f,13996
13992,f,13996
13995,f,13997
13994,f,13997
13993,f,13997
13996,f,13997
13997,f,13997
13998,f,13997
14007,a,14007
14008,a,14007
14006,a,14007
14005,a,14007
14003,a,14007
14004,a,14007
14009,b,14008
14008,d,14008
14008,b,14008
14004,d,14008
14007,b,14008
14007,d,14008
14009,d,14008
14006,b,14008
14004,b,14008
14005,b,14008
14005,d,14008
14006,d,14008
14009,c,14009
14009,f,14009
14008,f,14009
14008,c,14009
14006,c,14009
14010,f,14009
14007,f,14009
14007,c,14009
14005,f,14009
14006,f,14009
14005,c,14009
14010,c,14009
14011,e,14010
14010,e,14010
14009,e,14010
14008,e,14010
14007,e,14010
14006,e,14010
14008,f,14011
14009,f,14011
14007,f,14011
14010,f,14011
14012,f,14011
14011,f,14011
14008,f,14012
14012,f,14012
14013,f,14012
14011,f,14012
14010,f,14012
14009,f,14012
14011,a,14014
14010,a,14014
14012,a,14014
14014,a,14014
14015,a,14014
14013,a,14014
14015,b,14015
14014,d,14015
14014,b,14015
14015,d,14015
14013,d,14015
14012,d,14015
14016,b,14015
14012,b,14015
14011,d,14015
14011,b,14015
14016,d,14015
14013,b,14015
14016,f,14016
14017,d,14016
14016,c,14016
14015,f,14016
14015,c,14016
14015,d,14016
14017,c,14016
14017,f,14016
14013,c,14016
14013,f,14016
14012,d,14016
14012,c,14016
14012,f,14016
14013,d,14016
14016,d,14016
14014,d,14016
14014,c,14016
14014,f,14016
14018,b,14017
14018,f,14017
14017,b,14017
14016,e,14017
14016,f,14017
14016,b,14017
14017,f,14017
14017,e,14017
14018,e,14017
14014,e,14017
14015,e,14017
14015,f,14017
14013,b,14017
14013,f,14017
14015,b,14017
14014,f,14017
14014,b,14017
14013,e,14017
14015,f,14018
14019,c,14018
14018,f,14018
14018,c,14018
14017,f,14018
14017,c,14018
14019,f,14018
14014,f,14018
14014,c,14018
14016,f,14018
14016,c,14018
14015,c,14018
14017,e,14019
14016,e,14019
14015,e,14019
14018,e,14019
14020,e,14019
14019,e,14019
14021,f,14020
14019,f,14020
14020,f,14020
14017,f,14020
14018,f,14020
14016,f,14020
14018,b,14022
14022,b,14022
14023,b,14022
14021,b,14022
14019,b,14022
14020,b,14022
14020,c,14023
14023,f,14023
14022,f,14023
14022,c,14023
14024,c,14023
14024,f,14023
14021,c,14023
14019,c,14023
14019,f,14023
14020,f,14023
14021,f,14023
14023,c,14023
14024,e,14024
14025,d,14024
14025,e,14024
14023,e,14024
14023,d,14024
14024,d,14024
14022,e,14024
14022,d,14024
14021,e,14024
14021,d,14024
14020,e,14024
14020,d,14024
14023,f,14025
14022,f,14025
14021,f,14025
14024,f,14025
14026,f,14025
14025,f,14025
14027,d,14027
14026,d,14027
14025,d,14027
14028,d,14027
14023,d,14027
14024,d,14027
14028,e,14028
14027,e,14028
14027,f,14028
14029,f,14028
14024,e,14028
14028,f,14028
14026,f,14028
14024,f,14028
14025,e,14028
14025,f,14028
14026,e,14028
14029,e,14028
14030,f,14029
14029,f,14029
14028,f,14029
14027,f,14029
14025,f,14029
14026,f,14029
14027,e,14030
14031,e,14030
14029,e,14030
14030,e,14030
14028,e,14030
14026,e,14030
14032,f,14031
14028,f,14031
14029,f,14031
14031,f,14031
14027,f,14031
14030,f,14031
14032,d,14032
14031,d,14032
14031,a,14032
14033,a,14032
14033,d,14032
14028,d,14032
14030,a,14032
14032,a,14032
14029,d,14032
14029,a,14032
14028,a,14032
14030,d,14032
14033,d,14033
14033,b,14033
14034,b,14033
14034,d,14033
14034,f,14033
14032,f,14033
14032,d,14033
14032,b,14033
14033,f,14033
14030,f,14033
14030,b,14033
14031,f,14033
14031,d,14033
14031,b,14033
14029,b,14033
14029,d,14033
14029,f,14033
14030,d,14033
14034,f,14034
14034,c,14034
14035,f,14034
14033,f,14034
14033,c,14034
14031,f,14034
14030,c,14034
14030,f,14034
14032,f,14034
14032,c,14034
14031,c,14034
14035,c,14034
14031,e,14035
14033,e,14035
14036,e,14035
14035,e,14035
14032,e,14035
14034,e,14035
14035,f,14036
14037,f,14036
14036,f,14036
14034,f,14036
14032,f,14036
14033,f,14036
14034,d,14037
14038,e,14037
14038,d,14037
14038,b,14037
14037,e,14037
14037,d,14037
14034,b,14037
14036,e,14037
14036,d,14037
14036,b,14037
14037,b,14037
14035,b,14037
14033,e,14037
14033,d,14037
14035,d,14037
14035,e,14037
14033,b,14037
14034,e,14037
14034,a,14038
14038,a,14038
14038,c,14038
14038,f,14038
14034,c,14038
14035,c,14038
14037,f,14038
14037,c,14038
14037,a,14038
14034,f,14038
14039,f,14038
14035,f,14038
14039,a,14038
14039,c,14038
14035,a,14038
14036,f,14038
14036,c,14038
14036,a,14038
14039,c,14039
14039,e,14039
14039,b,14039
14038,e,14039
14035,b,14039
14038,c,14039
14038,d,14039
14038,b,14039
14035,d,14039
14035,c,14039
14035,e,14039
14039,d,14039
14037,d,14039
14040,d,14039
14040,c,14039
14040,e,14039
14036,e,14039
14037,e,14039
14037,c,14039
14037,b,14039
14040,b,14039
14036,c,14039
14036,d,14039
14036,b,14039
14040,e,14040
14041,f,14040
14039,e,14040
14039,f,14040
14040,f,14040
14040,c,14040
14041,e,14040
14041,c,14040
14039,c,14040
14036,c,14040
14037,f,14040
14037,c,14040
14036,e,14040
14038,e,14040
14038,f,14040
14038,c,14040
14037,e,14040
14036,f,14040
14040,a,14041
14040,f,14041
14040,e,14041
14041,a,14041
14041,f,14041
14041,e,14041
14042,a,14041
14042,f,14041
14037,a,14041
14042,e,14041
14037,e,14041
14038,e,14041
14038,f,14041
14038,a,14041
14039,a,14041
14037,f,14041
14039,e,14041
14039,f,14041
14040,b,14042
14038,b,14042
14042,b,14042
14042,d,14042
14042,f,14042
14043,b,14042
14041,f,14042
14041,d,14042
14041,b,14042
14039,b,14042
14038,f,14042
14038,d,14042
14039,f,14042
14039,d,14042
14043,f,14042
14040,f,14042
14040,d,14042
14043,d,14042
14044,f,14043
14043,c,14043
14043,f,14043
14042,e,14043
14042,f,14043
14043,e,14043
14044,c,14043
14044,e,14043
14042,c,14043
14039,c,14043
14041,e,14043
14041,f,14043
14039,f,14043
14039,e,14043
14041,c,14043
14040,c,14043
14040,e,14043
14040,f,14043
14045,e,14044
14045,f,14044
14044,e,14044
14044,f,14044
14043,e,14044
14043,f,14044
14041,e,14044
14040,e,14044
14041,f,14044
14040,f,14044
14042,f,14044
14042,e,14044
14045,f,14045
14041,f,14045
14044,f,14045
14046,f,14045
14043,f,14045
14042,f,14045
14042,a,14046
14047,a,14046
14044,a,14046
14046,a,14046
14045,a,14046
14043,a,14046
14047,d,14047
14046,d,14047
14047,b,14047
14046,b,14047
14048,b,14047
14044,d,14047
14045,d,14047
14045,b,14047
14048,d,14047
14044,b,14047
14043,b,14047
14043,d,14047
14045,f,14048
14048,f,14048
14047,f,14048
14047,c,14048
14049,c,14048
14049,f,14048
14046,f,14048
14046,c,14048
14044,c,14048
14044,f,14048
14045,c,14048
14048,c,14048
14050,e,14049
14048,e,14049
14049,e,14049
14047,e,14049
14046,e,14049
14045,e,14049
14048,f,14050
14051,f,14050
14046,f,14050
14049,f,14050
14047,f,14050
14050,f,14050
14053,a,14052
14050,a,14052
14052,a,14052
14051,a,14052
14049,a,14052
14048,a,14052
14053,d,14053
14052,d,14053
14052,b,14053
14054,b,14053
14054,d,14053
14053,b,14053
14049,b,14053
14051,b,14053
14051,d,14053
14050,b,14053
14049,d,14053
14050,d,14053
14051,c,14054
14054,f,14054
14055,c,14054
14053,f,14054
14053,c,14054
14054,c,14054
14052,f,14054
14052,c,14054
14050,c,14054
14050,f,14054
14051,f,14054
14055,f,14054
14056,e,14055
14055,e,14055
14054,e,14055
14053,e,14055
14052,e,14055
14051,e,14055
14053,f,14056
14054,f,14056
14052,f,14056
14055,f,14056
14056,f,14056
14057,f,14056
14060,c,14060
14058,c,14060
14056,c,14060
14059,c,14060
14061,c,14060
14057,c,14060
14060,e,14061
14062,e,14061
14057,e,14061
14058,e,14061
14059,e,14061
14061,e,14061
14062,f,14062
14063,f,14062
14060,f,14062
14059,f,14062
14058,f,14062
14061,f,14062
14061,b,14065
14062,b,14065
14063,b,14065
14066,b,14065
14064,b,14065
14065,b,14065
14067,f,14066
14067,c,14066
14066,f,14066
14066,c,14066
14065,c,14066
14065,f,14066
14063,c,14066
14064,f,14066
14064,c,14066
14062,c,14066
14062,f,14066
14063,f,14066
14067,e,14067
14066,e,14067
14064,e,14067
14068,e,14067
14065,e,14067
14063,e,14067
14069,f,14068
14066,f,14068
14068,f,14068
14065,f,14068
14067,f,14068
14064,f,14068
14069,b,14069
14068,f,14069
14069,f,14069
14068,b,14069
14066,f,14069
14070,b,14069
14067,b,14069
14066,b,14069
14070,f,14069
14065,b,14069
14065,f,14069
14067,f,14069
14070,c,14070
14070,f,14070
14069,f,14070
14069,c,14070
14067,c,14070
14071,f,14070
14068,f,14070
14068,c,14070
14066,c,14070
14066,f,14070
14067,f,14070
14071,c,14070
14072,e,14071
14070,e,14071
14071,e,14071
14069,e,14071
14067,e,14071
14068,e,14071
14073,a,14072
14073,f,14072
14071,f,14072
14071,a,14072
14068,a,14072
14072,f,14072
14072,a,14072
14070,f,14072
14070,a,14072
14068,f,14072
14069,a,14072
14069,f,14072
14074,b,14073
14074,d,14073
14072,d,14073
14072,b,14073
14073,d,14073
14073,b,14073
14069,b,14073
14071,b,14073
14070,b,14073
14070,d,14073
14069,d,14073
14071,d,14073
14072,c,14074
14072,f,14074
14075,f,14074
14074,c,14074
14070,f,14074
14070,c,14074
14073,c,14074
14073,f,14074
14075,c,14074
14071,c,14074
14071,f,14074
14074,f,14074
14076,e,14075
14075,e,14075
14074,e,14075
14071,e,14075
14072,e,14075
14073,e,14075
14077,f,14076
14076,f,14076
14073,f,14076
14074,f,14076
14072,f,14076
14075,f,14076
14075,c,14078
14077,c,14078
14076,c,14078
14079,c,14078
14074,c,14078
14078,c,14078
14080,e,14079
14080,f,14079
14079,e,14079
14079,f,14079
14078,e,14079
14078,f,14079
14077,e,14079
14077,f,14079
14075,f,14079
14075,e,14079
14076,f,14079
14076,e,14079
14081,e,14080
14081,f,14080
14080,e,14080
14079,e,14080
14079,f,14080
14077,f,14080
14080,f,14080
14078,e,14080
14076,f,14080
14078,f,14080
14076,e,14080
14077,e,14080
14081,f,14081
14077,f,14081
14078,f,14081
14079,f,14081
14080,f,14081
14082,f,14081
14087,d,14087
14083,d,14087
14084,d,14087
14085,d,14087
14088,d,14087
14086,d,14087
14089,f,14088
14089,d,14088
14088,f,14088
14088,d,14088
14087,f,14088
14087,d,14088
14086,f,14088
14086,d,14088
14084,d,14088
14084,f,14088
14085,d,14088
14085,f,14088
14086,f,14089
14089,f,14089
14089,a,14089
14090,f,14089
14086,a,14089
14088,f,14089
14088,a,14089
14090,a,14089
14085,a,14089
14087,f,14089
14087,a,14089
14085,f,14089
14090,b,14090
14090,d,14090
14089,d,14090
14089,b,14090
14086,b,14090
14086,d,14090
14088,b,14090
14091,b,14090
14091,d,14090
14088,d,14090
14087,b,14090
14087,d,14090
14091,c,14091
14091,f,14091
14090,f,14091
14090,c,14091
14092,c,14091
14092,f,14091
14087,c,14091
14087,f,14091
14088,c,14091
14088,f,14091
14089,f,14091
14089,c,14091
14088,a,14092
14088,e,14092
14093,e,14092
14091,a,14092
14092,e,14092
14090,e,14092
14090,a,14092
14089,a,14092
14089,e,14092
14093,a,14092
14092,a,14092
14091,e,14092
14092,b,14093
14092,d,14093
14089,d,14093
14094,b,14093
14089,f,14093
14093,f,14093
14093,d,14093
14094,d,14093
14092,f,14093
14091,b,14093
14091,f,14093
14091,d,14093
14090,f,14093
14090,d,14093
14090,b,14093
14089,b,14093
14094,f,14093
14093,b,14093
14094,c,14094
14094,f,14094
14095,c,14094
14095,f,14094
14093,f,14094
14093,c,14094
14090,f,14094
14091,c,14094
14091,f,14094
14090,c,14094
14092,c,14094
14092,f,14094
14096,e,14095
14093,e,14095
14091,e,14095
14092,e,14095
14094,e,14095
14095,e,14095
14096,c,14096
14095,f,14096
14095,c,14096
14096,f,14096
14092,f,14096
14092,c,14096
14097,c,14096
14094,f,14096
14094,c,14096
14097,f,14096
14093,c,14096
14093,f,14096
14097,a,14097
14097,e,14097
14096,e,14097
14096,a,14097
14093,a,14097
14098,a,14097
14098,e,14097
14095,e,14097
14095,a,14097
14093,e,14097
14094,a,14097
14094,e,14097
14098,d,14098
14097,f,14098
14098,f,14098
14097,d,14098
14097,b,14098
14099,b,14098
14099,d,14098
14099,f,14098
14098,b,14098
14094,d,14098
14095,f,14098
14094,b,14098
14095,d,14098
14096,b,14098
14095,b,14098
14096,f,14098
14094,f,14098
14096,d,14098
14095,f,14099
14097,c,14099
14097,f,14099
14096,c,14099
14096,f,14099
14100,c,14099
14098,f,14099
14098,c,14099
14099,f,14099
14095,c,14099
14099,c,14099
14100,f,14099
14099,a,14100
14099,d,14100
14099,e,14100
14100,e,14100
14100,d,14100
14100,a,14100
14101,a,14100
14101,d,14100
14096,e,14100
14097,e,14100
14096,a,14100
14097,a,14100
14097,d,14100
14101,e,14100
14096,d,14100
14098,a,14100
14098,d,14100
14098,e,14100
14102,b,14101
14101,f,14101
14100,f,14101
14100,d,14101
14100,b,14101
14101,d,14101
14102,d,14101
14101,b,14101
14102,f,14101
14098,f,14101
14097,f,14101
14099,f,14101
14099,d,14101
14099,b,14101
14097,b,14101
14098,b,14101
14097,d,14101
14098,d,14101
14102,f,14102
14103,c,14102
14101,f,14102
14101,c,14102
14099,f,14102
14098,f,14102
14103,f,14102
14100,f,14102
14100,c,14102
14099,c,14102
14098,c,14102
14102,c,14102
14103,e,14103
14099,e,14103
14102,e,14103
14104,e,14103
14101,e,14103
14100,e,14103
14102,f,14104
14105,f,14104
14104,f,14104
14100,f,14104
14103,f,14104
14101,f,14104
14105,e,14105
14106,b,14105
14104,e,14105
14104,b,14105
14105,b,14105
14102,e,14105
14102,b,14105
14101,b,14105
14103,e,14105
14103,b,14105
14106,e,14105
14101,e,14105
14106,f,14106
14107,c,14106
14105,f,14106
14105,c,14106
14103,f,14106
14107,f,14106
14104,f,14106
14104,c,14106
14102,c,14106
14102,f,14106
14103,c,14106
14106,c,14106
14108,e,14107
14106,e,14107
14107,e,14107
14104,e,14107
14105,e,14107
14103,e,14107
14105,f,14108
14106,f,14108
14109,f,14108
14104,f,14108
14107,f,14108
14108,f,14108
14109,c,14109
14105,c,14109
14108,c,14109
14110,c,14109
14106,c,14109
14107,c,14109
14110,e,14110
14109,e,14110
14109,a,14110
14106,a,14110
14111,a,14110
14111,e,14110
14107,a,14110
14107,e,14110
14108,e,14110
14108,a,14110
14106,e,14110
14110,a,14110
14112,f,14111
14111,f,14111
14112,b,14111
14110,f,14111
14110,d,14111
14110,b,14111
14112,d,14111
14111,d,14111
14111,b,14111
14108,b,14111
14107,b,14111
14109,f,14111
14109,d,14111
14109,b,14111
14107,d,14111
14107,f,14111
14108,d,14111
14108,f,14111
14112,c,14112
14113,c,14112
14113,f,14112
14111,f,14112
14111,c,14112
14108,c,14112
14108,f,14112
14110,f,14112
14110,c,14112
14109,c,14112
14109,f,14112
14112,f,14112
14114,f,14113
14114,e,14113
14109,e,14113
14113,e,14113
14113,f,14113
14112,e,14113
14109,f,14113
14110,f,14113
14111,e,14113
14111,f,14113
14112,f,14113
14110,e,14113
14112,f,14114
14115,f,14114
14111,f,14114
14113,f,14114
14110,f,14114
14114,f,14114
14115,b,14116
14117,b,14116
14114,b,14116
14116,b,14116
14113,b,14116
14112,b,14116
14117,c,14117
14118,f,14117
14116,c,14117
14118,c,14117
14117,f,14117
14116,f,14117
14113,c,14117
14115,f,14117
14115,c,14117
14113,f,14117
14114,c,14117
14114,f,14117
14118,e,14118
14117,e,14118
14117,a,14118
14119,a,14118
14119,e,14118
14118,a,14118
14115,a,14118
14116,e,14118
14116,a,14118
14114,a,14118
14114,e,14118
14115,e,14118
14119,f,14119
14120,b,14119
14120,d,14119
14120,f,14119
14118,d,14119
14118,b,14119
14119,d,14119
14119,b,14119
14118,f,14119
14116,b,14119
14115,d,14119
14115,b,14119
14116,d,14119
14116,f,14119
14115,f,14119
14117,d,14119
14117,f,14119
14117,b,14119
14118,c,14120
14118,f,14120
14120,f,14120
14121,f,14120
14116,c,14120
14121,c,14120
14119,c,14120
14119,f,14120
14120,c,14120
14117,c,14120
14117,f,14120
14116,f,14120
14120,e,14121
14122,e,14121
14117,e,14121
14119,e,14121
14118,e,14121
14121,e,14121
14121,f,14122
14123,f,14122
14122,f,14122
14120,f,14122
14118,f,14122
14119,f,14122
14123,d,14123
14122,b,14123
14124,b,14123
14124,d,14123
14123,b,14123
14122,d,14123
14121,d,14123
14121,b,14123
14119,b,14123
14119,d,14123
14120,b,14123
14120,d,14123
14121,f,14124
14124,f,14124
14124,c,14124
14123,f,14124
14125,f,14124
14120,c,14124
14123,c,14124
14125,c,14124
14122,f,14124
14120,f,14124
14121,c,14124
14122,c,14124
14125,e,14125
14122,e,14125
14123,e,14125
14124,e,14125
14121,e,14125
14126,e,14125
14127,a,14126
14126,f,14126
14125,f,14126
14126,a,14126
14126,d,14126
14127,f,14126
14125,a,14126
14125,d,14126
14127,d,14126
14122,d,14126
14124,f,14126
14124,d,14126
14124,a,14126
14122,f,14126
14123,a,14126
14123,d,14126
14123,f,14126
14122,a,14126
14124,d,14127
14127,d,14127
14127,f,14127
14128,b,14127
14126,f,14127
14126,d,14127
14126,b,14127
14128,d,14127
14125,f,14127
14125,d,14127
14125,b,14127
14123,b,14127
14123,d,14127
14123,f,14127
14124,b,14127
14124,f,14127
14128,f,14127
14127,b,14127
14128,c,14128
14127,f,14128
14127,c,14128
14128,f,14128
14126,c,14128
14126,f,14128
14129,f,14128
14125,f,14128
14125,c,14128
14124,f,14128
14124,c,14128
14129,c,14128
14126,e,14129
14127,e,14129
14130,e,14129
14125,e,14129
14128,e,14129
14129,e,14129
14131,f,14130
14129,f,14130
14130,f,14130
14128,f,14130
14126,f,14130
14127,f,14130
14132,d,14131
14131,d,14131
14130,d,14131
14128,d,14131
14129,d,14131
14127,d,14131
14129,f,14132
14130,f,14132
14131,f,14132
14132,f,14132
14128,f,14132
14133,f,14132
14133,d,14135
14134,d,14135
14135,d,14135
14136,d,14135
14132,d,14135
14131,d,14135
14132,b,14136
14136,f,14136
14135,f,14136
14135,b,14136
14136,b,14136
14137,b,14136
14137,f,14136
14132,f,14136
14133,f,14136
14134,f,14136
14134,b,14136
14133,b,14136
14137,f,14137
14136,f,14137
14138,d,14137
14138,c,14137
14138,f,14137
14136,c,14137
14136,d,14137
14137,c,14137
14137,d,14137
14135,c,14137
14133,d,14137
14133,c,14137
14133,f,14137
14135,f,14137
14135,d,14137
14134,d,14137
14134,c,14137
14134,f,14137
14138,c,14138
14139,c,14138
14139,f,14138
14139,e,14138
14137,e,14138
14137,f,14138
14137,c,14138
14138,f,14138
14134,c,14138
14138,e,14138
14135,e,14138
14136,e,14138
14136,f,14138
14136,c,14138
14134,e,14138
14134,f,14138
14135,c,14138
14135,f,14138
14138,d,14139
14140,e,14139
14139,d,14139
14138,e,14139
14140,d,14139
14139,e,14139
14139,f,14139
14138,f,14139
14140,f,14139
14135,d,14139
14135,e,14139
14135,f,14139
14136,f,14139
14137,e,14139
14137,f,14139
14137,d,14139
14136,d,14139
14136,e,14139
14140,f,14140
14139,f,14140
14136,f,14140
14138,f,14140
14137,f,14140
14141,f,14140
14141,b,14141
14140,b,14141
14137,b,14141
14142,b,14141
14139,b,14141
14138,b,14141
14142,c,14142
14139,c,14142
14140,c,14142
14143,c,14142
14138,c,14142
14141,c,14142
14142,e,14143
14144,e,14143
14143,e,14143
14140,e,14143
14141,e,14143
14139,e,14143
14145,f,14144
14144,f,14144
14141,f,14144
14140,f,14144
14142,f,14144
14143,f,14144
14146,a,14148
14147,f,14148
14147,a,14148
14148,f,14148
14149,a,14148
14146,f,14148
14145,f,14148
14148,a,14148
14145,a,14148
14144,f,14148
14144,a,14148
14149,f,14148
14149,b,14149
14148,d,14149
14148,b,14149
14149,d,14149
14150,b,14149
14147,b,14149
14146,d,14149
14150,d,14149
14145,b,14149
14145,d,14149
14146,b,14149
14147,d,14149
14147,f,14150
14150,c,14150
14150,f,14150
14149,f,14150
14149,c,14150
14151,c,14150
14151,f,14150
14148,f,14150
14148,c,14150
14146,c,14150
14146,f,14150
14147,c,14150
14152,e,14151
14151,a,14151
14151,e,14151
14152,a,14151
14150,e,14151
14150,a,14151
14147,a,14151
14149,e,14151
14149,a,14151
14147,e,14151
14148,a,14151
14148,e,14151
14149,f,14152
14152,d,14152
14152,f,14152
14151,f,14152
14151,d,14152
14151,b,14152
14148,b,14152
14153,b,14152
14152,b,14152
14153,d,14152
14150,f,14152
14150,d,14152
14150,b,14152
14148,d,14152
14148,f,14152
14149,b,14152
14149,d,14152
14153,f,14152
14153,c,14153
14153,f,14153
14152,e,14153
14152,f,14153
14152,c,14153
14153,e,14153
14154,e,14153
14149,c,14153
14154,f,14153
14149,f,14153
14150,c,14153
14150,f,14153
14151,e,14153
14151,f,14153
14151,c,14153
14150,e,14153
14154,c,14153
14149,e,14153
14150,e,14154
14150,f,14154
14155,f,14154
14154,e,14154
14153,e,14154
14154,f,14154
14152,e,14154
14152,f,14154
14151,f,14154
14151,e,14154
14155,e,14154
14153,f,14154
14154,b,14155
14154,d,14155
14156,b,14155
14155,b,14155
14155,d,14155
14155,f,14155
14156,f,14155
14154,f,14155
14156,d,14155
14153,f,14155
14152,f,14155
14152,b,14155
14152,d,14155
14151,f,14155
14151,b,14155
14151,d,14155
14153,b,14155
14153,d,14155
14154,f,14156
14156,c,14156
14156,f,14156
14157,c,14156
14157,f,14156
14155,f,14156
14155,c,14156
14153,c,14156
14152,c,14156
14152,f,14156
14154,c,14156
14153,f,14156
14158,e,14157
14153,e,14157
14157,e,14157
14156,e,14157
14154,e,14157
14155,e,14157
14159,d,14158
14156,d,14158
14158,d,14158
14155,d,14158
14154,d,14158
14157,d,14158
14159,f,14159
14158,f,14159
14158,b,14159
14159,b,14159
14160,b,14159
14160,f,14159
14155,f,14159
14157,b,14159
14156,f,14159
14156,b,14159
14155,b,14159
14157,f,14159
14160,b,14160
14161,f,14160
14159,f,14160
14160,f,14160
14159,b,14160
14161,b,14160
14161,c,14160
14160,c,14160
14159,c,14160
14156,b,14160
14157,b,14160
14156,f,14160
14156,c,14160
14157,c,14160
14158,b,14160
14158,c,14160
14157,f,14160
14158,f,14160
14161,c,14161
14161,b,14161
14161,f,14161
14161,e,14161
14158,b,14161
14160,e,14161
14160,f,14161
14162,f,14161
14160,b,14161
14162,b,14161
14162,c,14161
14158,c,14161
14160,c,14161
14157,f,14161
14158,f,14161
14158,e,14161
14157,e,14161
14157,b,14161
14157,c,14161
14159,b,14161
14162,e,14161
14159,f,14161
14159,e,14161
14159,c,14161
14160,c,14162
14159,e,14162
14162,c,14162
14162,f,14162
14162,e,14162
14161,e,14162
14161,f,14162
14161,c,14162
14158,c,14162
14158,f,14162
14159,f,14162
14163,c,14162
14159,c,14162
14163,f,14162
14163,e,14162
14160,e,14162
14160,f,14162
14158,e,14162
14162,e,14163
14162,f,14163
14163,e,14163
14164,e,14163
14164,f,14163
14163,f,14163
14159,f,14163
14161,e,14163
14161,f,14163
14160,f,14163
14160,e,14163
14159,e,14163
14164,b,14164
14164,f,14164
14163,f,14164
14163,b,14164
14161,f,14164
14165,b,14164
14165,f,14164
14162,f,14164
14162,b,14164
14161,b,14164
14160,f,14164
14160,b,14164
14165,c,14165
14161,c,14165
14164,c,14165
14166,c,14165
14163,c,14165
14162,c,14165
14166,e,14166
14163,e,14166
14164,e,14166
14167,e,14166
14162,e,14166
14165,e,14166
14167,c,14167
14166,f,14167
14168,f,14167
14167,f,14167
14168,c,14167
14166,c,14167
14165,f,14167
14165,c,14167
14163,c,14167
14164,f,14167
14164,c,14167
14163,f,14167
14165,e,14168
14169,e,14168
14165,f,14168
14168,e,14168
14168,f,14168
14167,e,14168
14169,f,14168
14167,f,14168
14166,e,14168
14166,f,14168
14164,f,14168
14164,e,14168
14166,f,14169
14169,f,14169
14165,f,14169
14170,f,14169
14168,f,14169
14167,f,14169
14168,d,14172
14172,e,14172
14172,d,14172
14171,e,14172
14168,e,14172
14170,e,14172
14171,d,14172
14169,e,14172
14169,d,14172
14173,d,14172
14170,d,14172
14173,e,14172
14170,f,14173
14169,f,14173
14171,f,14173
14174,f,14173
14172,f,14173
14173,f,14173
14175,f,14174
14174,f,14174
14173,f,14174
14170,f,14174
14172,f,14174
14171,f,14174
14173,f,14175
14171,f,14175
14174,f,14175
14172,f,14175
14175,f,14175
14176,f,14175
14175,f,14179
14176,f,14179
14177,f,14179
14180,f,14179
14179,f,14179
14178,f,14179
14180,f,14180
14179,f,14180
14181,f,14180
14176,f,14180
14177,f,14180
14178,f,14180
14178,b,14181
14181,f,14181
14180,f,14181
14180,b,14181
14182,b,14181
14182,f,14181
14179,f,14181
14179,b,14181
14177,b,14181
14177,f,14181
14181,b,14181
14178,f,14181
14181,f,14182
14182,f,14182
14183,f,14182
14181,c,14182
14182,c,14182
14183,c,14182
14178,c,14182
14178,f,14182
14179,c,14182
14179,f,14182
14180,f,14182
14180,c,14182
14179,c,14183
14184,e,14183
14183,c,14183
14184,c,14183
14182,e,14183
14181,e,14183
14181,c,14183
14179,e,14183
14180,c,14183
14180,e,14183
14183,e,14183
14182,c,14183
14183,e,14184
14183,c,14184
14183,f,14184
14180,f,14184
14184,e,14184
14185,c,14184
14185,f,14184
14185,e,14184
14184,f,14184
14180,c,14184
14184,c,14184
14181,f,14184
14181,e,14184
14182,c,14184
14180,e,14184
14182,f,14184
14182,e,14184
14181,c,14184
14182,f,14185
14185,b,14185
14185,f,14185
14185,e,14185
14184,e,14185
14184,f,14185
14184,b,14185
14181,b,14185
14182,b,14185
14181,e,14185
14186,b,14185
14181,f,14185
14186,f,14185
14186,e,14185
14182,e,14185
14183,b,14185
14183,f,14185
14183,e,14185
14185,b,14186
14185,c,14186
14185,f,14186
14187,c,14186
14186,e,14186
14186,f,14186
14187,f,14186
14186,c,14186
14186,b,14186
14187,b,14186
14185,e,14186
14182,f,14186
14183,e,14186
14182,e,14186
14187,e,14186
14182,b,14186
14183,f,14186
14184,e,14186
14184,f,14186
14184,c,14186
14184,b,14186
14182,c,14186
14183,c,14186
14183,b,14186
14186,c,14187
14183,f,14187
14186,e,14187
14188,c,14187
14187,f,14187
14186,f,14187
14187,e,14187
14187,c,14187
14183,e,14187
14188,f,14187
14188,e,14187
14185,e,14187
14185,f,14187
14185,c,14187
14184,c,14187
14184,f,14187
14184,e,14187
14183,c,14187
14188,f,14188
14188,e,14188
14187,e,14188
14187,f,14188
14189,e,14188
14189,f,14188
14186,e,14188
14184,e,14188
14185,f,14188
14185,e,14188
14186,f,14188
14184,f,14188
14189,c,14189
14189,f,14189
14188,f,14189
14188,c,14189
14186,f,14189
14190,f,14189
14187,f,14189
14187,c,14189
14190,c,14189
14186,c,14189
14185,c,14189
14185,f,14189
14189,b,14190
14188,b,14190
14187,b,14190
14186,b,14190
14190,b,14190
14191,b,14190
14190,c,14191
14188,c,14191
14191,c,14191
14187,c,14191
14189,c,14191
14192,c,14191
14192,e,14192
14191,e,14192
14192,b,14192
14191,b,14192
14190,e,14192
14190,b,14192
14193,b,14192
14188,b,14192
14188,e,14192
14189,e,14192
14189,b,14192
14193,e,14192
14193,a,14193
14193,c,14193
14193,f,14193
14192,f,14193
14192,c,14193
14192,a,14193
14194,a,14193
14194,f,14193
14190,a,14193
14194,c,14193
14191,f,14193
14191,c,14193
14190,c,14193
14191,a,14193
14189,a,14193
14189,c,14193
14189,f,14193
14190,f,14193
14195,d,14194
14193,b,14194
14194,d,14194
14195,e,14194
14195,b,14194
14194,b,14194
14193,e,14194
14193,d,14194
14194,e,14194
14192,b,14194
14190,d,14194
14190,e,14194
14191,b,14194
14191,d,14194
14192,e,14194
14192,d,14194
14191,e,14194
14190,b,14194
14194,b,14195
14191,b,14195
14191,c,14195
14195,f,14195
14195,c,14195
14196,f,14195
14194,c,14195
14196,b,14195
14193,f,14195
14193,c,14195
14193,b,14195
14191,f,14195
14192,b,14195
14192,c,14195
14192,f,14195
14196,c,14195
14195,b,14195
14194,f,14195
14192,f,14196
14195,e,14196
14197,c,14196
14196,e,14196
14196,f,14196
14195,c,14196
14195,f,14196
14194,c,14196
14197,e,14196
14192,c,14196
14193,c,14196
14193,f,14196
14193,e,14196
14197,f,14196
14196,c,14196
14194,f,14196
14194,e,14196
14192,e,14196
14198,b,14197
14198,f,14197
14196,e,14197
14196,f,14197
14196,b,14197
14197,e,14197
14197,f,14197
14197,b,14197
14198,e,14197
14193,f,14197
14194,b,14197
14195,e,14197
14195,f,14197
14193,b,14197
14193,e,14197
14195,b,14197
14194,e,14197
14194,f,14197
14198,f,14198
14198,c,14198
14197,f,14198
14197,c,14198
14199,f,14198
14195,f,14198
14194,f,14198
14196,f,14198
14196,c,14198
14195,c,14198
14194,c,14198
14199,c,14198
14197,e,14199
14195,e,14199
14196,e,14199
14200,e,14199
14198,e,14199
14199,e,14199
14201,f,14200
14200,f,14200
14199,f,14200
14196,f,14200
14198,f,14200
14197,f,14200
14202,d,14201
14201,d,14201
14200,d,14201
14197,d,14201
14198,d,14201
14199,d,14201
14203,f,14202
14200,f,14202
14199,f,14202
14202,f,14202
14198,f,14202
14201,f,14202
14203,e,14203
14202,e,14203
14202,a,14203
14203,a,14203
14204,a,14203
14204,e,14203
14199,e,14203
14201,a,14203
14200,e,14203
14200,a,14203
14199,a,14203
14201,e,14203
14205,f,14204
14203,f,14204
14203,d,14204
14203,b,14204
14204,d,14204
14204,f,14204
14204,b,14204
14201,b,14204
14205,d,14204
14201,d,14204
14205,b,14204
14200,f,14204
14200,b,14204
14202,f,14204
14202,d,14204
14202,b,14204
14201,f,14204
14200,d,14204
14204,f,14205
14204,c,14205
14205,f,14205
14205,c,14205
14205,b,14205
14204,b,14205
14202,b,14205
14202,c,14205
14206,f,14205
14202,f,14205
14206,c,14205
14201,f,14205
14201,c,14205
14201,b,14205
14206,b,14205
14203,c,14205
14203,f,14205
14203,b,14205
14206,f,14206
14205,f,14206
14206,e,14206
14205,c,14206
14207,c,14206
14207,f,14206
14206,c,14206
14207,e,14206
14205,e,14206
14204,e,14206
14202,f,14206
14204,f,14206
14204,c,14206
14202,e,14206
14203,c,14206
14203,f,14206
14203,e,14206
14202,c,14206
14207,f,14207
14207,e,14207
14206,e,14207
14206,f,14207
14203,f,14207
14203,e,14207
14208,f,14207
14208,e,14207
14205,e,14207
14205,f,14207
14204,f,14207
14204,e,14207
14208,b,14208
14208,d,14208
14208,f,14208
14207,f,14208
14207,d,14208
14207,b,14208
14209,f,14208
14204,f,14208
14204,d,14208
14209,b,14208
14204,b,14208
14206,f,14208
14206,d,14208
14206,b,14208
14205,b,14208
14205,d,14208
14209,d,14208
14205,f,14208
14206,e,14209
14209,c,14209
14209,f,14209
14209,e,14209
14208,e,14209
14208,f,14209
14208,c,14209
14205,f,14209
14205,e,14209
14210,c,14209
14210,f,14209
14207,e,14209
14207,f,14209
14207,c,14209
14206,c,14209
14206,f,14209
14210,e,14209
14205,c,14209
14209,e,14210
14210,e,14210
14211,e,14210
14206,e,14210
14208,e,14210
14207,e,14210
14212,a,14211
14211,e,14211
14210,e,14211
14210,a,14211
14211,a,14211
14207,a,14211
14212,e,14211
14207,e,14211
14209,e,14211
14209,a,14211
14208,a,14211
14208,e,14211
14212,d,14212
14212,f,14212
14211,f,14212
14211,c,14212
14211,d,14212
14212,c,14212
14213,c,14212
14211,b,14212
14213,d,14212
14213,f,14212
14213,b,14212
14212,b,14212
14208,b,14212
14209,d,14212
14209,b,14212
14208,f,14212
14208,c,14212
14208,d,14212
14209,f,14212
14210,b,14212
14209,c,14212
14210,c,14212
14210,f,14212
14210,d,14212
14213,f,14213
14213,c,14213
14210,b,14213
14213,e,14213
14214,b,14213
14212,e,14213
14212,f,14213
14212,c,14213
14212,b,14213
14214,c,14213
14214,f,14213
14214,e,14213
14213,b,14213
14210,c,14213
14209,c,14213
14209,b,14213
14209,e,14213
14209,f,14213
14210,e,14213
14211,b,14213
14211,c,14213
14211,f,14213
14210,f,14213
14211,e,14213
14213,c,14214
14214,e,14214
14210,f,14214
14210,c,14214
14213,e,14214
14213,f,14214
14212,e,14214
14210,e,14214
14211,e,14214
14211,f,14214
14211,c,14214
14215,c,14214
14212,c,14214
14212,f,14214
14215,f,14214
14215,e,14214
14214,f,14214
14214,c,14214
14215,f,14215
14214,f,14215
14214,e,14215
14215,e,14215
14211,e,14215
14216,f,14215
14216,e,14215
14213,e,14215
14213,f,14215
14211,f,14215
14212,e,14215
14212,f,14215
14213,f,14216
14214,f,14216
14216,f,14216
14217,f,14216
14215,f,14216
14212,f,14216
14216,b,14217
14216,c,14217
14218,e,14217
14216,e,14217
14217,b,14217
14217,c,14217
14217,e,14217
14218,b,14217
14218,c,14217
14214,b,14217
14213,e,14217
14213,b,14217
14215,e,14217
14215,c,14217
14215,b,14217
14214,c,14217
14214,e,14217
14213,c,14217
14218,c,14218
14218,e,14218
14217,e,14218
14217,c,14218
14214,c,14218
14219,c,14218
14216,e,14218
14216,c,14218
14214,e,14218
14215,c,14218
14215,e,14218
14219,e,14218
14219,f,14219
14219,e,14219
14218,e,14219
14218,f,14219
14215,e,14219
14220,f,14219
14216,f,14219
14217,e,14219
14217,f,14219
14220,e,14219
14216,e,14219
14215,f,14219
14221,a,14220
14219,a,14220
14216,a,14220
14216,f,14220
14220,f,14220
14219,f,14220
14220,a,14220
14218,f,14220
14218,a,14220
14217,a,14220
14217,f,14220
14221,f,14220
14220,b,14221
14222,d,14221
14221,b,14221
14221,d,14221
14220,d,14221
14222,b,14221
14219,d,14221
14219,b,14221
14217,b,14221
14217,d,14221
14218,b,14221
14218,d,14221
14219,f,14222
14223,f,14222
14223,c,14222
14222,c,14222
14221,f,14222
14221,c,14222
14222,f,14222
14218,f,14222
14218,c,14222
14219,c,14222
14220,f,14222
14220,c,14222
14224,e,14223
14219,e,14223
14222,e,14223
14223,e,14223
14220,e,14223
14221,e,14223
14222,f,14224
14225,f,14224
14224,f,14224
14220,f,14224
14221,f,14224
14223,f,14224
14223,a,14226
14225,a,14226
14224,a,14226
14227,a,14226
14222,a,14226
14226,a,14226
14228,b,14227
14227,d,14227
14227,b,14227
14226,d,14227
14226,b,14227
14228,d,14227
14225,d,14227
14225,b,14227
14223,d,14227
14224,b,14227
14224,d,14227
14223,b,14227
14228,c,14228
14228,f,14228
14227,f,14228
14227,c,14228
14225,c,14228
14226,f,14228
14226,c,14228
14224,c,14228
14224,f,14228
14225,f,14228
14229,f,14228
14229,c,14228
14228,e,14229
14229,e,14229
14227,e,14229
14226,e,14229
14225,e,14229
14230,e,14229
14227,f,14230
14230,f,14230
14228,f,14230
14231,f,14230
14226,f,14230
14229,f,14230
14230,d,14231
14232,d,14231
14231,d,14231
14229,d,14231
14228,d,14231
14227,d,14231
14229,f,14232
14228,f,14232
14230,f,14232
14233,f,14232
14231,f,14232
14232,f,14232
14233,c,14233
14232,c,14233
14229,c,14233
14231,c,14233
14230,c,14233
14234,c,14233
14231,e,14234
14232,e,14234
14234,e,14234
14230,e,14234
14233,e,14234
14235,e,14234
14235,f,14235
14234,f,14235
14236,f,14235
14233,f,14235
14232,f,14235
14231,f,14235
14236,d,14236
14234,d,14236
14237,d,14236
14235,d,14236
14233,d,14236
14232,d,14236
14236,f,14237
14237,f,14237
14233,f,14237
14235,f,14237
14234,f,14237
14238,f,14237
14234,f,14238
14236,f,14238
14237,f,14238
14239,f,14238
14235,f,14238
14238,f,14238
14240,e,14240
14241,e,14240
14239,e,14240
14237,e,14240
14238,e,14240
14236,e,14240
14238,b,14241
14242,b,14241
14241,f,14241
14241,b,14241
14242,f,14241
14240,b,14241
14240,f,14241
14237,f,14241
14238,f,14241
14239,f,14241
14239,b,14241
14237,b,14241
14242,f,14242
14241,f,14242
14241,c,14242
14238,c,14242
14238,f,14242
14239,f,14242
14243,f,14242
14240,f,14242
14240,c,14242
14243,c,14242
14239,c,14242
14242,c,14242
14244,e,14243
14242,e,14243
14240,e,14243
14241,e,14243
14239,e,14243
14243,e,14243
14245,f,14244
14244,f,14244
14242,f,14244
14241,f,14244
14243,f,14244
14240,f,14244
14246,f,14248
14248,f,14248
14247,e,14248
14247,f,14248
14249,e,14248
14246,e,14248
14249,f,14248
14245,e,14248
14245,f,14248
14244,e,14248
14244,f,14248
14248,e,14248
14249,f,14249
14250,f,14249
14247,f,14249
14248,f,14249
14246,f,14249
14245,f,14249
14253,d,14252
14252,e,14252
14252,d,14252
14251,e,14252
14253,e,14252
14251,d,14252
14250,e,14252
14250,d,14252
14249,e,14252
14249,d,14252
14248,d,14252
14248,e,14252
14250,f,14253
14249,f,14253
14251,f,14253
14254,f,14253
14252,f,14253
14253,f,14253
14254,d,14254
14253,d,14254
14255,d,14254
14252,d,14254
14251,d,14254
14250,d,14254
14252,f,14255
14251,f,14255
14253,f,14255
14256,f,14255
14254,f,14255
14255,f,14255
14257,e,14256
14256,e,14256
14256,f,14256
14255,e,14256
14257,f,14256
14255,f,14256
14254,e,14256
14254,f,14256
14253,e,14256
14253,f,14256
14252,e,14256
14252,f,14256
14258,f,14257
14255,f,14257
14254,f,14257
14253,f,14257
14256,f,14257
14257,f,14257
14257,c,14259
14256,c,14259
14258,c,14259
14255,c,14259
14260,c,14259
14259,c,14259
14259,e,14260
14260,e,14260
14261,e,14260
14258,e,14260
14257,e,14260
14256,e,14260
14259,f,14261
14262,f,14261
14261,f,14261
14260,f,14261
14258,f,14261
14257,f,14261
14262,e,14262
14261,e,14262
14263,e,14262
14260,e,14262
14259,e,14262
14258,e,14262
14259,f,14263
14261,f,14263
14262,f,14263
14260,f,14263
14263,f,14263
14264,f,14263
14267,e,14266
14264,e,14266
14266,e,14266
14265,e,14266
14263,e,14266
14262,e,14266
14267,f,14267
14267,a,14267
14266,f,14267
14268,a,14267
14268,f,14267
14266,a,14267
14265,a,14267
14263,a,14267
14263,f,14267
14265,f,14267
14264,a,14267
14264,f,14267
14265,b,14268
14269,b,14268
14268,d,14268
14268,b,14268
14267,d,14268
14264,b,14268
14267,b,14268
14269,d,14268
14265,d,14268
14266,d,14268
14266,b,14268
14264,d,14268
14269,f,14269
14268,f,14269
14268,c,14269
14265,c,14269
14265,f,14269
14266,f,14269
14270,c,14269
14270,f,14269
14267,f,14269
14267,c,14269
14266,c,14269
14269,c,14269
14269,e,14270
14270,e,14270
14271,e,14270
14268,e,14270
14267,e,14270
14266,e,14270
14269,f,14271
14267,f,14271
14270,f,14271
14271,f,14271
14268,f,14271
14272,f,14271
14273,c,14275
14274,a,14275
14274,c,14275
14275,a,14275
14276,a,14275
14275,c,14275
14273,b,14275
14276,b,14275
14276,c,14275
14275,b,14275
14273,a,14275
14274,b,14275
14272,b,14275
14272,a,14275
14271,c,14275
14271,a,14275
14271,b,14275
14272,c,14275
14272,f,14276
14275,b,14276
14275,d,14276
14275,c,14276
14275,f,14276
14275,e,14276
14277,c,14276
14277,d,14276
14277,b,14276
14276,f,14276
14276,b,14276
14276,d,14276
14276,c,14276
14272,e,14276
14277,e,14276
14277,f,14276
14276,e,14276
14272,c,14276
14274,e,14276
14274,f,14276
14274,c,14276
14274,d,14276
14274,b,14276
14272,b,14276
14272,d,14276
14273,b,14276
14273,d,14276
14273,c,14276
14273,f,14276
14273,e,14276
14277,f,14277
14276,f,14277
14276,e,14277
14277,c,14277
14278,f,14277
14278,c,14277
14277,e,14277
14276,c,14277
14278,e,14277
14273,c,14277
14274,e,14277
14273,f,14277
14273,e,14277
14275,e,14277
14275,f,14277
14275,c,14277
14274,c,14277
14274,f,14277
14279,f,14278
14279,e,14278
14277,e,14278
14277,f,14278
14275,e,14278
14274,f,14278
14274,e,14278
14276,e,14278
14276,f,14278
14275,f,14278
14278,f,14278
14278,e,14278
14279,f,14279
14280,f,14279
14275,f,14279
14276,f,14279
14278,f,14279
14277,f,14279
14281,c,14281
14280,c,14281
14278,c,14281
14277,c,14281
14279,c,14281
14282,c,14281
14279,e,14282
14282,e,14282
14280,e,14282
14283,e,14282
14278,e,14282
14281,e,14282
14284,f,14283
14282,f,14283
14283,f,14283
14279,f,14283
14280,f,14283
14281,f,14283
14283,b,14284
14285,b,14284
14284,b,14284
14280,b,14284
14281,b,14284
14282,b,14284
14285,f,14285
14285,c,14285
14286,c,14285
14281,a,14285
14284,f,14285
14284,c,14285
14286,a,14285
14284,a,14285
14285,a,14285
14281,c,14285
14286,f,14285
14281,f,14285
14283,f,14285
14283,c,14285
14283,a,14285
14282,a,14285
14282,c,14285
14282,f,14285
14286,b,14286
14286,d,14286
14286,e,14286
14285,e,14286
14285,d,14286
14285,b,14286
14282,b,14286
14283,d,14286
14287,b,14286
14287,d,14286
14284,e,14286
14284,d,14286
14284,b,14286
14282,e,14286
14287,e,14286
14283,e,14286
14283,b,14286
14282,d,14286
14286,f,14287
14286,c,14287
14287,f,14287
14287,c,14287
14288,c,14287
14285,f,14287
14285,c,14287
14288,f,14287
14284,f,14287
14284,c,14287
14283,f,14287
14283,c,14287
14284,e,14288
14285,e,14288
14286,e,14288
14288,e,14288
14289,e,14288
14287,e,14288
14290,f,14289
14288,f,14289
14289,c,14289
14290,c,14289
14288,c,14289
14289,f,14289
14285,f,14289
14285,c,14289
14286,f,14289
14287,f,14289
14287,c,14289
14286,c,14289
14291,a,14290
14290,e,14290
14289,a,14290
14289,e,14290
14291,e,14290
14288,a,14290
14288,e,14290
14286,a,14290
14286,e,14290
14287,a,14290
14290,a,14290
14287,e,14290
14290,d,14291
14292,b,14291
14290,f,14291
14291,f,14291
14291,d,14291
14291,b,14291
14290,b,14291
14292,d,14291
14287,b,14291
14289,f,14291
14289,d,14291
14288,f,14291
14288,d,14291
14288,b,14291
14287,f,14291
14287,d,14291
14292,f,14291
14289,b,14291
14292,c,14292
14292,f,14292
14293,c,14292
14293,f,14292
14291,f,14292
14291,c,14292
14290,c,14292
14288,c,14292
14288,f,14292
14290,f,14292
14289,c,14292
14289,f,14292
14289,c,14293
14293,d,14293
14294,d,14293
14292,e,14293
14292,c,14293
14292,d,14293
14289,d,14293
14293,e,14293
14294,c,14293
14294,e,14293
14291,e,14293
14291,c,14293
14291,d,14293
14293,c,14293
14290,d,14293
14290,c,14293
14290,e,14293
14289,e,14293
14294,e,14294
14294,f,14294
14295,e,14294
14293,f,14294
14295,f,14294
14293,e,14294
14292,e,14294
14292,f,14294
14291,e,14294
14291,f,14294
14290,e,14294
14290,f,14294
14296,f,14295
14292,f,14295
14295,f,14295
14291,f,14295
14293,f,14295
14294,f,14295
14303,e,14304
14300,e,14304
14301,e,14304
14305,e,14304
14302,e,14304
14304,e,14304
14305,d,14305
14306,f,14305
14304,f,14305
14304,d,14305
14301,f,14305
14303,d,14305
14302,f,14305
14302,d,14305
14305,f,14305
14301,d,14305
14303,f,14305
14306,d,14305
14306,f,14306
14307,f,14306
14302,f,14306
14304,f,14306
14303,f,14306
14305,f,14306
14314,b,14315
14316,b,14315
14315,b,14315
14313,b,14315
14311,b,14315
14312,b,14315
14312,f,14316
14317,e,14316
14317,f,14316
14317,c,14316
14316,e,14316
14316,f,14316
14316,c,14316
14312,e,14316
14315,f,14316
14315,c,14316
14315,e,14316
14313,c,14316
14314,e,14316
14314,f,14316
14314,c,14316
14313,f,14316
14313,e,14316
14312,c,14316
14313,e,14317
14318,f,14317
14318,e,14317
14316,e,14317
14316,f,14317
14317,e,14317
14314,e,14317
14317,f,14317
14315,e,14317
14315,f,14317
14314,f,14317
14313,f,14317
14318,f,14318
14319,f,14318
14314,f,14318
14316,f,14318
14315,f,14318
14317,f,14318
14317,f,14320
14316,f,14320
14318,f,14320
14321,f,14320
14319,f,14320
14320,f,14320
14321,c,14321
14320,c,14321
14322,c,14321
14319,c,14321
14318,c,14321
14317,c,14321
14322,e,14322
14318,e,14322
14320,e,14322
14323,e,14322
14321,e,14322
14319,e,14322
14323,f,14323
14323,a,14323
14322,f,14323
14322,a,14323
14324,a,14323
14321,f,14323
14319,a,14323
14324,f,14323
14321,a,14323
14319,f,14323
14320,a,14323
14320,f,14323
14321,d,14324
14324,d,14324
14325,b,14324
14323,d,14324
14323,b,14324
14325,d,14324
14322,d,14324
14322,b,14324
14320,b,14324
14320,d,14324
14321,b,14324
14324,b,14324
14325,c,14325
14325,f,14325
14324,f,14325
14324,c,14325
14326,c,14325
14326,f,14325
14323,c,14325
14323,f,14325
14322,f,14325
14322,c,14325
14321,c,14325
14321,f,14325
14323,e,14326
14324,e,14326
14322,e,14326
14325,e,14326
14326,e,14326
14327,e,14326
14323,f,14327
14326,f,14327
14328,f,14327
14325,f,14327
14324,f,14327
14327,f,14327
14328,c,14329
14330,a,14329
14330,c,14329
14327,c,14329
14327,a,14329
14328,a,14329
14329,a,14329
14326,c,14329
14326,a,14329
14325,c,14329
14325,a,14329
14329,c,14329
14331,b,14330
14330,d,14330
14330,b,14330
14329,e,14330
14329,d,14330
14329,b,14330
14331,e,14330
14331,d,14330
14330,e,14330
14326,b,14330
14328,e,14330
14328,d,14330
14328,b,14330
14326,e,14330
14327,b,14330
14327,d,14330
14326,d,14330
14327,e,14330
14331,c,14331
14331,f,14331
14332,c,14331
14332,f,14331
14330,f,14331
14330,c,14331
14327,c,14331
14329,f,14331
14329,c,14331
14327,f,14331
14328,c,14331
14328,f,14331
14332,e,14332
14333,c,14332
14333,e,14332
14331,e,14332
14332,c,14332
14328,c,14332
14331,c,14332
14330,c,14332
14329,c,14332
14328,e,14332
14329,e,14332
14330,e,14332
14334,e,14333
14332,e,14333
14332,f,14333
14329,f,14333
14333,f,14333
14334,f,14333
14331,e,14333
14331,f,14333
14330,f,14333
14330,e,14333
14329,e,14333
14333,e,14333
14334,f,14334
14330,f,14334
14332,f,14334
14331,f,14334
14335,f,14334
14333,f,14334
14338,d,14337
14338,a,14337
14337,e,14337
14338,e,14337
14337,d,14337
14337,a,14337
14336,e,14337
14336,d,14337
14336,a,14337
14335,d,14337
14335,e,14337
14333,a,14337
14333,d,14337
14335,a,14337
14334,e,14337
14333,e,14337
14334,a,14337
14334,d,14337
14334,f,14338
14339,f,14338
14338,f,14338
14338,d,14338
14338,b,14338
14339,d,14338
14337,f,14338
14337,d,14338
14337,b,14338
14339,b,14338
14334,b,14338
14335,b,14338
14335,f,14338
14335,d,14338
14336,f,14338
14336,d,14338
14336,b,14338
14334,d,14338
14335,f,14339
14335,c,14339
14335,d,14339
14335,a,14339
14338,a,14339
14336,f,14339
14340,a,14339
14338,c,14339
14338,f,14339
14339,f,14339
14339,c,14339
14339,d,14339
14339,a,14339
14338,d,14339
14340,d,14339
14340,c,14339
14340,f,14339
14336,c,14339
14336,a,14339
14337,a,14339
14337,d,14339
14337,f,14339
14336,d,14339
14337,c,14339
14340,f,14340
14340,d,14340
14340,b,14340
14340,a,14340
14339,e,14340
14339,f,14340
14339,d,14340
14339,a,14340
14341,a,14340
14341,b,14340
14341,d,14340
14341,f,14340
14341,e,14340
14340,e,14340
14339,b,14340
14336,b,14340
14336,e,14340
14336,a,14340
14337,a,14340
14337,b,14340
14337,d,14340
14337,f,14340
14337,e,14340
14336,f,14340
14338,a,14340
14338,b,14340
14336,d,14340
14338,d,14340
14338,f,14340
14338,e,14340
14338,d,14341
14341,b,14341
14341,d,14341
14341,c,14341
14341,f,14341
14342,b,14341
14340,f,14341
14340,c,14341
14340,d,14341
14340,b,14341
14338,f,14341
14338,c,14341
14338,b,14341
14337,f,14341
14337,d,14341
14337,c,14341
14342,d,14341
14342,c,14341
14342,f,14341
14339,b,14341
14339,d,14341
14339,c,14341
14337,b,14341
14339,f,14341
14343,e,14342
14343,f,14342
14341,b,14342
14341,e,14342
14341,f,14342
14343,b,14342
14342,e,14342
14342,f,14342
14342,c,14342
14342,b,14342
14341,c,14342
14343,c,14342
14338,e,14342
14338,f,14342
14339,c,14342
14340,b,14342
14339,b,14342
14338,b,14342
14338,c,14342
14339,f,14342
14340,c,14342
14339,e,14342
14340,e,14342
14340,f,14342
14343,c,14343
14343,f,14343
14343,e,14343
14344,e,14343
14342,e,14343
14342,f,14343
14342,c,14343
14344,f,14343
14344,b,14343
14344,c,14343
14343,b,14343
14342,b,14343
14339,c,14343
14339,f,14343
14339,e,14343
14340,e,14343
14340,f,14343
14340,c,14343
14340,b,14343
14341,b,14343
14341,c,14343
14341,f,14343
14339,b,14343
14341,e,14343
14340,c,14344
14343,e,14344
14343,c,14344
14341,c,14344
14344,c,14344
14344,e,14344
14345,c,14344
14342,e,14344
14342,c,14344
14341,e,14344
14345,e,14344
14340,e,14344
14344,b,14345
14344,e,14345
14345,b,14345
14345,e,14345
14341,e,14345
14346,b,14345
14343,e,14345
14343,b,14345
14342,e,14345
14341,b,14345
14346,e,14345
14342,b,14345
14346,a,14346
14346,c,14346
14346,f,14346
14345,f,14346
14345,c,14346
14345,a,14346
14347,a,14346
14347,c,14346
14347,f,14346
14342,c,14346
14343,f,14346
14343,c,14346
14344,f,14346
14344,c,14346
14344,a,14346
14343,a,14346
14342,a,14346
14342,f,14346
14346,b,14347
14346,d,14347
14348,d,14347
14347,b,14347
14348,e,14347
14347,e,14347
14347,d,14347
14346,e,14347
14348,b,14347
14343,d,14347
14343,e,14347
14344,b,14347
14345,e,14347
14345,d,14347
14345,b,14347
14344,d,14347
14344,e,14347
14343,b,14347
14344,f,14348
14347,c,14348
14347,d,14348
14344,d,14348
14344,c,14348
14349,d,14348
14349,c,14348
14348,f,14348
14347,f,14348
14348,c,14348
14348,d,14348
14346,f,14348
14346,c,14348
14346,d,14348
14345,d,14348
14345,c,14348
14345,f,14348
14349,f,14348
14348,a,14349
14345,f,14349
14348,e,14349
14349,a,14349
14349,f,14349
14349,e,14349
14350,e,14349
14348,f,14349
14350,f,14349
14350,a,14349
14345,a,14349
14346,a,14349
14346,f,14349
14347,e,14349
14347,f,14349
14347,a,14349
14346,e,14349
14345,e,14349
14351,f,14350
14349,b,14350
14346,b,14350
14346,d,14350
14346,f,14350
14350,f,14350
14351,b,14350
14349,f,14350
14349,d,14350
14350,d,14350
14350,b,14350
14348,f,14350
14348,d,14350
14348,b,14350
14347,b,14350
14347,d,14350
14347,f,14350
14351,d,14350
14352,b,14351
14350,f,14351
14350,c,14351
14351,b,14351
14351,c,14351
14352,f,14351
14350,b,14351
14351,f,14351
14352,c,14351
14349,b,14351
14348,f,14351
14348,c,14351
14348,b,14351
14347,f,14351
14349,c,14351
14347,b,14351
14347,c,14351
14349,f,14351
14351,f,14352
14348,c,14352
14351,c,14352
14351,d,14352
14351,e,14352
14353,e,14352
14353,f,14352
14352,e,14352
14348,d,14352
14352,d,14352
14353,c,14352
14352,c,14352
14350,e,14352
14350,f,14352
14350,c,14352
14350,d,14352
14348,f,14352
14348,e,14352
14349,d,14352
14349,c,14352
14349,f,14352
14349,e,14352
14352,f,14352
14353,d,14352
14352,e,14353
14349,f,14353
14353,f,14353
14353,e,14353
14354,b,14353
14354,f,14353
14354,e,14353
14353,b,14353
14352,f,14353
14352,b,14353
14349,b,14353
14349,e,14353
14350,b,14353
14350,f,14353
14351,b,14353
14351,f,14353
14350,e,14353
14351,e,14353
14351,c,14354
14350,c,14354
14353,c,14354
14352,c,14354
14354,c,14354
14355,c,14354
14351,e,14355
14355,e,14355
14353,e,14355
14356,e,14355
14352,e,14355
14354,e,14355
14355,f,14356
14356,f,14356
14354,f,14356
14357,f,14356
14352,f,14356
14353,f,14356
14354,a,14357
14357,a,14357
14353,a,14357
14355,a,14357
14356,a,14357
14358,a,14357
14357,b,14358
14357,d,14358
14359,d,14358
14359,f,14358
14358,d,14358
14358,f,14358
14359,b,14358
14357,f,14358
14358,b,14358
14354,b,14358
14355,f,14358
14356,f,14358
14356,d,14358
14356,b,14358
14354,d,14358
14354,f,14358
14355,b,14358
14355,d,14358
14356,f,14359
14360,c,14359
14360,f,14359
14358,f,14359
14358,c,14359
14359,f,14359
14355,c,14359
14357,f,14359
14357,c,14359
14355,f,14359
14356,c,14359
14359,c,14359
14360,e,14360
14361,e,14360
14356,e,14360
14359,e,14360
14358,e,14360
14357,e,14360
14359,f,14361
14358,f,14361
14357,f,14361
14360,f,14361
14361,f,14361
14362,f,14361
14362,b,14364
14364,b,14364
14361,b,14364
14363,b,14364
14360,b,14364
14365,b,14364
14364,f,14365
14366,f,14365
14364,b,14365
14365,f,14365
14365,c,14365
14366,b,14365
14366,c,14365
14365,b,14365
14363,f,14365
14364,c,14365
14363,b,14365
14361,b,14365
14361,c,14365
14361,f,14365
14362,b,14365
14362,c,14365
14363,c,14365
14362,f,14365
14363,c,14366
14367,e,14366
14366,e,14366
14366,f,14366
14366,c,14366
14365,e,14366
14365,f,14366
14367,f,14366
14365,c,14366
14367,c,14366
14364,e,14366
14364,f,14366
14364,c,14366
14362,c,14366
14363,f,14366
14362,f,14366
14362,e,14366
14363,e,14366
14367,f,14367
14367,e,14367
14368,f,14367
14366,e,14367
14366,f,14367
14364,f,14367
14363,e,14367
14364,e,14367
14365,e,14367
14365,f,14367
14363,f,14367
14368,e,14367
14368,f,14368
14369,f,14368
14367,f,14368
14364,f,14368
14366,f,14368
14365,f,14368
14366,d,14369
14370,d,14369
14367,d,14369
14365,d,14369
14368,d,14369
14369,d,14369
14366,f,14370
14370,d,14370
14366,e,14370
14369,e,14370
14369,f,14370
14369,d,14370
14371,d,14370
14368,f,14370
14368,e,14370
14370,f,14370
14368,d,14370
14371,e,14370
14367,e,14370
14367,f,14370
14367,d,14370
14366,d,14370
14371,f,14370
14370,e,14370
14371,f,14371
14370,f,14371
14372,f,14371
14369,f,14371
14367,f,14371
14368,f,14371
14370,e,14372
14372,e,14372
14371,e,14372
14373,e,14372
14368,e,14372
14369,e,14372
14369,f,14373
14374,f,14373
14373,f,14373
14372,f,14373
14370,f,14373
14371,f,14373
14374,e,14374
14373,e,14374
14375,e,14374
14370,e,14374
14371,e,14374
14372,e,14374
14375,f,14375
14374,a,14375
14374,d,14375
14374,f,14375
14372,a,14375
14375,d,14375
14373,f,14375
14373,d,14375
14372,d,14375
14371,d,14375
14371,f,14375
14375,a,14375
14376,a,14375
14376,d,14375
14376,f,14375
14372,f,14375
14371,a,14375
14373,a,14375
14375,e,14376
14375,d,14376
14375,f,14376
14376,e,14376
14376,f,14376
14375,b,14376
14377,b,14376
14374,b,14376
14374,e,14376
14372,b,14376
14372,d,14376
14372,f,14376
14372,e,14376
14373,b,14376
14377,d,14376
14373,f,14376
14373,d,14376
14377,e,14376
14377,f,14376
14376,b,14376
14374,d,14376
14374,f,14376
14373,e,14376
14376,d,14376
14376,f,14377
14376,c,14377
14378,c,14377
14377,f,14377
14375,f,14377
14375,c,14377
14377,c,14377
14374,f,14377
14374,c,14377
14373,f,14377
14373,c,14377
14378,f,14377
14378,e,14378
14377,e,14378
14379,e,14378
14375,e,14378
14376,e,14378
14374,e,14378
14377,f,14379
14375,f,14379
14376,f,14379
14378,f,14379
14379,f,14379
14380,f,14379
14382,e,14381
14381,e,14381
14380,e,14381
14379,e,14381
14378,e,14381
14377,e,14381
14382,f,14382
14378,f,14382
14380,f,14382
14381,f,14382
14379,f,14382
14383,f,14382
14384,f,14384
14383,f,14384
14380,f,14384
14381,f,14384
14382,f,14384
14385,f,14384
14386,f,14387
14386,a,14387
14385,a,14387
14388,a,14387
14388,f,14387
14385,f,14387
14383,a,14387
14384,a,14387
14387,f,14387
14383,f,14387
14384,f,14387
14387,a,14387
14388,d,14388
14388,b,14388
14388,e,14388
14389,b,14388
14387,e,14388
14389,e,14388
14389,c,14388
14387,c,14388
14387,d,14388
14387,b,14388
14388,c,14388
14389,d,14388
14386,c,14388
14384,d,14388
14385,d,14388
14385,b,14388
14384,e,14388
14384,c,14388
14385,c,14388
14384,b,14388
14385,e,14388
14386,d,14388
14386,e,14388
14386,b,14388
14389,c,14389
14389,f,14389
14388,e,14389
14388,f,14389
14386,f,14389
14389,e,14389
14390,e,14389
14386,e,14389
14388,c,14389
14385,f,14389
14386,c,14389
14390,f,14389
14385,e,14389
14387,c,14389
14387,f,14389
14385,c,14389
14387,e,14389
14390,c,14389
14386,f,14390
14390,f,14390
14389,e,14390
14389,f,14390
14386,e,14390
14391,e,14390
14391,f,14390
14387,f,14390
14388,f,14390
14388,e,14390
14390,e,14390
14387,e,14390
14391,a,14391
14390,a,14391
14390,f,14391
14391,f,14391
14387,f,14391
14392,f,14391
14389,f,14391
14389,a,14391
14387,a,14391
14392,a,14391
14388,a,14391
14388,f,14391
14392,b,14392
14392,d,14392
14392,c,14392
14393,b,14392
14391,c,14392
14391,d,14392
14391,b,14392
14393,d,14392
14389,c,14392
14393,c,14392
14389,b,14392
14390,c,14392
14390,d,14392
14390,b,14392
14388,b,14392
14388,d,14392
14388,c,14392
14389,d,14392
14394,f,14393
14394,c,14393
14394,d,14393
14392,d,14393
14392,c,14393
14393,d,14393
14392,e,14393
14393,c,14393
14393,e,14393
14393,f,14393
14392,f,14393
14394,e,14393
14390,e,14393
14389,c,14393
14389,d,14393
14389,f,14393
14391,e,14393
14391,f,14393
14391,c,14393
14389,e,14393
14391,d,14393
14390,d,14393
14390,c,14393
14390,f,14393
14395,f,14394
14395,e,14394
14393,e,14394
14393,f,14394
14394,e,14394
14390,f,14394
14390,e,14394
14392,e,14394
14392,f,14394
14391,f,14394
14391,e,14394
14394,f,14394
14396,d,14395
14396,f,14395
14395,d,14395
14391,f,14395
14394,f,14395
14394,d,14395
14395,f,14395
14391,d,14395
14393,f,14395
14393,d,14395
14392,d,14395
14392,f,14395
14392,f,14396
14394,f,14396
14397,f,14396
14393,f,14396
14395,f,14396
14396,f,14396
14398,f,14397
14396,f,14397
14393,f,14397
14395,f,14397
14394,f,14397
14397,f,14397
14399,e,14399
14400,a,14399
14399,a,14399
14398,e,14399
14398,a,14399
14400,e,14399
14397,e,14399
14396,a,14399
14395,a,14399
14397,a,14399
14395,e,14399
14396,e,14399
14397,b,14400
14401,f,14400
14400,f,14400
14400,d,14400
14400,b,14400
14401,d,14400
14399,d,14400
14399,b,14400
14399,f,14400
14401,b,14400
14397,d,14400
14398,f,14400
14398,d,14400
14398,b,14400
14396,b,14400
14397,f,14400
14396,d,14400
14396,f,14400
14401,c,14401
14401,f,14401
14400,f,14401
14400,c,14401
14397,c,14401
14397,f,14401
14402,c,14401
14402,f,14401
14399,f,14401
14399,c,14401
14398,c,14401
14398,f,14401
14402,b,14402
14402,e,14402
14401,e,14402
14403,b,14402
14403,e,14402
14401,b,14402
14400,e,14402
14400,b,14402
14398,b,14402
14398,e,14402
14399,b,14402
14399,e,14402
14400,f,14403
14404,f,14403
14404,c,14403
14403,f,14403
14402,f,14403
14402,c,14403
14403,c,14403
14399,f,14403
14399,c,14403
14401,c,14403
14401,f,14403
14400,c,14403
14402,e,14404
14403,e,14404
14404,e,14404
14401,e,14404
14400,e,14404
14405,e,14404
14402,f,14405
14403,f,14405
14406,f,14405
14401,f,14405
14404,f,14405
14405,f,14405
14406,d,14407
14408,d,14407
14404,d,14407
14403,d,14407
14405,d,14407
14407,d,14407
14408,f,14408
14409,f,14408
14407,f,14408
14404,f,14408
14406,f,14408
14405,f,14408
14406,e,14409
14407,e,14409
14409,e,14409
14410,e,14409
14405,e,14409
14408,e,14409
14410,f,14410
14409,f,14410
14408,f,14410
14406,f,14410
14407,f,14410
14411,f,14410
14410,c,14411
14410,b,14411
14411,b,14411
14411,c,14411
14412,b,14411
14409,c,14411
14408,b,14411
14407,b,14411
14407,c,14411
14412,c,14411
14409,b,14411
14408,c,14411
14409,a,14412
14412,c,14412
14412,f,14412
14412,e,14412
14413,a,14412
14411,e,14412
14411,f,14412
14411,c,14412
14411,a,14412
14413,c,14412
14413,f,14412
14413,e,14412
14410,e,14412
14409,c,14412
14409,f,14412
14409,e,14412
14408,e,14412
14408,f,14412
14412,a,14412
14408,a,14412
14410,a,14412
14410,c,14412
14410,f,14412
14408,c,14412
14413,e,14413
14414,b,14413
14413,f,14413
14414,f,14413
14412,e,14413
14412,f,14413
14412,d,14413
14412,b,14413
14413,b,14413
14414,e,14413
14414,d,14413
14413,d,14413
14410,f,14413
14409,b,14413
14409,d,14413
14411,e,14413
14411,f,14413
14411,d,14413
14409,f,14413
14411,b,14413
14409,e,14413
14410,b,14413
14410,e,14413
14410,d,14413
14415,c,14414
14415,f,14414
14413,f,14414
14413,c,14414
14414,c,14414
14410,c,14414
14410,f,14414
14412,f,14414
14412,c,14414
14411,c,14414
14411,f,14414
14414,f,14414
14416,f,14415
14416,e,14415
14415,e,14415
14415,f,14415
14411,e,14415
14414,e,14415
14414,f,14415
14411,f,14415
14412,f,14415
14412,e,14415
14413,e,14415
14413,f,14415
14417,f,14416
14414,f,14416
14416,f,14416
14412,f,14416
14413,f,14416
14415,f,14416
14417,f,14417
14416,f,14417
14416,b,14417
14418,b,14417
14418,f,14417
14415,f,14417
14417,b,14417
14415,b,14417
14413,b,14417
14414,f,14417
14414,b,14417
14413,f,14417
14418,b,14418
14417,e,14418
14418,e,14418
14419,b,14418
14419,c,14418
14417,c,14418
14418,c,14418
14419,e,14418
14417,b,14418
14416,e,14418
14416,c,14418
14416,b,14418
14414,b,14418
14414,c,14418
14414,e,14418
14415,b,14418
14415,c,14418
14415,e,14418
14418,c,14419
14420,e,14419
14419,e,14419
14419,c,14419
14418,e,14419
14420,c,14419
14417,e,14419
14416,e,14419
14416,c,14419
14415,e,14419
14417,c,14419
14415,c,14419
14420,f,14420
14420,e,14420
14419,e,14420
14419,f,14420
14416,e,14420
14421,f,14420
14421,e,14420
14418,e,14420
14418,f,14420
14417,f,14420
14416,f,14420
14417,e,14420
14420,c,14421
14421,f,14421
14420,f,14421
14421,c,14421
14422,c,14421
14419,f,14421
14419,c,14421
14422,f,14421
14418,f,14421
14418,c,14421
14417,f,14421
14417,c,14421
14419,e,14422
14418,e,14422
14420,e,14422
14423,e,14422
14422,e,14422
14421,e,14422
14422,d,14423
14422,f,14423
14423,d,14423
14423,f,14423
14419,d,14423
14421,f,14423
14421,d,14423
14420,f,14423
14420,d,14423
14419,f,14423
14424,d,14423
14424,f,14423
14421,f,14424
14420,f,14424
14422,f,14424
14425,f,14424
14423,f,14424
14424,f,14424
14424,e,14425
14426,e,14425
14425,e,14425
14423,e,14425
14422,e,14425
14421,e,14425
14422,f,14426
14424,f,14426
14425,f,14426
14423,f,14426
14426,f,14426
14427,f,14426
14427,a,14431
14428,a,14431
14430,a,14431
14431,a,14431
14429,a,14431
14432,a,14431
14431,b,14432
14431,d,14432
14433,d,14432
14432,d,14432
14432,e,14432
14433,b,14432
14433,e,14432
14432,b,14432
14430,e,14432
14431,e,14432
14430,b,14432
14428,b,14432
14428,d,14432
14428,e,14432
14430,d,14432
14429,b,14432
14429,d,14432
14429,e,14432
14430,d,14433
14434,c,14433
14434,d,14433
14433,f,14433
14433,c,14433
14433,d,14433
14432,f,14433
14432,d,14433
14432,c,14433
14429,c,14433
14430,c,14433
14430,f,14433
14431,f,14433
14431,c,14433
14431,d,14433
14434,f,14433
14429,d,14433
14429,f,14433
14434,e,14434
14435,f,14434
14433,e,14434
14433,f,14434
14430,f,14434
14434,f,14434
14435,e,14434
14432,e,14434
14432,f,14434
14431,f,14434
14431,e,14434
14430,e,14434
14435,f,14435
14434,f,14435
14436,f,14435
14432,f,14435
14431,f,14435
14433,f,14435
14433,c,14436
14437,c,14436
14435,c,14436
14432,c,14436
14436,c,14436
14434,c,14436
14438,e,14437
14435,e,14437
14437,e,14437
14434,e,14437
14433,e,14437
14436,e,14437
14437,e,14438
14437,f,14438
14438,e,14438
14439,f,14438
14439,e,14438
14438,f,14438
14434,e,14438
14436,f,14438
14435,e,14438
14435,f,14438
14434,f,14438
14436,e,14438
14438,f,14439
14438,a,14439
14440,a,14439
14440,f,14439
14439,f,14439
14439,a,14439
14435,a,14439
14435,f,14439
14436,f,14439
14436,a,14439
14437,f,14439
14437,a,14439
14437,d,14440
14441,c,14440
14439,b,14440
14439,d,14440
14441,d,14440
14439,e,14440
14436,b,14440
14441,b,14440
14440,e,14440
14440,c,14440
14439,c,14440
14441,e,14440
14440,d,14440
14436,e,14440
14437,c,14440
14437,e,14440
14438,e,14440
14438,c,14440
14438,d,14440
14438,b,14440
14436,d,14440
14436,c,14440
14440,b,14440
14437,b,14440
14442,e,14441
14441,f,14441
14440,e,14441
14442,f,14441
14442,c,14441
14441,e,14441
14440,c,14441
14441,c,14441
14440,f,14441
14437,c,14441
14439,e,14441
14437,f,14441
14437,e,14441
14438,c,14441
14439,f,14441
14439,c,14441
14438,e,14441
14438,f,14441
14439,e,14442
14442,f,14442
14443,e,14442
14441,e,14442
14441,f,14442
14438,f,14442
14438,e,14442
14440,e,14442
14440,f,14442
14439,f,14442
14442,e,14442
14443,f,14442
14443,f,14443
14444,f,14443
14442,f,14443
14441,f,14443
14440,f,14443
14439,f,14443
14448,d,14448
14446,d,14448
14447,d,14448
14445,d,14448
14444,d,14448
14449,d,14448
14446,f,14449
14449,f,14449
14447,f,14449
14450,f,14449
14448,f,14449
14445,f,14449
14451,c,14450
14450,e,14450
14450,c,14450
14449,e,14450
14451,e,14450
14449,c,14450
14446,c,14450
14446,e,14450
14448,e,14450
14448,c,14450
14447,c,14450
14447,e,14450
14451,e,14451
14448,e,14451
14450,e,14451
14450,f,14451
14447,f,14451
14452,f,14451
14452,e,14451
14449,e,14451
14449,f,14451
14447,e,14451
14448,f,14451
14451,f,14451
14452,f,14452
14451,f,14452
14448,f,14452
14453,f,14452
14450,f,14452
14449,f,14452
14453,c,14453
14452,c,14453
14452,d,14453
14449,d,14453
14449,c,14453
14453,d,14453
14454,c,14453
14454,d,14453
14451,c,14453
14451,d,14453
14450,d,14453
14450,c,14453
14453,f,14454
14454,e,14454
14453,e,14454
14454,f,14454
14455,f,14454
14452,e,14454
14452,f,14454
14451,e,14454
14450,f,14454
14450,e,14454
14451,f,14454
14455,e,14454
14451,f,14455
14452,f,14455
14453,f,14455
14455,f,14455
14454,f,14455
14456,f,14455
14457,a,14456
14456,e,14456
14456,a,14456
14457,e,14456
14455,a,14456
14455,e,14456
14453,a,14456
14454,e,14456
14454,a,14456
14452,a,14456
14452,e,14456
14453,e,14456
14454,f,14457
14458,f,14457
14458,d,14457
14458,b,14457
14457,d,14457
14457,b,14457
14454,d,14457
14456,f,14457
14456,d,14457
14456,b,14457
14453,b,14457
14457,f,14457
14455,b,14457
14455,f,14457
14455,d,14457
14454,b,14457
14453,f,14457
14453,d,14457
14454,f,14458
14458,d,14458
14458,c,14458
14458,f,14458
14457,f,14458
14457,c,14458
14457,d,14458
14459,d,14458
14454,c,14458
14454,d,14458
14459,f,14458
14456,f,14458
14456,c,14458
14456,d,14458
14455,d,14458
14455,c,14458
14455,f,14458
14459,c,14458
14459,d,14459
14459,f,14459
14459,e,14459
14458,e,14459
14458,f,14459
14458,d,14459
14460,e,14459
14455,e,14459
14460,f,14459
14455,d,14459
14457,e,14459
14457,f,14459
14457,d,14459
14456,d,14459
14460,d,14459
14455,f,14459
14456,f,14459
14456,e,14459
14457,f,14460
14460,c,14460
14460,f,14460
14459,f,14460
14459,c,14460
14456,f,14460
14461,c,14460
14461,f,14460
14458,f,14460
14458,c,14460
14457,c,14460
14456,c,14460
14461,e,14461
14460,e,14461
14462,e,14461
14458,e,14461
14459,e,14461
14457,e,14461
14459,f,14462
14463,c,14462
14462,f,14462
14462,c,14462
14461,f,14462
14461,c,14462
14463,f,14462
14458,f,14462
14458,c,14462
14460,f,14462
14460,c,14462
14459,c,14462
14464,e,14463
14461,e,14463
14460,e,14463
14462,e,14463
14459,e,14463
14463,e,14463
14464,f,14464
14463,f,14464
14462,f,14464
14461,f,14464
14460,f,14464
14465,f,14464
14466,b,14467
14468,b,14467
14465,b,14467
14467,b,14467
14464,b,14467
14463,b,14467
14469,a,14468
14469,c,14468
14468,c,14468
14469,f,14468
14468,a,14468
14467,f,14468
14467,c,14468
14468,f,14468
14467,a,14468
14465,c,14468
14466,c,14468
14466,a,14468
14466,f,14468
14464,a,14468
14464,c,14468
14464,f,14468
14465,a,14468
14465,f,14468
14466,b,14469
14470,e,14469
14469,e,14469
14469,d,14469
14469,b,14469
14468,e,14469
14470,d,14469
14468,b,14469
14468,d,14469
14467,b,14469
14466,d,14469
14466,e,14469
14465,e,14469
14465,d,14469
14465,b,14469
14470,b,14469
14467,d,14469
14467,e,14469
14468,f,14470
14470,c,14470
14470,f,14470
14469,f,14470
14469,c,14470
14467,f,14470
14468,c,14470
14466,c,14470
14467,c,14470
14471,c,14470
14471,f,14470
14466,f,14470
14470,d,14471
14471,d,14471
14471,e,14471
14472,e,14471
14472,d,14471
14470,e,14471
14467,e,14471
14469,e,14471
14469,d,14471
14468,d,14471
14468,e,14471
14467,d,14471
14472,b,14472
14473,b,14472
14471,f,14472
14471,b,14472
14468,b,14472
14472,f,14472
14470,f,14472
14470,b,14472
14469,b,14472
14469,f,14472
14473,f,14472
14468,f,14472
14473,c,14473
14473,f,14473
14474,c,14473
14474,f,14473
14472,f,14473
14472,c,14473
14469,f,14473
14469,c,14473
14471,c,14473
14471,f,14473
14470,f,14473
14470,c,14473
14474,e,14474
14473,d,14474
14470,d,14474
14470,e,14474
14473,e,14474
14475,e,14474
14472,e,14474
14472,d,14474
14471,d,14474
14471,e,14474
14475,d,14474
14474,d,14474
14475,d,14475
14476,f,14475
14474,f,14475
14474,d,14475
14471,d,14475
14473,f,14475
14473,d,14475
14471,f,14475
14472,f,14475
14472,d,14475
14475,f,14475
14476,d,14475
14476,f,14476
14477,f,14476
14475,f,14476
14474,f,14476
14473,f,14476
14472,f,14476
14475,b,14479
14480,b,14479
14478,b,14479
14477,b,14479
14479,b,14479
14476,b,14479
14480,c,14480
14480,f,14480
14476,f,14480
14479,f,14480
14479,c,14480
14479,b,14480
14480,b,14480
14481,b,14480
14478,f,14480
14476,c,14480
14478,b,14480
14476,b,14480
14481,c,14480
14481,f,14480
14477,f,14480
14477,c,14480
14477,b,14480
14478,c,14480
14482,f,14481
14480,e,14481
14480,f,14481
14480,c,14481
14481,c,14481
14482,c,14481
14479,c,14481
14479,e,14481
14479,f,14481
14481,f,14481
14478,e,14481
14478,f,14481
14478,c,14481
14477,e,14481
14477,f,14481
14477,c,14481
14482,e,14481
14481,e,14481
14482,f,14482
14482,e,14482
14483,f,14482
14483,e,14482
14481,e,14482
14481,f,14482
14480,e,14482
14480,f,14482
14478,f,14482
14479,e,14482
14479,f,14482
14478,e,14482
14480,f,14483
14483,f,14483
14484,f,14483
14479,f,14483
14481,f,14483
14482,f,14483
14483,f,14487
14484,f,14487
14485,f,14487
14488,f,14487
14486,f,14487
14487,f,14487
14488,e,14489
14487,e,14489
14486,e,14489
14485,e,14489
14490,e,14489
14489,e,14489
14490,f,14490
14491,f,14490
14488,f,14490
14487,f,14490
14489,f,14490
14486,f,14490
14489,b,14493
14492,e,14493
14492,b,14493
14494,b,14493
14494,e,14493
14491,b,14493
14491,e,14493
14490,e,14493
14490,b,14493
14493,e,14493
14489,e,14493
14493,b,14493
14495,c,14494
14495,f,14494
14494,f,14494
14494,c,14494
14494,a,14494
14493,f,14494
14493,c,14494
14495,a,14494
14493,a,14494
14490,a,14494
14491,f,14494
14491,c,14494
14491,a,14494
14492,f,14494
14492,c,14494
14492,a,14494
14490,f,14494
14490,c,14494
14494,b,14495
14494,d,14495
14494,e,14495
14492,d,14495
14495,b,14495
14495,d,14495
14495,e,14495
14496,b,14495
14496,d,14495
14492,b,14495
14491,b,14495
14491,d,14495
14496,e,14495
14491,e,14495
14493,b,14495
14493,e,14495
14493,d,14495
14492,e,14495
14492,c,14496
14496,e,14496
14497,a,14496
14496,a,14496
14495,f,14496
14495,c,14496
14495,a,14496
14492,f,14496
14492,e,14496
14497,c,14496
14496,c,14496
14492,a,14496
14495,e,14496
14496,f,14496
14497,e,14496
14493,e,14496
14493,f,14496
14494,e,14496
14494,f,14496
14494,c,14496
14494,a,14496
14493,a,14496
14497,f,14496
14493,c,14496
14498,f,14497
14498,e,14497
14496,b,14497
14493,e,14497
14496,f,14497
14496,e,14497
14497,e,14497
14497,f,14497
14497,d,14497
14497,b,14497
14496,d,14497
14493,f,14497
14498,b,14497
14498,d,14497
14493,d,14497
14495,e,14497
14495,f,14497
14493,b,14497
14495,d,14497
14494,b,14497
14495,b,14497
14494,d,14497
14494,f,14497
14494,e,14497
14498,c,14498
14497,f,14498
14497,c,14498
14494,f,14498
14499,f,14498
14498,f,14498
14499,c,14498
14496,f,14498
14496,c,14498
14495,c,14498
14494,c,14498
14495,f,14498
14499,e,14499
14498,e,14499
14496,e,14499
14500,e,14499
14497,e,14499
14495,e,14499
14500,f,14500
14500,e,14500
14499,e,14500
14499,f,14500
14499,a,14500
14500,a,14500
14496,a,14500
14501,a,14500
14501,f,14500
14501,e,14500
14498,e,14500
14498,f,14500
14498,a,14500
14496,f,14500
14496,e,14500
14497,a,14500
14497,f,14500
14497,e,14500
14501,b,14501
14502,d,14501
14501,f,14501
14500,d,14501
14500,b,14501
14502,f,14501
14501,d,14501
14502,b,14501
14500,f,14501
14497,b,14501
14498,f,14501
14498,d,14501
14498,b,14501
14499,d,14501
14499,f,14501
14499,b,14501
14497,f,14501
14497,d,14501
14503,a,14502
14498,c,14502
14501,f,14502
14501,c,14502
14501,a,14502
14502,f,14502
14502,a,14502
14498,a,14502
14503,c,14502
14502,c,14502
14499,a,14502
14499,f,14502
14499,c,14502
14503,f,14502
14500,a,14502
14500,c,14502
14498,f,14502
14500,f,14502
14504,b,14503
14504,d,14503
14503,e,14503
14503,f,14503
14502,e,14503
14502,f,14503
14502,d,14503
14502,b,14503
14503,d,14503
14504,f,14503
14504,e,14503
14503,b,14503
14499,d,14503
14499,f,14503
14501,e,14503
14501,f,14503
14499,e,14503
14499,b,14503
14500,b,14503
14500,d,14503
14500,f,14503
14501,d,14503
14501,b,14503
14500,e,14503
14505,f,14504
14504,f,14504
14504,c,14504
14503,c,14504
14503,f,14504
14500,f,14504
14501,f,14504
14501,c,14504
14502,c,14504
14502,f,14504
14500,c,14504
14505,c,14504
14502,a,14505
14505,a,14505
14506,e,14505
14506,a,14505
14505,e,14505
14503,a,14505
14501,e,14505
14502,e,14505
14503,e,14505
14501,a,14505
14504,a,14505
14504,e,14505
14505,b,14506
14506,d,14506
14505,d,14506
14506,b,14506
14507,b,14506
14507,d,14506
14503,d,14506
14502,d,14506
14503,b,14506
14504,d,14506
14504,b,14506
14502,b,14506
14506,d,14507
14507,f,14507
14503,d,14507
14503,c,14507
14507,c,14507
14507,d,14507
14508,d,14507
14508,c,14507
14505,f,14507
14505,c,14507
14505,d,14507
14503,f,14507
14504,d,14507
14504,c,14507
14504,f,14507
14508,f,14507
14506,c,14507
14506,f,14507
14504,f,14508
14507,f,14508
14507,e,14508
14508,e,14508
14507,b,14508
14509,b,14508
14506,b,14508
14509,e,14508
14504,e,14508
14505,b,14508
14505,f,14508
14505,e,14508
14509,f,14508
14508,f,14508
14508,b,14508
14504,b,14508
14506,f,14508
14506,e,14508
14510,c,14509
14508,f,14509
14508,c,14509
14509,c,14509
14509,f,14509
14510,f,14509
14507,f,14509
14506,f,14509
14505,f,14509
14506,c,14509
14505,c,14509
14507,c,14509
14511,e,14510
14509,e,14510
14510,e,14510
14508,e,14510
14507,e,14510
14506,e,14510
14512,c,14511
14512,f,14511
14507,f,14511
14511,f,14511
14510,f,14511
14510,c,14511
14507,c,14511
14511,c,14511
14508,f,14511
14508,c,14511
14509,f,14511
14509,c,14511
14511,e,14512
14512,e,14512
14508,e,14512
14513,e,14512
14510,e,14512
14509,e,14512
14513,f,14513
14511,f,14513
14514,f,14513
14510,f,14513
14512,f,14513
14509,f,14513
14513,c,14514
14514,c,14514
14512,c,14514
14511,c,14514
14510,c,14514
14515,c,14514
14512,e,14515
14511,e,14515
14513,e,14515
14516,e,14515
14515,e,14515
14514,e,14515
14516,e,14516
14517,e,14516
14516,f,14516
14515,e,14516
14517,f,14516
14515,f,14516
14514,e,14516
14514,f,14516
14512,f,14516
14512,e,14516
14513,f,14516
14513,e,14516
14514,f,14517
14517,f,14517
14518,f,14517
14516,f,14517
14515,f,14517
14513,f,14517
14514,b,14518
14516,b,14518
14519,b,14518
14518,b,14518
14515,b,14518
14517,b,14518
14519,f,14519
14520,f,14519
14519,a,14519
14518,f,14519
14518,c,14519
14518,a,14519
14519,c,14519
14517,f,14519
14520,c,14519
14515,a,14519
14517,a,14519
14520,a,14519
14516,f,14519
14515,c,14519
14515,f,14519
14516,a,14519
14516,c,14519
14517,c,14519
14517,b,14520
14520,b,14520
14520,d,14520
14520,e,14520
14519,e,14520
14519,d,14520
14519,b,14520
14521,d,14520
14521,e,14520
14518,e,14520
14518,d,14520
14518,b,14520
14516,b,14520
14516,d,14520
14516,e,14520
14517,d,14520
14521,b,14520
14517,e,14520
14521,c,14521
14520,f,14521
14520,c,14521
14521,f,14521
14522,c,14521
14522,f,14521
14517,c,14521
14519,f,14521
14519,c,14521
14517,f,14521
14518,c,14521
14518,f,14521
14518,b,14522
14523,b,14522
14523,e,14522
14521,e,14522
14521,b,14522
14522,e,14522
14522,b,14522
14520,e,14522
14520,b,14522
14519,b,14522
14519,e,14522
14518,e,14522
14523,f,14523
14524,c,14523
14524,f,14523
14519,f,14523
14523,c,14523
14522,f,14523
14522,c,14523
14519,c,14523
14520,c,14523
14520,f,14523
14521,f,14523
14521,c,14523
14520,e,14524
14524,e,14524
14524,d,14524
14520,d,14524
14523,e,14524
14523,d,14524
14525,d,14524
14521,d,14524
14522,e,14524
14522,d,14524
14521,e,14524
14525,e,14524
14525,f,14525
14526,f,14525
14521,f,14525
14523,f,14525
14522,f,14525
14524,f,14525
14530,f,14530
14531,f,14530
14528,f,14530
14529,f,14530
14527,f,14530
14526,f,14530
14528,d,14531
14529,d,14531
14532,d,14531
14530,d,14531
14527,d,14531
14531,d,14531
14533,e,14532
14533,f,14532
14532,e,14532
14532,f,14532
14531,e,14532
14531,f,14532
14530,e,14532
14530,f,14532
14528,f,14532
14528,e,14532
14529,e,14532
14529,f,14532
14534,f,14533
14532,f,14533
14533,f,14533
14531,f,14533
14529,f,14533
14530,f,14533
14536,d,14535
14535,c,14535
14535,d,14535
14534,c,14535
14536,c,14535
14533,c,14535
14534,d,14535
14533,d,14535
14531,d,14535
14531,c,14535
14532,c,14535
14532,d,14535
14533,f,14536
14537,e,14536
14537,f,14536
14536,f,14536
14535,e,14536
14535,f,14536
14536,e,14536
14534,e,14536
14533,e,14536
14532,f,14536
14534,f,14536
14532,e,14536
14537,f,14537
14536,f,14537
14538,f,14537
14535,f,14537
14534,f,14537
14533,f,14537
14538,d,14539
14538,b,14539
14540,b,14539
14537,d,14539
14537,b,14539
14535,b,14539
14540,d,14539
14536,d,14539
14536,b,14539
14539,d,14539
14535,d,14539
14539,b,14539
14540,c,14540
14539,f,14540
14539,c,14540
14540,f,14540
14541,c,14540
14538,f,14540
14538,c,14540
14537,f,14540
14541,f,14540
14536,c,14540
14536,f,14540
14537,c,14540
14538,e,14541
14541,a,14541
14541,e,14541
14540,e,14541
14540,a,14541
14542,a,14541
14542,e,14541
14539,e,14541
14539,a,14541
14537,a,14541
14538,a,14541
14537,e,14541
14542,b,14542
14542,d,14542
14542,f,14542
14543,b,14542
14541,f,14542
14541,d,14542
14541,b,14542
14543,d,14542
14543,f,14542
14539,d,14542
14539,b,14542
14540,f,14542
14540,d,14542
14540,b,14542
14538,b,14542
14538,d,14542
14538,f,14542
14539,f,14542
14543,f,14543
14543,c,14543
14542,f,14543
14542,c,14543
14544,f,14543
14540,f,14543
14539,c,14543
14539,f,14543
14541,f,14543
14541,c,14543
14540,c,14543
14544,c,14543
14542,e,14544
14545,e,14544
14540,e,14544
14541,e,14544
14543,e,14544
14544,e,14544
14544,f,14545
14545,f,14545
14546,f,14545
14543,f,14545
14542,f,14545
14541,f,14545
14547,b,14546
14543,b,14546
14542,b,14546
14544,b,14546
14546,b,14546
14545,b,14546
14547,f,14547
14546,f,14547
14546,c,14547
14543,f,14547
14543,c,14547
14545,f,14547
14547,c,14547
14548,f,14547
14544,f,14547
14544,c,14547
14548,c,14547
14545,c,14547
14547,e,14548
14548,e,14548
14546,e,14548
14549,e,14548
14544,e,14548
14545,e,14548
14549,f,14549
14548,f,14549
14548,c,14549
14550,f,14549
14546,f,14549
14550,c,14549
14547,f,14549
14547,c,14549
14545,f,14549
14549,c,14549
14546,c,14549
14545,c,14549
14550,e,14550
14549,e,14550
14551,e,14550
14547,e,14550
14548,e,14550
14546,e,14550
14551,f,14551
14552,b,14551
14550,f,14551
14550,b,14551
14551,b,14551
14552,f,14551
14547,b,14551
14549,f,14551
14549,b,14551
14547,f,14551
14548,b,14551
14548,f,14551
14553,f,14552
14552,f,14552
14551,f,14552
14551,c,14552
14552,c,14552
14553,c,14552
14550,c,14552
14550,f,14552
14548,c,14552
14549,f,14552
14549,c,14552
14548,f,14552
14554,e,14553
14550,e,14553
14551,e,14553
14553,e,14553
14549,e,14553
14552,e,14553
14554,e,14554
14553,e,14554
14553,f,14554
14555,f,14554
14555,e,14554
14550,f,14554
14554,f,14554
14552,f,14554
14550,e,14554
14551,e,14554
14551,f,14554
14552,e,14554
14555,e,14555
14556,f,14555
14556,e,14555
14554,e,14555
14554,f,14555
14555,f,14555
14551,f,14555
14551,e,14555
14553,e,14555
14553,f,14555
14552,f,14555
14552,e,14555
14557,d,14556
14556,d,14556
14557,f,14556
14555,f,14556
14555,d,14556
14552,d,14556
14552,f,14556
14556,f,14556
14554,f,14556
14554,d,14556
14553,d,14556
14553,f,14556
14556,b,14557
14556,f,14557
14557,f,14557
14557,b,14557
14553,f,14557
14558,b,14557
14553,b,14557
14555,f,14557
14554,f,14557
14554,b,14557
14558,f,14557
14555,b,14557
14558,c,14558
14557,e,14558
14558,f,14558
14558,e,14558
14559,c,14558
14559,f,14558
14559,e,14558
14557,f,14558
14557,c,14558
14556,f,14558
14555,f,14558
14556,e,14558
14554,c,14558
14556,c,14558
14554,f,14558
14554,e,14558
14555,e,14558
14555,c,14558
14559,d,14559
14560,d,14559
14560,f,14559
14560,e,14559
14558,e,14559
14558,f,14559
14558,d,14559
14556,f,14559
14555,d,14559
14555,f,14559
14557,e,14559
14557,f,14559
14557,d,14559
14555,e,14559
14559,f,14559
14556,d,14559
14556,e,14559
14559,e,14559
14560,b,14561
14561,b,14561
14562,b,14561
14559,b,14561
14558,b,14561
14557,b,14561
14559,a,14562
14563,f,14562
14562,f,14562
14562,c,14562
14562,a,14562
14563,c,14562
14561,f,14562
14561,c,14562
14561,a,14562
14563,a,14562
14558,a,14562
14559,f,14562
14558,f,14562
14558,c,14562
14560,a,14562
14560,c,14562
14560,f,14562
14559,c,14562
14563,e,14563
14559,e,14563
14563,d,14563
14563,b,14563
14562,d,14563
14562,b,14563
14559,b,14563
14559,d,14563
14562,e,14563
14560,b,14563
14564,d,14563
14564,e,14563
14561,e,14563
14561,d,14563
14560,e,14563
14560,d,14563
14564,b,14563
14561,b,14563
14563,f,14564
14564,b,14564
14564,c,14564
14564,f,14564
14565,b,14564
14563,c,14564
14563,b,14564
14565,c,14564
14565,f,14564
14560,f,14564
14560,c,14564
14560,b,14564
14561,f,14564
14562,f,14564
14562,c,14564
14562,b,14564
14561,c,14564
14561,b,14564
14564,c,14565
14561,c,14565
14561,b,14565
14564,f,14565
14566,b,14565
14561,f,14565
14564,e,14565
14565,c,14565
14565,b,14565
14564,b,14565
14565,f,14565
14565,e,14565
14561,e,14565
14566,c,14565
14562,e,14565
14562,f,14565
14562,c,14565
14562,b,14565
14563,b,14565
14566,f,14565
14563,f,14565
14563,e,14565
14566,e,14565
14563,c,14565
14566,f,14566
14565,e,14566
14565,f,14566
14565,c,14566
14562,f,14566
14566,c,14566
14566,e,14566
14562,e,14566
14562,c,14566
14567,c,14566
14563,c,14566
14563,f,14566
14564,e,14566
14564,f,14566
14564,c,14566
14563,e,14566
14567,e,14566
14567,f,14566
14566,b,14567
14567,a,14567
14567,b,14567
14567,f,14567
14566,e,14567
14566,f,14567
14566,a,14567
14567,e,14567
14568,e,14567
14563,b,14567
14568,a,14567
14564,e,14567
14564,f,14567
14565,a,14567
14565,b,14567
14565,f,14567
14568,b,14567
14565,e,14567
14564,a,14567
14563,e,14567
14563,f,14567
14563,a,14567
14564,b,14567
14568,f,14567
14569,f,14568
14569,c,14568
14569,b,14568
14568,c,14568
14568,f,14568
14567,a,14568
14567,b,14568
14567,d,14568
14567,c,14568
14567,f,14568
14569,d,14568
14569,a,14568
14568,d,14568
14568,b,14568
14565,c,14568
14565,d,14568
14565,f,14568
14565,a,14568
14564,f,14568
14564,c,14568
14565,b,14568
14566,a,14568
14564,d,14568
14566,d,14568
14566,c,14568
14566,f,14568
14564,b,14568
14564,a,14568
14568,a,14568
14566,b,14568
14568,b,14569
14568,d,14569
14568,c,14569
14569,b,14569
14568,e,14569
14569,d,14569
14570,e,14569
14570,f,14569
14570,c,14569
14570,d,14569
14570,b,14569
14569,e,14569
14569,f,14569
14569,c,14569
14568,f,14569
14566,e,14569
14566,c,14569
14566,f,14569
14565,d,14569
14565,c,14569
14565,f,14569
14565,e,14569
14567,e,14569
14567,f,14569
14565,b,14569
14566,d,14569
14567,b,14569
14567,d,14569
14567,c,14569
14566,b,14569
14566,c,14570
14569,c,14570
14569,e,14570
14571,e,14570
14571,a,14570
14570,e,14570
14570,c,14570
14569,a,14570
14571,c,14570
14570,a,14570
14566,e,14570
14567,e,14570
14567,c,14570
14567,a,14570
14568,a,14570
14568,e,14570
14568,c,14570
14566,a,14570
14572,e,14571
14570,b,14571
14572,d,14571
14572,b,14571
14571,e,14571
14571,d,14571
14571,b,14571
14570,d,14571
14567,d,14571
14570,e,14571
14568,e,14571
14569,e,14571
14567,b,14571
14568,b,14571
14568,d,14571
14569,d,14571
14569,b,14571
14567,e,14571
14573,c,14572
14572,f,14572
14572,c,14572
14571,f,14572
14571,c,14572
14569,f,14572
14568,c,14572
14568,f,14572
14570,f,14572
14570,c,14572
14569,c,14572
14573,f,14572
14571,e,14573
14574,e,14573
14570,e,14573
14572,e,14573
14569,e,14573
14573,e,14573
14574,f,14574
14575,f,14574
14572,f,14574
14571,f,14574
14570,f,14574
14573,f,14574
14573,c,14577
14577,c,14577
14576,c,14577
14578,c,14577
14574,c,14577
14575,c,14577
14575,e,14578
14578,e,14578
14574,e,14578
14576,e,14578
14579,e,14578
14577,e,14578
14580,f,14579
14579,f,14579
14579,c,14579
14578,f,14579
14580,c,14579
14578,c,14579
14577,f,14579
14577,c,14579
14575,c,14579
14575,f,14579
14576,c,14579
14576,f,14579
14577,e,14580
14577,a,14580
14580,e,14580
14580,a,14580
14581,e,14580
14579,e,14580
14579,a,14580
14576,a,14580
14581,a,14580
14576,e,14580
14578,e,14580
14578,a,14580
14579,b,14581
14580,b,14581
14577,d,14581
14577,f,14581
14577,b,14581
14582,b,14581
14582,d,14581
14582,f,14581
14581,f,14581
14581,d,14581
14579,f,14581
14579,d,14581
14578,b,14581
14578,d,14581
14578,f,14581
14581,b,14581
14580,d,14581
14580,f,14581
14581,f,14582
14582,e,14582
14583,c,14582
14582,c,14582
14582,f,14582
14583,f,14582
14583,e,14582
14581,e,14582
14581,c,14582
14578,c,14582
14578,f,14582
14579,e,14582
14579,f,14582
14579,c,14582
14580,e,14582
14580,f,14582
14580,c,14582
14578,e,14582
14582,a,14583
14579,f,14583
14579,a,14583
14584,a,14583
14583,e,14583
14583,f,14583
14582,f,14583
14582,e,14583
14583,a,14583
14584,e,14583
14580,e,14583
14580,f,14583
14584,f,14583
14579,e,14583
14581,a,14583
14580,a,14583
14581,e,14583
14581,f,14583
14584,f,14584
14583,f,14584
14583,d,14584
14583,b,14584
14584,d,14584
14584,b,14584
14585,f,14584
14580,f,14584
14585,b,14584
14580,b,14584
14580,d,14584
14582,f,14584
14582,d,14584
14581,b,14584
14582,b,14584
14585,d,14584
14581,d,14584
14581,f,14584
14581,f,14585
14585,c,14585
14585,f,14585
14584,f,14585
14584,c,14585
14582,c,14585
14586,c,14585
14586,f,14585
14583,f,14585
14583,c,14585
14582,f,14585
14581,c,14585
14585,e,14586
14587,e,14586
14586,e,14586
14584,e,14586
14582,e,14586
14583,e,14586
14588,b,14587
14584,e,14587
14584,b,14587
14583,e,14587
14585,b,14587
14585,e,14587
14588,e,14587
14586,e,14587
14586,b,14587
14587,b,14587
14587,e,14587
14583,b,14587
14589,a,14588
14587,c,14588
14589,c,14588
14587,f,14588
14588,f,14588
14588,c,14588
14588,a,14588
14587,a,14588
14589,f,14588
14584,c,14588
14586,f,14588
14586,a,14588
14584,f,14588
14585,f,14588
14585,c,14588
14585,a,14588
14584,a,14588
14586,c,14588
14589,e,14589
14588,e,14589
14590,b,14589
14590,d,14589
14590,e,14589
14588,d,14589
14588,b,14589
14589,d,14589
14589,b,14589
14586,e,14589
14585,d,14589
14587,e,14589
14587,d,14589
14587,b,14589
14585,e,14589
14585,b,14589
14586,b,14589
14586,d,14589
14590,f,14590
14590,c,14590
14591,c,14590
14591,f,14590
14589,e,14590
14589,f,14590
14589,c,14590
14591,e,14590
14586,c,14590
14586,f,14590
14588,e,14590
14588,f,14590
14588,c,14590
14586,e,14590
14587,c,14590
14587,f,14590
14587,e,14590
14590,e,14590
14591,e,14591
14592,f,14591
14592,e,14591
14591,f,14591
14587,e,14591
14590,e,14591
14587,f,14591
14590,f,14591
14588,f,14591
14589,e,14591
14589,f,14591
14588,e,14591
14593,f,14592
14592,f,14592
14588,f,14592
14590,f,14592
14591,f,14592
14589,f,14592
14592,e,14594
14595,e,14594
14590,e,14594
14593,e,14594
14591,e,14594
14594,e,14594
14594,f,14595
14596,f,14595
14595,f,14595
14592,f,14595
14591,f,14595
14593,f,14595
14600,c,14599
14599,c,14599
14597,c,14599
14598,c,14599
14596,c,14599
14595,c,14599
14596,f,14600
14597,f,14600
14597,e,14600
14598,f,14600
14598,e,14600
14601,e,14600
14600,e,14600
14599,f,14600
14599,e,14600
14600,f,14600
14596,e,14600
14601,f,14600
14601,f,14601
14602,f,14601
14599,f,14601
14598,f,14601
14597,f,14601
14600,f,14601
14608,f,14609
14608,a,14609
14609,f,14609
14610,a,14609
14610,f,14609
14607,f,14609
14607,a,14609
14606,f,14609
14606,a,14609
14605,f,14609
14605,a,14609
14609,a,14609
14610,b,14610
14610,d,14610
14609,d,14610
14609,b,14610
14611,d,14610
14611,b,14610
14608,d,14610
14608,b,14610
14606,b,14610
14606,d,14610
14607,b,14610
14607,d,14610
14608,f,14611
14611,c,14611
14611,f,14611
14611,e,14611
14610,e,14611
14610,f,14611
14610,c,14611
14608,c,14611
14612,c,14611
14612,e,14611
14609,e,14611
14609,f,14611
14609,c,14611
14607,c,14611
14607,f,14611
14607,e,14611
14608,e,14611
14612,f,14611
14612,f,14612
14611,e,14612
14613,e,14612
14613,f,14612
14612,e,14612
14611,f,14612
14608,f,14612
14610,e,14612
14610,f,14612
14608,e,14612
14609,f,14612
14609,e,14612
14613,f,14613
14614,a,14613
14614,f,14613
14612,f,14613
14612,a,14613
14613,a,14613
14609,a,14613
14611,f,14613
14611,a,14613
14610,a,14613
14610,f,14613
14609,f,14613
14614,b,14614
14614,d,14614
14615,b,14614
14615,d,14614
14610,d,14614
14613,b,14614
14610,b,14614
14613,d,14614
14611,d,14614
14612,b,14614
14612,d,14614
14611,b,14614
14615,c,14615
14616,f,14615
14614,f,14615
14614,c,14615
14611,c,14615
14611,f,14615
14616,c,14615
14613,f,14615
14613,c,14615
14612,c,14615
14612,f,14615
14615,f,14615
14615,e,14616
14616,e,14616
14616,b,14616
14615,b,14616
14612,e,14616
14617,e,14616
14614,e,14616
14613,e,14616
14613,b,14616
14612,b,14616
14617,b,14616
14614,b,14616
14616,f,14617
14617,c,14617
14617,f,14617
14618,c,14617
14616,c,14617
14618,f,14617
14615,f,14617
14615,c,14617
14613,c,14617
14613,f,14617
14614,c,14617
14614,f,14617
14617,e,14618
14618,e,14618
14618,f,14618
14619,e,14618
14617,f,14618
14614,f,14618
14619,f,14618
14615,e,14618
14615,f,14618
14616,e,14618
14616,f,14618
14614,e,14618
14615,f,14619
14615,e,14619
14620,f,14619
14620,e,14619
14618,e,14619
14619,e,14619
14617,e,14619
14617,f,14619
14616,f,14619
14616,e,14619
14619,f,14619
14618,f,14619
14619,c,14620
14619,d,14620
14621,d,14620
14620,d,14620
14620,c,14620
14621,c,14620
14620,f,14620
14619,f,14620
14621,f,14620
14618,f,14620
14618,c,14620
14618,d,14620
14616,d,14620
14616,c,14620
14617,f,14620
14617,c,14620
14617,d,14620
14616,f,14620
14618,e,14621
14622,e,14621
14621,e,14621
14621,f,14621
14620,e,14621
14620,f,14621
14622,f,14621
14618,f,14621
14617,f,14621
14619,e,14621
14619,f,14621
14617,e,14621
14621,f,14622
14620,f,14622
14622,f,14622
14619,f,14622
14618,f,14622
14623,f,14622
14623,b,14623
14619,b,14623
14621,b,14623
14622,b,14623
14624,b,14623
14620,b,14623
14623,b,14624
14624,b,14624
14624,c,14624
14623,c,14624
14622,c,14624
14625,c,14624
14625,b,14624
14621,c,14624
14621,b,14624
14620,b,14624
14620,c,14624
14622,b,14624
14622,c,14625
14625,c,14625
14625,f,14625
14625,e,14625
14624,e,14625
14624,f,14625
14624,c,14625
14626,c,14625
14626,f,14625
14623,e,14625
14623,f,14625
14623,c,14625
14621,c,14625
14621,f,14625
14621,e,14625
14622,f,14625
14626,e,14625
14622,e,14625
14626,e,14626
14625,e,14626
14625,f,14626
14626,f,14626
14622,e,14626
14627,f,14626
14624,e,14626
14624,f,14626
14627,e,14626
14622,f,14626
14623,f,14626
14623,e,14626
14627,f,14627
14626,f,14627
14623,f,14627
14628,f,14627
14625,f,14627
14624,f,14627
14627,d,14628
14628,b,14628
14628,d,14628
14627,b,14628
14629,b,14628
14629,d,14628
14625,d,14628
14624,b,14628
14625,b,14628
14626,b,14628
14624,d,14628
14626,d,14628
14626,c,14629
14629,c,14629
14629,f,14629
14628,f,14629
14628,c,14629
14626,f,14629
14630,c,14629
14625,c,14629
14627,f,14629
14627,c,14629
14625,f,14629
14630,f,14629
14630,a,14630
14629,e,14630
14630,e,14630
14626,a,14630
14629,a,14630
14631,e,14630
14626,e,14630
14631,a,14630
14627,a,14630
14628,e,14630
14628,a,14630
14627,e,14630
14631,b,14631
14631,d,14631
14631,f,14631
14630,f,14631
14630,d,14631
14630,b,14631
14627,b,14631
14627,d,14631
14627,f,14631
14632,b,14631
14632,f,14631
14628,f,14631
14628,d,14631
14629,f,14631
14629,d,14631
14629,b,14631
14632,d,14631
14628,b,14631
14633,c,14632
14632,f,14632
14631,a,14632
14633,f,14632
14632,c,14632
14632,a,14632
14631,f,14632
14631,c,14632
14633,a,14632
14630,c,14632
14630,f,14632
14630,a,14632
14628,a,14632
14628,c,14632
14628,f,14632
14629,a,14632
14629,c,14632
14629,f,14632
14632,d,14633
14634,e,14633
14633,e,14633
14633,d,14633
14633,b,14633
14634,b,14633
14632,e,14633
14632,b,14633
14634,d,14633
14629,d,14633
14630,e,14633
14630,d,14633
14630,b,14633
14629,e,14633
14631,b,14633
14629,b,14633
14631,e,14633
14631,d,14633
14635,f,14634
14634,c,14634
14634,f,14634
14633,f,14634
14631,f,14634
14633,c,14634
14631,c,14634
14632,c,14634
14632,f,14634
14635,c,14634
14630,f,14634
14630,c,14634
14636,d,14635
14635,d,14635
14634,e,14635
14634,d,14635
14636,e,14635
14635,e,14635
14631,d,14635
14633,e,14635
14633,d,14635
14631,e,14635
14632,d,14635
14632,e,14635
14637,f,14636
14635,f,14636
14636,f,14636
14632,f,14636
14634,f,14636
14633,f,14636
14637,f,14637
14638,f,14637
14638,b,14637
14636,f,14637
14636,b,14637
14637,b,14637
14633,f,14637
14633,b,14637
14634,f,14637
14634,b,14637
14635,f,14637
14635,b,14637
14638,c,14638
14638,f,14638
14639,f,14638
14634,c,14638
14637,c,14638
14634,f,14638
14636,f,14638
14636,c,14638
14635,c,14638
14635,f,14638
14639,c,14638
14637,f,14638
14639,e,14639
14638,a,14639
14638,c,14639
14638,e,14639
14640,a,14639
14640,c,14639
14639,c,14639
14640,e,14639
14639,a,14639
14636,c,14639
14635,a,14639
14635,c,14639
14637,e,14639
14637,c,14639
14637,a,14639
14635,e,14639
14636,e,14639
14636,a,14639
14639,b,14640
14639,d,14640
14639,f,14640
14640,d,14640
14640,f,14640
14641,e,14640
14641,d,14640
14641,b,14640
14640,e,14640
14640,b,14640
14639,e,14640
14641,f,14640
14638,e,14640
14638,f,14640
14638,d,14640
14636,b,14640
14636,d,14640
14636,f,14640
14638,b,14640
14636,e,14640
14637,e,14640
14637,f,14640
14637,d,14640
14637,b,14640
14638,f,14641
14642,f,14641
14642,c,14641
14641,f,14641
14640,f,14641
14641,c,14641
14637,c,14641
14637,f,14641
14639,f,14641
14639,c,14641
14640,c,14641
14638,c,14641
14640,e,14642
14643,e,14642
14639,e,14642
14638,e,14642
14641,e,14642
14642,e,14642
14644,f,14643
14643,f,14643
14642,f,14643
14641,f,14643
14640,f,14643
14639,f,14643
14643,c,14644
14644,c,14644
14640,c,14644
14645,c,14644
14642,c,14644
14641,c,14644
14642,e,14645
14645,e,14645
14643,e,14645
14646,e,14645
14644,e,14645
14641,e,14645
14647,c,14646
14646,c,14646
14647,f,14646
14645,c,14646
14646,f,14646
14645,f,14646
14642,c,14646
14644,f,14646
14644,c,14646
14642,f,14646
14643,c,14646
14643,f,14646
14647,b,14647
14647,e,14647
14646,e,14647
14646,b,14647
14648,b,14647
14644,e,14647
14645,e,14647
14645,b,14647
14643,b,14647
14643,e,14647
14644,b,14647
14648,e,14647
14648,c,14648
14648,f,14648
14647,f,14648
14649,c,14648
14649,f,14648
14647,c,14648
14644,f,14648
14646,f,14648
14646,c,14648
14645,c,14648
14645,f,14648
14644,c,14648
14649,b,14649
14649,e,14649
14648,b,14649
14645,b,14649
14645,e,14649
14648,e,14649
14650,b,14649
14647,e,14649
14647,b,14649
14650,e,14649
14646,b,14649
14646,e,14649
14649,c,14650
14651,c,14650
14649,f,14650
14646,c,14650
14648,f,14650
14648,c,14650
14646,f,14650
14647,f,14650
14647,c,14650
14650,c,14650
14651,f,14650
14650,f,14650
14651,e,14651
14652,e,14651
14650,e,14651
14647,e,14651
14649,e,14651
14648,e,14651
14650,f,14652
14648,f,14652
14651,f,14652
14652,f,14652
14653,f,14652
14649,f,14652
14657,f,14657
14658,f,14657
14656,f,14657
14653,f,14657
14655,f,14657
14654,f,14657
14655,a,14658
14654,a,14658
14656,a,14658
14659,a,14658
14657,a,14658
14658,a,14658
14660,e,14659
14660,d,14659
14660,b,14659
14659,e,14659
14659,d,14659
14659,b,14659
14658,e,14659
14658,d,14659
14658,b,14659
14655,b,14659
14655,d,14659
14655,e,14659
14657,d,14659
14657,b,14659
14656,b,14659
14656,d,14659
14656,e,14659
14657,e,14659
14657,c,14660
14660,c,14660
14661,c,14660
14661,f,14660
14659,e,14660
14659,f,14660
14659,c,14660
14661,e,14660
14656,f,14660
14658,e,14660
14658,f,14660
14658,c,14660
14656,e,14660
14660,f,14660
14657,e,14660
14657,f,14660
14656,c,14660
14660,e,14660
14661,f,14661
14661,e,14661
14660,e,14661
14662,f,14661
14662,e,14661
14658,e,14661
14659,e,14661
14659,f,14661
14658,f,14661
14657,e,14661
14657,f,14661
14660,f,14661
14659,f,14662
14660,f,14662
14658,f,14662
14661,f,14662
14662,f,14662
14663,f,14662
14666,d,14666
14665,c,14666
14665,d,14666
14667,c,14666
14666,c,14666
14664,c,14666
14667,d,14666
14662,d,14666
14663,c,14666
14664,d,14666
14663,d,14666
14662,c,14666
14663,e,14667
14668,e,14667
14668,f,14667
14667,e,14667
14666,e,14667
14666,f,14667
14667,f,14667
14665,e,14667
14665,f,14667
14663,f,14667
14664,f,14667
14664,e,14667
14665,f,14668
14668,f,14668
14669,f,14668
14664,f,14668
14666,f,14668
14667,f,14668
14671,b,14675
14672,b,14675
14673,b,14675
14676,b,14675
14674,b,14675
14675,b,14675
14675,c,14676
14677,f,14676
14677,c,14676
14676,f,14676
14676,c,14676
14675,f,14676
14674,f,14676
14674,c,14676
14673,f,14676
14673,c,14676
14672,c,14676
14672,f,14676
14675,e,14677
14674,e,14677
14673,e,14677
14676,e,14677
14678,e,14677
14677,e,14677
14674,f,14678
14678,f,14678
14677,f,14678
14676,f,14678
14675,f,14678
14679,f,14678
14678,a,14679
14676,a,14679
14675,a,14679
14677,a,14679
14680,a,14679
14679,a,14679
14681,b,14680
14679,d,14680
14680,d,14680
14679,b,14680
14681,d,14680
14677,b,14680
14678,d,14680
14678,b,14680
14677,d,14680
14676,d,14680
14676,b,14680
14680,b,14680
14681,c,14681
14682,c,14681
14682,f,14681
14680,f,14681
14680,c,14681
14681,f,14681
14677,c,14681
14679,f,14681
14679,c,14681
14678,f,14681
14678,c,14681
14677,f,14681
14679,e,14682
14680,e,14682
14683,e,14682
14678,e,14682
14681,e,14682
14682,e,14682
14683,f,14683
14682,f,14683
14679,f,14683
14684,f,14683
14681,f,14683
14680,f,14683
14684,a,14684
14684,d,14684
14681,d,14684
14681,a,14684
14680,d,14684
14682,a,14684
14682,d,14684
14683,d,14684
14683,a,14684
14685,d,14684
14685,a,14684
14680,a,14684
14684,b,14685
14686,d,14685
14686,f,14685
14685,d,14685
14685,f,14685
14686,b,14685
14684,f,14685
14685,b,14685
14684,d,14685
14681,d,14685
14682,f,14685
14682,d,14685
14682,b,14685
14683,f,14685
14683,d,14685
14683,b,14685
14681,b,14685
14681,f,14685
14685,b,14686
14685,c,14686
14685,f,14686
14683,f,14686
14682,b,14686
14686,b,14686
14686,c,14686
14686,f,14686
14683,c,14686
14687,f,14686
14687,c,14686
14682,c,14686
14687,b,14686
14682,f,14686
14683,b,14686
14684,c,14686
14684,f,14686
14684,b,14686
14687,e,14687
14687,c,14687
14687,b,14687
14683,b,14687
14686,e,14687
14686,f,14687
14686,c,14687
14686,b,14687
14683,f,14687
14683,e,14687
14687,f,14687
14683,c,14687
14685,b,14687
14688,c,14687
14688,f,14687
14688,e,14687
14684,e,14687
14684,f,14687
14685,e,14687
14685,f,14687
14688,b,14687
14685,c,14687
14684,c,14687
14684,b,14687
14688,e,14688
14689,f,14688
14687,e,14688
14688,f,14688
14688,c,14688
14689,e,14688
14687,c,14688
14689,c,14688
14687,f,14688
14684,f,14688
14685,e,14688
14685,f,14688
14685,c,14688
14684,e,14688
14684,c,14688
14686,f,14688
14686,c,14688
14686,e,14688
14688,f,14689
14688,a,14689
14688,e,14689
14689,e,14689
14689,f,14689
14689,a,14689
14685,a,14689
14685,f,14689
14690,a,14689
14685,e,14689
14690,e,14689
14686,e,14689
14690,f,14689
14686,a,14689
14687,a,14689
14687,f,14689
14686,f,14689
14687,e,14689
14690,f,14690
14690,d,14690
14690,b,14690
14689,f,14690
14689,d,14690
14689,b,14690
14689,a,14690
14690,a,14690
14691,f,14690
14691,d,14690
14691,a,14690
14686,d,14690
14691,b,14690
14686,f,14690
14687,f,14690
14687,d,14690
14686,a,14690
14688,f,14690
14688,d,14690
14688,b,14690
14688,a,14690
14686,b,14690
14687,a,14690
14687,b,14690
14687,d,14691
14690,d,14691
14690,c,14691
14691,b,14691
14687,b,14691
14690,b,14691
14692,d,14691
14692,b,14691
14691,d,14691
14692,c,14691
14689,c,14691
14689,d,14691
14689,b,14691
14688,b,14691
14688,d,14691
14688,c,14691
14687,c,14691
14691,c,14691
14693,e,14692
14691,e,14692
14692,c,14692
14692,e,14692
14691,c,14692
14693,c,14692
14690,e,14692
14688,e,14692
14688,c,14692
14690,c,14692
14689,c,14692
14689,e,14692
14693,c,14693
14694,c,14693
14694,f,14693
14694,e,14693
14692,e,14693
14692,f,14693
14692,c,14693
14693,f,14693
14689,c,14693
14689,e,14693
14691,e,14693
14691,f,14693
14691,c,14693
14690,c,14693
14690,f,14693
14690,e,14693
14689,f,14693
14693,e,14693
14694,f,14694
14694,e,14694
14695,f,14694
14695,e,14694
14693,e,14694
14693,f,14694
14690,f,14694
14690,e,14694
14691,f,14694
14691,e,14694
14692,e,14694
14692,f,14694
14694,f,14695
14695,f,14695
14696,f,14695
14692,f,14695
14693,f,14695
14691,f,14695
14696,c,14696
14694,c,14696
14697,c,14696
14693,c,14696
14695,c,14696
14692,c,14696
14697,e,14697
14698,e,14697
14696,e,14697
14693,e,14697
14695,e,14697
14694,e,14697
14695,f,14698
14698,f,14698
14697,f,14698
14699,f,14698
14696,f,14698
14694,f,14698
14696,d,14699
14695,d,14699
14700,d,14699
14699,d,14699
14698,d,14699
14697,d,14699
14701,f,14700
14700,f,14700
14699,f,14700
14696,f,14700
14698,f,14700
14697,f,14700
14698,f,14701
14699,f,14701
14697,f,14701
14700,f,14701
14701,f,14701
14702,f,14701
14699,e,14702
14700,e,14702
14698,e,14702
14701,e,14702
14703,e,14702
14702,e,14702
14704,f,14703
14703,f,14703
14701,f,14703
14700,f,14703
14699,f,14703
14702,f,14703
14702,e,14706
14705,e,14706
14703,e,14706
14704,e,14706
14707,e,14706
14706,e,14706
14707,f,14707
14706,f,14707
14703,f,14707
14705,f,14707
14704,f,14707
14708,f,14707
14704,d,14708
14706,d,14708
14709,d,14708
14708,d,14708
14707,d,14708
14705,d,14708
14710,f,14709
14709,e,14709
14709,f,14709
14708,e,14709
14710,e,14709
14708,f,14709
14707,e,14709
14707,f,14709
14705,f,14709
14706,e,14709
14706,f,14709
14705,e,14709
14707,e,14710
14707,f,14710
14710,e,14710
14710,f,14710
14709,e,14710
14711,f,14710
14709,f,14710
14708,e,14710
14708,f,14710
14706,f,14710
14706,e,14710
14711,e,14710
14709,f,14711
14712,f,14711
14710,f,14711
14707,f,14711
14711,f,14711
14708,f,14711
14714,b,14713
14711,b,14713
14713,b,14713
14710,b,14713
14712,b,14713
14709,b,14713
14714,c,14714
14713,f,14714
14713,c,14714
14714,f,14714
14715,c,14714
14711,f,14714
14710,c,14714
14712,c,14714
14710,f,14714
14711,c,14714
14715,f,14714
14712,f,14714
14712,d,14715
14715,e,14715
14714,e,14715
14714,d,14715
14716,d,14715
14713,e,14715
14713,d,14715
14711,d,14715
14711,e,14715
14712,e,14715
14716,e,14715
14715,d,14715
14716,d,14716
14716,f,14716
14717,d,14716
14715,d,14716
14717,f,14716
14715,f,14716
14714,f,14716
14714,d,14716
14713,f,14716
14713,d,14716
14712,f,14716
14712,d,14716
14714,f,14717
14717,f,14717
14718,f,14717
14713,f,14717
14715,f,14717
14716,f,14717
14724,a,14725
14721,a,14725
14722,a,14725
14723,a,14725
14726,a,14725
14725,a,14725
14726,d,14726
14725,d,14726
14725,b,14726
14727,b,14726
14727,d,14726
14723,b,14726
14724,b,14726
14723,d,14726
14722,d,14726
14722,b,14726
14724,d,14726
14726,b,14726
14727,c,14727
14727,f,14727
14728,c,14727
14726,f,14727
14726,c,14727
14728,f,14727
14725,f,14727
14725,c,14727
14723,c,14727
14724,f,14727
14724,c,14727
14723,f,14727
14725,e,14728
14729,e,14728
14727,e,14728
14728,e,14728
14726,e,14728
14724,e,14728
14727,f,14729
14726,f,14729
14725,f,14729
14728,f,14729
14729,f,14729
14730,f,14729
14733,c,14732
14730,c,14732
14729,c,14732
14728,c,14732
14732,c,14732
14731,c,14732
14733,e,14733
14732,e,14733
14734,e,14733
14730,e,14733
14729,e,14733
14731,e,14733
14731,d,14734
14734,f,14734
14735,d,14734
14733,f,14734
14733,c,14734
14733,d,14734
14730,d,14734
14734,d,14734
14735,f,14734
14735,c,14734
14732,f,14734
14732,c,14734
14732,d,14734
14730,c,14734
14730,f,14734
14731,f,14734
14731,c,14734
14734,c,14734
14735,e,14735
14736,e,14735
14734,e,14735
14734,f,14735
14735,f,14735
14736,f,14735
14733,e,14735
14731,f,14735
14731,e,14735
14732,f,14735
14733,f,14735
14732,e,14735
14733,f,14736
14736,f,14736
14735,f,14736
14734,f,14736
14732,f,14736
14737,f,14736
14737,c,14737
14735,c,14737
14738,c,14737
14733,c,14737
14734,c,14737
14736,c,14737
14739,d,14738
14739,e,14738
14738,e,14738
14738,d,14738
14737,d,14738
14737,e,14738
14736,e,14738
14736,d,14738
14734,d,14738
14734,e,14738
14735,d,14738
14735,e,14738
14736,f,14739
14739,f,14739
14739,d,14739
14736,d,14739
14738,d,14739
14735,d,14739
14738,f,14739
14740,d,14739
14740,f,14739
14735,f,14739
14737,f,14739
14737,d,14739
14739,d,14740
14739,f,14740
14741,d,14740
14741,f,14740
14740,f,14740
14736,f,14740
14738,f,14740
14738,d,14740
14737,d,14740
14737,f,14740
14740,d,14740
14736,d,14740
14740,b,14741
14741,e,14741
14742,b,14741
14741,b,14741
14741,f,14741
14742,f,14741
14740,f,14741
14740,e,14741
14742,e,14741
14738,f,14741
14737,b,14741
14737,f,14741
14738,b,14741
14739,e,14741
14739,f,14741
14739,b,14741
14738,e,14741
14737,e,14741
14742,c,14742
14741,b,14742
14743,c,14742
14741,f,14742
14743,b,14742
14742,f,14742
14741,c,14742
14738,b,14742
14743,f,14742
14738,f,14742
14739,c,14742
14739,b,14742
14742,b,14742
14738,c,14742
14740,b,14742
14739,f,14742
14740,f,14742
14740,c,14742
14744,c,14743
14743,e,14743
14742,e,14743
14742,f,14743
14742,c,14743
14743,f,14743
14744,f,14743
14744,e,14743
14743,c,14743
14739,c,14743
14741,e,14743
14741,f,14743
14741,c,14743
14739,f,14743
14739,e,14743
14740,e,14743
14740,f,14743
14740,c,14743
14741,e,14744
14745,e,14744
14745,f,14744
14744,e,14744
14744,f,14744
14743,f,14744
14740,f,14744
14740,e,14744
14742,e,14744
14742,f,14744
14741,f,14744
14743,e,14744
14748,a,14749
14750,a,14749
14747,a,14749
14749,a,14749
14746,a,14749
14745,a,14749
14750,f,14750
14750,d,14750
14750,b,14750
14749,f,14750
14749,d,14750
14751,f,14750
14751,d,14750
14751,b,14750
14749,b,14750
14746,d,14750
14748,d,14750
14748,b,14750
14746,f,14750
14747,b,14750
14747,d,14750
14747,f,14750
14748,f,14750
14746,b,14750
14751,c,14751
14751,f,14751
14750,f,14751
14750,c,14751
14748,c,14751
14749,f,14751
14749,c,14751
14747,c,14751
14747,f,14751
14748,f,14751
14752,c,14751
14752,f,14751
14752,e,14752
14753,d,14752
14751,e,14752
14751,d,14752
14753,e,14752
14752,d,14752
14748,d,14752
14750,e,14752
14750,d,14752
14749,d,14752
14749,e,14752
14748,e,14752
14753,a,14753
14753,f,14753
14754,a,14753
14752,f,14753
14752,a,14753
14749,a,14753
14749,f,14753
14751,f,14753
14751,a,14753
14750,a,14753
14750,f,14753
14754,f,14753
14754,b,14754
14754,d,14754
14755,b,14754
14750,d,14754
14753,b,14754
14755,d,14754
14750,b,14754
14753,d,14754
14751,b,14754
14752,d,14754
14752,b,14754
14751,d,14754
14756,f,14755
14756,c,14755
14755,f,14755
14755,c,14755
14754,f,14755
14754,c,14755
14752,f,14755
14751,f,14755
14753,f,14755
14751,c,14755
14753,c,14755
14752,c,14755
14754,e,14756
14757,e,14756
14752,e,14756
14753,e,14756
14755,e,14756
14756,e,14756
14757,f,14757
14756,f,14757
14755,f,14757
14754,f,14757
14753,f,14757
14758,f,14757
14761,e,14760
14760,e,14760
14759,e,14760
14756,e,14760
14758,e,14760
14757,e,14760
14762,f,14761
14761,f,14761
14760,f,14761
14758,f,14761
14759,f,14761
14757,f,14761
14759,f,14762
14760,f,14762
14763,f,14762
14761,f,14762
14762,f,14762
14758,f,14762
14764,e,14763
14762,e,14763
14761,e,14763
14759,e,14763
14760,e,14763
14763,e,14763
14765,f,14764
14763,f,14764
14764,f,14764
14762,f,14764
14761,f,14764
14760,f,14764
14763,c,14766
14767,c,14766
14764,c,14766
14765,c,14766
14766,c,14766
14762,c,14766
14763,e,14767
14764,e,14767
14765,e,14767
14766,e,14767
14768,e,14767
14767,e,14767
14769,f,14768
14768,f,14768
14764,f,14768
14766,f,14768
14765,f,14768
14767,f,14768
14767,f,14771
14768,f,14771
14769,f,14771
14770,f,14771
14771,f,14771
14772,f,14771
14773,b,14774
14775,b,14774
14772,b,14774
14771,b,14774
14770,b,14774
14774,b,14774
14776,f,14775
14775,f,14775
14775,c,14775
14774,c,14775
14776,c,14775
14774,f,14775
14771,f,14775
14773,f,14775
14773,c,14775
14772,c,14775
14772,f,14775
14771,c,14775
14777,e,14776
14775,e,14776
14772,e,14776
14776,e,14776
14774,e,14776
14773,e,14776
14776,a,14777
14776,f,14777
14777,f,14777
14778,a,14777
14778,f,14777
14773,a,14777
14775,f,14777
14777,a,14777
14774,f,14777
14774,a,14777
14773,f,14777
14775,a,14777
14777,d,14778
14778,d,14778
14779,b,14778
14779,d,14778
14778,b,14778
14777,b,14778
14775,b,14778
14775,d,14778
14776,d,14778
14776,b,14778
14774,b,14778
14774,d,14778
14780,f,14779
14775,c,14779
14778,f,14779
14779,f,14779
14779,c,14779
14777,c,14779
14775,f,14779
14776,c,14779
14776,f,14779
14780,c,14779
14777,f,14779
14778,c,14779
14779,d,14780
14779,e,14780
14781,d,14780
14780,e,14780
14780,c,14780
14780,d,14780
14779,c,14780
14781,c,14780
14776,c,14780
14778,e,14780
14778,c,14780
14776,d,14780
14777,e,14780
14777,c,14780
14777,d,14780
14776,e,14780
14781,e,14780
14778,d,14780
14782,e,14781
14781,f,14781
14781,e,14781
14782,f,14781
14780,e,14781
14780,f,14781
14778,e,14781
14779,f,14781
14777,e,14781
14778,f,14781
14777,f,14781
14779,e,14781
14780,a,14782
14782,a,14782
14782,f,14782
14781,f,14782
14781,a,14782
14779,f,14782
14779,a,14782
14778,a,14782
14783,a,14782
14783,f,14782
14780,f,14782
14778,f,14782
14784,b,14783
14783,b,14783
14783,d,14783
14782,d,14783
14782,b,14783
14779,d,14783
14779,b,14783
14784,d,14783
14780,b,14783
14780,d,14783
14781,d,14783
14781,b,14783
14783,f,14784
14783,c,14784
14783,d,14784
14780,d,14784
14780,c,14784
14785,d,14784
14785,c,14784
14785,f,14784
14780,f,14784
14784,c,14784
14782,f,14784
14782,c,14784
14782,d,14784
14781,d,14784
14781,c,14784
14781,f,14784
14784,d,14784
14784,f,14784
14784,c,14785
14784,f,14785
14786,c,14785
14786,f,14785
14785,c,14785
14785,f,14785
14786,e,14785
14784,e,14785
14785,e,14785
14783,f,14785
14781,f,14785
14781,c,14785
14783,e,14785
14783,c,14785
14782,c,14785
14782,f,14785
14782,e,14785
14781,e,14785
14787,f,14786
14786,f,14786
14785,e,14786
14785,f,14786
14787,e,14786
14782,e,14786
14786,e,14786
14784,e,14786
14784,f,14786
14783,f,14786
14783,e,14786
14782,f,14786
14786,b,14787
14786,f,14787
14787,f,14787
14787,b,14787
14788,b,14787
14783,b,14787
14785,f,14787
14783,f,14787
14784,f,14787
14784,b,14787
14788,f,14787
14785,b,14787
14788,a,14788
14787,f,14788
14788,c,14788
14788,f,14788
14789,a,14788
14789,c,14788
14789,f,14788
14787,c,14788
14787,a,14788
14785,a,14788
14785,f,14788
14786,f,14788
14786,c,14788
14786,a,14788
14784,f,14788
14785,c,14788
14784,a,14788
14784,c,14788
14786,e,14789
14788,d,14789
14788,e,14789
14789,d,14789
14790,b,14789
14790,d,14789
14790,e,14789
14789,e,14789
14788,b,14789
14789,b,14789
14785,b,14789
14786,d,14789
14786,b,14789
14787,b,14789
14787,d,14789
14787,e,14789
14785,e,14789
14785,d,14789
14787,c,14790
14791,c,14790
14788,c,14790
14786,c,14790
14790,c,14790
14789,c,14790
14789,e,14791
14791,e,14791
14790,e,14791
14787,e,14791
14792,e,14791
14788,e,14791
14788,a,14792
14792,f,14792
14791,f,14792
14791,a,14792
14789,a,14792
14788,f,14792
14793,a,14792
14793,f,14792
14789,f,14792
14790,a,14792
14792,a,14792
14790,f,14792
14793,d,14793
14794,d,14793
14794,b,14793
14792,b,14793
14793,b,14793
14792,d,14793
14789,b,14793
14791,d,14793
14791,b,14793
14789,d,14793
14790,b,14793
14790,d,14793
14791,f,14794
14795,c,14794
14793,f,14794
14793,c,14794
14790,c,14794
14790,f,14794
14795,f,14794
14792,f,14794
14792,c,14794
14791,c,14794
14794,c,14794
14794,f,14794
14795,e,14795
14794,e,14795
14791,e,14795
14796,e,14795
14793,e,14795
14792,e,14795
14794,f,14796
14792,f,14796
14795,f,14796
14793,f,14796
14797,f,14796
14796,f,14796
14798,a,14798
14796,a,14798
14797,a,14798
14799,a,14798
14794,a,14798
14795,a,14798
14799,b,14799
14799,d,14799
14798,d,14799
14798,b,14799
14798,a,14799
14800,a,14799
14800,b,14799
14800,d,14799
14799,a,14799
14797,d,14799
14795,d,14799
14796,d,14799
14795,b,14799
14797,a,14799
14796,a,14799
14795,a,14799
14797,b,14799
14796,b,14799
14799,b,14800
14799,d,14800
14799,c,14800
14799,f,14800
14800,f,14800
14801,c,14800
14801,d,14800
14801,b,14800
14800,b,14800
14800,c,14800
14801,f,14800
14800,d,14800
14798,b,14800
14796,d,14800
14797,c,14800
14797,d,14800
14797,b,14800
14797,f,14800
14798,d,14800
14796,c,14800
14798,f,14800
14796,b,14800
14796,f,14800
14798,c,14800
14801,f,14801
14802,c,14801
14800,e,14801
14800,f,14801
14800,c,14801
14801,c,14801
14801,e,14801
14802,e,14801
14797,e,14801
14798,e,14801
14798,f,14801
14798,c,14801
14799,c,14801
14797,c,14801
14799,f,14801
14797,f,14801
14802,f,14801
14799,e,14801
14803,f,14802
14801,f,14802
14802,e,14802
14803,e,14802
14802,f,14802
14798,e,14802
14801,e,14802
14798,f,14802
14799,f,14802
14800,e,14802
14799,e,14802
14800,f,14802
14803,f,14803
14803,e,14803
14804,c,14803
14804,f,14803
14802,e,14803
14802,f,14803
14802,c,14803
14799,c,14803
14799,f,14803
14803,c,14803
14799,e,14803
14801,e,14803
14801,f,14803
14801,c,14803
14800,c,14803
14800,f,14803
14800,e,14803
14804,e,14803
14804,f,14804
14804,e,14804
14805,f,14804
14805,e,14804
14800,e,14804
14803,f,14804
14800,f,14804
14803,e,14804
14801,f,14804
14801,e,14804
14802,e,14804
14802,f,14804
14804,e,14805
14806,e,14805
14805,e,14805
14805,f,14805
14805,a,14805
14806,f,14805
14804,f,14805
14804,a,14805
14801,a,14805
14801,f,14805
14806,a,14805
14803,f,14805
14803,e,14805
14802,e,14805
14802,f,14805
14802,a,14805
14803,a,14805
14801,e,14805
14802,b,14806
14806,b,14806
14806,d,14806
14805,d,14806
14805,b,14806
14802,d,14806
14807,b,14806
14807,d,14806
14804,d,14806
14804,b,14806
14803,b,14806
14803,d,14806
14807,c,14807
14806,d,14807
14808,c,14807
14806,c,14807
14808,d,14807
14807,d,14807
14803,c,14807
14804,d,14807
14805,c,14807
14805,d,14807
14804,c,14807
14803,d,14807
14807,f,14808
14809,e,14808
14804,f,14808
14808,e,14808
14808,f,14808
14806,e,14808
14806,f,14808
14804,e,14808
14805,f,14808
14805,e,14808
14807,e,14808
14809,f,14808
14808,b,14809
14805,b,14809
14810,b,14809
14810,f,14809
14809,f,14809
14809,b,14809
14808,f,14809
14807,f,14809
14806,b,14809
14806,f,14809
14807,b,14809
14805,f,14809
14807,f,14810
14811,c,14810
14810,f,14810
14810,c,14810
14809,f,14810
14811,f,14810
14809,c,14810
14806,f,14810
14808,f,14810
14808,c,14810
14807,c,14810
14806,c,14810
14809,e,14811
14807,e,14811
14808,e,14811
14810,e,14811
14812,e,14811
14811,e,14811
14812,f,14812
14813,f,14812
14809,f,14812
14810,f,14812
14808,f,14812
14811,f,14812
14816,e,14816
14815,e,14816
14814,e,14816
14817,e,14816
14813,e,14816
14812,e,14816
14814,f,14817
14818,f,14817
14817,f,14817
14813,f,14817
14816,f,14817
14815,f,14817
14816,e,14820
14820,a,14820
14819,e,14820
14819,a,14820
14820,e,14820
14816,a,14820
14818,a,14820
14818,e,14820
14821,a,14820
14817,e,14820
14817,a,14820
14821,e,14820
14821,f,14821
14822,b,14821
14820,f,14821
14820,d,14821
14820,b,14821
14822,d,14821
14822,f,14821
14821,d,14821
14819,f,14821
14819,d,14821
14819,b,14821
14821,b,14821
14818,f,14821
14818,d,14821
14818,b,14821
14817,f,14821
14817,d,14821
14817,b,14821
14823,c,14822
14821,f,14822
14821,c,14822
14823,f,14822
14822,c,14822
14822,f,14822
14820,f,14822
14820,c,14822
14819,f,14822
14819,c,14822
14818,f,14822
14818,c,14822
14824,e,14823
14820,e,14823
14821,e,14823
14823,e,14823
14819,e,14823
14822,e,14823
14824,e,14824
14823,e,14824
14823,f,14824
14824,f,14824
14825,f,14824
14820,f,14824
14820,e,14824
14822,f,14824
14821,e,14824
14821,f,14824
14825,e,14824
14822,e,14824
14825,b,14825
14824,f,14825
14824,b,14825
14825,f,14825
14826,b,14825
14826,f,14825
14823,f,14825
14823,b,14825
14821,b,14825
14821,f,14825
14822,b,14825
14822,f,14825
14825,c,14826
14827,f,14826
14826,f,14826
14826,c,14826
14826,d,14826
14825,f,14826
14827,c,14826
14825,d,14826
14822,d,14826
14827,d,14826
14822,c,14826
14824,f,14826
14824,c,14826
14824,d,14826
14823,c,14826
14823,d,14826
14822,f,14826
14823,f,14826
14823,e,14827
14827,f,14827
14827,e,14827
14826,e,14827
14826,f,14827
14823,f,14827
14828,f,14827
14828,e,14827
14825,e,14827
14825,f,14827
14824,f,14827
14824,e,14827
14828,f,14828
14828,e,14828
14827,f,14828
14827,e,14828
14829,e,14828
14829,f,14828
14824,e,14828
14826,e,14828
14826,f,14828
14824,f,14828
14825,f,14828
14825,e,14828
14830,f,14829
14830,c,14829
14829,f,14829
14829,c,14829
14828,f,14829
14828,c,14829
14826,f,14829
14825,f,14829
14826,c,14829
14825,c,14829
14827,c,14829
14827,f,14829
14826,e,14830
14830,e,14830
14829,e,14830
14827,e,14830
14831,e,14830
14828,e,14830
14827,a,14831
14829,a,14831
14830,a,14831
14828,a,14831
14832,a,14831
14831,a,14831
14832,e,14832
14831,b,14832
14831,d,14832
14833,e,14832
14831,c,14832
14831,e,14832
14832,b,14832
14832,d,14832
14832,c,14832
14833,f,14832
14833,c,14832
14833,d,14832
14833,b,14832
14831,f,14832
14832,f,14832
14830,c,14832
14829,e,14832
14829,d,14832
14829,b,14832
14828,e,14832
14829,c,14832
14828,c,14832
14830,b,14832
14828,f,14832
14830,f,14832
14830,e,14832
14828,d,14832
14828,b,14832
14830,d,14832
14829,f,14832
14834,c,14833
14834,f,14833
14832,e,14833
14832,f,14833
14832,c,14833
14833,f,14833
14833,c,14833
14830,f,14833
14834,e,14833
14830,e,14833
14829,e,14833
14829,f,14833
14830,c,14833
14829,c,14833
14833,e,14833
14831,f,14833
14831,e,14833
14831,c,14833
14833,f,14834
14835,e,14834
14834,f,14834
14834,e,14834
14835,d,14834
14835,f,14834
14834,d,14834
14833,e,14834
14831,d,14834
14833,d,14834
14832,e,14834
14832,f,14834
14832,d,14834
14831,e,14834
14831,f,14834
14830,e,14834
14830,d,14834
14830,f,14834
14836,f,14835
14835,f,14835
14832,f,14835
14831,f,14835
14833,f,14835
14834,f,14835
14837,b,14839
14839,f,14839
14838,f,14839
14838,b,14839
14838,a,14839
14840,a,14839
14840,b,14839
14840,f,14839
14837,f,14839
14837,a,14839
14839,a,14839
14836,b,14839
14835,a,14839
14835,b,14839
14835,f,14839
14836,a,14839
14839,b,14839
14836,f,14839
14839,b,14840
14839,d,14840
14841,d,14840
14841,b,14840
14840,b,14840
14840,d,14840
14840,c,14840
14840,f,14840
14841,c,14840
14839,c,14840
14841,f,14840
14839,f,14840
14838,f,14840
14836,d,14840
14836,b,14840
14837,f,14840
14838,b,14840
14838,d,14840
14838,c,14840
14836,c,14840
14836,f,14840
14837,b,14840
14837,d,14840
14837,c,14840
14840,c,14841
14840,d,14841
14840,a,14841
14840,e,14841
14838,a,14841
14838,d,14841
14841,a,14841
14841,c,14841
14841,f,14841
14841,e,14841
14842,a,14841
14842,d,14841
14842,c,14841
14842,f,14841
14841,d,14841
14837,a,14841
14840,f,14841
14837,c,14841
14838,c,14841
14838,f,14841
14838,e,14841
14837,e,14841
14837,f,14841
14842,e,14841
14837,d,14841
14839,d,14841
14839,c,14841
14839,a,14841
14839,f,14841
14839,e,14841
14840,d,14842
14838,b,14842
14842,d,14842
14842,f,14842
14842,e,14842
14843,b,14842
14841,e,14842
14841,f,14842
14841,d,14842
14841,b,14842
14840,b,14842
14838,f,14842
14838,e,14842
14838,d,14842
14839,f,14842
14840,f,14842
14840,e,14842
14839,e,14842
14843,e,14842
14842,b,14842
14843,d,14842
14839,b,14842
14839,d,14842
14843,f,14842
14843,a,14843
14842,f,14843
14842,c,14843
14843,c,14843
14843,f,14843
14844,f,14843
14844,c,14843
14844,a,14843
14842,a,14843
14841,c,14843
14839,c,14843
14840,a,14843
14841,a,14843
14839,f,14843
14840,c,14843
14839,a,14843
14840,f,14843
14841,f,14843
14844,d,14844
14844,e,14844
14845,e,14844
14843,e,14844
14845,d,14844
14843,d,14844
14845,b,14844
14844,b,14844
14841,e,14844
14843,b,14844
14840,d,14844
14841,d,14844
14840,e,14844
14841,b,14844
14842,b,14844
14842,d,14844
14842,e,14844
14840,b,14844
14844,c,14845
14842,c,14845
14846,c,14845
14845,c,14845
14843,c,14845
14841,c,14845
14845,c,14846
14845,f,14846
14845,e,14846
14846,c,14846
14847,f,14846
14847,c,14846
14847,e,14846
14846,e,14846
14844,e,14846
14844,f,14846
14844,c,14846
14846,f,14846
14843,e,14846
14843,f,14846
14843,c,14846
14842,e,14846
14842,f,14846
14842,c,14846
14848,f,14847
14846,e,14847
14848,e,14847
14847,f,14847
14847,e,14847
14845,f,14847
14845,e,14847
14844,e,14847
14844,f,14847
14843,e,14847
14846,f,14847
14843,f,14847
14845,f,14848
14846,f,14848
14844,f,14848
14847,f,14848
14848,f,14848
14849,f,14848
14848,b,14850
14847,b,14850
14849,b,14850
14846,b,14850
14851,b,14850
14850,b,14850
14852,c,14851
14852,d,14851
14850,c,14851
14850,f,14851
14852,f,14851
14851,d,14851
14850,d,14851
14849,f,14851
14851,f,14851
14849,d,14851
14848,f,14851
14848,c,14851
14848,d,14851
14851,c,14851
14847,f,14851
14847,c,14851
14847,d,14851
14849,c,14851
14852,f,14852
14852,e,14852
14853,e,14852
14851,f,14852
14853,f,14852
14851,e,14852
14850,e,14852
14850,f,14852
14849,e,14852
14849,f,14852
14848,e,14852
14848,f,14852
14851,f,14853
14849,f,14853
14852,f,14853
14850,f,14853
14853,f,14853
14854,f,14853
14858,a,14858
14857,a,14858
14856,a,14858
14859,a,14858
14854,a,14858
14855,a,14858
14855,b,14859
14859,d,14859
14858,d,14859
14858,b,14859
14860,b,14859
14855,d,14859
14860,d,14859
14857,d,14859
14857,b,14859
14856,d,14859
14859,b,14859
14856,b,14859
14860,f,14860
14861,f,14860
14859,f,14860
14859,c,14860
14860,c,14860
14861,c,14860
14856,f,14860
14858,f,14860
14858,c,14860
14856,c,14860
14857,c,14860
14857,f,14860
14861,e,14861
14860,e,14861
14858,e,14861
14859,e,14861
14857,e,14861
14862,e,14861
14861,f,14862
14860,f,14862
14858,f,14862
14863,f,14862
14862,f,14862
14859,f,14862
14864,d,14863
14862,d,14863
14863,d,14863
14859,d,14863
14861,d,14863
14860,d,14863
14864,f,14864
14861,b,14864
14863,f,14864
14863,b,14864
14860,b,14864
14865,b,14864
14861,f,14864
14862,f,14864
14862,b,14864
14860,f,14864
14864,b,14864
14865,f,14864
14865,c,14865
14865,f,14865
14866,c,14865
14864,c,14865
14866,f,14865
14864,f,14865
14861,c,14865
14863,f,14865
14863,c,14865
14861,f,14865
14862,f,14865
14862,c,14865
14867,e,14866
14866,e,14866
14865,e,14866
14863,e,14866
14862,e,14866
14864,e,14866
14865,f,14867
14863,f,14867
14864,f,14867
14866,f,14867
14867,f,14867
14868,f,14867
14869,c,14873
14870,c,14873
14871,c,14873
14874,c,14873
14872,c,14873
14873,c,14873
14875,e,14874
14873,e,14874
14874,e,14874
14872,e,14874
14871,e,14874
14870,e,14874
14871,f,14875
14873,f,14875
14874,f,14875
14876,f,14875
14872,f,14875
14875,f,14875
14878,d,14877
14875,d,14877
14877,d,14877
14873,d,14877
14874,d,14877
14876,d,14877
14878,f,14878
14876,f,14878
14875,f,14878
14877,f,14878
14879,f,14878
14874,f,14878
14878,b,14879
14879,b,14879
14879,c,14879
14878,c,14879
14877,c,14879
14876,c,14879
14880,b,14879
14876,b,14879
14875,c,14879
14875,b,14879
14880,c,14879
14877,b,14879
14881,c,14880
14879,e,14880
14879,f,14880
14879,c,14880
14880,e,14880
14881,f,14880
14881,e,14880
14877,c,14880
14878,e,14880
14878,f,14880
14878,c,14880
14877,e,14880
14877,f,14880
14880,c,14880
14876,e,14880
14876,f,14880
14876,c,14880
14880,f,14880
14881,e,14881
14882,f,14881
14880,e,14881
14882,e,14881
14881,f,14881
14880,f,14881
14877,e,14881
14879,e,14881
14877,f,14881
14879,f,14881
14878,e,14881
14878,f,14881
14882,f,14882
14881,f,14882
14883,f,14882
14879,f,14882
14880,f,14882
14878,f,14882
14879,d,14883
14881,d,14883
14880,d,14883
14882,d,14883
14884,d,14883
14883,d,14883
14885,f,14884
14884,f,14884
14882,f,14884
14881,f,14884
14880,f,14884
14883,f,14884
14883,c,14887
14884,c,14887
14885,c,14887
14888,c,14887
14886,c,14887
14887,c,14887
14887,d,14888
14889,e,14888
14889,d,14888
14888,e,14888
14888,d,14888
14887,e,14888
14885,d,14888
14886,e,14888
14886,d,14888
14884,d,14888
14884,e,14888
14885,e,14888
14886,f,14889
14889,f,14889
14888,f,14889
14887,f,14889
14885,f,14889
14890,f,14889
14886,a,14890
14888,a,14890
14891,a,14890
14887,a,14890
14890,a,14890
14889,a,14890
14891,d,14891
14892,b,14891
14891,b,14891
14892,d,14891
14890,b,14891
14890,d,14891
14889,d,14891
14889,b,14891
14887,b,14891
14887,d,14891
14888,b,14891
14888,d,14891
14889,f,14892
14892,f,14892
14892,c,14892
14889,c,14892
14893,f,14892
14891,f,14892
14891,c,14892
14893,c,14892
14890,f,14892
14890,c,14892
14888,c,14892
14888,f,14892
14894,b,14893
14893,a,14893
14893,b,14893
14893,e,14893
14892,e,14893
14892,b,14893
14892,a,14893
14889,a,14893
14889,b,14893
14889,e,14893
14894,a,14893
14891,b,14893
14890,b,14893
14890,e,14893
14891,e,14893
14891,a,14893
14890,a,14893
14894,e,14893
14895,d,14894
14895,b,14894
14893,b,14894
14893,c,14894
14895,f,14894
14894,f,14894
14894,c,14894
14894,d,14894
14894,b,14894
14893,f,14894
14895,c,14894
14893,d,14894
14890,c,14894
14891,c,14894
14891,d,14894
14891,b,14894
14891,f,14894
14892,d,14894
14892,b,14894
14892,c,14894
14892,f,14894
14890,b,14894
14890,d,14894
14890,f,14894
14895,e,14895
14894,e,14895
14894,f,14895
14894,c,14895
14895,c,14895
14895,f,14895
14891,f,14895
14891,e,14895
14896,c,14895
14896,f,14895
14896,e,14895
14893,e,14895
14893,f,14895
14893,c,14895
14892,c,14895
14892,f,14895
14892,e,14895
14891,c,14895
14896,f,14896
14895,e,14896
14895,f,14896
14896,e,14896
14892,f,14896
14897,f,14896
14892,e,14896
14897,e,14896
14893,f,14896
14894,e,14896
14894,f,14896
14893,e,14896
14898,b,14897
14893,b,14897
14893,f,14897
14898,f,14897
14897,f,14897
14896,b,14897
14897,b,14897
14895,f,14897
14895,b,14897
14894,b,14897
14894,f,14897
14896,f,14897
14897,e,14898
14897,c,14898
14899,f,14898
14898,c,14898
14898,f,14898
14898,e,14898
14899,c,14898
14899,e,14898
14897,f,14898
14894,c,14898
14896,e,14898
14896,f,14898
14896,c,14898
14895,e,14898
14895,f,14898
14895,c,14898
14894,f,14898
14894,e,14898
14896,e,14899
14900,e,14899
14900,f,14899
14899,e,14899
14899,f,14899
14896,f,14899
14898,e,14899
14897,e,14899
14895,e,14899
14897,f,14899
14898,f,14899
14895,f,14899
14901,e,14902
14899,e,14902
14902,e,14902
14898,e,14902
14900,e,14902
14903,e,14902
14902,a,14903
14902,e,14903
14904,e,14903
14903,f,14903
14903,e,14903
14904,a,14903
14904,f,14903
14903,a,14903
14901,e,14903
14902,f,14903
14901,a,14903
14900,f,14903
14900,a,14903
14899,e,14903
14901,f,14903
14900,e,14903
14899,a,14903
14899,f,14903
14904,d,14904
14903,f,14904
14904,c,14904
14903,d,14904
14903,b,14904
14904,f,14904
14905,f,14904
14905,c,14904
14904,b,14904
14900,b,14904
14903,c,14904
14905,b,14904
14901,f,14904
14901,c,14904
14900,f,14904
14905,d,14904
14900,d,14904
14902,b,14904
14900,c,14904
14902,c,14904
14902,f,14904
14901,d,14904
14901,b,14904
14902,d,14904
14905,c,14905
14901,c,14905
14905,b,14905
14905,f,14905
14905,e,14905
14904,e,14905
14904,f,14905
14904,c,14905
14904,b,14905
14901,b,14905
14906,e,14905
14902,f,14905
14901,e,14905
14902,e,14905
14906,f,14905
14902,b,14905
14906,c,14905
14903,b,14905
14903,c,14905
14901,f,14905
14903,f,14905
14906,b,14905
14902,c,14905
14903,e,14905
14906,f,14906
14906,e,14906
14905,f,14906
14905,c,14906
14905,e,14906
14902,f,14906
14907,f,14906
14902,c,14906
14902,e,14906
14903,c,14906
14903,f,14906
14903,e,14906
14907,c,14906
14906,c,14906
14904,c,14906
14904,f,14906
14904,e,14906
14907,e,14906
14908,f,14907
14906,e,14907
14906,f,14907
14906,c,14907
14907,e,14907
14907,c,14907
14908,c,14907
14908,e,14907
14907,f,14907
14905,e,14907
14905,f,14907
14905,c,14907
14904,e,14907
14904,f,14907
14903,c,14907
14904,c,14907
14903,f,14907
14903,e,14907
14905,f,14908
14909,e,14908
14909,f,14908
14908,e,14908
14908,f,14908
14907,e,14908
14907,f,14908
14905,e,14908
14904,f,14908
14904,e,14908
14906,e,14908
14906,f,14908
14913,f,14912
14912,f,14912
14912,c,14912
14911,f,14912
14911,c,14912
14910,f,14912
14913,c,14912
14910,c,14912
14909,f,14912
14908,c,14912
14908,f,14912
14909,c,14912
14910,e,14913
14913,e,14913
14912,e,14913
14914,e,14913
14911,e,14913
14909,e,14913
14911,f,14914
14912,f,14914
14913,f,14914
14915,f,14914
14910,f,14914
14914,f,14914
14912,c,14915
14916,c,14915
14913,c,14915
14915,c,14915
14914,c,14915
14911,c,14915
14916,e,14916
14915,e,14916
14917,e,14916
14913,e,14916
14912,e,14916
14914,e,14916
14914,f,14917
14917,f,14917
14916,f,14917
14916,c,14917
14918,c,14917
14915,f,14917
14915,c,14917
14913,c,14917
14913,f,14917
14917,c,14917
14918,f,14917
14914,c,14917
14918,e,14918
14917,e,14918
14914,e,14918
14916,e,14918
14915,e,14918
14919,e,14918
14916,f,14919
14917,f,14919
14920,f,14919
14915,f,14919
14919,f,14919
14918,f,14919
14920,e,14920
14919,e,14920
14921,e,14920
14918,e,14920
14917,e,14920
14916,e,14920
14918,f,14921
14922,a,14921
14920,f,14921
14920,a,14921
14917,a,14921
14921,f,14921
14921,a,14921
14919,f,14921
14919,a,14921
14917,f,14921
14918,a,14921
14922,f,14921
14922,d,14922
14922,b,14922
14921,d,14922
14921,b,14922
14923,b,14922
14918,b,14922
14920,d,14922
14919,d,14922
14919,b,14922
14918,d,14922
14923,d,14922
14920,b,14922
14922,f,14923
14922,c,14923
14922,b,14923
14923,b,14923
14923,c,14923
14923,f,14923
14924,f,14923
14924,c,14923
14924,b,14923
14920,c,14923
14920,b,14923
14919,f,14923
14921,f,14923
14919,c,14923
14921,c,14923
14921,b,14923
14919,b,14923
14920,f,14923
14921,c,14924
14923,a,14924
14923,e,14924
14923,f,14924
14925,c,14924
14925,a,14924
14924,e,14924
14924,f,14924
14924,c,14924
14924,a,14924
14923,c,14924
14925,f,14924
14925,e,14924
14920,e,14924
14921,f,14924
14921,e,14924
14922,e,14924
14922,f,14924
14922,c,14924
14922,a,14924
14920,a,14924
14920,c,14924
14920,f,14924
14921,a,14924
14926,f,14925
14926,d,14925
14926,e,14925
14924,b,14925
14925,b,14925
14924,f,14925
14924,e,14925
14925,e,14925
14925,f,14925
14925,d,14925
14924,d,14925
14926,b,14925
14921,e,14925
14921,b,14925
14921,d,14925
14921,f,14925
14923,e,14925
14923,f,14925
14923,d,14925
14923,b,14925
14922,e,14925
14922,b,14925
14922,d,14925
14922,f,14925
14922,c,14926
14922,b,14926
14925,c,14926
14926,f,14926
14926,c,14926
14925,b,14926
14925,f,14926
14922,f,14926
14927,b,14926
14923,f,14926
14923,c,14926
14923,b,14926
14924,b,14926
14926,b,14926
14924,f,14926
14927,f,14926
14927,c,14926
14924,c,14926
14923,e,14927
14928,f,14927
14926,f,14927
14926,c,14927
14927,c,14927
14927,f,14927
14926,e,14927
14923,f,14927
14925,e,14927
14925,f,14927
14925,c,14927
14927,e,14927
14924,e,14927
14924,f,14927
14924,c,14927
14923,c,14927
14928,e,14927
14928,c,14927
14928,f,14928
14928,e,14928
14929,f,14928
14929,e,14928
14926,f,14928
14927,f,14928
14926,e,14928
14925,e,14928
14925,f,14928
14927,e,14928
14924,e,14928
14924,f,14928
14927,b,14931
14931,d,14931
14931,b,14931
14930,d,14931
14930,b,14931
14929,d,14931
14932,d,14931
14928,d,14931
14928,b,14931
14927,d,14931
14929,b,14931
14932,b,14931
14928,f,14932
14932,c,14932
14932,f,14932
14933,c,14932
14931,f,14932
14931,c,14932
14933,f,14932
14930,f,14932
14930,c,14932
14928,c,14932
14929,c,14932
14929,f,14932
14934,e,14933
14932,e,14933
14933,e,14933
14930,e,14933
14929,e,14933
14931,e,14933
14931,f,14934
14932,f,14934
14935,f,14934
14930,f,14934
14933,f,14934
14934,f,14934
14935,c,14935
14935,d,14935
14934,c,14935
14934,d,14935
14936,c,14935
14931,d,14935
14936,d,14935
14933,c,14935
14933,d,14935
14931,c,14935
14932,d,14935
14932,c,14935
14936,f,14936
14936,e,14936
14935,e,14936
14935,f,14936
14933,e,14936
14933,f,14936
14937,e,14936
14934,e,14936
14934,f,14936
14932,e,14936
14932,f,14936
14937,f,14936
14936,f,14937
14938,f,14937
14937,f,14937
14935,f,14937
14933,f,14937
14934,f,14937
14939,e,14938
14935,e,14938
14936,e,14938
14937,e,14938
14934,e,14938
14938,e,14938
14940,b,14939
14938,c,14939
14940,c,14939
14938,f,14939
14939,f,14939
14935,f,14939
14939,c,14939
14938,b,14939
14940,f,14939
14935,c,14939
14939,b,14939
14937,b,14939
14936,f,14939
14936,c,14939
14936,b,14939
14935,b,14939
14937,f,14939
14937,c,14939
14939,e,14940
14939,f,14940
14940,c,14940
14940,f,14940
14940,e,14940
14941,c,14940
14939,c,14940
14938,e,14940
14937,f,14940
14936,c,14940
14936,f,14940
14936,e,14940
14941,f,14940
14937,c,14940
14937,e,14940
14941,e,14940
14938,c,14940
14938,f,14940
14939,e,14941
14938,e,14941
14941,f,14941
14941,e,14941
14942,f,14941
14940,e,14941
14940,f,14941
14938,f,14941
14937,e,14941
14937,f,14941
14942,e,14941
14939,f,14941
14943,c,14942
14941,c,14942
14942,c,14942
14942,f,14942
14943,f,14942
14941,f,14942
14940,f,14942
14940,c,14942
14939,f,14942
14939,c,14942
14938,f,14942
14938,c,14942
14940,e,14943
14941,e,14943
14939,e,14943
14942,e,14943
14944,e,14943
14943,e,14943
14945,f,14944
14944,f,14944
14940,f,14944
14942,f,14944
14941,f,14944
14943,f,14944
14949,e,14948
14948,e,14948
14946,e,14948
14947,e,14948
14944,e,14948
14945,e,14948
14945,f,14949
14946,f,14949
14946,e,14949
14950,e,14949
14948,e,14949
14947,f,14949
14947,e,14949
14945,e,14949
14949,e,14949
14949,f,14949
14950,f,14949
14948,f,14949
14949,b,14950
14949,f,14950
14950,b,14950
14950,f,14950
14946,b,14950
14948,f,14950
14948,b,14950
14951,b,14950
14947,f,14950
14947,b,14950
14946,f,14950
14951,f,14950
14950,f,14951
14952,f,14951
14950,c,14951
14952,c,14951
14947,c,14951
14949,f,14951
14949,c,14951
14948,f,14951
14948,c,14951
14947,f,14951
14951,c,14951
14951,f,14951
14952,e,14952
14953,d,14952
14951,e,14952
14951,d,14952
14953,e,14952
14952,d,14952
14949,e,14952
14950,e,14952
14950,d,14952
14949,d,14952
14948,e,14952
14948,d,14952
14951,f,14953
14949,f,14953
14952,f,14953
14954,f,14953
14950,f,14953
14953,f,14953
14955,d,14955
14954,d,14955
14953,d,14955
14956,d,14955
14952,d,14955
14951,d,14955
14953,b,14956
14953,f,14956
14956,f,14956
14952,f,14956
14952,b,14956
14954,b,14956
14954,f,14956
14955,f,14956
14956,b,14956
14957,f,14956
14957,b,14956
14955,b,14956
14956,b,14957
14957,b,14957
14956,f,14957
14957,c,14957
14957,f,14957
14958,c,14957
14956,c,14957
14958,f,14957
14958,b,14957
14953,b,14957
14955,f,14957
14955,c,14957
14955,b,14957
14953,c,14957
14953,f,14957
14954,b,14957
14954,c,14957
14954,f,14957
14955,e,14958
14958,c,14958
14955,f,14958
14959,c,14958
14957,e,14958
14957,f,14958
14957,c,14958
14954,c,14958
14959,f,14958
14959,e,14958
14956,e,14958
14956,f,14958
14956,c,14958
14954,f,14958
14954,e,14958
14955,c,14958
14958,f,14958
14958,e,14958
14959,f,14959
14958,e,14959
14958,f,14959
14959,e,14959
14960,e,14959
14960,f,14959
14957,e,14959
14957,f,14959
14956,e,14959
14956,f,14959
14955,e,14959
14955,f,14959
14957,f,14960
14961,f,14960
14960,f,14960
14959,f,14960
14956,f,14960
14958,f,14960
14960,f,14964
14961,f,14964
14962,f,14964
14963,f,14964
14964,f,14964
14965,f,14964
14965,a,14967
14966,a,14967
14967,a,14967
14968,a,14967
14964,a,14967
14963,a,14967
14968,b,14968
14968,d,14968
14967,d,14968
14967,b,14968
14969,d,14968
14964,d,14968
14964,b,14968
14966,b,14968
14969,b,14968
14965,d,14968
14965,b,14968
14966,d,14968
14970,c,14969
14968,f,14969
14968,c,14969
14969,f,14969
14965,c,14969
14967,f,14969
14967,c,14969
14966,f,14969
14966,c,14969
14965,f,14969
14970,f,14969
14969,c,14969
14970,e,14970
14971,e,14970
14969,e,14970
14966,e,14970
14967,e,14970
14968,e,14970
14968,f,14971
14971,f,14971
14970,f,14971
14972,f,14971
14967,f,14971
14969,f,14971
14969,c,14972
14970,c,14972
14973,c,14972
14972,c,14972
14971,c,14972
14968,c,14972
14969,e,14973
14973,e,14973
14972,e,14973
14974,e,14973
14971,e,14973
14970,e,14973
14971,c,14974
14974,c,14974
14974,f,14974
14973,f,14974
14973,c,14974
14973,a,14974
14970,a,14974
14975,a,14974
14971,a,14974
14975,f,14974
14975,c,14974
14972,f,14974
14972,c,14974
14970,c,14974
14970,f,14974
14974,a,14974
14971,f,14974
14972,a,14974
14975,d,14975
14974,e,14975
14974,d,14975
14975,e,14975
14976,b,14975
14974,b,14975
14976,d,14975
14976,e,14975
14975,b,14975
14973,e,14975
14971,b,14975
14971,d,14975
14972,d,14975
14972,b,14975
14973,d,14975
14973,b,14975
14971,e,14975
14972,e,14975
14973,e,14976
14975,d,14976
14975,c,14976
14977,c,14976
14975,e,14976
14977,d,14976
14976,e,14976
14976,f,14976
14975,f,14976
14976,c,14976
14972,d,14976
14977,f,14976
14973,f,14976
14973,c,14976
14973,d,14976
14972,e,14976
14972,c,14976
14974,d,14976
14972,f,14976
14974,f,14976
14974,e,14976
14977,e,14976
14974,c,14976
14976,d,14976
14976,e,14977
14976,f,14977
14977,e,14977
14977,f,14977
14978,e,14977
14973,f,14977
14975,e,14977
14973,e,14977
14978,f,14977
14974,f,14977
14974,e,14977
14975,f,14977
14978,a,14978
14977,f,14978
14977,a,14978
14974,a,14978
14974,f,14978
14975,a,14978
14978,f,14978
14979,a,14978
14976,f,14978
14976,a,14978
14975,f,14978
14979,f,14978
14978,b,14979
14978,d,14979
14979,d,14979
14979,b,14979
14976,b,14979
14980,b,14979
14977,d,14979
14977,b,14979
14976,d,14979
14975,b,14979
14975,d,14979
14980,d,14979
14980,c,14980
14980,f,14980
14979,f,14980
14979,c,14980
14981,c,14980
14977,f,14980
14978,f,14980
14978,c,14980
14976,c,14980
14976,f,14980
14977,c,14980
14981,f,14980
14982,f,14981
14981,f,14981
14981,e,14981
14982,e,14981
14980,e,14981
14980,f,14981
14980,c,14981
14982,c,14981
14981,c,14981
14977,f,14981
14979,e,14981
14979,f,14981
14979,c,14981
14977,c,14981
14977,e,14981
14978,e,14981
14978,f,14981
14978,c,14981
14979,e,14982
14983,f,14982
14982,e,14982
14982,f,14982
14981,e,14982
14981,f,14982
14978,f,14982
14978,e,14982
14980,e,14982
14980,f,14982
14979,f,14982
14983,e,14982
14981,f,14983
14979,f,14983
14980,f,14983
14984,f,14983
14982,f,14983
14983,f,14983
14986,c,14985
14983,c,14985
14981,c,14985
14982,c,14985
14984,c,14985
14985,c,14985
14985,e,14986
14986,e,14986
14987,e,14986
14984,e,14986
14982,e,14986
14983,e,14986
14986,f,14987
14987,f,14987
14984,f,14987
14988,f,14987
14985,f,14987
14983,f,14987
14985,c,14988
14987,c,14988
14986,c,14988
14989,c,14988
14988,c,14988
14984,c,14988
14988,e,14989
14989,e,14989
14990,e,14989
14987,e,14989
14985,e,14989
14986,e,14989
14990,b,14990
14990,f,14990
14989,f,14990
14989,b,14990
14991,b,14990
14987,b,14990
14991,f,14990
14988,f,14990
14988,b,14990
14986,b,14990
14986,f,14990
14987,f,14990
14992,c,14991
14990,f,14991
14990,c,14991
14992,f,14991
14991,c,14991
14991,f,14991
14987,f,14991
14989,f,14991
14989,c,14991
14987,c,14991
14988,c,14991
14988,f,14991
14992,e,14992
14989,e,14992
14990,e,14992
14991,e,14992
14993,e,14992
14988,e,14992
14992,a,14993
14992,c,14993
14989,f,14993
14993,a,14993
14993,c,14993
14993,f,14993
14994,a,14993
14992,f,14993
14994,c,14993
14989,c,14993
14994,f,14993
14989,a,14993
14991,f,14993
14991,c,14993
14991,a,14993
14990,a,14993
14990,c,14993
14990,f,14993
14994,b,14994
14994,d,14994
14994,e,14994
14993,e,14994
14993,d,14994
14993,b,14994
14990,b,14994
14991,e,14994
14990,d,14994
14995,d,14994
14992,e,14994
14992,d,14994
14992,b,14994
14990,e,14994
14991,b,14994
14995,e,14994
14991,d,14994
14995,b,14994
14994,f,14995
14994,c,14995
14995,f,14995
14995,c,14995
14992,f,14995
14996,c,14995
14993,f,14995
14993,c,14995
14996,f,14995
14992,c,14995
14991,f,14995
14991,c,14995
14993,e,14996
14994,e,14996
14996,e,14996
14997,e,14996
14995,e,14996
14992,e,14996
14998,f,14997
14996,f,14997
14997,a,14997
14998,a,14997
14996,a,14997
14997,f,14997
14993,f,14997
14995,f,14997
14995,a,14997
14994,a,14997
14994,f,14997
14993,a,14997
14998,b,14998
14997,d,14998
14997,b,14998
14995,d,14998
14999,d,14998
14998,d,14998
14996,d,14998
14996,b,14998
14994,b,14998
14994,d,14998
14995,b,14998
14999,b,14998
14998,c,14999
14995,c,14999
15000,f,14999
14999,c,14999
14998,f,14999
15000,c,14999
14997,f,14999
14999,f,14999
14997,c,14999
14996,f,14999
14996,c,14999
14995,f,14999
14997,e,15000
14998,e,15000
15001,e,15000
15000,e,15000
14996,e,15000
14999,e,15000
15000,f,15001
15001,f,15001
14999,f,15001
15002,f,15001
14997,f,15001
14998,f,15001
15002,c,15002
15002,f,15002
15002,e,15002
15001,e,15002
15001,f,15002
15001,c,15002
15001,b,15002
15003,b,15002
15003,c,15002
15003,f,15002
15002,b,15002
15000,e,15002
14999,b,15002
15003,e,15002
14999,c,15002
14999,f,15002
15000,c,15002
15000,b,15002
14998,b,15002
14998,c,15002
14999,e,15002
14998,f,15002
14998,e,15002
15000,f,15002
15002,a,15003
15002,c,15003
15004,e,15003
15003,f,15003
15004,f,15003
15004,c,15003
15003,e,15003
15002,e,15003
15003,a,15003
15003,c,15003
15002,f,15003
15004,a,15003
15001,c,15003
14999,a,15003
15000,e,15003
15000,a,15003
14999,e,15003
14999,f,15003
14999,c,15003
15000,f,15003
15000,c,15003
15001,f,15003
15001,e,15003
15001,a,15003
15004,d,15004
15004,b,15004
15004,f,15004
15003,e,15004
15003,f,15004
15003,d,15004
15005,f,15004
15004,e,15004
15005,b,15004
15005,d,15004
15003,b,15004
15005,e,15004
15000,d,15004
15000,f,15004
15001,e,15004
15001,f,15004
15001,d,15004
15002,e,15004
15002,f,15004
15002,d,15004
15000,b,15004
15002,b,15004
15000,e,15004
15001,b,15004
15005,c,15005
15005,f,15005
15004,f,15005
15004,c,15005
15006,c,15005
15001,f,15005
15003,f,15005
15003,c,15005
15002,c,15005
15002,f,15005
15006,f,15005
15001,c,15005
15005,e,15006
15006,e,15006
15003,e,15006
15004,e,15006
15002,e,15006
15007,e,15006
15004,d,15007
15005,d,15007
15008,d,15007
15007,d,15007
15003,d,15007
15006,d,15007
15008,f,15008
15007,f,15008
15009,f,15008
15006,f,15008
15004,f,15008
15005,f,15008
15009,e,15009
15005,a,15009
15010,e,15009
15008,a,15009
15008,e,15009
15009,a,15009
15010,a,15009
15005,e,15009
15006,e,15009
15006,a,15009
15007,a,15009
15007,e,15009
15011,a,15010
15011,b,15010
15011,d,15010
15009,b,15010
15009,d,15010
15009,f,15010
15010,f,15010
15010,d,15010
15010,b,15010
15010,a,15010
15009,a,15010
15011,f,15010
15006,a,15010
15008,f,15010
15006,b,15010
15006,d,15010
15008,d,15010
15008,b,15010
15008,a,15010
15006,f,15010
15007,a,15010
15007,b,15010
15007,f,15010
15007,d,15010
15010,d,15011
15010,c,15011
15011,d,15011
15012,c,15011
15012,d,15011
15012,b,15011
15010,f,15011
15011,f,15011
15011,b,15011
15011,c,15011
15012,f,15011
15010,b,15011
15007,d,15011
15008,f,15011
15008,c,15011
15008,d,15011
15008,b,15011
15009,d,15011
15009,c,15011
15009,f,15011
15009,b,15011
15007,b,15011
15007,f,15011
15007,c,15011
15012,f,15012
15011,e,15012
15012,c,15012
15008,c,15012
15011,f,15012
15009,e,15012
15011,d,15012
15011,b,15012
15012,d,15012
15012,b,15012
15008,b,15012
15008,d,15012
15012,e,15012
15011,c,15012
15013,d,15012
15013,e,15012
15013,f,15012
15013,c,15012
15013,b,15012
15010,e,15012
15010,f,15012
15010,c,15012
15010,d,15012
15010,b,15012
15008,e,15012
15008,f,15012
15009,f,15012
15009,c,15012
15009,b,15012
15009,d,15012
15012,e,15013
15012,c,15013
15013,f,15013
15013,e,15013
15014,d,15013
15012,d,15013
15012,f,15013
15009,d,15013
15014,f,15013
15009,c,15013
15009,f,15013
15009,e,15013
15013,d,15013
15010,d,15013
15010,c,15013
15010,f,15013
15014,c,15013
15013,c,15013
15011,d,15013
15011,c,15013
15011,f,15013
15011,e,15013
15014,e,15013
15010,e,15013
15015,f,15014
15015,e,15014
15014,e,15014
15014,f,15014
15013,e,15014
15013,f,15014
15012,e,15014
15010,f,15014
15012,f,15014
15010,e,15014
15011,f,15014
15011,e,15014
15012,f,15015
15015,f,15015
15015,b,15015
15016,f,15015
15014,f,15015
15016,b,15015
15014,b,15015
15011,f,15015
15013,f,15015
15013,b,15015
15012,b,15015
15011,b,15015
15012,c,15016
15014,c,15016
15017,c,15016
15016,c,15016
15013,c,15016
15015,c,15016
15017,e,15017
15017,a,15017
15016,e,15017
15016,a,15017
15018,a,15017
15018,e,15017
15015,a,15017
15013,a,15017
15013,e,15017
15014,a,15017
15014,e,15017
15015,e,15017
15015,d,15018
15018,b,15018
15018,d,15018
15018,f,15018
15017,f,15018
15017,d,15018
15017,b,15018
15019,b,15018
15019,d,15018
15016,f,15018
15016,d,15018
15016,b,15018
15014,b,15018
15014,d,15018
15014,f,15018
15015,f,15018
15019,f,15018
15015,b,15018
15019,c,15019
15018,f,15019
15020,f,15019
15019,f,15019
15020,c,15019
15018,c,15019
15016,c,15019
15017,f,15019
15017,c,15019
15015,c,15019
15015,f,15019
15016,f,15019
15020,e,15020
15020,f,15020
15019,e,15020
15019,f,15020
15017,e,15020
15016,f,15020
15016,e,15020
15018,e,15020
15018,f,15020
15017,f,15020
15021,e,15020
15021,f,15020
15017,f,15021
15022,f,15021
15021,f,15021
15020,f,15021
15019,f,15021
15018,f,15021
15027,b,15027
15023,b,15027
15024,b,15027
15026,b,15027
15025,b,15027
15028,b,15027
15027,f,15028
15027,e,15028
15029,e,15028
15027,c,15028
15028,e,15028
15029,c,15028
15029,f,15028
15028,c,15028
15028,f,15028
15025,e,15028
15024,c,15028
15026,e,15028
15026,f,15028
15026,c,15028
15024,f,15028
15024,e,15028
15025,c,15028
15025,f,15028
15026,e,15029
15029,f,15029
15030,f,15029
15028,e,15029
15028,f,15029
15025,f,15029
15030,e,15029
15027,e,15029
15027,f,15029
15025,e,15029
15026,f,15029
15029,e,15029
15031,e,15030
15030,f,15030
15029,e,15030
15029,f,15030
15030,e,15030
15031,f,15030
15027,e,15030
15028,e,15030
15028,f,15030
15027,f,15030
15026,e,15030
15026,f,15030
15029,f,15031
15027,f,15031
15030,f,15031
15028,f,15031
15031,f,15031
15032,f,15031
15034,d,15034
15033,d,15034
15032,d,15034
15035,d,15034
15030,d,15034
15031,d,15034
15031,d,15035
15035,f,15035
15034,f,15035
15034,d,15035
15036,d,15035
15031,f,15035
15036,f,15035
15033,d,15035
15032,f,15035
15035,d,15035
15033,f,15035
15032,d,15035
15035,f,15036
15036,d,15036
15036,f,15036
15035,d,15036
15033,f,15036
15034,f,15036
15034,d,15036
15037,f,15036
15033,d,15036
15032,f,15036
15032,d,15036
15037,d,15036
15034,f,15037
15033,f,15037
15035,f,15037
15038,f,15037
15036,f,15037
15037,f,15037
15038,b,15038
15037,b,15038
15039,b,15038
15035,b,15038
15034,b,15038
15036,b,15038
15039,f,15039
15038,c,15039
15035,c,15039
15040,c,15039
15039,c,15039
15038,f,15039
15037,f,15039
15037,c,15039
15035,f,15039
15036,c,15039
15036,f,15039
15040,f,15039
15041,e,15040
15039,e,15040
15039,d,15040
15040,d,15040
15036,e,15040
15038,e,15040
15038,d,15040
15036,d,15040
15040,e,15040
15037,e,15040
15037,d,15040
15041,d,15040
15042,f,15041
15041,f,15041
15037,f,15041
15040,f,15041
15039,f,15041
15038,f,15041
15040,e,15044
15044,e,15044
15044,b,15044
15040,b,15044
15043,e,15044
15043,b,15044
15042,e,15044
15045,b,15044
15045,e,15044
15041,b,15044
15041,e,15044
15042,b,15044
15045,b,15045
15045,c,15045
15045,f,15045
15044,f,15045
15044,c,15045
15044,b,15045
15046,b,15045
15046,c,15045
15046,f,15045
15043,b,15045
15043,f,15045
15043,c,15045
15041,b,15045
15041,c,15045
15041,f,15045
15042,f,15045
15042,c,15045
15042,b,15045
15046,e,15046
15047,c,15046
15047,f,15046
15047,e,15046
15045,e,15046
15045,f,15046
15046,f,15046
15046,c,15046
15045,c,15046
15042,c,15046
15043,e,15046
15043,f,15046
15043,c,15046
15044,f,15046
15044,c,15046
15042,e,15046
15044,e,15046
15042,f,15046
15048,b,15047
15047,e,15047
15043,f,15047
15046,e,15047
15046,f,15047
15046,b,15047
15047,f,15047
15047,b,15047
15043,b,15047
15043,e,15047
15048,e,15047
15044,e,15047
15044,f,15047
15045,e,15047
15045,f,15047
15045,b,15047
15044,b,15047
15048,f,15047
15049,f,15048
15047,d,15048
15047,f,15048
15044,c,15048
15048,f,15048
15048,c,15048
15048,d,15048
15047,c,15048
15044,f,15048
15049,d,15048
15049,c,15048
15044,d,15048
15046,f,15048
15046,c,15048
15045,d,15048
15045,c,15048
15046,d,15048
15045,f,15048
15045,e,15049
15049,f,15049
15049,e,15049
15048,e,15049
15048,f,15049
15046,e,15049
15050,f,15049
15050,e,15049
15047,e,15049
15047,f,15049
15046,f,15049
15045,f,15049
15050,f,15050
15049,f,15050
15050,d,15050
15051,f,15050
15051,d,15050
15049,d,15050
15047,d,15050
15047,f,15050
15048,f,15050
15048,d,15050
15046,d,15050
15046,f,15050
15051,d,15051
15047,b,15051
15052,b,15051
15052,d,15051
15051,b,15051
15049,d,15051
15049,b,15051
15047,d,15051
15048,b,15051
15048,d,15051
15050,d,15051
15050,b,15051
15048,a,15052
15051,a,15052
15048,c,15052
15052,a,15052
15052,c,15052
15051,c,15052
15053,a,15052
15053,c,15052
15050,c,15052
15050,a,15052
15049,a,15052
15049,c,15052
15050,e,15053
15053,b,15053
15053,d,15053
15053,e,15053
15052,e,15053
15052,d,15053
15052,b,15053
15049,b,15053
15049,d,15053
15054,b,15053
15054,d,15053
15049,e,15053
15051,e,15053
15051,d,15053
15051,b,15053
15050,b,15053
15050,d,15053
15054,e,15053
15053,f,15054
15053,c,15054
15054,f,15054
15054,c,15054
15051,c,15054
15055,c,15054
15052,f,15054
15052,c,15054
15050,c,15054
15050,f,15054
15055,f,15054
15051,f,15054
15055,e,15055
15054,e,15055
15051,e,15055
15056,e,15055
15053,e,15055
15052,e,15055
15055,f,15056
15056,b,15056
15056,f,15056
15055,b,15056
15057,f,15056
15057,b,15056
15052,f,15056
15052,b,15056
15054,f,15056
15054,b,15056
15053,b,15056
15053,f,15056
15054,f,15057
15058,c,15057
15056,f,15057
15056,c,15057
15053,c,15057
15058,f,15057
15055,f,15057
15055,c,15057
15053,f,15057
15054,c,15057
15057,f,15057
15057,c,15057
15058,e,15058
15057,e,15058
15059,e,15058
15056,e,15058
15055,e,15058
15054,e,15058
15056,f,15059
15057,f,15059
15060,f,15059
15055,f,15059
15058,f,15059
15059,f,15059
15062,c,15061
15059,c,15061
15061,c,15061
15060,c,15061
15058,c,15061
15057,c,15061
15062,e,15062
15063,e,15062
15061,e,15062
15060,e,15062
15059,e,15062
15058,e,15062
15059,f,15063
15061,f,15063
15062,f,15063
15063,f,15063
15064,f,15063
15060,f,15063
15067,e,15068
15069,e,15068
15066,e,15068
15065,e,15068
15064,e,15068
15068,e,15068
15070,f,15069
15069,f,15069
15069,c,15069
15068,c,15069
15068,f,15069
15070,c,15069
15065,c,15069
15067,f,15069
15067,c,15069
15066,f,15069
15066,c,15069
15065,f,15069
15067,e,15070
15068,e,15070
15066,e,15070
15069,e,15070
15071,e,15070
15070,e,15070
15067,f,15071
15071,f,15071
15072,f,15071
15069,f,15071
15068,f,15071
15070,f,15071
15070,e,15074
15071,e,15074
15075,e,15074
15072,e,15074
15074,e,15074
15073,e,15074
15075,f,15075
15074,f,15075
15076,f,15075
15073,f,15075
15072,f,15075
15071,f,15075
15072,d,15076
15074,d,15076
15077,d,15076
15076,d,15076
15075,d,15076
15073,d,15076
15077,f,15077
15077,d,15077
15076,f,15077
15078,f,15077
15078,d,15077
15076,d,15077
15073,d,15077
15075,f,15077
15075,d,15077
15074,f,15077
15074,d,15077
15073,f,15077
15079,e,15078
15079,f,15078
15078,e,15078
15078,f,15078
15075,f,15078
15077,e,15078
15075,e,15078
15076,e,15078
15076,f,15078
15074,f,15078
15077,f,15078
15074,e,15078
15076,f,15079
15080,f,15079
15079,f,15079
15075,f,15079
15078,f,15079
15077,f,15079
15082,c,15082
15079,c,15082
15080,c,15082
15083,c,15082
15078,c,15082
15081,c,15082
15083,e,15083
15082,e,15083
15084,e,15083
15081,e,15083
15079,e,15083
15080,e,15083
15081,b,15084
15085,f,15084
15084,f,15084
15084,b,15084
15085,b,15084
15083,b,15084
15083,f,15084
15080,f,15084
15081,f,15084
15082,f,15084
15082,b,15084
15080,b,15084
15081,c,15085
15081,f,15085
15086,f,15085
15085,f,15085
15082,f,15085
15086,c,15085
15084,c,15085
15083,f,15085
15083,c,15085
15082,c,15085
15085,c,15085
15084,f,15085
15085,b,15086
15086,e,15086
15085,e,15086
15087,b,15086
15086,b,15086
15084,e,15086
15084,b,15086
15083,e,15086
15083,b,15086
15082,e,15086
15082,b,15086
15087,e,15086
15087,c,15087
15088,c,15087
15088,f,15087
15086,f,15087
15086,c,15087
15087,f,15087
15085,c,15087
15085,f,15087
15083,c,15087
15083,f,15087
15084,f,15087
15084,c,15087
15085,e,15088
15088,e,15088
15087,e,15088
15089,e,15088
15084,e,15088
15086,e,15088
15087,f,15089
15086,f,15089
15088,f,15089
15085,f,15089
15089,f,15089
15090,f,15089
15090,c,15092
15092,c,15092
15089,c,15092
15091,c,15092
15088,c,15092
15093,c,15092
15092,e,15093
15092,c,15093
15092,b,15093
15093,e,15093
15094,e,15093
15094,b,15093
15094,c,15093
15093,b,15093
15091,e,15093
15093,c,15093
15089,c,15093
15090,b,15093
15089,e,15093
15089,b,15093
15090,e,15093
15091,c,15093
15091,b,15093
15090,c,15093
15094,f,15094
15094,c,15094
15094,e,15094
15095,c,15094
15093,e,15094
15093,f,15094
15093,c,15094
15095,f,15094
15095,e,15094
15091,c,15094
15092,e,15094
15092,f,15094
15091,f,15094
15092,c,15094
15090,c,15094
15090,f,15094
15090,e,15094
15091,e,15094
15092,e,15095
15096,e,15095
15096,f,15095
15095,e,15095
15095,f,15095
15094,e,15095
15091,f,15095
15092,f,15095
15091,e,15095
15094,f,15095
15093,e,15095
15093,f,15095
15097,f,15096
15096,f,15096
15094,f,15096
15095,f,15096
15093,f,15096
15092,f,15096
15096,e,15099
15097,e,15099
15100,e,15099
15098,e,15099
15095,e,15099
15099,e,15099
15099,f,15100
15100,f,15100
15101,f,15100
15098,f,15100
15097,f,15100
15096,f,15100
15102,b,15102
15103,b,15102
15101,b,15102
15100,b,15102
15098,b,15102
15099,b,15102
15100,b,15103
15103,b,15103
15103,c,15103
15103,f,15103
15102,f,15103
15102,c,15103
15102,b,15103
15104,b,15103
15099,f,15103
15104,f,15103
15104,c,15103
15101,c,15103
15099,b,15103
15101,b,15103
15099,c,15103
15100,c,15103
15100,f,15103
15101,f,15103
15105,a,15104
15105,e,15104
15104,e,15104
15104,a,15104
15103,a,15104
15103,c,15104
15103,f,15104
15103,e,15104
15104,f,15104
15104,c,15104
15105,f,15104
15101,e,15104
15100,a,15104
15100,c,15104
15101,c,15104
15101,a,15104
15102,e,15104
15102,f,15104
15102,c,15104
15102,a,15104
15105,c,15104
15100,e,15104
15101,f,15104
15100,f,15104
15104,b,15105
15102,f,15105
15104,f,15105
15104,e,15105
15105,e,15105
15105,f,15105
15105,d,15105
15105,b,15105
15104,d,15105
15106,b,15105
15106,d,15105
15106,f,15105
15102,e,15105
15102,b,15105
15101,e,15105
15101,f,15105
15102,d,15105
15101,b,15105
15103,b,15105
15101,d,15105
15103,f,15105
15103,e,15105
15106,e,15105
15103,d,15105
15105,f,15106
15105,c,15106
15105,b,15106
15106,f,15106
15106,c,15106
15107,b,15106
15106,b,15106
15107,f,15106
15107,c,15106
15104,c,15106
15102,b,15106
15102,c,15106
15102,f,15106
15104,f,15106
15103,b,15106
15103,c,15106
15104,b,15106
15103,f,15106
15107,f,15107
15107,c,15107
15108,c,15107
15108,f,15107
15108,e,15107
15106,e,15107
15106,f,15107
15106,c,15107
15103,c,15107
15105,c,15107
15104,e,15107
15104,f,15107
15104,c,15107
15103,f,15107
15105,f,15107
15107,e,15107
15103,e,15107
15105,e,15107
15108,d,15108
15109,d,15108
15104,e,15108
15109,f,15108
15107,e,15108
15107,f,15108
15108,e,15108
15108,f,15108
15109,e,15108
15107,d,15108
15104,f,15108
15106,e,15108
15105,e,15108
15106,d,15108
15106,f,15108
15105,d,15108
15104,d,15108
15105,f,15108
15106,b,15109
15107,b,15109
15105,b,15109
15108,b,15109
15110,b,15109
15109,b,15109
15109,a,15110
15109,c,15110
15110,c,15110
15110,a,15110
15111,c,15110
15106,c,15110
15108,a,15110
15108,c,15110
15111,a,15110
15107,c,15110
15107,a,15110
15106,a,15110
15110,e,15111
15110,b,15111
15112,d,15111
15112,b,15111
15111,e,15111
15110,d,15111
15112,e,15111
15107,b,15111
15109,e,15111
15109,d,15111
15109,b,15111
15108,e,15111
15108,d,15111
15108,b,15111
15107,e,15111
15107,d,15111
15111,b,15111
15111,d,15111
15112,f,15112
15113,c,15112
15111,f,15112
15111,c,15112
15113,f,15112
15112,c,15112
15108,c,15112
15110,c,15112
15108,f,15112
15109,c,15112
15109,f,15112
15110,f,15112
15112,e,15113
15109,e,15113
15114,e,15113
15111,e,15113
15110,e,15113
15113,e,15113
15115,f,15114
15113,f,15114
15113,e,15114
15114,e,15114
15114,f,15114
15115,e,15114
15110,f,15114
15110,e,15114
15112,f,15114
15111,e,15114
15111,f,15114
15112,e,15114
15115,f,15115
15116,c,15115
15116,f,15115
15114,f,15115
15114,c,15115
15115,c,15115
15112,c,15115
15111,f,15115
15113,f,15115
15113,c,15115
15112,f,15115
15111,c,15115
15116,d,15116
15116,e,15116
15117,d,15116
15115,e,15116
15115,d,15116
15117,e,15116
15112,d,15116
15112,e,15116
15114,e,15116
15114,d,15116
15113,d,15116
15113,e,15116
15117,f,15117
15118,b,15117
15118,f,15117
15116,b,15117
15117,b,15117
15113,b,15117
15116,f,15117
15115,f,15117
15114,b,15117
15114,f,15117
15115,b,15117
15113,f,15117
15115,f,15118
15118,f,15118
15118,c,15118
15117,f,15118
15119,c,15118
15114,c,15118
15117,c,15118
15116,f,15118
15116,c,15118
15115,c,15118
15114,f,15118
15119,f,15118
15116,e,15119
15117,e,15119
15115,e,15119
15120,e,15119
15118,e,15119
15119,e,15119
15121,f,15120
15119,f,15120
15117,f,15120
15118,f,15120
15116,f,15120
15120,f,15120
15122,a,15122
15121,a,15122
15123,a,15122
15118,a,15122
15120,a,15122
15119,a,15122
15123,b,15123
15123,d,15123
15122,d,15123
15122,b,15123
15124,d,15123
15120,b,15123
15121,b,15123
15119,b,15123
15119,d,15123
15120,d,15123
15121,d,15123
15124,b,15123
15125,f,15124
15123,f,15124
15124,c,15124
15123,c,15124
15124,f,15124
15125,c,15124
15122,f,15124
15122,c,15124
15120,c,15124
15121,f,15124
15121,c,15124
15120,f,15124
15122,e,15125
15121,e,15125
15123,e,15125
15125,e,15125
15126,e,15125
15124,e,15125
15125,d,15126
15125,f,15126
15127,f,15126
15127,d,15126
15126,f,15126
15126,d,15126
15122,d,15126
15124,f,15126
15124,d,15126
15122,f,15126
15123,d,15126
15123,f,15126
15128,c,15127
15128,f,15127
15126,f,15127
15126,c,15127
15127,c,15127
15127,f,15127
15124,f,15127
15125,f,15127
15125,c,15127
15123,c,15127
15123,f,15127
15124,c,15127
15129,e,15128
15127,e,15128
15128,e,15128
15129,a,15128
15128,c,15128
15128,a,15128
15129,c,15128
15127,c,15128
15127,a,15128
15124,a,15128
15125,c,15128
15124,c,15128
15124,e,15128
15125,a,15128
15125,e,15128
15126,c,15128
15126,a,15128
15126,e,15128
15130,f,15129
15130,e,15129
15130,b,15129
15129,f,15129
15128,e,15129
15128,f,15129
15128,d,15129
15128,b,15129
15129,e,15129
15130,d,15129
15129,b,15129
15129,d,15129
15125,b,15129
15126,f,15129
15126,d,15129
15126,b,15129
15125,d,15129
15127,b,15129
15126,e,15129
15127,f,15129
15127,e,15129
15125,e,15129
15125,f,15129
15127,d,15129
15130,c,15130
15131,c,15130
15129,f,15130
15129,c,15130
15130,f,15130
15126,c,15130
15131,f,15130
15128,f,15130
15128,c,15130
15127,c,15130
15127,f,15130
15126,f,15130
15127,e,15131
15131,e,15131
15132,b,15131
15132,e,15131
15130,e,15131
15130,b,15131
15127,b,15131
15131,b,15131
15129,e,15131
15128,b,15131
15128,e,15131
15129,b,15131
15129,f,15132
15132,f,15132
15132,c,15132
15133,f,15132
15131,f,15132
15133,c,15132
15131,c,15132
15128,f,15132
15130,f,15132
15130,c,15132
15129,c,15132
15128,c,15132
15134,e,15133
15131,e,15133
15133,e,15133
15130,e,15133
15132,e,15133
15129,e,15133
15133,f,15134
15134,f,15134
15135,f,15134
15130,f,15134
15132,f,15134
15131,f,15134
15132,a,15135
15136,b,15135
15132,b,15135
15134,a,15135
15134,b,15135
15133,b,15135
15133,a,15135
15131,a,15135
15131,b,15135
15135,b,15135
15136,a,15135
15135,a,15135
15135,d,15136
15135,b,15136
15136,b,15136
15135,f,15136
15136,d,15136
15136,c,15136
15136,f,15136
15137,b,15136
15137,d,15136
15137,c,15136
15135,c,15136
15137,f,15136
15133,f,15136
15133,c,15136
15133,b,15136
15134,f,15136
15134,c,15136
15134,d,15136
15134,b,15136
15133,d,15136
15132,b,15136
15132,d,15136
15132,c,15136
15132,f,15136
15138,d,15137
15136,c,15137
15136,f,15137
15136,e,15137
15134,f,15137
15137,f,15137
15137,e,15137
15138,e,15137
15138,f,15137
15137,c,15137
15137,d,15137
15136,d,15137
15133,d,15137
15134,e,15137
15134,d,15137
15133,e,15137
15133,f,15137
15135,d,15137
15134,c,15137
15135,f,15137
15135,e,15137
15135,c,15137
15138,c,15137
15133,c,15137
15134,f,15138
15138,f,15138
15138,e,15138
15137,e,15138
15137,f,15138
15139,e,15138
15139,f,15138
15135,e,15138
15135,f,15138
15136,f,15138
15136,e,15138
15134,e,15138
15140,f,15139
15138,c,15139
15139,c,15139
15138,f,15139
15140,c,15139
15139,f,15139
15137,f,15139
15137,c,15139
15135,c,15139
15135,f,15139
15136,f,15139
15136,c,15139
15137,e,15140
15141,e,15140
15141,f,15140
15140,e,15140
15139,e,15140
15139,f,15140
15140,f,15140
15136,f,15140
15137,f,15140
15138,e,15140
15136,e,15140
15138,f,15140
15141,f,15141
15142,f,15141
15138,f,15141
15139,f,15141
15140,f,15141
15137,f,15141
15146,c,15147
15143,c,15147
15144,c,15147
15145,c,15147
15148,c,15147
15147,c,15147
15149,e,15148
15148,e,15148
15148,b,15148
15147,e,15148
15147,b,15148
15145,e,15148
15144,b,15148
15145,b,15148
15146,b,15148
15146,e,15148
15149,b,15148
15144,e,15148
15148,c,15149
15148,f,15149
15149,f,15149
15149,c,15149
15146,c,15149
15145,c,15149
15145,f,15149
15150,f,15149
15150,c,15149
15146,f,15149
15147,f,15149
15147,c,15149
15149,e,15150
15149,f,15150
15151,f,15150
15151,b,15150
15150,e,15150
15149,b,15150
15151,e,15150
15146,b,15150
15148,e,15150
15148,f,15150
15148,b,15150
15147,e,15150
15147,f,15150
15147,b,15150
15146,e,15150
15146,f,15150
15150,b,15150
15150,f,15150
15151,f,15151
15152,c,15151
15152,f,15151
15150,f,15151
15151,c,15151
15150,c,15151
15147,c,15151
15147,f,15151
15148,f,15151
15149,c,15151
15149,f,15151
15148,c,15151
15148,e,15152
15150,e,15152
15151,e,15152
15149,e,15152
15152,e,15152
15153,e,15152
15150,f,15153
15153,f,15153
15151,f,15153
15154,f,15153
15149,f,15153
15152,f,15153
15153,e,15154
15154,e,15154
15155,e,15154
15152,e,15154
15151,e,15154
15150,e,15154
15152,f,15155
15153,f,15155
15156,f,15155
15151,f,15155
15154,f,15155
15155,f,15155
15155,e,15156
15156,e,15156
15153,e,15156
15152,e,15156
15157,e,15156
15154,e,15156
15155,f,15157
15153,f,15157
15157,f,15157
15154,f,15157
15156,f,15157
15158,f,15157
15158,b,15159
15158,c,15159
15158,e,15159
15159,e,15159
15159,c,15159
15157,e,15159
15157,c,15159
15157,b,15159
15157,a,15159
15155,e,15159
15160,b,15159
15160,c,15159
15160,e,15159
15159,b,15159
15156,e,15159
15156,c,15159
15156,b,15159
15156,a,15159
15159,a,15159
15155,c,15159
15155,b,15159
15155,a,15159
15160,a,15159
15158,a,15159
15159,b,15160
15159,d,15160
15156,e,15160
15159,f,15160
15159,e,15160
15161,d,15160
15161,b,15160
15160,e,15160
15160,f,15160
15160,b,15160
15161,c,15160
15159,c,15160
15161,f,15160
15160,c,15160
15157,c,15160
15156,b,15160
15158,e,15160
15158,f,15160
15158,c,15160
15158,d,15160
15158,b,15160
15156,d,15160
15156,c,15160
15157,e,15160
15157,f,15160
15161,e,15160
15156,f,15160
15160,d,15160
15157,b,15160
15157,d,15160
15161,c,15161
15160,f,15161
15160,e,15161
15162,e,15161
15161,e,15161
15161,f,15161
15160,c,15161
15162,f,15161
15157,e,15161
15162,c,15161
15157,c,15161
15159,e,15161
15157,f,15161
15158,c,15161
15158,f,15161
15159,f,15161
15159,c,15161
15158,e,15161
15162,f,15162
15162,e,15162
15161,e,15162
15161,f,15162
15158,f,15162
15158,e,15162
15163,f,15162
15163,e,15162
15160,e,15162
15160,f,15162
15159,f,15162
15159,e,15162
15163,b,15163
15163,f,15163
15162,f,15163
15162,b,15163
15164,b,15163
15164,f,15163
15159,b,15163
15159,f,15163
15161,f,15163
15161,b,15163
15160,b,15163
15160,f,15163
15160,c,15164
15163,f,15164
15163,c,15164
15164,c,15164
15164,f,15164
15165,c,15164
15165,f,15164
15162,f,15164
15162,c,15164
15161,c,15164
15161,f,15164
15160,f,15164
15166,f,15165
15166,e,15165
15164,e,15165
15164,f,15165
15161,f,15165
15163,f,15165
15163,e,15165
15165,f,15165
15162,e,15165
15162,f,15165
15161,e,15165
15165,e,15165
15168,a,15167
15167,a,15167
15165,a,15167
15166,a,15167
15163,a,15167
15164,a,15167
15165,b,15168
15169,c,15168
15168,c,15168
15168,d,15168
15168,b,15168
15164,c,15168
15167,c,15168
15167,d,15168
15167,b,15168
15166,c,15168
15169,d,15168
15169,b,15168
15165,c,15168
15164,d,15168
15164,b,15168
15166,b,15168
15166,d,15168
15165,d,15168
15168,e,15169
15168,f,15169
15169,f,15169
15165,f,15169
15169,c,15169
15169,a,15169
15168,c,15169
15168,a,15169
15165,a,15169
15165,c,15169
15169,e,15169
15166,a,15169
15167,a,15169
15170,f,15169
15166,c,15169
15166,f,15169
15170,a,15169
15167,e,15169
15167,f,15169
15167,c,15169
15165,e,15169
15170,c,15169
15166,e,15169
15170,e,15169
15170,b,15170
15169,e,15170
15169,d,15170
15171,d,15170
15171,b,15170
15169,f,15170
15169,b,15170
15170,d,15170
15166,e,15170
15171,e,15170
15166,b,15170
15166,d,15170
15166,f,15170
15170,f,15170
15167,b,15170
15171,f,15170
15167,f,15170
15167,d,15170
15168,b,15170
15168,d,15170
15168,f,15170
15168,e,15170
15167,e,15170
15170,e,15170
15172,c,15171
15171,f,15171
15170,f,15171
15170,c,15171
15171,c,15171
15172,f,15171
15169,c,15171
15169,f,15171
15167,f,15171
15168,c,15171
15168,f,15171
15167,c,15171
15173,e,15172
15169,e,15172
15168,e,15172
15170,e,15172
15171,e,15172
15172,e,15172
15172,f,15173
15174,f,15173
15173,f,15173
15169,f,15173
15172,a,15173
15173,a,15173
15169,a,15173
15174,a,15173
15170,a,15173
15170,f,15173
15171,f,15173
15171,a,15173
15173,d,15174
15173,b,15174
15170,b,15174
15170,d,15174
15174,f,15174
15174,d,15174
15171,f,15174
15175,f,15174
15173,f,15174
15172,f,15174
15172,d,15174
15172,b,15174
15170,f,15174
15171,b,15174
15171,d,15174
15174,b,15174
15175,b,15174
15175,d,15174
15175,f,15175
15175,c,15175
15174,c,15175
15174,f,15175
15173,c,15175
15176,c,15175
15173,f,15175
15171,c,15175
15171,f,15175
15176,f,15175
15172,c,15175
15172,f,15175
15176,b,15176
15176,c,15176
15176,e,15176
15175,e,15176
15175,c,15176
15175,b,15176
15177,b,15176
15177,e,15176
15177,c,15176
15172,c,15176
15173,e,15176
15174,e,15176
15174,c,15176
15174,b,15176
15172,b,15176
15172,e,15176
15173,b,15176
15173,c,15176
15178,c,15177
15177,e,15177
15176,a,15177
15176,c,15177
15177,c,15177
15176,f,15177
15176,e,15177
15177,f,15177
15178,e,15177
15177,a,15177
15178,f,15177
15178,a,15177
15174,e,15177
15174,a,15177
15173,e,15177
15174,f,15177
15173,f,15177
15175,a,15177
15175,c,15177
15174,c,15177
15175,e,15177
15173,c,15177
15173,a,15177
15175,f,15177
15175,e,15178
15179,d,15178
15179,f,15178
15179,e,15178
15177,e,15178
15177,f,15178
15177,d,15178
15177,b,15178
15178,b,15178
15178,d,15178
15179,b,15178
15178,f,15178
15174,b,15178
15175,f,15178
15175,d,15178
15175,b,15178
15174,e,15178
15174,f,15178
15176,d,15178
15176,b,15178
15176,e,15178
15174,d,15178
15176,f,15178
15178,e,15178
15178,c,15179
15178,f,15179
15180,c,15179
15179,f,15179
15179,c,15179
15180,f,15179
15175,c,15179
15177,c,15179
15176,f,15179
15175,f,15179
15177,f,15179
15176,c,15179
15177,e,15180
15176,e,15180
15178,e,15180
15179,e,15180
15181,e,15180
15180,e,15180
15181,c,15181
15182,c,15181
15182,f,15181
15180,f,15181
15180,c,15181
15181,f,15181
15177,f,15181
15179,f,15181
15179,c,15181
15177,c,15181
15178,f,15181
15178,c,15181
15183,e,15182
15179,e,15182
15180,e,15182
15178,e,15182
15181,e,15182
15182,e,15182
15184,f,15183
15182,f,15183
15181,f,15183
15179,f,15183
15180,f,15183
15183,f,15183
15185,b,15185
15184,b,15185
15186,b,15185
15181,b,15185
15183,b,15185
15182,b,15185
15183,c,15186
15187,f,15186
15186,f,15186
15186,c,15186
15185,f,15186
15185,c,15186
15187,c,15186
15184,f,15186
15184,c,15186
15183,f,15186
15182,c,15186
15182,f,15186
15183,e,15187
15187,e,15187
15184,e,15187
15185,e,15187
15186,e,15187
15188,e,15187
15187,b,15188
15187,f,15188
15184,b,15188
15184,f,15188
15188,e,15188
15189,b,15188
15189,f,15188
15189,e,15188
15188,f,15188
15188,b,15188
15187,e,15188
15186,e,15188
15186,f,15188
15186,b,15188
15184,e,15188
15185,b,15188
15185,f,15188
15185,e,15188
15186,f,15189
15189,f,15189
15189,c,15189
15188,c,15189
15185,c,15189
15188,f,15189
15190,c,15189
15186,c,15189
15187,c,15189
15187,f,15189
15185,f,15189
15190,f,15189
15191,e,15190
15188,e,15190
15186,e,15190
15189,e,15190
15190,e,15190
15187,e,15190
15192,f,15191
15191,f,15191
15192,d,15191
15190,f,15191
15190,d,15191
15191,d,15191
15188,d,15191
15189,f,15191
15189,d,15191
15188,f,15191
15187,f,15191
15187,d,15191
15190,f,15192
15189,f,15192
15188,f,15192
15191,f,15192
15193,f,15192
15192,f,15192
15194,f,15194
15193,f,15194
15195,f,15194
15191,f,15194
15192,f,15194
15190,f,15194
15192,b,15195
15191,b,15195
15193,b,15195
15196,b,15195
15194,b,15195
15195,b,15195
15197,f,15196
15197,c,15196
15196,f,15196
15195,f,15196
15195,c,15196
15196,c,15196
15194,f,15196
15194,c,15196
15192,c,15196
15192,f,15196
15193,f,15196
15193,c,15196
15194,e,15197
15198,e,15197
15196,e,15197
15197,e,15197
15195,e,15197
15193,e,15197
15196,f,15198
15195,f,15198
15194,f,15198
15197,f,15198
15199,f,15198
15198,f,15198
15199,b,15200
15201,b,15200
15198,b,15200
15200,b,15200
15197,b,15200
15196,b,15200
15201,c,15201
15202,c,15201
15200,f,15201
15200,c,15201
15201,f,15201
15202,f,15201
15199,c,15201
15199,f,15201
15197,c,15201
15198,f,15201
15198,c,15201
15197,f,15201
15199,e,15202
15199,d,15202
15202,e,15202
15202,d,15202
15203,e,15202
15201,d,15202
15201,e,15202
15200,e,15202
15200,d,15202
15198,d,15202
15198,e,15202
15203,d,15202
15201,f,15203
15202,f,15203
15204,f,15203
15199,f,15203
15203,f,15203
15200,f,15203
15205,a,15205
15204,a,15205
15203,a,15205
15206,a,15205
15201,a,15205
15202,a,15205
15206,d,15206
15206,c,15206
15207,b,15206
15205,c,15206
15205,d,15206
15205,b,15206
15207,d,15206
15207,c,15206
15202,c,15206
15202,d,15206
15203,c,15206
15204,d,15206
15202,b,15206
15204,b,15206
15206,b,15206
15203,b,15206
15204,c,15206
15203,d,15206
15206,c,15207
15206,f,15207
15207,e,15207
15208,e,15207
15208,f,15207
15208,c,15207
15207,c,15207
15206,e,15207
15207,f,15207
15204,f,15207
15205,c,15207
15203,f,15207
15203,c,15207
15205,e,15207
15205,f,15207
15204,c,15207
15204,e,15207
15203,e,15207
15208,f,15208
15207,e,15208
15209,f,15208
15208,e,15208
15204,f,15208
15207,f,15208
15209,e,15208
15206,e,15208
15206,f,15208
15205,f,15208
15205,e,15208
15204,e,15208
15208,b,15209
15208,f,15209
15209,b,15209
15209,f,15209
15205,b,15209
15210,b,15209
15207,f,15209
15207,b,15209
15210,f,15209
15206,f,15209
15206,b,15209
15205,f,15209
15209,f,15210
15210,c,15210
15210,f,15210
15209,c,15210
15208,c,15210
15211,f,15210
15208,f,15210
15211,c,15210
15207,f,15210
15206,c,15210
15206,f,15210
15207,c,15210
15211,c,15211
15211,e,15211
15212,c,15211
15210,e,15211
15210,c,15211
15212,e,15211
15209,e,15211
15209,c,15211
15207,c,15211
15207,e,15211
15208,c,15211
15208,e,15211
15213,f,15212
15212,f,15212
15213,e,15212
15212,e,15212
15211,e,15212
15211,f,15212
15211,d,15212
15212,d,15212
15213,d,15212
15209,e,15212
15208,d,15212
15209,d,15212
15209,f,15212
15208,f,15212
15210,d,15212
15208,e,15212
15210,f,15212
15210,e,15212
15213,f,15213
15211,f,15213
15209,f,15213
15210,f,15213
15212,f,15213
15214,f,15213
15213,e,15214
15213,c,15214
15215,e,15214
15215,c,15214
15214,e,15214
15210,c,15214
15212,e,15214
15210,e,15214
15214,c,15214
15211,e,15214
15211,c,15214
15212,c,15214
15214,e,15215
15215,e,15215
15216,e,15215
15216,b,15215
15216,f,15215
15214,f,15215
15214,b,15215
15215,b,15215
15215,f,15215
15211,b,15215
15213,e,15215
15213,f,15215
15213,b,15215
15211,f,15215
15212,e,15215
15212,f,15215
15212,b,15215
15211,e,15215
15217,f,15216
15217,c,15216
15216,f,15216
15216,c,15216
15215,f,15216
15215,c,15216
15213,f,15216
15214,f,15216
15214,c,15216
15212,f,15216
15213,c,15216
15212,c,15216
15217,e,15217
15215,e,15217
15214,e,15217
15213,e,15217
15216,e,15217
15218,e,15217
15219,f,15218
15218,f,15218
15214,f,15218
15216,f,15218
15215,f,15218
15217,f,15218
15221,c,15222
15218,c,15222
15219,c,15222
15220,c,15222
15223,c,15222
15222,c,15222
15224,e,15223
15223,e,15223
15222,e,15223
15219,e,15223
15221,e,15223
15220,e,15223
15221,f,15224
15220,f,15224
15222,c,15224
15222,f,15224
15225,f,15224
15225,c,15224
15220,c,15224
15223,c,15224
15223,f,15224
15224,f,15224
15221,c,15224
15224,c,15224
15225,e,15225
15224,e,15225
15226,e,15225
15223,e,15225
15222,e,15225
15221,e,15225
15223,f,15226
15224,f,15226
15227,f,15226
15222,f,15226
15225,f,15226
15226,f,15226
15228,e,15227
15226,e,15227
15227,e,15227
15224,e,15227
15225,e,15227
15223,e,15227
15225,f,15228
15226,f,15228
15224,f,15228
15227,f,15228
15229,f,15228
15228,f,15228
15230,f,15229
15229,f,15229
15225,f,15229
15227,f,15229
15226,f,15229
15228,f,15229
15231,d,15233
15232,f,15233
15232,d,15233
15233,f,15233
15234,d,15233
15231,f,15233
15229,d,15233
15230,f,15233
15230,d,15233
15229,f,15233
15233,d,15233
15234,f,15233
15233,f,15234
15234,f,15234
15235,f,15234
15232,f,15234
15230,f,15234
15231,f,15234
15236,c,15235
15235,c,15235
15234,c,15235
15234,a,15235
15235,a,15235
15236,a,15235
15232,c,15235
15232,a,15235
15233,c,15235
15233,a,15235
15231,a,15235
15231,c,15235
15236,a,15236
15236,d,15236
15235,e,15236
15235,d,15236
15237,e,15236
15236,e,15236
15237,a,15236
15235,a,15236
15237,b,15236
15236,b,15236
15237,d,15236
15235,b,15236
15233,e,15236
15232,a,15236
15232,b,15236
15232,d,15236
15233,d,15236
15233,b,15236
15234,e,15236
15234,d,15236
15234,b,15236
15234,a,15236
15233,a,15236
15232,e,15236
15234,d,15237
15236,b,15237
15238,b,15237
15236,c,15237
15236,f,15237
15233,b,15237
15237,f,15237
15237,c,15237
15234,b,15237
15236,d,15237
15237,b,15237
15238,d,15237
15238,f,15237
15234,c,15237
15234,f,15237
15238,c,15237
15233,f,15237
15233,c,15237
15233,d,15237
15237,d,15237
15235,d,15237
15235,c,15237
15235,f,15237
15235,b,15237
15238,f,15238
15237,f,15238
15237,c,15238
15237,d,15238
15239,d,15238
15239,c,15238
15239,f,15238
15239,e,15238
15238,c,15238
15238,d,15238
15237,e,15238
15238,e,15238
15235,e,15238
15234,e,15238
15234,d,15238
15235,d,15238
15235,c,15238
15235,f,15238
15234,f,15238
15236,d,15238
15234,c,15238
15236,e,15238
15236,c,15238
15236,f,15238
15238,f,15239
15236,f,15239
15239,f,15239
15239,e,15239
15238,e,15239
15236,e,15239
15240,f,15239
15237,f,15239
15237,e,15239
15235,f,15239
15235,e,15239
15240,e,15239
15239,f,15240
15240,f,15240
15241,f,15240
15236,f,15240
15238,f,15240
15237,f,15240
15239,a,15241
15242,a,15241
15237,a,15241
15240,a,15241
15241,a,15241
15238,a,15241
15243,b,15242
15242,b,15242
15241,d,15242
15241,b,15242
15243,d,15242
15242,d,15242
15240,d,15242
15238,b,15242
15240,b,15242
15238,d,15242
15239,b,15242
15239,d,15242
15244,c,15243
15244,f,15243
15240,f,15243
15242,f,15243
15242,c,15243
15243,c,15243
15243,f,15243
15241,f,15243
15241,c,15243
15239,c,15243
15239,f,15243
15240,c,15243
15243,b,15244
15243,e,15244
15244,e,15244
15244,b,15244
15245,b,15244
15245,e,15244
15240,b,15244
15242,e,15244
15241,e,15244
15241,b,15244
15240,e,15244
15242,b,15244
15245,c,15245
15245,f,15245
15246,d,15245
15246,c,15245
15246,f,15245
15244,f,15245
15244,c,15245
15244,d,15245
15245,d,15245
15243,c,15245
15243,f,15245
15243,d,15245
15241,d,15245
15241,c,15245
15241,f,15245
15242,d,15245
15242,c,15245
15242,f,15245
15243,e,15246
15246,e,15246
15246,f,15246
15245,e,15246
15247,e,15246
15245,f,15246
15242,e,15246
15243,f,15246
15244,f,15246
15244,e,15246
15242,f,15246
15247,f,15246
15248,f,15247
15245,f,15247
15243,f,15247
15246,f,15247
15247,f,15247
15244,f,15247
15247,b,15248
15248,e,15248
15249,e,15248
15249,b,15248
15248,b,15248
15247,e,15248
15244,e,15248
15246,e,15248
15246,b,15248
15245,b,15248
15245,e,15248
15244,b,15248
15249,f,15249
15246,f,15249
15250,c,15249
15248,f,15249
15248,c,15249
15245,c,15249
15247,f,15249
15247,c,15249
15245,f,15249
15246,c,15249
15250,f,15249
15249,c,15249
15250,e,15250
15251,e,15250
15249,e,15250
15246,e,15250
15248,e,15250
15247,e,15250
15248,f,15251
15249,f,15251
15251,f,15251
15252,f,15251
15247,f,15251
15250,f,15251
15251,a,15252
15252,a,15252
15253,a,15252
15250,a,15252
15248,a,15252
15249,a,15252
15252,e,15253
15252,d,15253
15252,b,15253
15253,d,15253
15254,e,15253
15253,e,15253
15253,b,15253
15251,e,15253
15249,d,15253
15254,b,15253
15250,d,15253
15250,e,15253
15250,b,15253
15249,e,15253
15249,b,15253
15251,b,15253
15254,d,15253
15251,d,15253
15253,d,15254
15255,c,15254
15253,f,15254
15254,f,15254
15254,c,15254
15254,d,15254
15255,d,15254
15253,c,15254
15251,d,15254
15255,f,15254
15251,c,15254
15251,f,15254
15252,f,15254
15252,c,15254
15252,d,15254
15250,d,15254
15250,c,15254
15250,f,15254
15256,f,15255
15256,c,15255
15254,a,15255
15256,e,15255
15254,c,15255
15255,d,15255
15256,a,15255
15255,c,15255
15254,f,15255
15254,e,15255
15255,f,15255
15255,a,15255
15256,d,15255
15255,e,15255
15254,d,15255
15251,e,15255
15252,c,15255
15252,d,15255
15252,a,15255
15252,f,15255
15253,a,15255
15253,d,15255
15251,f,15255
15253,f,15255
15253,e,15255
15251,c,15255
15251,d,15255
15251,a,15255
15253,c,15255
15252,e,15255
15256,e,15256
15255,e,15256
15255,f,15256
15255,d,15256
15255,b,15256
15257,e,15256
15256,f,15256
15252,b,15256
15252,d,15256
15253,e,15256
15253,f,15256
15253,d,15256
15253,b,15256
15252,e,15256
15252,f,15256
15256,b,15256
15256,d,15256
15254,b,15256
15254,d,15256
15254,f,15256
15254,e,15256
15257,f,15256
15257,d,15256
15257,b,15256
15256,c,15257
15257,f,15257
15256,f,15257
15253,f,15257
15258,f,15257
15255,f,15257
15255,c,15257
15253,c,15257
15254,f,15257
15254,c,15257
15258,c,15257
15257,c,15257
15258,e,15258
15257,e,15258
15259,e,15258
15256,e,15258
15254,e,15258
15255,e,15258
15257,f,15259
15255,f,15259
15258,f,15259
15256,f,15259
15259,f,15259
15260,f,15259
15261,f,15262
15261,b,15262
15263,b,15262
15260,f,15262
15260,b,15262
15262,b,15262
15262,f,15262
15259,f,15262
15259,b,15262
15258,f,15262
15258,b,15262
15263,f,15262
15263,f,15263
15262,f,15263
15262,c,15263
15263,c,15263
15261,c,15263
15264,c,15263
15261,f,15263
15264,f,15263
15259,c,15263
15259,f,15263
15260,f,15263
15260,c,15263
15264,d,15264
15264,e,15264
15263,e,15264
15263,d,15264
15261,e,15264
15265,d,15264
15262,e,15264
15262,d,15264
15260,d,15264
15260,e,15264
15265,e,15264
15261,d,15264
15265,f,15265
15264,f,15265
15266,f,15265
15263,f,15265
15261,f,15265
15262,f,15265
15267,d,15266
15266,c,15266
15265,c,15266
15265,d,15266
15266,d,15266
15267,c,15266
15262,d,15266
15264,c,15266
15264,d,15266
15262,c,15266
15263,d,15266
15263,c,15266
15267,f,15267
15268,d,15267
15266,e,15267
15266,f,15267
15268,e,15267
15268,f,15267
15267,d,15267
15267,e,15267
15266,d,15267
15263,d,15267
15264,e,15267
15264,f,15267
15264,d,15267
15263,e,15267
15265,d,15267
15263,f,15267
15265,e,15267
15265,f,15267
15264,b,15268
15267,e,15268
15267,f,15268
15267,b,15268
15269,b,15268
15268,e,15268
15268,f,15268
15268,b,15268
15269,f,15268
15265,e,15268
15266,e,15268
15266,f,15268
15266,b,15268
15264,f,15268
15264,e,15268
15265,b,15268
15265,f,15268
15269,e,15268
15269,f,15269
15269,e,15269
15270,c,15269
15268,f,15269
15268,c,15269
15270,f,15269
15270,e,15269
15269,c,15269
15268,e,15269
15267,f,15269
15265,f,15269
15266,f,15269
15266,e,15269
15267,c,15269
15265,e,15269
15265,c,15269
15266,c,15269
15267,e,15269
15271,e,15270
15270,f,15270
15270,e,15270
15269,e,15270
15269,f,15270
15267,e,15270
15268,e,15270
15267,f,15270
15266,e,15270
15268,f,15270
15271,f,15270
15266,f,15270
15271,d,15271
15270,f,15271
15270,d,15271
15271,f,15271
15267,f,15271
15272,f,15271
15268,d,15271
15269,f,15271
15269,d,15271
15267,d,15271
15268,f,15271
15272,d,15271
15272,d,15272
15272,f,15272
15273,d,15272
15271,f,15272
15271,d,15272
15269,f,15272
15273,f,15272
15268,d,15272
15270,f,15272
15270,d,15272
15268,f,15272
15269,d,15272
15272,d,15273
15273,d,15273
15274,d,15273
15270,d,15273
15271,d,15273
15269,d,15273
15271,b,15274
15272,b,15274
15274,b,15274
15270,b,15274
15273,b,15274
15275,b,15274
15271,c,15275
15274,f,15275
15274,c,15275
15275,c,15275
15275,f,15275
15273,c,15275
15276,f,15275
15273,f,15275
15272,f,15275
15272,c,15275
15276,c,15275
15271,f,15275
15275,e,15276
15276,e,15276
15277,e,15276
15274,e,15276
15272,e,15276
15273,e,15276
15274,f,15277
15277,b,15277
15277,f,15277
15276,f,15277
15276,b,15277
15276,a,15277
15273,a,15277
15278,a,15277
15278,b,15277
15274,b,15277
15278,f,15277
15274,a,15277
15275,f,15277
15275,b,15277
15275,a,15277
15273,b,15277
15273,f,15277
15277,a,15277
15279,f,15278
15279,c,15278
15277,b,15278
15277,d,15278
15277,c,15278
15278,d,15278
15279,d,15278
15278,c,15278
15278,f,15278
15278,b,15278
15277,f,15278
15279,b,15278
15274,b,15278
15275,f,15278
15274,d,15278
15274,c,15278
15274,f,15278
15276,f,15278
15276,c,15278
15276,d,15278
15276,b,15278
15275,c,15278
15275,d,15278
15275,b,15278
15278,c,15279
15275,c,15279
15278,e,15279
15280,f,15279
15280,c,15279
15278,f,15279
15279,e,15279
15279,c,15279
15275,f,15279
15275,e,15279
15280,e,15279
15277,e,15279
15277,f,15279
15277,c,15279
15276,c,15279
15276,f,15279
15276,e,15279
15279,f,15279
15280,f,15280
15280,e,15280
15279,e,15280
15279,f,15280
15276,f,15280
15281,f,15280
15278,f,15280
15281,e,15280
15277,f,15280
15277,e,15280
15278,e,15280
15276,e,15280
15281,f,15281
15280,f,15281
15277,f,15281
15278,f,15281
15279,f,15281
15282,f,15281
15282,b,15282
15282,d,15282
15281,d,15282
15281,b,15282
15283,d,15282
15283,b,15282
15279,b,15282
15280,d,15282
15280,b,15282
15279,d,15282
15278,b,15282
15278,d,15282
15280,c,15283
15281,c,15283
15284,c,15283
15279,c,15283
15282,c,15283
15283,c,15283
15284,e,15284
15283,e,15284
15285,e,15284
15282,e,15284
15281,e,15284
15280,e,15284
15282,f,15285
15285,f,15285
15283,f,15285
15286,f,15285
15281,f,15285
15284,f,15285
15286,a,15286
15285,a,15286
15287,a,15286
15283,a,15286
15282,a,15286
15284,a,15286
15287,d,15287
15284,b,15287
15283,d,15287
15285,b,15287
15285,d,15287
15284,d,15287
15287,b,15287
15283,b,15287
15288,d,15287
15286,b,15287
15286,d,15287
15288,b,15287
15287,c,15288
15284,c,15288
15289,c,15288
15289,f,15288
15287,f,15288
15288,c,15288
15288,f,15288
15284,f,15288
15286,f,15288
15286,c,15288
15285,f,15288
15285,c,15288
15286,e,15289
15287,e,15289
15290,e,15289
15285,e,15289
15288,e,15289
15289,e,15289
15290,f,15290
15290,a,15290
15289,f,15290
15289,a,15290
15286,f,15290
15286,a,15290
15291,a,15290
15288,f,15290
15288,a,15290
15291,f,15290
15287,a,15290
15287,f,15290
15291,b,15291
15291,d,15291
15290,d,15291
15290,b,15291
15287,b,15291
15292,b,15291
15288,d,15291
15292,d,15291
15289,d,15291
15289,b,15291
15287,d,15291
15288,b,15291
15292,c,15292
15291,f,15292
15291,c,15292
15292,f,15292
15291,a,15292
15293,a,15292
15293,c,15292
15292,a,15292
15293,f,15292
15288,c,15292
15289,f,15292
15289,a,15292
15290,f,15292
15290,c,15292
15290,a,15292
15288,f,15292
15289,c,15292
15288,a,15292
15292,b,15293
15292,d,15293
15292,f,15293
15292,e,15293
15290,e,15293
15293,f,15293
15293,e,15293
15294,b,15293
15294,d,15293
15290,f,15293
15294,e,15293
15293,b,15293
15293,d,15293
15294,f,15293
15289,d,15293
15290,d,15293
15290,b,15293
15289,e,15293
15289,f,15293
15291,b,15293
15291,f,15293
15291,e,15293
15291,d,15293
15289,b,15293
15295,f,15294
15294,c,15294
15294,f,15294
15293,f,15294
15291,f,15294
15293,c,15294
15292,c,15294
15290,f,15294
15292,f,15294
15295,c,15294
15291,c,15294
15290,c,15294
15295,f,15295
15294,e,15295
15294,f,15295
15296,f,15295
15296,e,15295
15295,e,15295
15293,e,15295
15293,f,15295
15291,e,15295
15291,f,15295
15292,e,15295
15292,f,15295
15293,f,15296
15297,f,15296
15295,f,15296
15296,f,15296
15294,f,15296
15292,f,15296
15295,e,15297
15294,e,15297
15296,e,15297
15293,e,15297
15297,e,15297
15298,e,15297
15299,c,15300
15301,c,15300
15298,c,15300
15297,c,15300
15296,c,15300
15300,c,15300
15300,e,15301
15302,e,15301
15301,e,15301
15298,e,15301
15299,e,15301
15297,e,15301
15299,f,15302
15302,f,15302
15301,f,15302
15303,f,15302
15300,f,15302
15298,f,15302
15300,f,15303
15299,f,15303
15304,f,15303
15303,f,15303
15302,f,15303
15301,f,15303
15305,b,15304
15304,b,15304
15303,b,15304
15300,b,15304
15302,b,15304
15301,b,15304
15306,c,15305
15305,f,15305
15306,f,15305
15304,f,15305
15304,c,15305
15301,c,15305
15302,f,15305
15305,c,15305
15303,f,15305
15303,c,15305
15301,f,15305
15302,c,15305
15307,d,15306
15305,e,15306
15305,d,15306
15307,e,15306
15306,e,15306
15306,d,15306
15302,d,15306
15304,e,15306
15302,e,15306
15303,d,15306
15304,d,15306
15303,e,15306
15304,f,15307
15308,f,15307
15306,f,15307
15307,f,15307
15305,f,15307
15303,f,15307
15308,e,15308
15306,e,15308
15305,e,15308
15304,e,15308
15307,e,15308
15309,e,15308
15306,f,15309
15305,f,15309
15307,f,15309
15310,f,15309
15308,f,15309
15309,f,15309
15310,f,15310
15309,f,15310
15311,f,15310
15307,f,15310
15306,f,15310
15308,f,15310
15314,f,15313
15313,f,15313
15312,f,15313
15309,f,15313
15311,f,15313
15310,f,15313
15311,c,15315
15315,c,15315
15315,b,15315
15311,b,15315
15314,c,15315
15314,b,15315
15316,c,15315
15316,b,15315
15313,b,15315
15312,b,15315
15312,c,15315
15313,c,15315
15313,c,15316
15316,c,15316
15316,f,15316
15316,e,15316
15315,e,15316
15315,f,15316
15315,c,15316
15317,c,15316
15317,e,15316
15317,f,15316
15314,f,15316
15314,e,15316
15312,c,15316
15313,f,15316
15314,c,15316
15312,f,15316
15312,e,15316
15313,e,15316
15318,f,15317
15316,a,15317
15317,f,15317
15316,e,15317
15317,a,15317
15317,e,15317
15318,e,15317
15316,f,15317
15318,a,15317
15313,f,15317
15313,a,15317
15315,e,15317
15315,f,15317
15315,a,15317
15313,e,15317
15314,a,15317
15314,f,15317
15314,e,15317
15317,d,15318
15319,f,15318
15318,f,15318
15317,f,15318
15317,b,15318
15318,d,15318
15314,b,15318
15314,f,15318
15319,b,15318
15319,d,15318
15316,f,15318
15316,d,15318
15316,b,15318
15315,b,15318
15315,d,15318
15315,f,15318
15314,d,15318
15318,b,15318
15319,f,15319
15320,c,15319
15318,f,15319
15318,c,15319
15315,c,15319
15320,f,15319
15317,f,15319
15317,c,15319
15315,f,15319
15316,f,15319
15316,c,15319
15319,c,15319
15320,e,15320
15319,e,15320
15321,e,15320
15316,e,15320
15318,e,15320
15317,e,15320
15318,f,15321
15319,f,15321
15322,f,15321
15321,f,15321
15317,f,15321
15320,f,15321
15318,a,15322
15322,a,15322
15321,a,15322
15323,a,15322
15319,a,15322
15320,a,15322
15320,b,15323
15323,d,15323
15323,c,15323
15323,e,15323
15322,e,15323
15322,c,15323
15322,d,15323
15322,b,15323
15319,b,15323
15319,d,15323
15324,b,15323
15324,c,15323
15324,d,15323
15321,e,15323
15320,d,15323
15320,c,15323
15320,e,15323
15324,e,15323
15319,e,15323
15321,b,15323
15323,b,15323
15321,d,15323
15321,c,15323
15319,c,15323
15323,f,15324
15324,f,15324
15324,e,15324
15323,c,15324
15325,e,15324
15323,e,15324
15324,c,15324
15322,f,15324
15321,e,15324
15320,c,15324
15320,f,15324
15320,e,15324
15325,c,15324
15321,c,15324
15321,f,15324
15325,f,15324
15322,c,15324
15322,e,15324
15323,d,15325
15322,e,15325
15325,d,15325
15325,f,15325
15325,e,15325
15324,e,15325
15324,f,15325
15324,d,15325
15322,f,15325
15321,f,15325
15322,d,15325
15321,d,15325
15326,d,15325
15326,f,15325
15326,e,15325
15323,e,15325
15323,f,15325
15321,e,15325
15326,f,15326
15325,f,15326
15325,a,15326
15326,a,15326
15327,f,15326
15327,a,15326
15324,f,15326
15324,a,15326
15322,f,15326
15323,a,15326
15323,f,15326
15322,a,15326
15323,b,15327
15327,d,15327
15328,b,15327
15328,d,15327
15326,d,15327
15326,b,15327
15327,b,15327
15325,d,15327
15325,b,15327
15324,b,15327
15324,d,15327
15323,d,15327
15328,f,15328
15329,c,15328
15329,f,15328
15328,c,15328
15327,f,15328
15324,c,15328
15327,c,15328
15326,f,15328
15326,c,15328
15325,f,15328
15325,c,15328
15324,f,15328
15329,e,15329
15327,e,15329
15330,e,15329
15326,e,15329
15325,e,15329
15328,e,15329
15330,f,15330
15329,f,15330
15328,f,15330
15327,f,15330
15326,f,15330
15331,f,15330
15332,e,15333
15334,e,15333
15331,e,15333
15333,e,15333
15330,e,15333
15329,e,15333
15334,f,15334
15335,f,15334
15333,f,15334
15331,f,15334
15332,f,15334
15330,f,15334
15332,d,15335
15333,d,15335
15336,d,15335
15331,d,15335
15334,d,15335
15335,d,15335
15332,f,15336
15336,f,15336
15336,d,15336
15335,f,15336
15332,d,15336
15335,d,15336
15337,d,15336
15334,f,15336
15334,d,15336
15337,f,15336
15333,d,15336
15333,f,15336
15337,f,15337
15337,e,15337
15336,e,15337
15336,f,15337
15333,f,15337
15338,f,15337
15334,f,15337
15334,e,15337
15335,e,15337
15335,f,15337
15333,e,15337
15338,e,15337
15338,d,15338
15337,f,15338
15338,f,15338
15339,a,15338
15337,d,15338
15337,a,15338
15339,d,15338
15339,f,15338
15338,a,15338
15334,d,15338
15336,f,15338
15336,d,15338
15336,a,15338
15334,a,15338
15334,f,15338
15335,a,15338
15335,d,15338
15335,f,15338
15338,d,15339
15340,b,15339
15339,f,15339
15339,d,15339
15339,b,15339
15340,d,15339
15338,f,15339
15338,b,15339
15340,f,15339
15335,d,15339
15336,f,15339
15336,d,15339
15336,b,15339
15335,f,15339
15335,b,15339
15337,d,15339
15337,f,15339
15337,b,15339
15339,c,15340
15340,c,15340
15340,f,15340
15341,c,15340
15339,f,15340
15337,f,15340
15336,f,15340
15337,c,15340
15338,c,15340
15338,f,15340
15341,f,15340
15336,c,15340
15342,e,15341
15341,e,15341
15340,e,15341
15340,b,15341
15342,b,15341
15341,b,15341
15338,b,15341
15339,e,15341
15339,b,15341
15338,e,15341
15337,b,15341
15337,e,15341
15343,c,15342
15339,c,15342
15340,c,15342
15342,c,15342
15338,c,15342
15341,c,15342
15343,e,15343
15342,e,15343
15342,d,15343
15344,d,15343
15344,e,15343
15339,d,15343
15341,e,15343
15343,d,15343
15339,e,15343
15340,e,15343
15340,d,15343
15341,d,15343
15344,e,15344
15345,e,15344
15343,e,15344
15343,f,15344
15344,f,15344
15345,f,15344
15342,e,15344
15342,f,15344
15340,f,15344
15340,e,15344
15341,f,15344
15341,e,15344
15342,f,15345
15345,f,15345
15344,f,15345
15346,f,15345
15343,f,15345
15341,f,15345
15345,e,15346
15346,e,15346
15344,e,15346
15343,e,15346
15347,e,15346
15342,e,15346
15348,f,15347
15348,a,15347
15347,a,15347
15347,c,15347
15347,f,15347
15348,c,15347
15346,a,15347
15346,f,15347
15346,c,15347
15343,c,15347
15344,a,15347
15345,f,15347
15343,f,15347
15344,c,15347
15343,a,15347
15344,f,15347
15345,c,15347
15345,a,15347
15348,b,15348
15348,d,15348
15347,e,15348
15347,d,15348
15348,e,15348
15349,d,15348
15349,e,15348
15345,b,15348
15347,b,15348
15344,b,15348
15345,d,15348
15345,e,15348
15344,e,15348
15344,d,15348
15349,b,15348
15346,d,15348
15346,e,15348
15346,b,15348
15347,c,15349
15346,f,15349
15349,c,15349
15349,f,15349
15348,f,15349
15348,c,15349
15346,c,15349
15345,f,15349
15350,c,15349
15350,f,15349
15347,f,15349
15345,c,15349
15351,e,15350
15349,e,15350
15349,c,15350
15350,c,15350
15351,c,15350
15350,e,15350
15348,e,15350
15348,c,15350
15346,c,15350
15347,e,15350
15347,c,15350
15346,e,15350
15348,e,15351
15352,e,15351
15352,f,15351
15351,e,15351
15351,f,15351
15350,f,15351
15350,e,15351
15349,e,15351
15349,f,15351
15347,e,15351
15348,f,15351
15347,f,15351
15350,f,15352
15349,f,15352
15351,f,15352
15348,f,15352
15352,f,15352
15353,f,15352
15353,a,15355
15355,a,15355
15354,a,15355
15356,a,15355
15351,a,15355
15352,a,15355
15356,b,15356
15356,d,15356
15355,d,15356
15355,b,15356
15357,b,15356
15352,d,15356
15357,d,15356
15354,b,15356
15353,d,15356
15353,b,15356
15354,d,15356
15352,b,15356
15357,c,15357
15357,d,15357
15357,f,15357
15358,d,15357
15358,f,15357
15358,c,15357
15356,f,15357
15356,c,15357
15356,d,15357
15355,d,15357
15355,f,15357
15355,c,15357
15353,d,15357
15353,c,15357
15353,f,15357
15354,d,15357
15354,c,15357
15354,f,15357
15357,e,15358
15358,e,15358
15358,f,15358
15357,f,15358
15354,f,15358
15359,f,15358
15355,e,15358
15354,e,15358
15359,e,15358
15356,e,15358
15356,f,15358
15355,f,15358
15358,b,15359
15358,f,15359
15360,b,15359
15360,f,15359
15355,b,15359
15357,f,15359
15357,b,15359
15355,f,15359
15356,b,15359
15356,f,15359
15359,b,15359
15359,f,15359
15359,d,15360
15361,d,15360
15359,c,15360
15360,f,15360
15360,d,15360
15360,c,15360
15361,f,15360
15359,f,15360
15361,c,15360
15356,d,15360
15356,f,15360
15358,f,15360
15358,c,15360
15358,d,15360
15357,d,15360
15357,c,15360
15357,f,15360
15356,c,15360
15362,c,15361
15360,f,15361
15360,c,15361
15357,c,15361
15358,e,15361
15362,f,15361
15361,f,15361
15361,e,15361
15360,e,15361
15359,e,15361
15359,f,15361
15359,c,15361
15357,f,15361
15357,e,15361
15358,c,15361
15358,f,15361
15361,c,15361
15362,e,15361
15361,a,15362
15358,a,15362
15361,e,15362
15362,a,15362
15362,f,15362
15362,e,15362
15363,e,15362
15361,f,15362
15363,f,15362
15363,a,15362
15358,e,15362
15358,f,15362
15359,f,15362
15359,e,15362
15360,e,15362
15360,f,15362
15360,a,15362
15359,a,15362
15359,a,15363
15359,b,15363
15359,d,15363
15362,a,15363
15364,a,15363
15364,b,15363
15364,d,15363
15362,d,15363
15363,d,15363
15361,d,15363
15361,b,15363
15361,a,15363
15360,a,15363
15360,b,15363
15360,d,15363
15363,a,15363
15362,b,15363
15363,b,15363
15365,c,15364
15363,d,15364
15363,b,15364
15363,e,15364
15364,b,15364
15364,d,15364
15364,c,15364
15364,e,15364
15365,e,15364
15365,d,15364
15365,b,15364
15363,c,15364
15361,e,15364
15360,b,15364
15360,d,15364
15360,c,15364
15360,e,15364
15361,d,15364
15362,e,15364
15362,c,15364
15362,d,15364
15362,b,15364
15361,c,15364
15361,b,15364
15366,e,15365
15364,b,15365
15364,c,15365
15365,e,15365
15364,e,15365
15366,f,15365
15366,c,15365
15365,f,15365
15364,f,15365
15366,b,15365
15361,b,15365
15361,c,15365
15362,e,15365
15362,f,15365
15362,c,15365
15362,b,15365
15365,b,15365
15361,f,15365
15363,b,15365
15361,e,15365
15363,f,15365
15363,e,15365
15363,c,15365
15365,c,15365
15367,f,15366
15365,e,15366
15365,f,15366
15365,c,15366
15362,c,15366
15367,c,15366
15366,e,15366
15366,f,15366
15366,c,15366
15367,e,15366
15362,f,15366
15364,e,15366
15363,f,15366
15363,c,15366
15362,e,15366
15363,e,15366
15364,c,15366
15364,f,15366
15366,e,15367
15366,f,15367
15363,f,15367
15363,e,15367
15368,e,15367
15368,f,15367
15367,e,15367
15365,e,15367
15365,f,15367
15364,f,15367
15364,e,15367
15367,f,15367
15369,b,15368
15367,a,15368
15367,b,15368
15367,f,15368
15368,f,15368
15368,b,15368
15368,a,15368
15369,a,15368
15369,f,15368
15364,b,15368
15366,f,15368
15364,a,15368
15365,a,15368
15365,b,15368
15364,f,15368
15366,b,15368
15366,a,15368
15365,f,15368
15368,b,15369
15368,d,15369
15368,c,15369
15369,d,15369
15369,b,15369
15370,b,15369
15369,f,15369
15368,f,15369
15370,f,15369
15369,c,15369
15370,c,15369
15370,d,15369
15366,b,15369
15366,d,15369
15366,c,15369
15366,f,15369
15367,f,15369
15367,c,15369
15367,d,15369
15367,b,15369
15365,f,15369
15365,c,15369
15365,b,15369
15365,d,15369
15367,e,15370
15369,f,15370
15369,e,15370
15370,c,15370
15370,f,15370
15370,e,15370
15371,c,15370
15371,f,15370
15371,e,15370
15370,d,15370
15369,c,15370
15371,d,15370
15366,d,15370
15369,d,15370
15367,f,15370
15367,c,15370
15367,d,15370
15368,d,15370
15368,c,15370
15366,e,15370
15368,e,15370
15366,f,15370
15366,c,15370
15368,f,15370
15367,e,15371
15370,e,15371
15368,e,15371
15369,e,15371
15371,e,15371
15372,e,15371
15372,c,15374
15375,c,15374
15374,c,15374
15373,c,15374
15370,c,15374
15371,c,15374
15376,e,15375
15375,e,15375
15371,e,15375
15374,e,15375
15372,e,15375
15373,e,15375
15375,e,15376
15376,e,15376
15376,f,15376
15372,f,15376
15373,e,15376
15375,f,15376
15372,e,15376
15377,f,15376
15374,e,15376
15374,f,15376
15373,f,15376
15377,e,15376
15374,f,15377
15375,f,15377
15378,f,15377
15377,f,15377
15376,f,15377
15373,f,15377
15378,b,15378
15377,b,15378
15379,b,15378
15374,b,15378
15376,b,15378
15375,b,15378
15376,f,15379
15380,d,15379
15379,f,15379
15379,c,15379
15379,d,15379
15380,c,15379
15376,c,15379
15378,f,15379
15378,c,15379
15378,d,15379
15375,d,15379
15380,f,15379
15375,f,15379
15377,f,15379
15377,c,15379
15377,d,15379
15375,c,15379
15376,d,15379
15376,c,15380
15380,c,15380
15380,f,15380
15380,e,15380
15381,c,15380
15379,e,15380
15379,f,15380
15379,c,15380
15376,f,15380
15376,e,15380
15378,c,15380
15381,f,15380
15381,e,15380
15378,e,15380
15378,f,15380
15377,c,15380
15377,f,15380
15377,e,15380
15381,f,15381
15381,e,15381
15380,f,15381
15382,f,15381
15382,e,15381
15380,e,15381
15379,e,15381
15377,f,15381
15377,e,15381
15379,f,15381
15378,f,15381
15378,e,15381
15379,f,15382
15382,d,15382
15383,f,15382
15381,f,15382
15381,d,15382
15378,d,15382
15378,f,15382
15380,f,15382
15380,d,15382
15379,d,15382
15382,f,15382
15383,d,15382
15383,f,15383
15384,f,15383
15382,f,15383
15381,f,15383
15380,f,15383
15379,f,15383
15387,e,15386
15383,e,15386
15384,e,15386
15382,e,15386
15385,e,15386
15386,e,15386
15388,f,15387
15386,f,15387
15387,f,15387
15385,f,15387
15384,f,15387
15383,f,15387
15387,f,15388
15388,f,15388
15389,f,15388
15384,f,15388
15386,f,15388
15385,f,15388
15386,b,15390
15389,e,15390
15389,b,15390
15390,e,15390
15391,b,15390
15391,e,15390
15386,e,15390
15390,b,15390
15388,b,15390
15387,e,15390
15387,b,15390
15388,e,15390
15391,f,15391
15392,c,15391
15392,f,15391
15390,c,15391
15391,c,15391
15390,f,15391
15387,f,15391
15389,f,15391
15389,c,15391
15387,c,15391
15388,f,15391
15388,c,15391
15392,e,15392
15393,e,15392
15391,e,15392
15389,e,15392
15388,e,15392
15390,e,15392
15391,f,15393
15393,f,15393
15394,f,15393
15390,f,15393
15392,f,15393
15389,f,15393
15395,d,15394
15391,d,15394
15394,d,15394
15393,d,15394
15390,d,15394
15392,d,15394
15395,f,15395
15394,f,15395
15393,f,15395
15396,f,15395
15392,f,15395
15391,f,15395
15395,e,15396
15396,e,15396
15394,e,15396
15397,e,15396
15392,e,15396
15393,e,15396
15397,c,15397
15397,f,15397
15396,f,15397
15396,c,15397
15396,a,15397
15397,a,15397
15398,a,15397
15398,c,15397
15398,f,15397
15393,f,15397
15394,a,15397
15394,c,15397
15395,f,15397
15395,c,15397
15395,a,15397
15393,a,15397
15394,f,15397
15393,c,15397
15398,d,15398
15397,a,15398
15397,b,15398
15397,d,15398
15399,b,15398
15399,d,15398
15398,e,15398
15399,a,15398
15397,e,15398
15398,b,15398
15399,e,15398
15398,a,15398
15394,e,15398
15394,a,15398
15394,b,15398
15394,d,15398
15395,d,15398
15395,b,15398
15396,e,15398
15396,d,15398
15396,b,15398
15396,a,15398
15395,e,15398
15395,a,15398
15396,f,15399
15398,b,15399
15398,d,15399
15400,b,15399
15398,f,15399
15400,c,15399
15400,d,15399
15399,f,15399
15399,c,15399
15398,c,15399
15395,b,15399
15395,d,15399
15395,c,15399
15396,c,15399
15396,d,15399
15396,b,15399
15395,f,15399
15399,b,15399
15397,d,15399
15397,b,15399
15397,f,15399
15400,f,15399
15397,c,15399
15399,d,15399
15401,c,15400
15400,e,15400
15399,f,15400
15399,c,15400
15400,f,15400
15400,c,15400
15401,f,15400
15401,e,15400
15396,c,15400
15399,e,15400
15396,f,15400
15396,e,15400
15397,c,15400
15398,e,15400
15398,f,15400
15398,c,15400
15397,f,15400
15397,e,15400
15402,f,15401
15402,e,15401
15400,e,15401
15400,f,15401
15397,f,15401
15397,e,15401
15399,e,15401
15399,f,15401
15398,f,15401
15398,e,15401
15401,f,15401
15401,e,15401
15402,f,15402
15403,f,15402
15398,f,15402
15401,f,15402
15400,f,15402
15399,f,15402
15401,f,15404
15404,f,15404
15403,f,15404
15405,f,15404
15402,f,15404
15400,f,15404
15401,f,15405
15403,f,15405
15404,f,15405
15405,f,15405
15406,f,15405
15402,f,15405
15408,d,15408
15409,d,15408
15406,d,15408
15407,d,15408
15405,d,15408
15404,d,15408
15409,b,15409
15410,f,15409
15408,f,15409
15408,b,15409
15407,f,15409
15410,b,15409
15409,f,15409
15407,b,15409
15405,b,15409
15405,f,15409
15406,b,15409
15406,f,15409
15410,d,15410
15410,c,15410
15410,f,15410
15406,f,15410
15411,a,15410
15409,f,15410
15409,c,15410
15409,d,15410
15409,a,15410
15411,d,15410
15411,c,15410
15410,a,15410
15407,a,15410
15411,f,15410
15407,d,15410
15407,c,15410
15408,f,15410
15408,c,15410
15408,d,15410
15408,a,15410
15406,a,15410
15406,d,15410
15406,c,15410
15407,f,15410
15410,b,15411
15410,d,15411
15412,e,15411
15411,d,15411
15412,f,15411
15412,d,15411
15411,f,15411
15411,e,15411
15411,b,15411
15410,e,15411
15412,b,15411
15410,f,15411
15408,e,15411
15408,d,15411
15407,b,15411
15407,d,15411
15407,f,15411
15409,e,15411
15409,f,15411
15409,d,15411
15407,e,15411
15408,f,15411
15408,b,15411
15409,b,15411
15411,d,15412
15408,d,15412
15411,f,15412
15413,c,15412
15412,d,15412
15411,c,15412
15413,d,15412
15412,f,15412
15408,c,15412
15408,f,15412
15413,f,15412
15410,f,15412
15410,c,15412
15410,d,15412
15409,d,15412
15409,c,15412
15409,f,15412
15412,c,15412
15413,f,15413
15413,e,15413
15412,e,15413
15414,f,15413
15409,e,15413
15411,e,15413
15410,f,15413
15409,f,15413
15414,e,15413
15411,f,15413
15412,f,15413
15410,e,15413
15415,f,15414
15413,f,15414
15411,f,15414
15412,f,15414
15410,f,15414
15414,f,15414
15417,c,15416
15416,b,15416
15415,c,15416
15415,b,15416
15417,b,15416
15414,c,15416
15416,c,15416
15412,b,15416
15414,b,15416
15413,c,15416
15412,c,15416
15413,b,15416
15418,e,15417
15418,f,15417
15418,c,15417
15417,e,15417
15417,f,15417
15417,c,15417
15416,e,15417
15416,f,15417
15416,c,15417
15413,e,15417
15414,c,15417
15414,f,15417
15415,e,15417
15415,f,15417
15415,c,15417
15413,c,15417
15413,f,15417
15414,e,15417
15417,a,15418
15414,a,15418
15414,f,15418
15414,e,15418
15419,e,15418
15418,e,15418
15415,f,15418
15415,e,15418
15418,a,15418
15417,f,15418
15416,e,15418
15416,f,15418
15416,a,15418
15415,a,15418
15419,a,15418
15419,f,15418
15418,f,15418
15417,e,15418
15418,b,15419
15418,f,15419
15420,b,15419
15419,f,15419
15419,d,15419
15418,d,15419
15420,d,15419
15417,b,15419
15416,d,15419
15415,b,15419
15415,d,15419
15415,f,15419
15416,b,15419
15420,f,15419
15416,f,15419
15419,b,15419
15417,d,15419
15417,f,15419
15421,f,15420
15421,c,15420
15419,e,15420
15419,f,15420
15419,c,15420
15420,e,15420
15420,f,15420
15421,e,15420
15420,c,15420
15417,f,15420
15417,e,15420
15418,e,15420
15418,f,15420
15416,c,15420
15416,f,15420
15416,e,15420
15418,c,15420
15417,c,15420
15421,f,15421
15422,e,15421
15420,e,15421
15420,f,15421
15418,e,15421
15417,f,15421
15417,e,15421
15419,e,15421
15419,f,15421
15418,f,15421
15421,e,15421
15422,f,15421
15423,f,15422
15422,f,15422
15418,f,15422
15421,f,15422
15420,f,15422
15419,f,15422
15422,b,15425
15426,b,15425
15423,b,15425
15425,b,15425
15424,b,15425
15421,b,15425
15426,f,15426
15426,c,15426
15425,f,15426
15425,c,15426
15427,c,15426
15424,c,15426
15423,f,15426
15423,c,15426
15424,f,15426
15422,c,15426
15427,f,15426
15422,f,15426
15424,e,15427
15427,e,15427
15423,e,15427
15425,e,15427
15426,e,15427
15428,e,15427
15427,b,15428
15427,f,15428
15428,b,15428
15428,f,15428
15428,e,15428
15429,f,15428
15429,e,15428
15427,e,15428
15429,b,15428
15425,b,15428
15424,e,15428
15424,b,15428
15426,e,15428
15426,f,15428
15426,b,15428
15425,f,15428
15424,f,15428
15425,e,15428
15429,c,15429
15429,f,15429
15428,f,15429
15428,c,15429
15430,c,15429
15426,f,15429
15427,f,15429
15427,c,15429
15425,f,15429
15426,c,15429
15430,f,15429
15425,c,15429
15430,e,15430
15426,e,15430
15429,e,15430
15431,e,15430
15428,e,15430
15427,e,15430
15428,f,15431
15428,b,15431
15429,b,15431
15429,f,15431
15431,f,15431
15432,f,15431
15432,b,15431
15431,b,15431
15427,f,15431
15427,b,15431
15430,b,15431
15430,f,15431
15433,c,15432
15431,f,15432
15432,c,15432
15433,f,15432
15432,f,15432
15431,c,15432
15428,c,15432
15430,f,15432
15430,c,15432
15428,f,15432
15429,c,15432
15429,f,15432
15433,f,15433
15433,e,15433
15432,e,15433
15432,f,15433
15429,f,15433
15434,e,15433
15434,f,15433
15431,e,15433
15431,f,15433
15429,e,15433
15430,f,15433
15430,e,15433
15435,d,15434
15434,d,15434
15434,f,15434
15433,f,15434
15433,d,15434
15433,b,15434
15435,f,15434
15434,b,15434
15430,d,15434
15435,b,15434
15430,f,15434
15431,b,15434
15431,d,15434
15432,f,15434
15432,d,15434
15432,b,15434
15431,f,15434
15430,b,15434
15435,f,15435
15431,c,15435
15431,f,15435
15436,c,15435
15434,f,15435
15434,c,15435
15435,c,15435
15433,f,15435
15433,c,15435
15432,c,15435
15432,f,15435
15436,f,15435
15435,a,15436
15437,a,15436
15437,e,15436
15436,a,15436
15436,b,15436
15437,b,15436
15435,b,15436
15436,e,15436
15435,e,15436
15433,b,15436
15432,a,15436
15432,b,15436
15433,a,15436
15434,e,15436
15434,b,15436
15434,a,15436
15433,e,15436
15432,e,15436
15438,b,15437
15436,b,15437
15438,c,15437
15436,c,15437
15438,d,15437
15437,c,15437
15436,d,15437
15437,b,15437
15433,b,15437
15433,c,15437
15434,c,15437
15434,d,15437
15434,b,15437
15433,d,15437
15435,b,15437
15437,d,15437
15435,c,15437
15435,d,15437
15438,c,15438
15438,f,15438
15439,e,15438
15437,e,15438
15437,f,15438
15437,c,15438
15439,f,15438
15439,c,15438
15434,c,15438
15438,e,15438
15434,f,15438
15436,c,15438
15435,f,15438
15435,e,15438
15434,e,15438
15436,e,15438
15436,f,15438
15435,c,15438
15439,e,15439
15440,e,15439
15438,e,15439
15438,f,15439
15435,f,15439
15440,f,15439
15437,e,15439
15437,f,15439
15436,f,15439
15436,e,15439
15435,e,15439
15439,f,15439
15440,f,15440
15441,f,15440
15439,f,15440
15436,f,15440
15437,f,15440
15438,f,15440
15441,d,15441
15437,d,15441
15440,d,15441
15438,d,15441
15439,d,15441
15442,d,15441
15440,f,15442
15442,f,15442
15439,f,15442
15441,f,15442
15438,f,15442
15443,f,15442
15444,a,15444
15445,a,15444
15442,a,15444
15443,a,15444
15441,a,15444
15440,a,15444
15446,b,15445
15445,b,15445
15445,a,15445
15444,d,15445
15444,b,15445
15444,a,15445
15446,d,15445
15443,d,15445
15445,d,15445
15446,a,15445
15443,b,15445
15441,b,15445
15441,a,15445
15441,d,15445
15442,a,15445
15442,b,15445
15442,d,15445
15443,a,15445
15444,f,15446
15446,a,15446
15446,b,15446
15446,d,15446
15446,c,15446
15442,a,15446
15446,e,15446
15444,e,15446
15445,a,15446
15445,b,15446
15445,d,15446
15445,c,15446
15446,f,15446
15445,f,15446
15445,e,15446
15444,d,15446
15443,b,15446
15443,d,15446
15443,c,15446
15443,f,15446
15443,e,15446
15447,e,15446
15447,f,15446
15444,c,15446
15443,a,15446
15447,c,15446
15447,b,15446
15447,a,15446
15442,f,15446
15442,c,15446
15442,d,15446
15442,b,15446
15444,a,15446
15444,b,15446
15447,d,15446
15442,e,15446
15446,a,15447
15447,a,15447
15448,a,15447
15446,d,15447
15446,c,15447
15446,f,15447
15446,e,15447
15448,b,15447
15448,d,15447
15447,e,15447
15447,f,15447
15447,c,15447
15447,d,15447
15446,b,15447
15448,c,15447
15445,b,15447
15448,e,15447
15443,a,15447
15443,b,15447
15443,d,15447
15443,c,15447
15443,f,15447
15443,e,15447
15444,a,15447
15444,b,15447
15444,d,15447
15444,c,15447
15448,f,15447
15444,e,15447
15444,f,15447
15445,c,15447
15445,e,15447
15445,f,15447
15445,d,15447
15447,b,15447
15445,a,15447
15447,f,15448
15447,c,15448
15447,d,15448
15447,b,15448
15449,d,15448
15449,b,15448
15449,f,15448
15448,e,15448
15448,f,15448
15448,c,15448
15449,e,15448
15448,d,15448
15448,b,15448
15447,e,15448
15449,c,15448
15444,c,15448
15445,e,15448
15445,d,15448
15445,b,15448
15446,b,15448
15446,d,15448
15445,f,15448
15444,f,15448
15444,d,15448
15444,e,15448
15446,c,15448
15446,f,15448
15446,e,15448
15444,b,15448
15445,c,15448
15450,f,15449
15450,e,15449
15448,e,15449
15450,c,15449
15449,d,15449
15448,f,15449
15448,c,15449
15448,d,15449
15449,c,15449
15449,f,15449
15450,d,15449
15445,d,15449
15446,e,15449
15446,f,15449
15446,c,15449
15446,d,15449
15447,d,15449
15447,c,15449
15447,f,15449
15447,e,15449
15445,e,15449
15445,f,15449
15445,c,15449
15449,e,15449
15451,e,15450
15451,f,15450
15450,f,15450
15450,e,15450
15446,f,15450
15448,f,15450
15449,f,15450
15448,e,15450
15446,e,15450
15449,e,15450
15447,e,15450
15447,f,15450
15449,f,15451
15452,f,15451
15448,f,15451
15447,f,15451
15450,f,15451
15451,f,15451
15453,f,15454
15454,c,15454
15455,c,15454
15455,f,15454
15454,f,15454
15453,c,15454
15450,f,15454
15452,c,15454
15451,f,15454
15451,c,15454
15452,f,15454
15450,c,15454
15452,e,15455
15451,e,15455
15453,e,15455
15456,e,15455
15454,e,15455
15455,e,15455
15457,c,15456
15456,f,15456
15456,c,15456
15455,f,15456
15455,c,15456
15457,f,15456
15452,f,15456
15454,f,15456
15454,c,15456
15452,c,15456
15453,c,15456
15453,f,15456
15457,e,15457
15456,e,15457
15454,e,15457
15455,e,15457
15453,e,15457
15458,e,15457
15457,f,15458
15455,f,15458
15456,f,15458
15459,f,15458
15458,f,15458
15454,f,15458
15458,e,15459
15459,e,15459
15457,e,15459
15456,e,15459
15455,e,15459
15460,e,15459
15460,f,15460
15459,f,15460
15461,f,15460
15458,f,15460
15457,f,15460
15456,f,15460
15459,f,15462
15462,f,15462
15458,f,15462
15461,f,15462
15460,f,15462
15463,f,15462
15463,a,15463
15461,a,15463
15464,a,15463
15459,a,15463
15462,a,15463
15460,a,15463
15465,d,15464
15465,b,15464
15464,d,15464
15464,b,15464
15463,d,15464
15463,b,15464
15460,d,15464
15462,d,15464
15462,b,15464
15461,b,15464
15461,d,15464
15460,b,15464
15466,c,15465
15466,f,15465
15462,f,15465
15464,f,15465
15464,c,15465
15461,c,15465
15465,c,15465
15465,f,15465
15463,f,15465
15463,c,15465
15461,f,15465
15462,c,15465
15465,a,15466
15465,e,15466
15466,e,15466
15466,a,15466
15467,a,15466
15467,e,15466
15462,a,15466
15464,e,15466
15463,e,15466
15463,a,15466
15462,e,15466
15464,a,15466
15467,d,15467
15467,f,15467
15466,f,15467
15466,c,15467
15468,b,15467
15468,d,15467
15468,c,15467
15468,f,15467
15466,d,15467
15466,b,15467
15467,b,15467
15467,c,15467
15464,f,15467
15464,d,15467
15464,b,15467
15464,c,15467
15465,b,15467
15465,d,15467
15463,f,15467
15465,f,15467
15463,c,15467
15463,d,15467
15463,b,15467
15465,c,15467
15469,c,15468
15469,e,15468
15467,e,15468
15467,f,15468
15467,c,15468
15468,c,15468
15468,f,15468
15469,f,15468
15468,e,15468
15465,e,15468
15465,f,15468
15465,c,15468
15466,e,15468
15466,f,15468
15466,c,15468
15464,f,15468
15464,c,15468
15464,e,15468
15470,e,15469
15469,f,15469
15468,f,15469
15470,f,15469
15470,d,15469
15469,d,15469
15469,e,15469
15468,d,15469
15468,e,15469
15465,d,15469
15467,e,15469
15465,f,15469
15465,e,15469
15466,d,15469
15467,f,15469
15466,f,15469
15467,d,15469
15466,e,15469
15467,f,15470
15470,f,15470
15469,f,15470
15471,f,15470
15468,f,15470
15466,f,15470
15467,b,15471
15469,b,15471
15471,b,15471
15468,b,15471
15470,b,15471
15472,b,15471
15472,f,15472
15471,f,15472
15471,c,15472
15473,c,15472
15473,f,15472
15472,c,15472
15470,c,15472
15468,c,15472
15468,f,15472
15469,f,15472
15469,c,15472
15470,f,15472
15473,e,15473
15474,e,15473
15471,e,15473
15472,e,15473
15469,e,15473
15470,e,15473
15471,f,15474
15473,f,15474
15475,b,15474
15474,f,15474
15473,b,15474
15475,f,15474
15474,b,15474
15472,f,15474
15472,b,15474
15471,b,15474
15470,f,15474
15470,b,15474
15475,f,15475
15476,c,15475
15474,f,15475
15474,c,15475
15475,c,15475
15476,f,15475
15471,f,15475
15473,f,15475
15471,c,15475
15473,c,15475
15472,f,15475
15472,c,15475
15473,e,15476
15476,e,15476
15475,e,15476
15477,e,15476
15474,e,15476
15472,e,15476
15475,f,15477
15474,f,15477
15473,f,15477
15476,f,15477
15478,f,15477
15477,f,15477
15479,c,15479
15478,c,15479
15480,c,15479
15476,c,15479
15475,c,15479
15477,c,15479
15477,e,15480
15480,e,15480
15476,e,15480
15478,e,15480
15481,e,15480
15479,e,15480
15481,f,15481
15481,d,15481
15482,f,15481
15480,f,15481
15480,d,15481
15482,d,15481
15478,f,15481
15479,f,15481
15479,d,15481
15478,d,15481
15477,f,15481
15477,d,15481
15480,f,15482
15478,f,15482
15481,f,15482
15479,f,15482
15482,f,15482
15483,f,15482
15484,d,15485
15483,d,15485
15486,d,15485
15482,d,15485
15481,d,15485
15485,d,15485
15486,f,15486
15487,f,15486
15482,f,15486
15484,f,15486
15483,f,15486
15485,f,15486
15490,e,15491
15492,e,15491
15489,e,15491
15488,e,15491
15487,e,15491
15491,e,15491
15493,f,15492
15493,b,15492
15491,b,15492
15492,e,15492
15492,b,15492
15491,e,15492
15491,f,15492
15493,e,15492
15492,f,15492
15490,f,15492
15490,b,15492
15490,e,15492
15488,b,15492
15488,f,15492
15488,e,15492
15489,e,15492
15489,f,15492
15489,b,15492
15490,c,15493
15494,f,15493
15494,c,15493
15493,f,15493
15492,f,15493
15492,c,15493
15493,c,15493
15491,f,15493
15491,c,15493
15489,c,15493
15489,f,15493
15490,f,15493
15492,e,15494
15491,e,15494
15493,e,15494
15495,e,15494
15490,e,15494
15494,e,15494
15491,f,15495
15495,f,15495
15493,f,15495
15492,f,15495
15494,f,15495
15496,f,15495
15498,a,15498
15496,a,15498
15499,a,15498
15494,a,15498
15495,a,15498
15497,a,15498
15500,d,15499
15499,d,15499
15499,b,15499
15498,d,15499
15500,b,15499
15497,d,15499
15498,b,15499
15497,b,15499
15495,b,15499
15495,d,15499
15496,b,15499
15496,d,15499
15497,a,15500
15501,f,15500
15500,f,15500
15500,c,15500
15500,a,15500
15501,c,15500
15499,c,15500
15499,a,15500
15496,a,15500
15499,f,15500
15501,a,15500
15498,f,15500
15498,c,15500
15498,a,15500
15496,c,15500
15496,f,15500
15497,f,15500
15497,c,15500
15500,e,15501
15500,d,15501
15500,b,15501
15497,b,15501
15497,d,15501
15497,e,15501
15501,b,15501
15502,b,15501
15498,e,15501
15502,d,15501
15499,e,15501
15499,d,15501
15499,b,15501
15498,b,15501
15498,d,15501
15502,e,15501
15501,e,15501
15501,d,15501
15502,c,15502
15501,f,15502
15502,f,15502
15501,c,15502
15500,c,15502
15503,f,15502
15500,f,15502
15503,c,15502
15498,c,15502
15498,f,15502
15499,c,15502
15499,f,15502
15503,a,15503
15503,d,15503
15503,e,15503
15504,a,15503
15502,e,15503
15502,d,15503
15502,a,15503
15504,e,15503
15504,d,15503
15499,e,15503
15500,e,15503
15501,e,15503
15501,d,15503
15501,a,15503
15499,a,15503
15499,d,15503
15500,d,15503
15500,a,15503
15505,d,15504
15503,b,15504
15505,b,15504
15503,f,15504
15504,b,15504
15505,f,15504
15504,d,15504
15503,d,15504
15504,f,15504
15501,b,15504
15502,f,15504
15502,d,15504
15500,b,15504
15500,d,15504
15500,f,15504
15501,d,15504
15502,b,15504
15501,f,15504
15504,f,15505
15505,f,15505
15505,c,15505
15506,f,15505
15504,c,15505
15506,c,15505
15501,f,15505
15502,f,15505
15502,c,15505
15503,c,15505
15501,c,15505
15503,f,15505
15504,e,15506
15506,b,15506
15506,e,15506
15505,e,15506
15505,b,15506
15504,b,15506
15502,b,15506
15503,b,15506
15507,b,15506
15507,e,15506
15502,e,15506
15503,e,15506
15506,f,15507
15508,c,15507
15506,c,15507
15507,f,15507
15508,f,15507
15507,c,15507
15504,c,15507
15505,f,15507
15505,c,15507
15503,c,15507
15503,f,15507
15504,f,15507
15508,e,15508
15508,f,15508
15509,f,15508
15509,e,15508
15507,e,15508
15507,f,15508
15505,e,15508
15504,e,15508
15506,e,15508
15506,f,15508
15505,f,15508
15504,f,15508
15508,f,15509
15510,f,15509
15507,f,15509
15509,f,15509
15506,f,15509
15505,f,15509
15509,c,15510
15509,d,15510
15510,d,15510
15510,c,15510
15511,c,15510
15508,c,15510
15508,d,15510
15506,c,15510
15506,d,15510
15511,d,15510
15507,d,15510
15507,c,15510
15512,f,15511
15508,a,15511
15510,f,15511
15510,e,15511
15512,a,15511
15511,e,15511
15511,f,15511
15511,a,15511
15512,e,15511
15510,a,15511
15508,e,15511
15509,e,15511
15509,f,15511
15509,a,15511
15507,a,15511
15507,f,15511
15507,e,15511
15508,f,15511
15512,f,15512
15513,b,15512
15511,f,15512
15511,d,15512
15511,b,15512
15513,d,15512
15513,f,15512
15512,d,15512
15512,b,15512
15508,d,15512
15508,b,15512
15508,f,15512
15510,f,15512
15510,d,15512
15509,b,15512
15509,d,15512
15510,b,15512
15509,f,15512
15514,c,15513
15514,f,15513
15512,f,15513
15512,c,15513
15509,c,15513
15509,f,15513
15511,f,15513
15511,c,15513
15510,c,15513
15510,f,15513
15513,f,15513
15513,c,15513
15514,e,15514
15515,d,15514
15515,e,15514
15514,d,15514
15513,e,15514
15513,d,15514
15510,d,15514
15510,e,15514
15511,d,15514
15511,e,15514
15512,d,15514
15512,e,15514
15515,f,15515
15514,f,15515
15511,f,15515
15516,f,15515
15513,f,15515
15512,f,15515
15516,a,15516
15517,a,15516
15513,a,15516
15512,a,15516
15515,a,15516
15514,a,15516
15518,b,15517
15518,d,15517
15517,d,15517
15517,b,15517
15516,d,15517
15516,b,15517
15514,b,15517
15515,d,15517
15515,b,15517
15513,b,15517
15513,d,15517
15514,d,15517
15517,f,15518
15518,f,15518
15518,c,15518
15515,f,15518
15517,c,15518
15519,f,15518
15519,c,15518
15516,c,15518
15515,c,15518
15514,f,15518
15514,c,15518
15516,f,15518
15519,e,15519
15518,e,15519
15515,e,15519
15517,e,15519
15516,e,15519
15520,e,15519
15520,c,15520
15520,f,15520
15519,f,15520
15519,c,15520
15521,f,15520
15521,c,15520
15516,f,15520
15518,f,15520
15518,c,15520
15517,f,15520
15517,c,15520
15516,c,15520
15518,e,15521
15519,e,15521
15517,e,15521
15520,e,15521
15522,e,15521
15521,e,15521
15523,f,15522
15522,f,15522
15520,f,15522
15519,f,15522
15521,f,15522
15518,f,15522
15528,f,15527
15527,f,15527
15526,f,15527
15524,f,15527
15523,f,15527
15525,f,15527
15529,e,15530
15529,f,15530
15531,f,15530
15531,e,15530
15528,f,15530
15528,e,15530
15527,e,15530
15527,f,15530
15526,e,15530
15526,f,15530
15530,e,15530
15530,f,15530
15532,b,15531
15532,f,15531
15531,f,15531
15531,b,15531
15530,f,15531
15530,b,15531
15529,b,15531
15527,f,15531
15529,f,15531
15528,b,15531
15528,f,15531
15527,b,15531
15532,c,15532
15532,f,15532
15532,e,15532
15531,e,15532
15531,f,15532
15531,c,15532
15528,c,15532
15528,f,15532
15529,e,15532
15533,e,15532
15530,e,15532
15530,f,15532
15530,c,15532
15528,e,15532
15529,c,15532
15529,f,15532
15533,f,15532
15533,c,15532
15532,e,15533
15533,f,15533
15533,e,15533
15532,f,15533
15534,f,15533
15534,e,15533
15529,f,15533
15529,e,15533
15531,e,15533
15531,f,15533
15530,f,15533
15530,e,15533
15533,c,15534
15534,f,15534
15533,f,15534
15533,d,15534
15530,d,15534
15534,d,15534
15535,d,15534
15530,c,15534
15535,f,15534
15531,f,15534
15531,c,15534
15535,c,15534
15530,f,15534
15531,d,15534
15532,d,15534
15532,c,15534
15532,f,15534
15534,c,15534
15536,f,15535
15534,e,15535
15534,f,15535
15534,c,15535
15535,c,15535
15535,f,15535
15536,c,15535
15531,e,15535
15533,e,15535
15533,f,15535
15533,c,15535
15535,e,15535
15532,e,15535
15532,f,15535
15532,c,15535
15531,c,15535
15536,e,15535
15531,f,15535
15536,e,15536
15537,e,15536
15535,e,15536
15534,e,15536
15533,e,15536
15532,e,15536
15534,c,15538
15536,c,15538
15539,c,15538
15535,c,15538
15538,c,15538
15537,c,15538
15535,e,15539
15539,e,15539
15537,e,15539
15538,e,15539
15540,e,15539
15536,e,15539
15540,f,15540
15540,e,15540
15541,c,15540
15539,e,15540
15539,f,15540
15539,c,15540
15540,c,15540
15541,f,15540
15536,e,15540
15537,c,15540
15541,e,15540
15537,f,15540
15538,e,15540
15538,f,15540
15538,c,15540
15536,c,15540
15536,f,15540
15537,e,15540
15540,c,15541
15540,f,15541
15541,c,15541
15542,f,15541
15541,f,15541
15541,e,15541
15542,e,15541
15540,e,15541
15542,c,15541
15538,e,15541
15537,c,15541
15539,e,15541
15539,f,15541
15537,e,15541
15538,c,15541
15538,f,15541
15539,c,15541
15537,f,15541
15543,e,15542
15543,f,15542
15542,f,15542
15541,e,15542
15541,f,15542
15538,f,15542
15538,e,15542
15542,e,15542
15540,e,15542
15540,f,15542
15539,f,15542
15539,e,15542
15542,c,15543
15542,f,15543
15544,a,15543
15543,f,15543
15543,c,15543
15544,c,15543
15543,a,15543
15542,a,15543
15544,f,15543
15539,c,15543
15539,f,15543
15539,a,15543
15540,a,15543
15540,c,15543
15540,f,15543
15541,c,15543
15541,f,15543
15541,a,15543
15545,d,15544
15545,f,15544
15545,e,15544
15544,d,15544
15543,e,15544
15543,d,15544
15543,b,15544
15545,b,15544
15544,e,15544
15544,f,15544
15544,b,15544
15543,f,15544
15540,d,15544
15541,e,15544
15541,b,15544
15540,e,15544
15542,b,15544
15540,f,15544
15541,f,15544
15541,d,15544
15542,d,15544
15542,f,15544
15542,e,15544
15540,b,15544
15546,c,15545
15546,f,15545
15544,f,15545
15545,c,15545
15542,f,15545
15545,f,15545
15541,c,15545
15544,c,15545
15543,c,15545
15542,c,15545
15541,f,15545
15543,f,15545
15546,e,15546
15547,e,15546
15542,e,15546
15545,e,15546
15544,e,15546
15543,e,15546
15543,b,15547
15545,b,15547
15547,b,15547
15548,b,15547
15544,b,15547
15546,b,15547
15549,c,15548
15549,f,15548
15547,e,15548
15547,f,15548
15547,c,15548
15548,c,15548
15549,e,15548
15548,f,15548
15546,f,15548
15546,c,15548
15545,e,15548
15545,f,15548
15545,c,15548
15544,e,15548
15544,f,15548
15544,c,15548
15546,e,15548
15548,e,15548
15549,f,15549
15549,e,15549
15550,f,15549
15550,e,15549
15548,e,15549
15547,e,15549
15547,f,15549
15546,e,15549
15546,f,15549
15545,e,15549
15548,f,15549
15545,f,15549
15547,f,15550
15548,f,15550
15546,f,15550
15549,f,15550
15550,f,15550
15551,f,15550
15553,f,15552
15552,f,15552
15551,f,15552
15550,f,15552
15548,f,15552
15549,f,15552
15550,f,15554
15553,f,15554
15553,a,15554
15555,a,15554
15555,f,15554
15550,a,15554
15552,f,15554
15551,f,15554
15551,a,15554
15554,f,15554
15552,a,15554
15554,a,15554
15556,d,15555
15555,d,15555
15556,b,15555
15554,d,15555
15554,b,15555
15555,b,15555
15551,b,15555
15553,d,15555
15553,b,15555
15551,d,15555
15552,b,15555
15552,d,15555
15553,f,15556
15557,c,15556
15555,f,15556
15555,c,15556
15556,f,15556
15557,f,15556
15554,f,15556
15554,c,15556
15552,f,15556
15553,c,15556
15556,c,15556
15552,c,15556
15557,e,15557
15558,e,15557
15556,e,15557
15553,e,15557
15554,e,15557
15555,e,15557
15558,e,15558
15557,f,15558
15554,f,15558
15554,e,15558
15558,f,15558
15557,e,15558
15559,f,15558
15556,e,15558
15556,f,15558
15555,e,15558
15559,e,15558
15555,f,15558
15558,f,15559
15558,d,15559
15559,d,15559
15560,f,15559
15560,d,15559
15557,f,15559
15557,d,15559
15555,f,15559
15556,f,15559
15556,d,15559
15559,f,15559
15555,d,15559
15560,f,15560
15561,f,15560
15556,f,15560
15558,f,15560
15557,f,15560
15559,f,15560
15564,a,15565
15566,c,15565
15566,a,15565
15565,c,15565
15565,a,15565
15564,c,15565
15563,c,15565
15563,a,15565
15561,a,15565
15562,a,15565
15562,c,15565
15561,c,15565
15566,b,15566
15566,d,15566
15566,e,15566
15565,e,15566
15565,d,15566
15565,b,15566
15567,b,15566
15567,d,15566
15562,e,15566
15567,e,15566
15564,e,15566
15564,d,15566
15564,b,15566
15562,b,15566
15562,d,15566
15563,b,15566
15563,d,15566
15563,e,15566
15566,d,15567
15567,d,15567
15566,f,15567
15567,c,15567
15568,c,15567
15568,d,15567
15566,c,15567
15568,f,15567
15567,f,15567
15563,c,15567
15565,f,15567
15565,c,15567
15565,d,15567
15563,d,15567
15563,f,15567
15564,f,15567
15564,c,15567
15564,d,15567
15569,e,15568
15569,f,15568
15568,e,15568
15568,f,15568
15567,e,15568
15565,e,15568
15565,f,15568
15564,f,15568
15567,f,15568
15564,e,15568
15566,e,15568
15566,f,15568
15565,f,15569
15569,f,15569
15570,f,15569
15566,f,15569
15567,f,15569
15568,f,15569
15577,a,15576
15575,a,15576
15572,a,15576
15573,a,15576
15576,a,15576
15574,a,15576
15576,b,15577
15577,d,15577
15577,b,15577
15576,d,15577
15575,d,15577
15573,b,15577
15578,b,15577
15574,d,15577
15578,d,15577
15573,d,15577
15574,b,15577
15575,b,15577
15578,c,15578
15578,f,15578
15577,f,15578
15577,c,15578
15575,c,15578
15579,f,15578
15576,f,15578
15576,c,15578
15574,c,15578
15574,f,15578
15575,f,15578
15579,c,15578
15579,e,15579
15578,e,15579
15580,e,15579
15575,e,15579
15577,e,15579
15576,e,15579
15580,a,15580
15579,a,15580
15576,a,15580
15580,f,15580
15581,a,15580
15581,f,15580
15578,f,15580
15578,a,15580
15576,f,15580
15577,a,15580
15577,f,15580
15579,f,15580
15580,d,15581
15577,d,15581
15577,b,15581
15582,b,15581
15582,d,15581
15581,d,15581
15581,b,15581
15580,b,15581
15578,b,15581
15578,d,15581
15579,d,15581
15579,b,15581
15581,f,15582
15582,f,15582
15582,c,15582
15581,c,15582
15578,c,15582
15578,f,15582
15583,c,15582
15580,f,15582
15580,c,15582
15579,f,15582
15583,f,15582
15579,c,15582
15580,e,15583
15581,e,15583
15584,e,15583
15582,e,15583
15583,e,15583
15579,e,15583
15585,a,15584
15585,f,15584
15584,a,15584
15583,f,15584
15583,a,15584
15584,f,15584
15580,a,15584
15582,f,15584
15582,a,15584
15580,f,15584
15581,a,15584
15581,f,15584
15585,d,15585
15584,d,15585
15584,b,15585
15586,b,15585
15585,b,15585
15586,d,15585
15583,d,15585
15583,b,15585
15581,b,15585
15581,d,15585
15582,b,15585
15582,d,15585
15586,f,15586
15585,f,15586
15585,c,15586
15586,c,15586
15582,c,15586
15587,c,15586
15583,c,15586
15584,f,15586
15584,c,15586
15583,f,15586
15587,f,15586
15582,f,15586
15583,e,15587
15586,e,15587
15586,b,15587
15583,b,15587
15588,e,15587
15587,e,15587
15585,e,15587
15585,b,15587
15584,b,15587
15584,e,15587
15587,b,15587
15588,b,15587
15587,c,15588
15589,f,15588
15588,c,15588
15588,f,15588
15587,f,15588
15589,c,15588
15586,c,15588
15584,c,15588
15586,f,15588
15584,f,15588
15585,f,15588
15585,c,15588
15586,e,15589
15587,e,15589
15590,e,15589
15589,e,15589
15588,e,15589
15585,e,15589
15586,c,15590
15589,d,15590
15589,c,15590
15591,c,15590
15591,d,15590
15590,d,15590
15589,f,15590
15591,f,15590
15588,c,15590
15588,f,15590
15586,f,15590
15588,d,15590
15590,c,15590
15587,f,15590
15587,c,15590
15587,d,15590
15586,d,15590
15590,f,15590
15591,e,15591
15592,f,15591
15592,e,15591
15590,e,15591
15591,f,15591
15589,f,15591
15589,e,15591
15590,f,15591
15587,f,15591
15588,e,15591
15588,f,15591
15587,e,15591
15589,f,15592
15592,f,15592
15593,f,15592
15591,f,15592
15588,f,15592
15590,f,15592
15595,f,15595
15591,f,15595
15593,f,15595
15594,f,15595
15592,f,15595
15596,f,15595
15593,d,15596
15592,d,15596
15594,d,15596
15597,d,15596
15595,d,15596
15596,d,15596
15598,f,15597
15598,d,15597
15597,f,15597
15597,d,15597
15596,f,15597
15596,d,15597
15595,d,15597
15595,f,15597
15594,f,15597
15594,d,15597
15593,f,15597
15593,d,15597
15596,f,15598
15594,f,15598
15597,f,15598
15598,f,15598
15599,f,15598
15595,f,15598
15602,d,15603
15604,d,15603
15601,d,15603
15599,d,15603
15600,d,15603
15603,d,15603
15605,e,15604
15604,e,15604
15604,f,15604
15603,f,15604
15603,e,15604
15605,f,15604
15600,e,15604
15602,e,15604
15602,f,15604
15600,f,15604
15601,f,15604
15601,e,15604
15602,f,15605
15605,f,15605
15606,f,15605
15604,f,15605
15603,f,15605
15601,f,15605
15605,d,15606
15604,d,15606
15607,d,15606
15606,d,15606
15603,d,15606
15602,d,15606
15606,f,15607
15607,f,15607
15605,f,15607
15608,f,15607
15603,f,15607
15604,f,15607
15608,f,15608
15607,f,15608
15607,c,15608
15605,c,15608
15605,f,15608
15606,f,15608
15606,c,15608
15604,c,15608
15604,f,15608
15608,c,15608
15609,f,15608
15609,c,15608
15608,e,15609
15610,e,15609
15609,e,15609
15607,e,15609
15605,e,15609
15606,e,15609
15611,b,15610
15611,f,15610
15609,f,15610
15609,b,15610
15610,f,15610
15606,b,15610
15608,f,15610
15608,b,15610
15606,f,15610
15607,b,15610
15607,f,15610
15610,b,15610
15611,f,15611
15612,f,15611
15611,c,15611
15607,c,15611
15610,f,15611
15610,c,15611
15612,c,15611
15607,f,15611
15609,f,15611
15609,c,15611
15608,f,15611
15608,c,15611
15610,e,15612
15609,e,15612
15608,e,15612
15611,e,15612
15613,e,15612
15612,e,15612
15609,e,15613
15614,e,15613
15614,f,15613
15613,e,15613
15613,f,15613
15612,e,15613
15612,f,15613
15609,f,15613
15611,e,15613
15611,f,15613
15610,e,15613
15610,f,15613
15612,f,15614
15610,f,15614
15613,f,15614
15611,f,15614
15614,f,15614
15615,f,15614
15616,d,15617
15618,d,15617
15615,d,15617
15617,d,15617
15614,d,15617
15613,d,15617
15618,f,15618
15619,f,15618
15617,f,15618
15615,f,15618
15614,f,15618
15616,f,15618
15618,f,15622
15619,f,15622
15620,f,15622
15621,f,15622
15622,f,15622
15623,f,15622
15627,f,15626
15627,c,15626
15626,c,15626
15625,f,15626
15625,c,15626
15624,f,15626
15626,f,15626
15624,c,15626
15622,f,15626
15623,f,15626
15623,c,15626
15622,c,15626
15627,b,15627
15627,e,15627
15626,e,15627
15626,b,15627
15623,e,15627
15625,e,15627
15625,b,15627
15623,b,15627
15624,e,15627
15624,b,15627
15628,e,15627
15628,b,15627
15627,f,15628
15628,c,15628
15628,f,15628
15627,c,15628
15629,f,15628
15629,c,15628
15626,f,15628
15626,c,15628
15624,c,15628
15624,f,15628
15625,c,15628
15625,f,15628
15626,e,15629
15625,e,15629
15627,e,15629
15628,e,15629
15630,e,15629
15629,e,15629
15631,b,15630
15629,f,15630
15629,b,15630
15631,a,15630
15630,a,15630
15630,b,15630
15629,a,15630
15630,f,15630
15631,f,15630
15628,f,15630
15626,a,15630
15626,b,15630
15627,f,15630
15627,b,15630
15627,a,15630
15628,b,15630
15628,a,15630
15626,f,15630
15628,b,15631
15630,b,15631
15630,f,15631
15630,c,15631
15632,d,15631
15632,b,15631
15631,f,15631
15631,c,15631
15630,d,15631
15631,b,15631
15632,c,15631
15631,d,15631
15628,d,15631
15629,f,15631
15629,c,15631
15629,d,15631
15629,b,15631
15627,b,15631
15627,d,15631
15627,c,15631
15627,f,15631
15632,f,15631
15628,c,15631
15628,f,15631
15633,f,15632
15632,c,15632
15631,c,15632
15631,f,15632
15631,e,15632
15632,f,15632
15633,c,15632
15632,e,15632
15630,e,15632
15629,e,15632
15628,c,15632
15633,e,15632
15630,f,15632
15628,f,15632
15630,c,15632
15628,e,15632
15629,c,15632
15629,f,15632
15633,e,15633
15632,e,15633
15632,f,15633
15630,e,15633
15629,f,15633
15629,e,15633
15634,f,15633
15634,e,15633
15631,e,15633
15631,f,15633
15630,f,15633
15633,f,15633
15633,f,15634
15634,f,15634
15635,f,15634
15632,f,15634
15631,f,15634
15630,f,15634
15633,f,15635
15631,f,15635
15634,f,15635
15636,f,15635
15635,f,15635
15632,f,15635
15633,a,15637
15634,a,15637
15636,a,15637
15638,a,15637
15635,a,15637
15637,a,15637
15638,b,15638
15637,d,15638
15638,d,15638
15637,b,15638
15636,d,15638
15636,b,15638
15639,d,15638
15635,d,15638
15634,b,15638
15634,d,15638
15635,b,15638
15639,b,15638
15639,c,15639
15639,f,15639
15638,f,15639
15638,c,15639
15636,c,15639
15637,f,15639
15637,c,15639
15635,c,15639
15635,f,15639
15640,f,15639
15636,f,15639
15640,c,15639
15639,e,15640
15636,e,15640
15638,e,15640
15637,e,15640
15641,e,15640
15640,e,15640
15641,f,15641
15640,f,15641
15642,f,15641
15639,f,15641
15638,f,15641
15637,f,15641
15640,e,15643
15643,e,15643
15639,e,15643
15642,e,15643
15644,e,15643
15641,e,15643
15641,a,15644
15644,c,15644
15644,f,15644
15643,f,15644
15643,c,15644
15643,a,15644
15640,a,15644
15645,a,15644
15645,c,15644
15645,f,15644
15642,f,15644
15641,c,15644
15641,f,15644
15642,c,15644
15642,a,15644
15640,f,15644
15644,a,15644
15640,c,15644
15645,e,15645
15644,b,15645
15644,d,15645
15644,c,15645
15646,d,15645
15646,c,15645
15646,b,15645
15644,e,15645
15645,d,15645
15645,c,15645
15646,e,15645
15645,b,15645
15641,b,15645
15642,c,15645
15642,d,15645
15642,b,15645
15643,e,15645
15643,c,15645
15643,d,15645
15643,b,15645
15642,e,15645
15641,d,15645
15641,c,15645
15641,e,15645
15645,d,15646
15647,c,15646
15645,f,15646
15645,e,15646
15645,c,15646
15646,f,15646
15646,e,15646
15643,e,15646
15647,e,15646
15647,f,15646
15646,c,15646
15646,d,15646
15647,d,15646
15642,c,15646
15643,f,15646
15643,c,15646
15643,d,15646
15642,e,15646
15644,d,15646
15644,c,15646
15644,f,15646
15642,d,15646
15644,e,15646
15642,f,15646
15648,f,15647
15643,e,15647
15647,f,15647
15646,e,15647
15646,f,15647
15648,e,15647
15645,f,15647
15644,e,15647
15647,e,15647
15644,f,15647
15645,e,15647
15643,f,15647
15649,f,15648
15648,f,15648
15648,b,15648
15649,b,15648
15647,b,15648
15647,f,15648
15646,f,15648
15644,b,15648
15644,f,15648
15646,b,15648
15645,b,15648
15645,f,15648
15648,c,15649
15649,d,15649
15649,e,15649
15648,e,15649
15648,f,15649
15648,d,15649
15645,d,15649
15645,c,15649
15649,c,15649
15650,d,15649
15650,f,15649
15646,e,15649
15646,f,15649
15646,c,15649
15646,d,15649
15650,c,15649
15645,e,15649
15650,e,15649
15645,f,15649
15647,d,15649
15647,c,15649
15647,f,15649
15647,e,15649
15649,f,15649
15649,e,15650
15649,f,15650
15651,f,15650
15646,e,15650
15648,e,15650
15648,f,15650
15646,f,15650
15647,e,15650
15647,f,15650
15650,f,15650
15651,e,15650
15650,e,15650
15650,f,15651
15652,f,15651
15651,f,15651
15649,f,15651
15648,f,15651
15647,f,15651
15650,a,15653
15651,a,15653
15654,a,15653
15653,a,15653
15649,a,15653
15652,a,15653
15654,d,15654
15654,b,15654
15653,d,15654
15653,b,15654
15655,d,15654
15655,b,15654
15652,b,15654
15650,b,15654
15651,d,15654
15650,d,15654
15651,b,15654
15652,d,15654
15652,c,15655
15655,c,15655
15654,f,15655
15654,c,15655
15655,f,15655
15656,c,15655
15656,f,15655
15653,f,15655
15653,c,15655
15651,c,15655
15651,f,15655
15652,f,15655
15655,f,15656
15656,e,15656
15655,e,15656
15656,f,15656
15654,e,15656
15657,f,15656
15657,e,15656
15654,f,15656
15652,f,15656
15652,e,15656
15653,f,15656
15653,e,15656
15657,d,15657
15657,c,15657
15657,f,15657
15658,d,15657
15656,f,15657
15656,c,15657
15656,d,15657
15658,c,15657
15654,c,15657
15654,f,15657
15655,f,15657
15655,c,15657
15655,d,15657
15653,d,15657
15653,c,15657
15653,f,15657
15654,d,15657
15658,f,15657
15658,f,15658
15658,e,15658
15657,f,15658
15657,b,15658
15659,b,15658
15659,f,15658
15659,e,15658
15658,b,15658
15657,e,15658
15654,b,15658
15654,f,15658
15654,e,15658
15656,e,15658
15656,f,15658
15655,b,15658
15655,f,15658
15656,b,15658
15655,e,15658
15660,c,15659
15660,f,15659
15658,f,15659
15658,c,15659
15655,c,15659
15655,f,15659
15657,f,15659
15657,c,15659
15656,c,15659
15656,f,15659
15659,c,15659
15659,f,15659
15660,e,15660
15656,e,15660
15661,b,15660
15660,b,15660
15661,e,15660
15659,e,15660
15659,b,15660
15656,b,15660
15657,b,15660
15658,e,15660
15658,b,15660
15657,e,15660
15662,c,15661
15659,c,15661
15661,c,15661
15658,c,15661
15657,c,15661
15660,c,15661
15661,e,15662
15663,e,15662
15658,e,15662
15662,e,15662
15659,e,15662
15660,e,15662
15663,f,15663
15664,f,15663
15664,c,15663
15662,f,15663
15662,c,15663
15663,c,15663
15660,f,15663
15659,c,15663
15661,f,15663
15661,c,15663
15659,f,15663
15660,c,15663
15665,e,15664
15663,e,15664
15660,e,15664
15664,e,15664
15662,e,15664
15661,e,15664
15665,b,15665
15664,b,15665
15664,f,15665
15665,f,15665
15666,b,15665
15666,f,15665
15661,b,15665
15661,f,15665
15663,b,15665
15662,f,15665
15662,b,15665
15663,f,15665
15666,d,15666
15666,f,15666
15667,d,15666
15667,c,15666
15667,f,15666
15665,f,15666
15665,c,15666
15665,d,15666
15666,c,15666
15662,d,15666
15663,f,15666
15664,f,15666
15664,c,15666
15664,d,15666
15662,c,15666
15662,f,15666
15663,d,15666
15663,c,15666
15667,f,15667
15668,e,15667
15666,e,15667
15666,f,15667
15664,e,15667
15663,f,15667
15663,e,15667
15665,e,15667
15665,f,15667
15664,f,15667
15667,e,15667
15668,f,15667
15669,f,15668
15664,f,15668
15668,f,15668
15666,f,15668
15665,f,15668
15667,f,15668
15674,c,15673
15669,c,15673
15670,c,15673
15673,c,15673
15671,c,15673
15672,c,15673
15673,e,15674
15675,e,15674
15671,e,15674
15670,e,15674
15674,e,15674
15672,e,15674
15672,f,15675
15671,f,15675
15675,f,15675
15673,f,15675
15674,f,15675
15676,f,15675
15677,e,15676
15676,d,15676
15676,e,15676
15675,e,15676
15677,d,15676
15675,d,15676
15674,e,15676
15674,d,15676
15672,d,15676
15673,e,15676
15673,d,15676
15672,e,15676
15676,f,15677
15674,f,15677
15673,f,15677
15675,f,15677
15678,f,15677
15677,f,15677
15678,f,15678
15677,b,15678
15678,b,15678
15677,f,15678
15679,b,15678
15674,f,15678
15676,f,15678
15676,b,15678
15675,f,15678
15675,b,15678
15679,f,15678
15674,b,15678
15678,f,15679
15678,c,15679
15679,c,15679
15679,f,15679
15680,c,15679
15677,f,15679
15677,c,15679
15680,f,15679
15675,c,15679
15675,f,15679
15676,c,15679
15676,f,15679
15681,a,15680
15680,a,15680
15680,e,15680
15679,e,15680
15679,a,15680
15677,a,15680
15677,e,15680
15678,e,15680
15678,a,15680
15676,a,15680
15676,e,15680
15681,e,15680
15680,f,15681
15681,b,15681
15681,d,15681
15680,d,15681
15680,b,15681
15682,f,15681
15681,f,15681
15682,b,15681
15682,d,15681
15679,f,15681
15677,d,15681
15677,f,15681
15678,b,15681
15678,d,15681
15678,f,15681
15677,b,15681
15679,b,15681
15679,d,15681
15680,c,15682
15682,c,15682
15682,f,15682
15683,c,15682
15681,f,15682
15681,c,15682
15679,f,15682
15678,f,15682
15679,c,15682
15683,f,15682
15680,f,15682
15678,c,15682
15683,b,15683
15683,e,15683
15684,b,15683
15682,e,15683
15682,b,15683
15684,e,15683
15679,e,15683
15679,b,15683
15680,b,15683
15680,e,15683
15681,e,15683
15681,b,15683
15680,e,15684
15684,c,15684
15685,c,15684
15685,f,15684
15683,e,15684
15683,f,15684
15683,c,15684
15680,c,15684
15680,f,15684
15684,e,15684
15685,e,15684
15682,e,15684
15682,f,15684
15682,c,15684
15681,c,15684
15681,f,15684
15681,e,15684
15684,f,15684
15685,f,15685
15685,e,15685
15684,e,15685
15684,f,15685
15686,e,15685
15686,f,15685
15683,e,15685
15683,f,15685
15682,e,15685
15682,f,15685
15681,f,15685
15681,e,15685
15683,f,15686
15684,f,15686
15687,f,15686
15682,f,15686
15685,f,15686
15686,f,15686
15687,c,15687
15683,c,15687
15686,c,15687
15688,c,15687
15685,c,15687
15684,c,15687
15685,e,15688
15686,e,15688
15684,e,15688
15687,e,15688
15688,e,15688
15689,e,15688
15688,f,15689
15689,f,15689
15690,f,15689
15687,f,15689
15686,f,15689
15685,f,15689
15687,b,15690
15688,b,15690
15691,b,15690
15690,b,15690
15689,b,15690
15686,b,15690
15692,c,15691
15691,c,15691
15690,f,15691
15690,c,15691
15692,f,15691
15691,f,15691
15689,f,15691
15689,c,15691
15687,c,15691
15687,f,15691
15688,c,15691
15688,f,15691
15689,a,15692
15693,e,15692
15693,d,15692
15693,a,15692
15692,e,15692
15692,d,15692
15691,e,15692
15691,d,15692
15691,a,15692
15692,a,15692
15688,e,15692
15688,d,15692
15688,a,15692
15690,e,15692
15690,d,15692
15690,a,15692
15689,e,15692
15689,d,15692
15694,f,15693
15694,d,15693
15693,b,15693
15693,d,15693
15693,f,15693
15692,d,15693
15692,f,15693
15690,f,15693
15689,f,15693
15691,f,15693
15691,d,15693
15691,b,15693
15689,d,15693
15690,b,15693
15690,d,15693
15694,b,15693
15689,b,15693
15692,b,15693
15695,a,15694
15695,d,15694
15693,a,15694
15693,d,15694
15693,c,15694
15693,f,15694
15694,f,15694
15694,c,15694
15694,d,15694
15694,a,15694
15695,c,15694
15695,f,15694
15690,a,15694
15691,c,15694
15690,d,15694
15690,c,15694
15690,f,15694
15691,a,15694
15691,d,15694
15691,f,15694
15692,c,15694
15692,a,15694
15692,f,15694
15692,d,15694
15695,c,15695
15695,f,15695
15696,e,15695
15694,b,15695
15694,d,15695
15696,d,15695
15694,c,15695
15694,f,15695
15694,e,15695
15695,b,15695
15695,e,15695
15696,f,15695
15696,c,15695
15696,b,15695
15695,d,15695
15693,f,15695
15691,f,15695
15691,b,15695
15691,d,15695
15691,c,15695
15691,e,15695
15692,b,15695
15692,d,15695
15692,c,15695
15692,e,15695
15692,f,15695
15693,b,15695
15693,d,15695
15693,c,15695
15693,e,15695
15694,e,15696
15696,c,15696
15693,e,15696
15693,f,15696
15693,c,15696
15697,c,15696
15697,f,15696
15697,e,15696
15695,e,15696
15695,f,15696
15695,c,15696
15696,f,15696
15694,c,15696
15692,c,15696
15692,f,15696
15692,e,15696
15694,f,15696
15696,e,15696
15697,f,15697
15696,e,15697
15697,e,15697
15698,f,15697
15696,f,15697
15698,e,15697
15693,f,15697
15693,e,15697
15694,f,15697
15694,e,15697
15695,f,15697
15695,e,15697
15698,f,15698
15697,f,15698
15694,f,15698
15699,f,15698
15696,f,15698
15695,f,15698
15695,a,15699
15699,a,15699
15700,a,15699
15696,a,15699
15698,a,15699
15697,a,15699
15701,b,15700
15700,d,15700
15700,b,15700
15699,d,15700
15701,d,15700
15699,b,15700
15696,b,15700
15696,d,15700
15698,d,15700
15698,b,15700
15697,b,15700
15697,d,15700
15701,c,15701
15701,f,15701
15700,f,15701
15700,c,15701
15697,c,15701
15702,c,15701
15702,f,15701
15699,f,15701
15699,c,15701
15697,f,15701
15698,c,15701
15698,f,15701
15701,e,15702
15702,b,15702
15701,b,15702
15702,e,15702
15703,e,15702
15698,b,15702
15703,b,15702
15700,e,15702
15700,b,15702
15698,e,15702
15699,b,15702
15699,e,15702
15703,c,15703
15703,f,15703
15702,f,15703
15702,c,15703
15699,c,15703
15704,c,15703
15701,f,15703
15701,c,15703
15699,f,15703
15700,c,15703
15700,f,15703
15704,f,15703
15705,e,15704
15703,e,15704
15704,b,15704
15704,e,15704
15703,f,15704
15703,b,15704
15705,b,15704
15705,f,15704
15704,f,15704
15700,e,15704
15700,b,15704
15702,e,15704
15702,f,15704
15702,b,15704
15700,f,15704
15701,e,15704
15701,f,15704
15701,b,15704
15706,f,15705
15706,c,15705
15705,f,15705
15705,c,15705
15704,f,15705
15704,c,15705
15702,f,15705
15701,c,15705
15702,c,15705
15701,f,15705
15703,c,15705
15703,f,15705
15706,e,15706
15707,e,15706
15705,e,15706
15702,e,15706
15704,e,15706
15703,e,15706
15703,f,15707
15705,f,15707
15708,f,15707
15707,f,15707
15704,f,15707
15706,f,15707
15709,e,15708
15707,e,15708
15704,e,15708
15706,e,15708
15708,e,15708
15705,e,15708
15708,f,15709
15709,f,15709
15709,a,15709
15708,a,15709
15707,f,15709
15710,a,15709
15706,f,15709
15706,a,15709
15705,f,15709
15710,f,15709
15705,a,15709
15707,a,15709
15707,b,15710
15710,b,15710
15710,d,15710
15710,c,15710
15711,b,15710
15709,c,15710
15709,d,15710
15709,b,15710
15711,d,15710
15711,c,15710
15706,d,15710
15707,d,15710
15708,c,15710
15707,c,15710
15708,d,15710
15708,b,15710
15706,b,15710
15706,c,15710
15712,f,15711
15710,c,15711
15711,f,15711
15710,e,15711
15711,c,15711
15712,e,15711
15711,e,15711
15710,f,15711
15712,c,15711
15707,e,15711
15707,f,15711
15708,f,15711
15708,e,15711
15709,e,15711
15709,f,15711
15709,c,15711
15707,c,15711
15708,c,15711
15708,f,15712
15708,e,15712
15711,e,15712
15713,f,15712
15711,f,15712
15712,e,15712
15712,f,15712
15710,e,15712
15710,f,15712
15709,f,15712
15709,e,15712
15713,e,15712
15709,f,15713
15712,a,15713
15709,d,15713
15713,a,15713
15713,d,15713
15713,f,15713
15714,a,15713
15712,f,15713
15712,d,15713
15714,d,15713
15714,f,15713
15710,f,15713
15710,d,15713
15710,a,15713
15711,d,15713
15711,f,15713
15711,a,15713
15709,a,15713
15714,f,15714
15714,d,15714
15715,a,15714
15713,d,15714
15713,b,15714
15713,a,15714
15714,b,15714
15714,a,15714
15710,a,15714
15710,b,15714
15713,f,15714
15711,f,15714
15715,b,15714
15715,f,15714
15711,d,15714
15711,b,15714
15715,d,15714
15710,f,15714
15710,d,15714
15712,a,15714
15711,a,15714
15712,d,15714
15712,f,15714
15712,b,15714
15715,f,15715
15714,f,15715
15714,c,15715
15714,d,15715
15714,b,15715
15715,d,15715
15715,b,15715
15716,b,15715
15716,d,15715
15716,c,15715
15716,f,15715
15715,c,15715
15712,c,15715
15712,f,15715
15711,f,15715
15711,c,15715
15712,d,15715
15711,b,15715
15711,d,15715
15713,d,15715
15713,c,15715
15713,f,15715
15713,b,15715
15712,b,15715
15716,c,15716
15717,f,15716
15715,e,15716
15715,f,15716
15716,f,15716
15715,c,15716
15713,e,15716
15716,e,15716
15712,c,15716
15712,f,15716
15712,e,15716
15714,e,15716
15714,f,15716
15714,c,15716
15713,c,15716
15713,f,15716
15717,e,15716
15717,c,15716
15717,e,15717
15715,e,15717
15716,e,15717
15713,e,15717
15714,e,15717
15718,e,15717
15719,c,15720
15719,d,15720
15718,b,15720
15719,b,15720
15721,b,15720
15721,d,15720
15721,c,15720
15718,c,15720
15718,d,15720
15720,c,15720
15716,d,15720
15717,b,15720
15716,b,15720
15720,d,15720
15716,c,15720
15717,d,15720
15717,c,15720
15720,b,15720
15721,b,15721
15721,c,15721
15722,b,15721
15721,f,15721
15721,e,15721
15720,e,15721
15720,f,15721
15720,c,15721
15720,b,15721
15722,f,15721
15722,e,15721
15722,c,15721
15719,c,15721
15717,c,15721
15718,f,15721
15718,c,15721
15718,b,15721
15719,e,15721
15719,f,15721
15717,b,15721
15719,b,15721
15718,e,15721
15717,f,15721
15717,e,15721
15721,c,15722
15721,e,15722
15722,c,15722
15722,f,15722
15722,e,15722
15723,e,15722
15721,f,15722
15718,c,15722
15723,c,15722
15718,e,15722
15719,e,15722
15719,f,15722
15719,c,15722
15723,f,15722
15720,c,15722
15720,f,15722
15718,f,15722
15720,e,15722
15721,f,15723
15719,e,15723
15723,a,15723
15723,f,15723
15723,e,15723
15722,e,15723
15722,f,15723
15722,a,15723
15721,a,15723
15720,e,15723
15719,f,15723
15720,a,15723
15719,a,15723
15724,a,15723
15724,f,15723
15724,e,15723
15721,e,15723
15720,f,15723
15725,d,15724
15725,b,15724
15723,f,15724
15723,b,15724
15724,b,15724
15724,d,15724
15724,f,15724
15725,f,15724
15723,d,15724
15720,d,15724
15721,b,15724
15720,f,15724
15721,d,15724
15722,b,15724
15720,b,15724
15721,f,15724
15722,f,15724
15722,d,15724
15725,d,15725
15725,c,15725
15726,f,15725
15724,f,15725
15724,c,15725
15724,d,15725
15725,f,15725
15721,d,15725
15726,d,15725
15721,c,15725
15721,f,15725
15723,f,15725
15723,c,15725
15723,d,15725
15722,d,15725
15722,c,15725
15722,f,15725
15726,c,15725
15726,e,15726
15727,f,15726
15726,f,15726
15727,e,15726
15722,f,15726
15725,e,15726
15725,f,15726
15723,f,15726
15723,e,15726
15722,e,15726
15724,e,15726
15724,f,15726
15731,d,15731
15730,c,15731
15730,d,15731
15730,b,15731
15731,c,15731
15732,b,15731
15732,d,15731
15732,c,15731
15729,d,15731
15729,c,15731
15728,c,15731
15728,d,15731
15728,b,15731
15727,c,15731
15727,d,15731
15727,b,15731
15731,b,15731
15729,b,15731
15732,c,15732
15732,f,15732
15732,e,15732
15731,e,15732
15731,f,15732
15731,c,15732
15733,e,15732
15729,f,15732
15733,f,15732
15729,c,15732
15728,e,15732
15728,f,15732
15728,c,15732
15733,c,15732
15729,e,15732
15730,f,15732
15730,e,15732
15730,c,15732
15733,e,15733
15734,d,15733
15732,f,15733
15732,c,15733
15732,d,15733
15733,f,15733
15733,c,15733
15733,d,15733
15732,e,15733
15730,c,15733
15734,f,15733
15730,f,15733
15730,e,15733
15729,e,15733
15729,f,15733
15730,d,15733
15729,d,15733
15729,c,15733
15731,c,15733
15731,f,15733
15731,e,15733
15734,e,15733
15731,d,15733
15734,c,15733
15733,e,15734
15733,f,15734
15734,e,15734
15735,f,15734
15734,f,15734
15735,e,15734
15730,f,15734
15730,e,15734
15732,e,15734
15731,f,15734
15731,e,15734
15732,f,15734
15731,c,15735
15735,d,15735
15735,c,15735
15736,d,15735
15736,c,15735
15734,f,15735
15734,c,15735
15734,d,15735
15731,d,15735
15735,f,15735
15736,f,15735
15733,f,15735
15733,c,15735
15733,d,15735
15732,d,15735
15732,c,15735
15732,f,15735
15731,f,15735
15736,e,15736
15737,e,15736
15736,d,15736
15736,f,15736
15735,e,15736
15735,f,15736
15737,f,15736
15737,d,15736
15733,e,15736
15732,f,15736
15734,e,15736
15734,f,15736
15734,d,15736
15733,f,15736
15733,d,15736
15732,e,15736
15735,d,15736
15732,d,15736
15738,f,15737
15737,f,15737
15734,f,15737
15736,f,15737
15733,f,15737
15735,f,15737
15743,d,15742
15743,a,15742
15742,d,15742
15742,a,15742
15741,d,15742
15740,d,15742
15740,a,15742
15741,a,15742
15738,a,15742
15738,d,15742
15739,a,15742
15739,d,15742
15739,d,15743
15744,d,15743
15744,b,15743
15743,f,15743
15743,d,15743
15743,b,15743
15742,f,15743
15739,f,15743
15742,b,15743
15742,d,15743
15744,f,15743
15740,b,15743
15741,f,15743
15741,d,15743
15741,b,15743
15740,d,15743
15739,b,15743
15740,f,15743
15744,f,15744
15743,f,15744
15743,c,15744
15740,c,15744
15741,f,15744
15745,c,15744
15745,f,15744
15742,f,15744
15742,c,15744
15741,c,15744
15740,f,15744
15744,c,15744
15746,e,15745
15744,e,15745
15745,e,15745
15743,e,15745
15742,e,15745
15741,e,15745
15744,f,15746
15743,f,15746
15742,f,15746
15745,f,15746
15747,f,15746
15746,f,15746
15748,e,15748
15747,e,15748
15746,e,15748
15749,e,15748
15744,e,15748
15745,e,15748
15746,b,15749
15749,f,15749
15748,f,15749
15748,b,15749
15750,b,15749
15745,f,15749
15750,f,15749
15747,f,15749
15747,b,15749
15745,b,15749
15749,b,15749
15746,f,15749
15751,f,15750
15750,f,15750
15749,c,15750
15750,c,15750
15751,c,15750
15749,f,15750
15748,f,15750
15748,c,15750
15747,f,15750
15747,c,15750
15746,f,15750
15746,c,15750
15748,e,15751
15749,e,15751
15752,e,15751
15747,e,15751
15750,e,15751
15751,e,15751
15752,f,15752
15751,f,15752
15748,f,15752
15753,f,15752
15750,f,15752
15749,f,15752
15754,c,15753
15753,c,15753
15752,c,15753
15752,a,15753
15749,a,15753
15754,a,15753
15753,a,15753
15751,c,15753
15751,a,15753
15749,c,15753
15750,a,15753
15750,c,15753
15754,d,15754
15754,b,15754
15755,d,15754
15753,e,15754
15753,d,15754
15753,b,15754
15755,e,15754
15754,e,15754
15755,b,15754
15750,e,15754
15750,d,15754
15752,e,15754
15752,d,15754
15752,b,15754
15751,b,15754
15751,d,15754
15750,b,15754
15751,e,15754
15755,c,15755
15755,f,15755
15754,f,15755
15754,c,15755
15752,f,15755
15756,c,15755
15756,f,15755
15753,f,15755
15753,c,15755
15752,c,15755
15751,c,15755
15751,f,15755
15756,e,15756
15755,e,15756
15757,e,15756
15754,e,15756
15752,e,15756
15753,e,15756
15756,e,15757
15756,f,15757
15754,e,15757
15754,f,15757
15755,f,15757
15755,e,15757
15758,e,15757
15758,f,15757
15753,f,15757
15757,e,15757
15757,f,15757
15753,e,15757
15758,f,15758
15757,f,15758
15757,b,15758
15758,a,15758
15759,f,15758
15757,a,15758
15758,b,15758
15756,a,15758
15759,a,15758
15755,b,15758
15755,a,15758
15759,b,15758
15754,f,15758
15755,f,15758
15754,b,15758
15756,f,15758
15754,a,15758
15756,b,15758
15758,c,15759
15760,d,15759
15758,b,15759
15758,f,15759
15759,f,15759
15759,c,15759
15759,d,15759
15759,b,15759
15760,b,15759
15758,d,15759
15756,b,15759
15760,c,15759
15756,d,15759
15757,f,15759
15757,c,15759
15757,d,15759
15757,b,15759
15755,b,15759
15755,d,15759
15755,c,15759
15755,f,15759
15760,f,15759
15756,c,15759
15756,f,15759
15761,f,15760
15760,c,15760
15759,c,15760
15759,f,15760
15759,e,15760
15760,f,15760
15761,c,15760
15761,e,15760
15760,e,15760
15757,e,15760
15757,c,15760
15756,c,15760
15756,f,15760
15756,e,15760
15758,e,15760
15758,f,15760
15758,c,15760
15757,f,15760
15760,c,15761
15760,f,15761
15757,c,15761
15762,e,15761
15762,c,15761
15761,c,15761
15760,e,15761
15762,f,15761
15761,e,15761
15757,f,15761
15758,e,15761
15758,f,15761
15758,c,15761
15761,f,15761
15759,f,15761
15759,c,15761
15757,e,15761
15759,e,15761
15763,c,15762
15762,e,15762
15762,f,15762
15761,e,15762
15762,c,15762
15761,f,15762
15763,f,15762
15758,f,15762
15763,e,15762
15758,e,15762
15761,c,15762
15759,f,15762
15759,c,15762
15760,c,15762
15759,e,15762
15760,e,15762
15760,f,15762
15758,c,15762
15759,e,15763
15761,e,15763
15762,e,15763
15764,e,15763
15763,e,15763
15760,e,15763
15766,c,15765
15763,c,15765
15762,c,15765
15765,c,15765
15761,c,15765
15764,c,15765
15764,e,15766
15765,a,15766
15766,b,15766
15765,e,15766
15766,a,15766
15766,e,15766
15767,e,15766
15765,b,15766
15764,b,15766
15767,b,15766
15764,a,15766
15762,a,15766
15763,a,15766
15767,a,15766
15762,e,15766
15762,b,15766
15763,b,15766
15763,e,15766
15768,d,15767
15766,b,15767
15763,f,15767
15766,c,15767
15766,f,15767
15768,b,15767
15767,f,15767
15767,c,15767
15767,d,15767
15767,b,15767
15768,c,15767
15766,d,15767
15768,f,15767
15764,f,15767
15764,b,15767
15765,f,15767
15765,c,15767
15765,d,15767
15765,b,15767
15763,b,15767
15763,d,15767
15764,d,15767
15764,c,15767
15763,c,15767
15769,e,15768
15768,f,15768
15767,e,15768
15768,c,15768
15769,c,15768
15768,e,15768
15767,c,15768
15769,f,15768
15767,f,15768
15764,f,15768
15766,c,15768
15765,f,15768
15765,c,15768
15766,e,15768
15766,f,15768
15764,c,15768
15765,e,15768
15764,e,15768
15768,c,15769
15770,f,15769
15768,f,15769
15769,c,15769
15769,f,15769
15769,e,15769
15770,e,15769
15768,e,15769
15765,c,15769
15770,c,15769
15765,e,15769
15766,e,15769
15766,f,15769
15766,c,15769
15767,c,15769
15765,f,15769
15767,e,15769
15767,f,15769
15766,f,15770
15771,e,15770
15771,f,15770
15766,e,15770
15768,f,15770
15767,f,15770
15767,e,15770
15770,f,15770
15770,e,15770
15768,e,15770
15769,f,15770
15769,e,15770
15771,f,15771
15770,b,15771
15771,d,15771
15770,f,15771
15772,d,15771
15772,f,15771
15771,b,15771
15770,d,15771
15772,b,15771
15769,f,15771
15767,b,15771
15769,d,15771
15769,b,15771
15767,d,15771
15767,f,15771
15768,b,15771
15768,d,15771
15768,f,15771
15771,c,15772
15772,f,15772
15772,c,15772
15771,f,15772
15773,c,15772
15768,f,15772
15769,c,15772
15773,f,15772
15770,f,15772
15770,c,15772
15768,c,15772
15769,f,15772
15769,b,15773
15772,e,15773
15773,e,15773
15774,b,15773
15774,e,15773
15771,e,15773
15771,b,15773
15769,e,15773
15770,b,15773
15770,e,15773
15773,b,15773
15772,b,15773
15774,a,15774
15773,c,15774
15774,c,15774
15773,a,15774
15770,a,15774
15775,a,15774
15772,c,15774
15772,a,15774
15775,c,15774
15770,c,15774
15771,a,15774
15771,c,15774
15775,b,15775
15775,d,15775
15775,e,15775
15774,e,15775
15774,d,15775
15774,b,15775
15776,b,15775
15772,d,15775
15772,e,15775
15771,e,15775
15772,b,15775
15776,e,15775
15771,d,15775
15771,b,15775
15776,d,15775
15773,d,15775
15773,e,15775
15773,b,15775
15775,f,15776
15776,c,15776
15775,c,15776
15775,a,15776
15777,a,15776
15777,c,15776
15777,f,15776
15776,a,15776
15776,f,15776
15773,f,15776
15772,a,15776
15772,c,15776
15772,f,15776
15774,f,15776
15774,c,15776
15774,a,15776
15773,a,15776
15773,c,15776
15777,e,15777
15778,b,15777
15778,d,15777
15776,e,15777
15776,d,15777
15776,b,15777
15778,e,15777
15777,d,15777
15773,b,15777
15773,d,15777
15775,e,15777
15775,d,15777
15775,b,15777
15773,e,15777
15774,b,15777
15774,d,15777
15774,e,15777
15777,b,15777
15778,f,15778
15779,c,15778
15779,f,15778
15777,f,15778
15777,c,15778
15774,c,15778
15778,c,15778
15775,f,15778
15774,f,15778
15775,c,15778
15776,f,15778
15776,c,15778
15780,e,15779
15777,e,15779
15776,e,15779
15775,e,15779
15778,e,15779
15779,e,15779
15776,f,15780
15780,f,15780
15779,f,15780
15779,a,15780
15780,a,15780
15781,f,15780
15776,a,15780
15781,a,15780
15778,f,15780
15778,a,15780
15777,a,15780
15777,f,15780
15781,b,15781
15781,d,15781
15780,d,15781
15780,b,15781
15777,b,15781
15782,d,15781
15777,d,15781
15782,b,15781
15779,d,15781
15779,b,15781
15778,b,15781
15778,d,15781
15782,f,15782
15781,c,15782
15782,c,15782
15781,f,15782
15779,f,15782
15780,f,15782
15780,c,15782
15779,c,15782
15778,f,15782
15778,c,15782
15783,f,15782
15783,c,15782
15780,e,15783
15779,e,15783
15781,e,15783
15784,e,15783
15782,e,15783
15783,e,15783
15784,f,15784
15783,f,15784
15785,f,15784
15780,f,15784
15782,f,15784
15781,f,15784
15782,b,15785
15783,b,15785
15781,b,15785
15784,b,15785
15786,b,15785
15785,b,15785
15782,c,15786
15787,f,15786
15787,c,15786
15782,f,15786
15786,f,15786
15786,c,15786
15785,f,15786
15785,c,15786
15783,c,15786
15783,f,15786
15784,c,15786
15784,f,15786
15786,e,15787
15787,e,15787
15783,e,15787
15788,e,15787
15785,e,15787
15784,e,15787
15786,f,15788
15789,f,15788
15788,f,15788
15785,f,15788
15784,f,15788
15787,f,15788
15789,b,15789
15788,b,15789
15786,b,15789
15790,b,15789
15787,b,15789
15785,b,15789
15790,f,15790
15789,f,15790
15789,c,15790
15790,c,15790
15791,c,15790
15787,f,15790
15788,f,15790
15788,c,15790
15786,c,15790
15786,f,15790
15787,c,15790
15791,f,15790
15792,e,15791
15790,e,15791
15791,e,15791
15788,e,15791
15789,e,15791
15787,e,15791
15793,b,15792
15789,f,15792
15789,b,15792
15790,b,15792
15790,f,15792
15793,f,15792
15791,f,15792
15791,b,15792
15792,f,15792
15792,b,15792
15788,f,15792
15788,b,15792
15794,a,15793
15789,c,15793
15792,a,15793
15792,c,15793
15792,f,15793
15793,f,15793
15793,c,15793
15793,a,15793
15794,c,15793
15794,f,15793
15789,f,15793
15791,c,15793
15791,f,15793
15791,a,15793
15789,a,15793
15790,a,15793
15790,c,15793
15790,f,15793
15793,b,15794
15793,d,15794
15794,d,15794
15795,e,15794
15794,e,15794
15794,c,15794
15793,c,15794
15793,e,15794
15794,b,15794
15795,c,15794
15795,d,15794
15792,b,15794
15790,b,15794
15790,d,15794
15795,b,15794
15790,c,15794
15792,e,15794
15792,c,15794
15792,d,15794
15791,e,15794
15790,e,15794
15791,b,15794
15791,d,15794
15791,c,15794
15791,c,15795
15796,c,15795
15794,c,15795
15794,f,15795
15796,f,15795
15796,e,15795
15795,e,15795
15791,f,15795
15794,e,15795
15795,f,15795
15793,e,15795
15793,f,15795
15793,c,15795
15791,e,15795
15795,c,15795
15792,c,15795
15792,f,15795
15792,e,15795
15795,b,15796
15795,d,15796
15797,d,15796
15795,e,15796
15796,b,15796
15796,d,15796
15796,f,15796
15797,e,15796
15796,e,15796
15797,b,15796
15795,f,15796
15797,f,15796
15793,f,15796
15793,e,15796
15792,e,15796
15792,f,15796
15793,b,15796
15794,b,15796
15794,d,15796
15792,d,15796
15794,e,15796
15792,b,15796
15794,f,15796
15793,d,15796
15797,c,15797
15798,d,15797
15796,f,15797
15796,c,15797
15796,d,15797
15797,d,15797
15797,f,15797
15793,d,15797
15793,c,15797
15793,f,15797
15798,c,15797
15798,f,15797
15794,f,15797
15795,f,15797
15794,c,15797
15794,d,15797
15795,d,15797
15795,c,15797
15797,e,15798
15798,e,15798
15799,e,15798
15798,f,15798
15797,f,15798
15799,f,15798
15796,e,15798
15794,f,15798
15794,e,15798
15795,f,15798
15796,f,15798
15795,e,15798
15796,f,15799
15799,f,15799
15798,f,15799
15797,f,15799
15795,f,15799
15800,f,15799
15800,b,15800
15798,b,15800
15801,b,15800
15797,b,15800
15796,b,15800
15799,b,15800
15802,c,15801
15802,e,15801
15801,e,15801
15801,c,15801
15800,c,15801
15800,e,15801
15799,e,15801
15799,c,15801
15797,c,15801
15797,e,15801
15798,e,15801
15798,c,15801
15799,e,15802
15803,e,15802
15803,f,15802
15802,e,15802
15799,f,15802
15801,e,15802
15802,f,15802
15798,f,15802
15801,f,15802
15800,e,15802
15800,f,15802
15798,e,15802
15803,f,15803
15799,f,15803
15804,f,15803
15800,f,15803
15801,f,15803
15802,f,15803
15806,e,15808
15809,e,15808
15809,c,15808
15809,a,15808
15808,e,15808
15808,c,15808
15808,a,15808
15807,e,15808
15807,c,15808
15807,a,15808
15806,c,15808
15805,c,15808
15804,c,15808
15805,a,15808
15806,a,15808
15804,e,15808
15804,a,15808
15805,e,15808
15809,b,15809
15809,f,15809
15810,d,15809
15809,e,15809
15808,e,15809
15808,f,15809
15810,e,15809
15808,b,15809
15810,f,15809
15809,d,15809
15805,e,15809
15808,d,15809
15805,d,15809
15806,b,15809
15806,d,15809
15806,f,15809
15806,e,15809
15805,f,15809
15805,b,15809
15810,b,15809
15807,d,15809
15807,e,15809
15807,b,15809
15807,f,15809
15807,c,15810
15810,c,15810
15810,f,15810
15809,f,15810
15809,c,15810
15811,f,15810
15806,c,15810
15806,f,15810
15808,c,15810
15811,c,15810
15808,f,15810
15807,f,15810
15811,e,15811
15810,e,15811
15812,e,15811
15807,e,15811
15808,e,15811
15809,e,15811
15812,a,15812
15808,a,15812
15813,f,15812
15812,f,15812
15813,a,15812
15811,f,15812
15810,f,15812
15810,a,15812
15808,f,15812
15809,a,15812
15809,f,15812
15811,a,15812
15812,b,15813
15812,d,15813
15809,b,15813
15814,b,15813
15809,d,15813
15813,d,15813
15813,b,15813
15814,d,15813
15810,b,15813
15810,d,15813
15811,d,15813
15811,b,15813
15815,e,15814
15814,c,15814
15815,c,15814
15815,f,15814
15813,e,15814
15813,f,15814
15813,c,15814
15810,c,15814
15810,f,15814
15810,e,15814
15812,e,15814
15812,f,15814
15812,c,15814
15811,c,15814
15811,f,15814
15811,e,15814
15814,f,15814
15814,e,15814
15815,e,15815
15816,f,15815
15816,e,15815
15815,f,15815
15811,f,15815
15814,e,15815
15811,e,15815
15814,f,15815
15812,f,15815
15812,e,15815
15813,f,15815
15813,e,15815
15816,f,15816
15817,f,15816
15812,f,15816
15815,f,15816
15814,f,15816
15813,f,15816
15813,a,15817
15815,a,15817
15818,a,15817
15817,a,15817
15814,a,15817
15816,a,15817
15818,b,15818
15817,d,15818
15817,b,15818
15818,d,15818
15819,d,15818
15816,d,15818
15819,b,15818
15816,b,15818
15815,d,15818
15814,b,15818
15814,d,15818
15815,b,15818
15819,c,15819
15819,f,15819
15818,f,15819
15818,c,15819
15816,f,15819
15820,f,15819
15817,f,15819
15817,c,15819
15815,c,15819
15815,f,15819
15816,c,15819
15820,c,15819
15820,e,15820
15819,e,15820
15821,e,15820
15816,e,15820
15818,e,15820
15817,e,15820
15821,d,15821
15821,f,15821
15820,f,15821
15820,d,15821
15817,d,15821
15817,f,15821
15822,f,15821
15822,d,15821
15819,f,15821
15819,d,15821
15818,d,15821
15818,f,15821
15822,c,15822
15818,f,15822
15821,f,15822
15822,f,15822
15821,c,15822
15821,b,15822
15823,f,15822
15822,b,15822
15823,c,15822
15818,c,15822
15823,b,15822
15818,b,15822
15820,f,15822
15820,c,15822
15820,b,15822
15819,b,15822
15819,c,15822
15819,f,15822
15823,c,15823
15823,f,15823
15823,e,15823
15822,e,15823
15822,f,15823
15822,c,15823
15819,c,15823
15819,f,15823
15824,c,15823
15824,f,15823
15824,e,15823
15821,e,15823
15821,f,15823
15821,c,15823
15819,e,15823
15820,c,15823
15820,f,15823
15820,e,15823
15825,e,15824
15824,f,15824
15823,e,15824
15823,f,15824
15824,e,15824
15825,f,15824
15821,e,15824
15820,f,15824
15822,e,15824
15822,f,15824
15820,e,15824
15821,f,15824
15821,f,15825
15825,e,15825
15826,c,15825
15826,f,15825
15826,e,15825
15824,e,15825
15824,f,15825
15824,c,15825
15821,c,15825
15825,f,15825
15825,c,15825
15822,c,15825
15822,e,15825
15823,e,15825
15823,f,15825
15823,c,15825
15821,e,15825
15822,f,15825
15827,e,15826
15825,a,15826
15825,f,15826
15826,a,15826
15827,f,15826
15827,a,15826
15826,e,15826
15826,f,15826
15822,e,15826
15822,f,15826
15825,e,15826
15824,e,15826
15823,f,15826
15823,a,15826
15822,a,15826
15823,e,15826
15824,a,15826
15824,f,15826
15826,d,15827
15826,b,15827
15823,b,15827
15823,d,15827
15828,b,15827
15827,d,15827
15824,b,15827
15825,d,15827
15825,b,15827
15828,d,15827
15824,d,15827
15827,b,15827
15829,b,15828
15827,b,15828
15827,c,15828
15828,c,15828
15828,b,15828
15829,c,15828
15824,c,15828
15826,c,15828
15825,c,15828
15825,b,15828
15824,b,15828
15826,b,15828
15829,c,15829
15828,e,15829
15828,f,15829
15829,f,15829
15830,e,15829
15829,e,15829
15830,b,15829
15830,f,15829
15828,c,15829
15828,b,15829
15829,b,15829
15830,c,15829
15826,e,15829
15826,b,15829
15825,e,15829
15826,c,15829
15825,f,15829
15827,b,15829
15826,f,15829
15827,f,15829
15827,e,15829
15825,c,15829
15825,b,15829
15827,c,15829
15831,f,15830
15831,e,15830
15829,e,15830
15829,f,15830
15829,c,15830
15830,e,15830
15831,c,15830
15830,f,15830
15826,c,15830
15828,e,15830
15828,f,15830
15828,c,15830
15826,f,15830
15826,e,15830
15827,c,15830
15827,f,15830
15830,c,15830
15827,e,15830
15831,f,15831
15831,e,15831
15832,f,15831
15830,e,15831
15830,f,15831
15832,e,15831
15827,f,15831
15828,f,15831
15828,e,15831
15829,f,15831
15829,e,15831
15827,e,15831
15831,f,15832
15828,f,15832
15829,f,15832
15833,f,15832
15832,f,15832
15830,f,15832
15832,b,15833
15832,e,15833
15833,e,15833
15833,b,15833
15834,b,15833
15834,e,15833
15829,e,15833
15829,b,15833
15831,e,15833
15831,b,15833
15830,b,15833
15830,e,15833
15834,d,15834
15833,a,15834
15835,c,15834
15835,d,15834
15835,a,15834
15834,f,15834
15833,d,15834
15833,c,15834
15833,f,15834
15834,a,15834
15835,f,15834
15834,c,15834
15832,f,15834
15830,a,15834
15831,c,15834
15831,d,15834
15831,a,15834
15830,f,15834
15831,f,15834
15832,a,15834
15830,d,15834
15832,c,15834
15830,c,15834
15832,d,15834
15835,f,15835
15834,e,15835
15834,f,15835
15834,d,15835
15834,b,15835
15832,d,15835
15835,d,15835
15835,b,15835
15835,e,15835
15832,f,15835
15836,d,15835
15832,e,15835
15832,b,15835
15831,e,15835
15831,f,15835
15836,b,15835
15831,d,15835
15831,b,15835
15833,d,15835
15833,f,15835
15833,e,15835
15836,e,15835
15836,f,15835
15833,b,15835
15835,c,15836
15836,c,15836
15836,f,15836
15835,f,15836
15837,c,15836
15832,c,15836
15832,f,15836
15833,c,15836
15834,f,15836
15834,c,15836
15833,f,15836
15837,f,15836
15833,e,15837
15833,c,15837
15838,c,15837
15838,e,15837
15836,e,15837
15837,e,15837
15835,e,15837
15835,c,15837
15834,c,15837
15834,e,15837
15837,c,15837
15836,c,15837
15837,d,15838
15837,f,15838
15839,d,15838
15838,d,15838
15838,f,15838
15838,e,15838
15839,f,15838
15837,e,15838
15839,e,15838
15836,f,15838
15836,e,15838
15836,d,15838
15834,d,15838
15834,f,15838
15834,e,15838
15835,e,15838
15835,f,15838
15835,d,15838
15836,f,15839
15840,f,15839
15840,d,15839
15839,f,15839
15839,d,15839
15838,f,15839
15835,d,15839
15835,f,15839
15837,f,15839
15837,d,15839
15836,d,15839
15838,d,15839
15838,f,15840
15837,f,15840
15839,f,15840
15836,f,15840
15840,f,15840
15841,f,15840
15841,c,15843
15844,c,15843
15843,c,15843
15842,c,15843
15839,c,15843
15840,c,15843
15841,e,15844
15845,e,15844
15840,e,15844
15843,e,15844
15844,e,15844
15842,e,15844
15846,a,15845
15845,a,15845
15842,a,15845
15843,a,15845
15843,f,15845
15842,f,15845
15844,f,15845
15841,a,15845
15845,f,15845
15846,f,15845
15841,f,15845
15844,a,15845
15845,b,15846
15846,d,15846
15846,b,15846
15845,d,15846
15847,b,15846
15842,b,15846
15844,d,15846
15843,d,15846
15843,b,15846
15842,d,15846
15847,d,15846
15844,b,15846
15847,c,15847
15847,f,15847
15848,c,15847
15848,f,15847
15846,f,15847
15846,c,15847
15844,c,15847
15845,f,15847
15845,c,15847
15843,c,15847
15843,f,15847
15844,f,15847
15848,e,15848
15848,f,15848
15847,e,15848
15847,f,15848
15849,e,15848
15845,e,15848
15844,e,15848
15846,e,15848
15846,f,15848
15845,f,15848
15844,f,15848
15849,f,15848
15846,f,15849
15847,f,15849
15850,f,15849
15845,f,15849
15848,f,15849
15849,f,15849
15850,c,15850
15849,c,15850
15851,c,15850
15848,c,15850
15847,c,15850
15846,c,15850
15848,e,15851
15847,e,15851
15849,e,15851
15850,e,15851
15852,e,15851
15851,e,15851
15853,f,15852
15851,f,15852
15850,f,15852
15849,f,15852
15848,f,15852
15852,f,15852
15855,f,15854
15853,f,15854
15854,f,15854
15851,f,15854
15850,f,15854
15852,f,15854
15852,f,15855
15851,f,15855
15853,f,15855
15854,f,15855
15856,f,15855
15855,f,15855
15853,b,15857
15858,b,15857
15854,b,15857
15856,b,15857
15855,b,15857
15857,b,15857
15857,f,15858
15859,c,15858
15857,c,15858
15859,f,15858
15855,f,15858
15856,c,15858
15855,c,15858
15854,f,15858
15854,c,15858
15858,c,15858
15856,f,15858
15858,f,15858
15859,e,15859
15860,e,15859
15858,e,15859
15855,e,15859
15857,e,15859
15856,e,15859
15858,f,15860
15861,f,15860
15860,f,15860
15857,f,15860
15856,f,15860
15859,f,15860
15859,c,15862
15861,c,15862
15860,c,15862
15862,c,15862
15863,c,15862
15858,c,15862
15863,e,15863
15862,e,15863
15862,d,15863
15864,d,15863
15864,e,15863
15863,d,15863
15861,d,15863
15860,e,15863
15860,d,15863
15859,e,15863
15859,d,15863
15861,e,15863
15864,f,15864
15865,e,15864
15863,e,15864
15863,f,15864
15864,e,15864
15865,f,15864
15862,e,15864
15862,f,15864
15861,e,15864
15861,f,15864
15860,e,15864
15860,f,15864
15863,f,15865
15861,f,15865
15864,f,15865
15862,f,15865
15865,f,15865
15866,f,15865
15868,b,15869
15869,f,15869
15869,b,15869
15867,f,15869
15868,f,15869
15867,b,15869
15870,b,15869
15866,f,15869
15866,b,15869
15865,f,15869
15870,f,15869
15865,b,15869
15866,c,15870
15870,a,15870
15870,c,15870
15870,f,15870
15869,f,15870
15869,c,15870
15869,a,15870
15871,a,15870
15871,c,15870
15871,f,15870
15868,f,15870
15868,c,15870
15868,a,15870
15867,f,15870
15867,c,15870
15867,a,15870
15866,a,15870
15866,f,15870
15871,b,15871
15870,e,15871
15871,d,15871
15871,e,15871
15870,d,15871
15870,b,15871
15872,e,15871
15867,b,15871
15872,b,15871
15872,d,15871
15869,e,15871
15869,d,15871
15869,b,15871
15867,d,15871
15867,e,15871
15868,b,15871
15868,d,15871
15868,e,15871
15872,c,15872
15872,f,15872
15871,f,15872
15871,c,15872
15868,c,15872
15873,f,15872
15870,f,15872
15870,c,15872
15868,f,15872
15869,c,15872
15869,f,15872
15873,c,15872
15874,c,15873
15873,c,15873
15873,f,15873
15873,e,15873
15872,e,15873
15872,f,15873
15872,c,15873
15874,e,15873
15874,f,15873
15869,e,15873
15869,f,15873
15871,e,15873
15871,f,15873
15871,c,15873
15870,c,15873
15870,f,15873
15870,e,15873
15869,c,15873
15874,f,15874
15874,e,15874
15875,f,15874
15873,e,15874
15873,f,15874
15870,e,15874
15875,e,15874
15872,e,15874
15872,f,15874
15871,f,15874
15871,e,15874
15870,f,15874
15875,f,15875
15876,b,15875
15876,f,15875
15874,f,15875
15874,b,15875
15871,b,15875
15875,b,15875
15871,f,15875
15872,b,15875
15872,f,15875
15873,f,15875
15873,b,15875
15877,f,15876
15875,c,15876
15872,c,15876
15876,c,15876
15875,f,15876
15877,c,15876
15874,f,15876
15874,c,15876
15873,c,15876
15873,f,15876
15872,f,15876
15876,f,15876
15878,e,15877
15876,e,15877
15873,e,15877
15875,e,15877
15874,e,15877
15877,e,15877
15877,a,15879
15879,a,15879
15878,a,15879
15880,a,15879
15876,a,15879
15875,a,15879
15877,b,15880
15880,d,15880
15879,d,15880
15879,b,15880
15880,b,15880
15881,b,15880
15876,b,15880
15881,d,15880
15878,d,15880
15878,b,15880
15877,d,15880
15876,d,15880
15880,f,15881
15881,f,15881
15882,c,15881
15880,c,15881
15881,c,15881
15882,f,15881
15878,f,15881
15877,c,15881
15879,f,15881
15879,c,15881
15877,f,15881
15878,c,15881
15883,e,15882
15881,e,15882
15881,b,15882
15882,b,15882
15878,b,15882
15883,b,15882
15880,e,15882
15880,b,15882
15878,e,15882
15879,b,15882
15879,e,15882
15882,e,15882
15884,f,15883
15879,c,15883
15883,f,15883
15883,c,15883
15882,f,15883
15882,c,15883
15884,c,15883
15879,f,15883
15880,c,15883
15881,f,15883
15881,c,15883
15880,f,15883
15884,e,15884
15882,e,15884
15885,e,15884
15881,e,15884
15883,e,15884
15880,e,15884
15885,f,15885
15884,f,15885
15881,f,15885
15886,f,15885
15882,f,15885
15883,f,15885
15886,e,15886
15885,e,15886
15885,a,15886
15882,a,15886
15882,e,15886
15887,a,15886
15883,e,15886
15887,e,15886
15884,e,15886
15884,a,15886
15886,a,15886
15883,a,15886
15887,d,15887
15886,f,15887
15886,d,15887
15888,f,15887
15886,b,15887
15887,f,15887
15888,b,15887
15887,b,15887
15888,d,15887
15885,d,15887
15883,b,15887
15883,d,15887
15883,f,15887
15884,b,15887
15884,d,15887
15884,f,15887
15885,b,15887
15885,f,15887
15884,f,15888
15888,d,15888
15885,f,15888
15889,d,15888
15889,c,15888
15889,f,15888
15887,f,15888
15887,c,15888
15887,d,15888
15885,c,15888
15888,c,15888
15884,d,15888
15886,f,15888
15886,c,15888
15886,d,15888
15884,c,15888
15885,d,15888
15888,f,15888
15889,f,15889
15889,e,15889
15890,f,15889
15888,e,15889
15890,e,15889
15888,f,15889
15885,f,15889
15885,e,15889
15886,f,15889
15886,e,15889
15887,e,15889
15887,f,15889
15889,f,15890
15890,f,15890
15886,f,15890
15891,f,15890
15888,f,15890
15887,f,15890
15891,c,15891
15889,c,15891
15892,c,15891
15888,c,15891
15890,c,15891
15887,c,15891
15892,e,15892
15892,d,15892
15891,e,15892
15891,d,15892
15893,e,15892
15893,d,15892
15890,e,15892
15890,d,15892
15888,e,15892
15889,d,15892
15889,e,15892
15888,d,15892
15890,f,15893
15893,b,15893
15893,f,15893
15892,f,15893
15892,b,15893
15894,b,15893
15891,f,15893
15891,b,15893
15889,b,15893
15889,f,15893
15894,f,15893
15890,b,15893
15894,c,15894
15893,f,15894
15893,c,15894
15894,f,15894
15895,f,15894
15895,c,15894
15890,c,15894
15892,f,15894
15892,c,15894
15890,f,15894
15891,c,15894
15891,f,15894
15896,e,15895
15894,e,15895
15895,e,15895
15891,e,15895
15893,e,15895
15892,e,15895
15896,f,15896
15897,a,15896
15897,f,15896
15895,f,15896
15895,a,15896
15892,f,15896
15892,a,15896
15896,a,15896
15893,f,15896
15894,f,15896
15893,a,15896
15894,a,15896
15897,b,15897
15894,d,15897
15894,b,15897
15895,b,15897
15895,d,15897
15897,d,15897
15898,d,15897
15898,b,15897
15893,d,15897
15893,b,15897
15896,b,15897
15896,d,15897
15897,f,15898
15898,c,15898
15898,f,15898
15897,c,15898
15894,f,15898
15899,f,15898
15899,c,15898
15894,c,15898
15895,c,15898
15896,f,15898
15896,c,15898
15895,f,15898
15895,c,15899
15899,e,15899
15900,c,15899
15899,c,15899
15898,c,15899
15897,e,15899
15897,c,15899
15895,e,15899
15896,c,15899
15896,e,15899
15900,e,15899
15898,e,15899
15901,f,15900
15900,e,15900
15900,f,15900
15899,f,15900
15899,e,15900
15901,e,15900
15898,e,15900
15898,f,15900
15896,f,15900
15896,e,15900
15897,f,15900
15897,e,15900
15898,f,15901
15901,f,15901
15901,d,15901
15902,d,15901
15900,f,15901
15900,d,15901
15902,f,15901
15897,f,15901
15899,f,15901
15899,d,15901
15897,d,15901
15898,d,15901
15898,f,15902
15899,f,15902
15900,f,15902
15902,f,15902
15903,f,15902
15901,f,15902
15903,c,15903
15902,a,15903
15902,c,15903
15901,c,15903
15899,c,15903
15903,a,15903
15904,a,15903
15904,c,15903
15900,c,15903
15899,a,15903
15901,a,15903
15900,a,15903
15904,e,15904
15903,d,15904
15903,e,15904
15905,b,15904
15905,d,15904
15903,b,15904
15905,e,15904
15901,b,15904
15902,e,15904
15902,d,15904
15902,b,15904
15901,e,15904
15901,d,15904
15904,b,15904
15900,e,15904
15900,d,15904
15900,b,15904
15904,d,15904
15906,c,15905
15906,f,15905
15904,f,15905
15904,c,15905
15905,c,15905
15905,f,15905
15903,f,15905
15903,c,15905
15902,f,15905
15902,c,15905
15901,f,15905
15901,c,15905
15903,e,15906
15904,e,15906
15902,e,15906
15905,e,15906
15907,e,15906
15906,e,15906
15908,f,15907
15907,f,15907
15906,f,15907
15903,f,15907
15904,f,15907
15905,f,15907
15905,c,15909
15909,b,15909
15908,c,15909
15908,b,15909
15909,c,15909
15907,c,15909
15906,c,15909
15905,b,15909
15910,b,15909
15910,c,15909
15906,b,15909
15907,b,15909
15910,c,15910
15909,e,15910
15909,f,15910
15909,c,15910
15911,c,15910
15911,e,15910
15911,f,15910
15907,c,15910
15908,e,15910
15908,f,15910
15908,c,15910
15907,e,15910
15907,f,15910
15910,f,15910
15906,e,15910
15906,f,15910
15906,c,15910
15910,e,15910
15911,e,15911
15912,f,15911
15910,e,15911
15912,e,15911
15911,f,15911
15908,e,15911
15909,e,15911
15909,f,15911
15908,f,15911
15907,e,15911
15910,f,15911
15907,f,15911
15909,f,15912
15910,f,15912
15908,f,15912
15911,f,15912
15913,f,15912
15912,f,15912
15914,b,15914
15912,b,15914
15911,b,15914
15915,b,15914
15910,b,15914
15913,b,15914
15914,c,15915
15916,f,15915
15915,c,15915
15916,c,15915
15914,f,15915
15913,f,15915
15915,f,15915
15913,c,15915
15911,c,15915
15911,f,15915
15912,c,15915
15912,f,15915
15913,a,15916
15917,d,15916
15917,a,15916
15916,e,15916
15916,d,15916
15916,a,15916
15915,e,15916
15915,d,15916
15915,a,15916
15917,e,15916
15912,e,15916
15912,d,15916
15914,e,15916
15914,d,15916
15914,a,15916
15912,a,15916
15913,d,15916
15913,e,15916
15916,b,15917
15916,d,15917
15918,d,15917
15916,f,15917
15913,d,15917
15917,d,15917
15917,f,15917
15914,f,15917
15918,f,15917
15913,b,15917
15917,b,15917
15918,b,15917
15915,f,15917
15914,d,15917
15914,b,15917
15915,b,15917
15915,d,15917
15913,f,15917
15914,f,15918
15918,c,15918
15918,f,15918
15917,f,15918
15917,c,15918
15915,c,15918
15914,c,15918
15915,f,15918
15919,c,15918
15919,f,15918
15916,f,15918
15916,c,15918
15918,f,15919
15919,b,15919
15919,f,15919
15918,b,15919
15920,b,15919
15920,f,15919
15920,e,15919
15918,e,15919
15919,e,15919
15917,f,15919
15916,b,15919
15916,f,15919
15916,e,15919
15917,e,15919
15917,b,15919
15915,b,15919
15915,f,15919
15915,e,15919
15916,c,15920
15916,b,15920
15920,b,15920
15920,c,15920
15920,f,15920
15919,c,15920
15921,b,15920
15919,f,15920
15919,b,15920
15918,f,15920
15918,c,15920
15918,b,15920
15916,f,15920
15917,b,15920
15917,c,15920
15917,f,15920
15921,c,15920
15921,f,15920
15922,c,15921
15921,f,15921
15920,c,15921
15920,f,15921
15920,e,15921
15922,a,15921
15922,f,15921
15921,e,15921
15920,a,15921
15922,e,15921
15917,f,15921
15918,f,15921
15917,a,15921
15917,c,15921
15921,a,15921
15917,e,15921
15918,a,15921
15918,c,15921
15918,e,15921
15921,c,15921
15919,e,15921
15919,a,15921
15919,c,15921
15919,f,15921
15923,d,15922
15923,e,15922
15922,c,15922
15922,f,15922
15921,b,15922
15921,c,15922
15923,b,15922
15921,f,15922
15922,d,15922
15922,e,15922
15923,f,15922
15923,c,15922
15921,d,15922
15922,b,15922
15921,e,15922
15918,d,15922
15919,b,15922
15920,e,15922
15920,f,15922
15920,c,15922
15920,d,15922
15919,d,15922
15919,c,15922
15918,b,15922
15918,e,15922
15920,b,15922
15918,c,15922
15918,f,15922
15919,e,15922
15919,f,15922
15920,e,15923
15923,e,15923
15924,e,15923
15923,c,15923
15922,e,15923
15924,c,15923
15922,c,15923
15919,c,15923
15919,e,15923
15920,c,15923
15921,c,15923
15921,e,15923
15925,e,15924
15924,e,15924
15923,e,15924
15922,e,15924
15921,e,15924
15920,e,15924
15923,f,15925
15921,f,15925
15924,f,15925
15926,f,15925
15922,f,15925
15925,f,15925
15925,d,15926
15927,d,15926
15922,d,15926
15924,d,15926
15926,d,15926
15923,d,15926
15927,f,15927
15926,f,15927
15925,f,15927
15928,f,15927
15923,f,15927
15924,f,15927
15928,e,15928
15927,e,15928
15927,a,15928
15928,a,15928
15929,a,15928
15925,a,15928
15925,e,15928
15926,e,15928
15926,a,15928
15924,a,15928
15924,e,15928
15929,e,15928
15929,b,15929
15928,f,15929
15928,d,15929
15929,f,15929
15930,b,15929
15928,b,15929
15930,d,15929
15930,f,15929
15929,d,15929
15927,f,15929
15925,b,15929
15926,b,15929
15925,f,15929
15925,d,15929
15926,d,15929
15927,b,15929
15926,f,15929
15927,d,15929
15927,f,15930
15930,a,15930
15930,c,15930
15929,f,15930
15931,c,15930
15929,a,15930
15930,f,15930
15931,a,15930
15929,c,15930
15931,f,15930
15926,c,15930
15928,f,15930
15928,c,15930
15927,c,15930
15927,a,15930
15928,a,15930
15926,a,15930
15926,f,15930
15927,d,15931
15931,b,15931
15931,d,15931
15931,e,15931
15930,e,15931
15930,d,15931
15930,b,15931
15927,e,15931
15927,b,15931
15932,d,15931
15932,e,15931
15929,e,15931
15929,d,15931
15929,b,15931
15928,b,15931
15928,d,15931
15928,e,15931
15932,b,15931
15931,f,15932
15931,c,15932
15932,f,15932
15932,c,15932
15933,f,15932
15933,c,15932
15930,f,15932
15930,c,15932
15928,c,15932
15928,f,15932
15929,c,15932
15929,f,15932
15933,e,15933
15932,e,15933
15929,e,15933
15934,e,15933
15931,e,15933
15930,e,15933
15933,f,15934
15934,c,15934
15933,c,15934
15935,c,15934
15935,f,15934
15934,f,15934
15932,f,15934
15932,c,15934
15930,f,15934
15931,f,15934
15931,c,15934
15930,c,15934
15932,e,15935
15931,e,15935
15933,e,15935
15936,e,15935
15934,e,15935
15935,e,15935
15932,c,15936
15935,c,15936
15936,c,15936
15935,f,15936
15936,f,15936
15934,c,15936
15937,f,15936
15934,f,15936
15932,f,15936
15933,f,15936
15933,c,15936
15937,c,15936
15936,e,15937
15936,c,15937
15937,c,15937
15937,e,15937
15938,e,15937
15938,c,15937
15935,e,15937
15935,c,15937
15933,c,15937
15933,e,15937
15934,c,15937
15934,e,15937
15935,e,15938
15938,b,15938
15938,f,15938
15938,e,15938
15937,e,15938
15937,f,15938
15937,b,15938
15939,b,15938
15939,f,15938
15939,e,15938
15936,e,15938
15936,f,15938
15936,b,15938
15934,b,15938
15934,f,15938
15934,e,15938
15935,b,15938
15935,f,15938
15939,c,15939
15939,f,15939
15938,f,15939
15938,c,15939
15940,c,15939
15940,f,15939
15937,c,15939
15935,f,15939
15937,f,15939
15936,c,15939
15936,f,15939
15935,c,15939
15940,a,15940
15940,d,15940
15940,e,15940
15939,d,15940
15939,a,15940
15936,a,15940
15936,d,15940
15936,e,15940
15939,e,15940
15941,a,15940
15938,e,15940
15938,d,15940
15938,a,15940
15941,d,15940
15937,a,15940
15937,d,15940
15937,e,15940
15941,e,15940
15940,d,15941
15941,f,15941
15940,b,15941
15942,b,15941
15940,f,15941
15937,d,15941
15942,f,15941
15937,b,15941
15941,b,15941
15938,b,15941
15938,d,15941
15942,d,15941
15938,f,15941
15937,f,15941
15939,b,15941
15939,d,15941
15939,f,15941
15941,d,15941
15943,c,15942
15941,f,15942
15941,c,15942
15942,c,15942
15942,f,15942
15943,f,15942
15940,f,15942
15940,c,15942
15939,f,15942
15939,c,15942
15938,f,15942
15938,c,15942
15940,e,15943
15941,e,15943
15939,e,15943
15942,e,15943
15944,e,15943
15943,e,15943
15945,f,15944
15943,f,15944
15940,f,15944
15942,f,15944
15941,f,15944
15944,f,15944
15947,e,15946
15946,e,15946
15945,e,15946
15945,a,15946
15944,e,15946
15947,a,15946
15946,a,15946
15942,a,15946
15942,e,15946
15944,a,15946
15943,e,15946
15943,a,15946
15943,f,15947
15948,f,15947
15947,f,15947
15947,d,15947
15947,b,15947
15948,d,15947
15946,d,15947
15946,b,15947
15946,f,15947
15948,b,15947
15944,f,15947
15943,b,15947
15945,d,15947
15945,f,15947
15945,b,15947
15944,d,15947
15944,b,15947
15943,d,15947
15948,c,15948
15948,b,15948
15944,f,15948
15947,f,15948
15947,c,15948
15947,b,15948
15944,b,15948
15944,c,15948
15948,f,15948
15945,c,15948
15945,b,15948
15946,f,15948
15946,c,15948
15946,b,15948
15949,f,15948
15949,b,15948
15949,c,15948
15945,f,15948
15948,e,15949
15950,c,15949
15949,e,15949
15949,f,15949
15948,c,15949
15948,f,15949
15949,c,15949
15950,e,15949
15945,c,15949
15945,f,15949
15945,e,15949
15946,c,15949
15950,f,15949
15946,e,15949
15946,f,15949
15947,c,15949
15947,f,15949
15947,e,15949
15950,e,15950
15949,e,15950
15949,f,15950
15950,f,15950
15951,f,15950
15951,e,15950
15947,f,15950
15948,e,15950
15946,f,15950
15948,f,15950
15946,e,15950
15947,e,15950
15948,f,15951
15951,f,15951
15951,c,15951
15952,f,15951
15950,f,15951
15950,c,15951
15947,f,15951
15949,f,15951
15949,c,15951
15948,c,15951
15947,c,15951
15952,c,15951
15948,e,15952
15950,e,15952
15953,e,15952
15952,e,15952
15949,e,15952
15951,e,15952
15953,c,15953
15952,c,15953
15951,c,15953
15954,c,15953
15949,c,15953
15950,c,15953
15955,e,15954
15954,e,15954
15955,c,15954
15953,e,15954
15953,c,15954
15951,e,15954
15954,c,15954
15952,e,15954
15952,c,15954
15950,c,15954
15950,e,15954
15951,c,15954
15955,e,15955
15954,e,15955
15954,f,15955
15956,f,15955
15955,f,15955
15956,e,15955
15953,f,15955
15953,e,15955
15951,f,15955
15951,e,15955
15952,f,15955
15952,e,15955
15953,f,15956
15956,f,15956
15955,f,15956
15954,f,15956
15952,f,15956
15957,f,15956
15956,b,15957
15955,b,15957
15958,b,15957
15957,b,15957
15953,b,15957
15954,b,15957
15958,f,15958
15959,f,15958
15958,c,15958
15957,f,15958
15957,c,15958
15959,c,15958
15956,f,15958
15954,f,15958
15956,c,15958
15954,c,15958
15955,c,15958
15955,f,15958
15956,a,15959
15960,e,15959
15959,e,15959
15959,d,15959
15959,a,15959
15960,d,15959
15958,d,15959
15958,a,15959
15958,e,15959
15960,a,15959
15955,e,15959
15955,a,15959
15957,a,15959
15957,d,15959
15957,e,15959
15955,d,15959
15956,e,15959
15956,d,15959
15960,d,15960
15960,b,15960
15956,c,15960
15960,f,15960
15959,f,15960
15959,c,15960
15959,d,15960
15959,b,15960
15956,b,15960
15956,d,15960
15960,c,15960
15956,f,15960
15957,d,15960
15958,d,15960
15957,c,15960
15957,b,15960
15957,f,15960
15961,b,15960
15961,d,15960
15958,f,15960
15958,c,15960
15958,b,15960
15961,c,15960
15961,f,15960
15961,c,15961
15960,c,15961
15962,c,15961
15960,e,15961
15960,f,15961
15962,f,15961
15961,e,15961
15958,e,15961
15957,c,15961
15959,e,15961
15959,f,15961
15959,c,15961
15957,f,15961
15961,f,15961
15957,e,15961
15958,c,15961
15962,e,15961
15958,f,15961
15962,d,15962
15961,e,15962
15963,e,15962
15963,f,15962
15962,e,15962
15962,f,15962
15961,f,15962
15963,d,15962
15959,d,15962
15958,f,15962
15960,e,15962
15960,f,15962
15960,d,15962
15959,e,15962
15959,f,15962
15958,d,15962
15961,d,15962
15958,e,15962
15964,f,15963
15963,f,15963
15960,f,15963
15959,f,15963
15961,f,15963
15962,f,15963
15966,c,15967
15963,c,15967
15964,c,15967
15965,c,15967
15968,c,15967
15967,c,15967
15968,e,15968
15969,e,15968
15967,e,15968
15965,e,15968
15966,e,15968
15964,e,15968
15966,f,15969
15969,f,15969
15970,f,15969
15968,f,15969
15968,a,15969
15965,a,15969
15969,a,15969
15966,a,15969
15967,f,15969
15967,a,15969
15965,f,15969
15970,a,15969
15969,b,15970
15971,b,15970
15970,d,15970
15969,d,15970
15971,d,15970
15968,b,15970
15968,d,15970
15967,d,15970
15967,b,15970
15966,d,15970
15966,b,15970
15970,b,15970
15971,f,15971
15972,c,15971
15972,f,15971
15970,f,15971
15970,c,15971
15971,c,15971
15969,c,15971
15969,f,15971
15967,c,15971
15968,f,15971
15968,c,15971
15967,f,15971
15969,e,15972
15970,e,15972
15973,e,15972
15968,e,15972
15971,e,15972
15972,e,15972
15973,f,15973
15972,f,15973
15971,f,15973
15970,f,15973
15969,f,15973
15974,f,15973
15977,f,15976
15975,f,15976
15976,f,15976
15973,f,15976
15972,f,15976
15974,f,15976
15979,a,15979
15980,a,15979
15977,a,15979
15976,a,15979
15975,a,15979
15978,a,15979
15980,b,15980
15980,a,15980
15978,b,15980
15981,a,15980
15979,d,15980
15979,a,15980
15978,d,15980
15980,d,15980
15979,b,15980
15981,d,15980
15977,a,15980
15981,b,15980
15976,d,15980
15976,b,15980
15977,b,15980
15977,d,15980
15978,a,15980
15976,a,15980
15980,c,15981
15982,d,15981
15980,b,15981
15982,b,15981
15981,f,15981
15981,c,15981
15981,d,15981
15981,b,15981
15980,f,15981
15980,d,15981
15977,f,15981
15982,c,15981
15977,c,15981
15979,f,15981
15979,c,15981
15979,d,15981
15979,b,15981
15977,b,15981
15977,d,15981
15978,b,15981
15978,d,15981
15982,f,15981
15978,c,15981
15978,f,15981
15982,c,15982
15983,e,15982
15981,e,15982
15983,c,15982
15982,e,15982
15982,f,15982
15981,c,15982
15983,f,15982
15981,f,15982
15978,f,15982
15978,e,15982
15979,c,15982
15979,f,15982
15979,e,15982
15980,c,15982
15980,e,15982
15980,f,15982
15978,c,15982
15980,f,15983
15983,f,15983
15983,e,15983
15982,e,15983
15982,f,15983
15980,e,15983
15981,e,15983
15979,f,15983
15981,f,15983
15984,f,15983
15984,e,15983
15979,e,15983
15980,f,15984
15985,c,15984
15985,f,15984
15984,b,15984
15983,f,15984
15983,c,15984
15983,b,15984
15984,c,15984
15984,f,15984
15985,b,15984
15980,c,15984
15982,b,15984
15981,c,15984
15981,b,15984
15982,c,15984
15982,f,15984
15981,f,15984
15980,b,15984
15985,d,15985
15985,c,15985
15984,d,15985
15985,f,15985
15985,e,15985
15986,f,15985
15986,e,15985
15984,e,15985
15984,f,15985
15984,c,15985
15981,c,15985
15986,d,15985
15981,f,15985
15981,e,15985
15983,e,15985
15983,f,15985
15983,c,15985
15983,d,15985
15982,d,15985
15982,c,15985
15982,f,15985
15982,e,15985
15986,c,15985
15981,d,15985
15987,e,15986
15986,f,15986
15986,e,15986
15987,f,15986
15985,e,15986
15985,f,15986
15984,e,15986
15984,f,15986
15983,e,15986
15983,f,15986
15982,e,15986
15982,f,15986
15990,b,15989
15986,b,15989
15985,b,15989
15988,b,15989
15987,b,15989
15989,b,15989
15991,c,15990
15989,f,15990
15989,c,15990
15991,f,15990
15990,f,15990
15988,c,15990
15990,c,15990
15987,c,15990
15986,f,15990
15986,c,15990
15988,f,15990
15987,f,15990
15991,e,15991
15990,e,15991
15989,e,15991
15992,e,15991
15987,e,15991
15988,e,15991
15993,f,15992
15992,f,15992
15989,e,15992
15989,f,15992
15988,e,15992
15990,f,15992
15990,e,15992
15992,e,15992
15991,e,15992
15993,e,15992
15991,f,15992
15988,f,15992
15992,e,15993
15992,f,15993
15994,f,15993
15994,c,15993
15993,e,15993
15992,c,15993
15994,e,15993
15993,c,15993
15991,e,15993
15991,f,15993
15991,c,15993
15990,e,15993
15990,f,15993
15990,c,15993
15989,e,15993
15989,f,15993
15989,c,15993
15993,f,15993
15994,e,15994
15995,f,15994
15995,e,15994
15993,f,15994
15994,f,15994
15993,e,15994
15990,e,15994
15990,f,15994
15992,e,15994
15992,f,15994
15991,f,15994
15991,e,15994
15996,f,15995
15995,f,15995
15994,f,15995
15992,f,15995
15993,f,15995
15991,f,15995
15992,d,15996
15994,d,15996
15997,d,15996
15993,d,15996
15995,d,15996
15996,d,15996
15997,f,15997
15996,f,15997
15993,f,15997
15998,f,15997
15994,f,15997
15995,f,15997
16001,f,16000
16000,f,16000
15999,f,16000
15996,f,16000
15997,f,16000
15998,f,16000
15999,a,16003
16000,a,16003
16001,a,16003
16004,a,16003
16002,a,16003
16003,a,16003
16005,d,16004
16005,b,16004
16004,f,16004
16003,b,16004
16004,d,16004
16004,b,16004
16003,f,16004
16003,d,16004
16005,f,16004
16001,f,16004
16002,f,16004
16000,f,16004
16001,b,16004
16001,d,16004
16000,d,16004
16000,b,16004
16002,b,16004
16002,d,16004
16003,c,16005
16003,f,16005
16006,f,16005
16006,c,16005
16001,f,16005
16004,c,16005
16004,f,16005
16002,f,16005
16005,f,16005
16005,c,16005
16001,c,16005
16002,c,16005
16006,e,16006
16005,e,16006
16007,e,16006
16004,e,16006
16003,e,16006
16002,e,16006
16006,f,16007
16005,f,16007
16008,f,16007
16007,f,16007
16003,f,16007
16004,f,16007
16009,b,16008
16009,c,16008
16008,b,16008
16007,c,16008
16008,c,16008
16007,b,16008
16004,c,16008
16004,b,16008
16006,b,16008
16005,b,16008
16005,c,16008
16006,c,16008
16009,c,16009
16009,f,16009
16009,e,16009
16008,e,16009
16008,f,16009
16008,c,16009
16010,c,16009
16006,c,16009
16007,e,16009
16007,f,16009
16007,c,16009
16005,c,16009
16005,f,16009
16005,e,16009
16006,e,16009
16006,f,16009
16010,e,16009
16010,f,16009
16009,e,16010
16009,f,16010
16010,f,16010
16010,e,16010
16011,f,16010
16006,f,16010
16008,e,16010
16008,f,16010
16011,e,16010
16006,e,16010
16007,f,16010
16007,e,16010
16008,f,16011
16007,a,16011
16012,a,16011
16011,f,16011
16010,a,16011
16011,a,16011
16009,f,16011
16009,a,16011
16007,f,16011
16008,a,16011
16012,f,16011
16010,f,16011
16011,b,16012
16011,d,16012
16012,b,16012
16012,d,16012
16013,b,16012
16013,d,16012
16008,b,16012
16008,d,16012
16010,d,16012
16010,b,16012
16009,b,16012
16009,d,16012
16009,c,16013
16013,e,16013
16014,c,16013
16014,f,16013
16014,e,16013
16012,e,16013
16012,f,16013
16012,c,16013
16013,c,16013
16013,f,16013
16011,e,16013
16011,f,16013
16011,c,16013
16009,e,16013
16010,c,16013
16010,f,16013
16010,e,16013
16009,f,16013
16014,e,16014
16015,f,16014
16015,e,16014
16014,f,16014
16013,e,16014
16010,e,16014
16013,f,16014
16011,f,16014
16011,e,16014
16012,e,16014
16012,f,16014
16010,f,16014
16016,f,16015
16013,f,16015
16015,f,16015
16012,f,16015
16011,f,16015
16014,f,16015
16016,c,16016
16015,c,16016
16015,a,16016
16017,a,16016
16017,c,16016
16016,a,16016
16014,a,16016
16012,a,16016
16013,c,16016
16013,a,16016
16012,c,16016
16014,c,16016
16017,d,16017
16017,b,16017
16018,b,16017
16018,d,16017
16018,e,16017
16016,e,16017
16016,d,16017
16016,b,16017
16017,e,16017
16014,e,16017
16013,d,16017
16015,e,16017
16015,d,16017
16015,b,16017
16013,e,16017
16014,b,16017
16013,b,16017
16014,d,16017
16015,f,16018
16018,f,16018
16017,f,16018
16017,c,16018
16014,c,16018
16014,f,16018
16019,f,16018
16016,f,16018
16016,c,16018
16015,c,16018
16019,c,16018
16018,c,16018
16019,e,16019
16018,e,16019
16017,e,16019
16015,e,16019
16020,e,16019
16016,e,16019
16018,f,16020
16016,f,16020
16019,f,16020
16021,f,16020
16017,f,16020
16020,f,16020
16022,c,16022
16021,c,16022
16023,c,16022
16020,c,16022
16019,c,16022
16018,c,16022
16020,e,16023
16023,e,16023
16022,e,16023
16024,e,16023
16021,e,16023
16019,e,16023
16024,f,16024
16020,f,16024
16023,f,16024
16025,f,16024
16021,f,16024
16022,f,16024
16026,e,16026
16025,e,16026
16024,e,16026
16027,e,16026
16022,e,16026
16023,e,16026
16023,b,16027
16028,a,16027
16028,b,16027
16028,f,16027
16023,f,16027
16026,f,16027
16025,f,16027
16025,b,16027
16025,a,16027
16023,a,16027
16027,f,16027
16027,a,16027
16027,b,16027
16024,f,16027
16024,b,16027
16024,a,16027
16026,b,16027
16026,a,16027
16027,b,16028
16028,b,16028
16027,c,16028
16027,f,16028
16028,d,16028
16028,c,16028
16028,f,16028
16029,b,16028
16029,c,16028
16029,f,16028
16029,d,16028
16027,d,16028
16024,b,16028
16025,d,16028
16025,c,16028
16025,f,16028
16024,c,16028
16024,d,16028
16025,b,16028
16026,b,16028
16024,f,16028
16026,c,16028
16026,f,16028
16026,d,16028
16029,e,16029
16029,f,16029
16029,c,16029
16026,f,16029
16030,d,16029
16028,e,16029
16028,f,16029
16028,c,16029
16028,d,16029
16030,c,16029
16030,f,16029
16030,e,16029
16029,d,16029
16026,e,16029
16025,c,16029
16025,d,16029
16027,e,16029
16027,f,16029
16026,c,16029
16027,c,16029
16027,d,16029
16025,f,16029
16025,e,16029
16026,d,16029
16031,e,16030
16031,f,16030
16030,e,16030
16030,f,16030
16026,e,16030
16026,f,16030
16027,e,16030
16029,f,16030
16027,f,16030
16028,e,16030
16028,f,16030
16029,e,16030
16032,f,16031
16031,f,16031
16027,f,16031
16029,f,16031
16030,f,16031
16028,f,16031
16033,b,16033
16032,b,16033
16029,b,16033
16031,b,16033
16030,b,16033
16034,b,16033
16033,c,16034
16033,f,16034
16035,f,16034
16034,f,16034
16033,d,16034
16035,d,16034
16035,c,16034
16034,d,16034
16034,c,16034
16030,d,16034
16032,f,16034
16031,d,16034
16030,f,16034
16030,c,16034
16031,c,16034
16032,d,16034
16031,f,16034
16032,c,16034
16035,f,16035
16035,e,16035
16036,b,16035
16036,f,16035
16034,e,16035
16034,f,16035
16034,b,16035
16036,e,16035
16032,b,16035
16035,b,16035
16031,f,16035
16032,e,16035
16032,f,16035
16033,e,16035
16033,f,16035
16033,b,16035
16031,b,16035
16031,e,16035
16036,c,16036
16036,f,16036
16035,f,16036
16035,c,16036
16032,f,16036
16032,c,16036
16037,c,16036
16037,f,16036
16034,f,16036
16034,c,16036
16033,c,16036
16033,f,16036
16037,e,16037
16036,e,16037
16033,e,16037
16038,e,16037
16035,e,16037
16034,e,16037
16035,f,16038
16038,f,16038
16037,f,16038
16037,a,16038
16034,a,16038
16034,f,16038
16039,a,16038
16036,f,16038
16036,a,16038
16038,a,16038
16035,a,16038
16039,f,16038
16040,d,16039
16039,b,16039
16039,d,16039
16038,d,16039
16038,b,16039
16040,b,16039
16037,b,16039
16037,d,16039
16035,b,16039
16035,d,16039
16036,b,16039
16036,d,16039
16037,f,16040
16040,f,16040
16040,c,16040
16039,f,16040
16041,c,16040
16039,c,16040
16036,f,16040
16038,f,16040
16038,c,16040
16037,c,16040
16036,c,16040
16041,f,16040
16038,e,16041
16039,e,16041
16042,e,16041
16040,e,16041
16037,e,16041
16041,e,16041
16042,f,16042
16043,f,16042
16041,f,16042
16040,f,16042
16039,f,16042
16038,f,16042
16044,b,16044
16040,b,16044
16043,b,16044
16045,b,16044
16041,b,16044
16042,b,16044
16042,c,16045
16045,f,16045
16044,f,16045
16044,c,16045
16046,c,16045
16046,f,16045
16043,c,16045
16043,f,16045
16041,c,16045
16041,f,16045
16045,c,16045
16042,f,16045
16047,b,16046
16047,e,16046
16045,e,16046
16045,b,16046
16046,e,16046
16046,b,16046
16043,e,16046
16042,b,16046
16044,e,16046
16044,b,16046
16043,b,16046
16042,e,16046
16047,c,16047
16047,f,16047
16048,c,16047
16048,f,16047
16046,f,16047
16046,c,16047
16043,c,16047
16043,f,16047
16045,f,16047
16045,c,16047
16044,c,16047
16044,f,16047
16048,e,16048
16044,f,16048
16048,b,16048
16049,b,16048
16049,f,16048
16047,e,16048
16047,f,16048
16049,e,16048
16048,f,16048
16044,e,16048
16047,b,16048
16046,e,16048
16044,b,16048
16045,b,16048
16045,f,16048
16045,e,16048
16046,f,16048
16046,b,16048
16046,f,16049
16049,f,16049
16049,c,16049
16048,c,16049
16045,c,16049
16048,f,16049
16050,c,16049
16050,f,16049
16046,c,16049
16047,c,16049
16047,f,16049
16045,f,16049
16050,e,16050
16049,e,16050
16047,e,16050
16051,e,16050
16048,e,16050
16046,e,16050
16052,d,16051
16051,d,16051
16050,d,16051
16051,f,16051
16050,f,16051
16052,f,16051
16048,f,16051
16049,f,16051
16049,d,16051
16047,d,16051
16047,f,16051
16048,d,16051
16051,f,16052
16052,f,16052
16052,b,16052
16053,f,16052
16051,b,16052
16048,b,16052
16053,b,16052
16049,f,16052
16049,b,16052
16050,f,16052
16048,f,16052
16050,b,16052
16049,f,16053
16053,f,16053
16054,c,16053
16054,f,16053
16053,c,16053
16051,f,16053
16051,c,16053
16049,c,16053
16050,c,16053
16050,f,16053
16052,c,16053
16052,f,16053
16055,e,16054
16055,f,16054
16054,f,16054
16053,f,16054
16053,e,16054
16054,e,16054
16050,f,16054
16052,e,16054
16052,f,16054
16051,f,16054
16051,e,16054
16050,e,16054
16055,f,16055
16056,a,16055
16056,f,16055
16054,f,16055
16054,a,16055
16055,a,16055
16053,f,16055
16053,a,16055
16051,f,16055
16052,a,16055
16052,f,16055
16051,a,16055
16057,b,16056
16057,d,16056
16056,b,16056
16055,d,16056
16055,b,16056
16056,d,16056
16052,b,16056
16054,d,16056
16054,b,16056
16052,d,16056
16053,b,16056
16053,d,16056
16056,c,16057
16058,c,16057
16054,c,16057
16055,c,16057
16053,c,16057
16057,c,16057
16059,d,16058
16057,e,16058
16057,d,16058
16054,e,16058
16056,e,16058
16056,d,16058
16058,d,16058
16055,e,16058
16055,d,16058
16054,d,16058
16059,e,16058
16058,e,16058
16060,f,16059
16059,f,16059
16057,f,16059
16056,f,16059
16055,f,16059
16058,f,16059
16058,a,16062
16059,a,16062
16060,a,16062
16063,a,16062
16061,a,16062
16062,a,16062
16064,d,16063
16064,b,16063
16063,d,16063
16062,d,16063
16062,b,16063
16063,b,16063
16061,d,16063
16061,b,16063
16059,d,16063
16060,b,16063
16060,d,16063
16059,b,16063
16064,c,16064
16064,f,16064
16063,f,16064
16063,c,16064
16061,c,16064
16065,f,16064
16062,f,16064
16062,c,16064
16060,c,16064
16060,f,16064
16061,f,16064
16065,c,16064
16065,e,16065
16064,e,16065
16066,e,16065
16063,e,16065
16061,e,16065
16062,e,16065
16063,f,16066
16066,f,16066
16065,f,16066
16065,a,16066
16062,a,16066
16067,a,16066
16064,f,16066
16064,a,16066
16062,f,16066
16063,a,16066
16066,a,16066
16067,f,16066
16068,b,16067
16066,d,16067
16067,b,16067
16066,b,16067
16068,d,16067
16067,d,16067
16065,d,16067
16065,b,16067
16063,b,16067
16063,d,16067
16064,d,16067
16064,b,16067
16065,f,16068
16069,c,16068
16068,f,16068
16068,c,16068
16067,f,16068
16067,c,16068
16069,f,16068
16065,c,16068
16064,c,16068
16066,f,16068
16066,c,16068
16064,f,16068
16066,e,16069
16067,e,16069
16065,e,16069
16068,e,16069
16070,e,16069
16069,e,16069
16070,f,16070
16069,f,16070
16066,f,16070
16068,f,16070
16067,f,16070
16071,f,16070
16073,d,16073
16072,e,16073
16071,e,16073
16072,d,16073
16073,e,16073
16070,d,16073
16070,e,16073
16069,e,16073
16069,d,16073
16074,e,16073
16071,d,16073
16074,d,16073
16070,f,16074
16071,f,16074
16072,f,16074
16075,f,16074
16074,f,16074
16073,f,16074
16075,b,16075
16074,b,16075
16076,b,16075
16073,b,16075
16071,b,16075
16072,b,16075
16076,f,16076
16077,c,16076
16077,f,16076
16075,f,16076
16075,c,16076
16073,f,16076
16074,f,16076
16074,c,16076
16072,c,16076
16072,f,16076
16073,c,16076
16076,c,16076
16078,e,16077
16076,e,16077
16077,e,16077
16073,e,16077
16075,e,16077
16074,e,16077
16076,f,16078
16078,f,16078
16079,f,16078
16074,f,16078
16075,f,16078
16077,f,16078
16078,c,16082
16079,c,16082
16080,c,16082
16083,c,16082
16082,c,16082
16081,c,16082
16084,e,16083
16083,e,16083
16082,e,16083
16080,e,16083
16079,e,16083
16081,e,16083
16081,b,16084
16083,e,16084
16084,e,16084
16084,f,16084
16084,b,16084
16085,b,16084
16083,b,16084
16082,e,16084
16082,b,16084
16080,b,16084
16080,f,16084
16085,f,16084
16080,e,16084
16085,e,16084
16081,e,16084
16081,f,16084
16082,f,16084
16083,f,16084
16085,d,16085
16084,f,16085
16084,d,16085
16084,c,16085
16086,d,16085
16086,c,16085
16086,f,16085
16081,c,16085
16082,c,16085
16085,c,16085
16081,d,16085
16081,f,16085
16082,d,16085
16082,f,16085
16085,f,16085
16083,d,16085
16083,c,16085
16083,f,16085
16087,d,16086
16086,d,16086
16085,e,16086
16085,f,16086
16085,d,16086
16086,e,16086
16087,e,16086
16086,f,16086
16087,f,16086
16084,e,16086
16082,d,16086
16082,e,16086
16083,d,16086
16083,f,16086
16082,f,16086
16084,d,16086
16084,f,16086
16083,e,16086
16083,f,16087
16085,f,16087
16086,f,16087
16084,f,16087
16087,f,16087
16088,f,16087
16090,b,16091
16092,f,16091
16092,b,16091
16091,b,16091
16090,f,16091
16089,f,16091
16091,f,16091
16087,f,16091
16087,b,16091
16089,b,16091
16088,f,16091
16088,b,16091
16093,f,16092
16093,c,16092
16092,f,16092
16092,c,16092
16091,f,16092
16091,c,16092
16088,f,16092
16088,c,16092
16089,f,16092
16090,f,16092
16090,c,16092
16089,c,16092
16089,d,16093
16092,d,16093
16092,c,16093
16090,c,16093
16090,e,16093
16093,c,16093
16093,e,16093
16094,d,16093
16094,c,16093
16094,e,16093
16089,c,16093
16093,d,16093
16092,e,16093
16091,d,16093
16090,d,16093
16091,e,16093
16091,c,16093
16089,e,16093
16094,c,16094
16090,c,16094
16090,f,16094
16090,e,16094
16095,c,16094
16095,f,16094
16093,e,16094
16093,f,16094
16093,c,16094
16094,e,16094
16095,e,16094
16092,e,16094
16092,f,16094
16092,c,16094
16091,c,16094
16091,f,16094
16091,e,16094
16094,f,16094
16095,f,16095
16095,e,16095
16094,e,16095
16096,e,16095
16096,f,16095
16092,e,16095
16093,e,16095
16093,f,16095
16092,f,16095
16094,f,16095
16091,e,16095
16091,f,16095
16093,f,16096
16094,f,16096
16092,f,16096
16095,f,16096
16097,f,16096
16096,f,16096
16098,a,16098
16097,a,16098
16096,a,16098
16099,a,16098
16094,a,16098
16095,a,16098
16100,d,16099
16098,b,16099
16095,d,16099
16098,d,16099
16097,d,16099
16100,b,16099
16096,b,16099
16095,b,16099
16099,d,16099
16096,d,16099
16099,b,16099
16097,b,16099
16099,d,16100
16099,c,16100
16099,b,16100
16100,d,16100
16100,b,16100
16100,c,16100
16100,f,16100
16101,b,16100
16101,c,16100
16101,f,16100
16099,f,16100
16101,d,16100
16096,c,16100
16097,c,16100
16097,d,16100
16096,b,16100
16096,d,16100
16098,f,16100
16098,c,16100
16098,d,16100
16098,b,16100
16096,f,16100
16097,f,16100
16097,b,16100
16100,c,16101
16100,f,16101
16102,f,16101
16102,e,16101
16098,e,16101
16101,c,16101
16100,e,16101
16102,c,16101
16097,c,16101
16097,f,16101
16099,e,16101
16099,f,16101
16099,c,16101
16097,e,16101
16098,c,16101
16098,f,16101
16101,f,16101
16101,e,16101
16102,f,16102
16102,e,16102
16103,f,16102
16101,e,16102
16103,e,16102
16098,f,16102
16100,e,16102
16100,f,16102
16099,e,16102
16101,f,16102
16099,f,16102
16098,e,16102
16101,f,16103
16104,f,16103
16100,f,16103
16099,f,16103
16102,f,16103
16103,f,16103
16102,f,16105
16106,f,16105
16105,f,16105
16104,f,16105
16101,f,16105
16103,f,16105
16106,e,16106
16105,e,16106
16107,e,16106
16104,e,16106
16103,e,16106
16102,e,16106
16107,f,16107
16105,f,16107
16106,f,16107
16108,f,16107
16104,f,16107
16103,f,16107
16108,e,16109
16110,e,16109
16107,e,16109
16109,e,16109
16106,e,16109
16105,e,16109
16111,a,16110
16110,f,16110
16110,a,16110
16111,f,16110
16109,e,16110
16109,f,16110
16109,a,16110
16110,e,16110
16108,e,16110
16111,e,16110
16106,a,16110
16107,a,16110
16106,e,16110
16106,f,16110
16107,f,16110
16108,f,16110
16107,e,16110
16108,a,16110
16111,b,16111
16111,f,16111
16112,b,16111
16110,f,16111
16110,d,16111
16110,b,16111
16112,d,16111
16112,f,16111
16108,b,16111
16111,d,16111
16107,d,16111
16108,d,16111
16107,f,16111
16107,b,16111
16109,b,16111
16108,f,16111
16109,f,16111
16109,d,16111
16109,e,16112
16112,c,16112
16112,f,16112
16112,e,16112
16111,e,16112
16111,f,16112
16111,c,16112
16108,f,16112
16108,e,16112
16113,c,16112
16108,c,16112
16109,c,16112
16113,f,16112
16113,e,16112
16110,e,16112
16110,f,16112
16110,c,16112
16109,f,16112
16113,f,16113
16112,e,16113
16112,f,16113
16113,e,16113
16109,f,16113
16114,f,16113
16109,e,16113
16110,f,16113
16110,e,16113
16111,f,16113
16114,e,16113
16111,e,16113
16112,d,16114
16114,d,16114
16114,f,16114
16113,f,16114
16113,d,16114
16111,f,16114
16110,d,16114
16111,d,16114
16115,d,16114
16115,f,16114
16112,f,16114
16110,f,16114
16116,c,16115
16115,c,16115
16114,f,16115
16114,c,16115
16115,f,16115
16116,f,16115
16112,f,16115
16113,f,16115
16113,c,16115
16111,c,16115
16111,f,16115
16112,c,16115
16113,e,16116
16117,c,16116
16116,e,16116
16116,c,16116
16115,e,16116
16117,e,16116
16115,c,16116
16112,c,16116
16112,e,16116
16114,e,16116
16114,c,16116
16113,c,16116
16115,e,16117
16118,e,16117
16114,e,16117
16116,e,16117
16113,e,16117
16117,e,16117
16119,f,16118
16118,f,16118
16116,f,16118
16115,f,16118
16117,f,16118
16114,f,16118
16117,a,16121
16120,a,16121
16122,a,16121
16119,a,16121
16118,a,16121
16121,a,16121
16123,b,16122
16123,d,16122
16122,d,16122
16122,b,16122
16121,e,16122
16121,d,16122
16121,b,16122
16123,e,16122
16122,e,16122
16118,b,16122
16120,d,16122
16120,b,16122
16118,d,16122
16118,e,16122
16119,b,16122
16119,d,16122
16120,e,16122
16119,e,16122
16120,c,16123
16123,f,16123
16123,c,16123
16122,f,16123
16124,f,16123
16122,c,16123
16124,c,16123
16121,f,16123
16121,c,16123
16119,c,16123
16120,f,16123
16119,f,16123
16124,c,16124
16123,e,16124
16123,c,16124
16120,c,16124
16124,e,16124
16120,e,16124
16121,e,16124
16125,c,16124
16125,e,16124
16122,e,16124
16122,c,16124
16121,c,16124
16125,e,16125
16125,f,16125
16124,f,16125
16124,e,16125
16123,e,16125
16126,f,16125
16121,f,16125
16126,e,16125
16123,f,16125
16121,e,16125
16122,f,16125
16122,e,16125
16126,b,16126
16126,f,16126
16126,e,16126
16125,e,16126
16125,f,16126
16125,b,16126
16122,b,16126
16127,b,16126
16123,f,16126
16123,e,16126
16124,e,16126
16124,f,16126
16124,b,16126
16122,f,16126
16122,e,16126
16123,b,16126
16127,e,16126
16127,f,16126
16127,c,16127
16127,f,16127
16128,e,16127
16126,f,16127
16126,c,16127
16127,e,16127
16128,c,16127
16128,f,16127
16126,e,16127
16123,c,16127
16125,e,16127
16125,f,16127
16125,c,16127
16123,e,16127
16124,c,16127
16124,f,16127
16123,f,16127
16124,e,16127
16128,f,16128
16128,e,16128
16129,f,16128
16129,e,16128
16127,e,16128
16127,f,16128
16124,f,16128
16126,e,16128
16126,f,16128
16125,f,16128
16125,e,16128
16124,e,16128
16129,b,16129
16125,f,16129
16130,b,16129
16130,f,16129
16128,f,16129
16128,b,16129
16125,b,16129
16129,f,16129
16127,b,16129
16126,f,16129
16127,f,16129
16126,b,16129
16128,c,16130
16130,c,16130
16130,f,16130
16129,f,16130
16129,c,16130
16127,c,16130
16126,f,16130
16126,c,16130
16127,f,16130
16131,c,16130
16131,f,16130
16128,f,16130
16130,e,16131
16130,b,16131
16131,b,16131
16131,e,16131
16127,e,16131
16132,e,16131
16129,e,16131
16129,b,16131
16128,e,16131
16128,b,16131
16127,b,16131
16132,b,16131
16129,c,16132
16130,c,16132
16133,c,16132
16128,c,16132
16131,c,16132
16132,c,16132
16133,e,16133
16132,e,16133
16134,e,16133
16130,e,16133
16131,e,16133
16129,e,16133
16132,f,16134
16130,f,16134
16133,f,16134
16134,f,16134
16135,f,16134
16131,f,16134
16136,e,16137
16133,e,16137
16134,e,16137
16135,e,16137
16138,e,16137
16137,e,16137
16139,f,16138
16137,f,16138
16138,f,16138
16136,f,16138
16135,f,16138
16134,f,16138
16135,b,16139
16137,b,16139
16140,b,16139
16138,b,16139
16139,b,16139
16136,b,16139
16136,c,16140
16140,f,16140
16140,c,16140
16139,f,16140
16141,f,16140
16139,c,16140
16141,c,16140
16136,f,16140
16138,f,16140
16138,c,16140
16137,c,16140
16137,f,16140
16141,b,16141
16141,e,16141
16140,e,16141
16140,b,16141
16142,b,16141
16142,e,16141
16138,b,16141
16138,e,16141
16137,b,16141
16139,e,16141
16139,b,16141
16137,e,16141
16143,e,16142
16143,f,16142
16141,a,16142
16143,c,16142
16143,b,16142
16143,a,16142
16142,c,16142
16141,b,16142
16141,f,16142
16141,e,16142
16142,a,16142
16142,e,16142
16142,f,16142
16142,b,16142
16141,c,16142
16138,a,16142
16138,c,16142
16138,b,16142
16139,e,16142
16140,a,16142
16140,b,16142
16140,c,16142
16138,f,16142
16140,f,16142
16139,a,16142
16139,b,16142
16139,c,16142
16139,f,16142
16140,e,16142
16138,e,16142
16142,c,16143
16140,b,16143
16142,b,16143
16142,f,16143
16140,d,16143
16143,b,16143
16143,d,16143
16143,c,16143
16143,f,16143
16143,e,16143
16144,e,16143
16144,f,16143
16144,c,16143
16142,e,16143
16139,b,16143
16142,d,16143
16141,d,16143
16140,c,16143
16140,f,16143
16140,e,16143
16139,e,16143
16144,d,16143
16139,f,16143
16139,c,16143
16141,b,16143
16139,d,16143
16144,b,16143
16141,c,16143
16141,e,16143
16141,f,16143
16140,c,16144
16140,a,16144
16143,a,16144
16143,c,16144
16140,f,16144
16142,a,16144
16144,e,16144
16144,f,16144
16144,c,16144
16144,a,16144
16145,e,16144
16145,f,16144
16143,e,16144
16143,f,16144
16140,e,16144
16141,f,16144
16142,c,16144
16142,f,16144
16142,e,16144
16145,a,16144
16141,e,16144
16145,c,16144
16141,a,16144
16141,c,16144
16144,b,16145
16144,e,16145
16145,e,16145
16144,f,16145
16144,d,16145
16145,b,16145
16146,d,16145
16146,b,16145
16141,b,16145
16146,e,16145
16145,d,16145
16141,d,16145
16141,f,16145
16141,e,16145
16142,b,16145
16142,d,16145
16142,f,16145
16146,f,16145
16142,e,16145
16143,b,16145
16143,d,16145
16143,f,16145
16143,e,16145
16145,f,16145
16147,f,16146
16147,b,16146
16145,f,16146
16145,c,16146
16145,b,16146
16146,f,16146
16146,c,16146
16146,b,16146
16147,c,16146
16144,b,16146
16144,f,16146
16142,b,16146
16144,c,16146
16142,c,16146
16142,f,16146
16143,f,16146
16143,c,16146
16143,b,16146
16144,f,16147
16148,f,16147
16148,c,16147
16147,c,16147
16146,f,16147
16147,f,16147
16143,c,16147
16143,f,16147
16145,f,16147
16145,c,16147
16144,c,16147
16146,c,16147
16146,e,16148
16144,e,16148
16145,e,16148
16147,e,16148
16148,e,16148
16149,e,16148
16151,d,16151
16150,d,16151
16149,d,16151
16152,d,16151
16147,d,16151
16148,d,16151
16149,f,16152
16150,f,16152
16153,f,16152
16152,f,16152
16151,f,16152
16148,f,16152
16154,d,16153
16153,d,16153
16152,d,16153
16150,d,16153
16151,d,16153
16149,d,16153
16152,f,16154
16150,f,16154
16153,f,16154
16151,f,16154
16155,f,16154
16154,f,16154
16157,e,16156
16156,e,16156
16155,e,16156
16153,e,16156
16152,e,16156
16154,e,16156
16154,f,16157
16153,f,16157
16155,f,16157
16157,f,16157
16156,f,16157
16158,f,16157
16160,c,16159
16159,f,16159
16159,c,16159
16160,f,16159
16158,f,16159
16158,c,16159
16157,f,16159
16156,f,16159
16156,c,16159
16155,c,16159
16157,c,16159
16155,f,16159
16157,a,16160
16159,b,16160
16159,e,16160
16160,e,16160
16160,b,16160
16160,a,16160
16158,e,16160
16158,b,16160
16156,a,16160
16156,b,16160
16156,e,16160
16161,a,16160
16161,b,16160
16161,e,16160
16157,e,16160
16157,b,16160
16158,a,16160
16159,a,16160
16161,d,16161
16162,d,16161
16160,d,16161
16160,c,16161
16160,f,16161
16162,b,16161
16161,f,16161
16161,b,16161
16160,b,16161
16162,c,16161
16159,c,16161
16158,c,16161
16157,b,16161
16157,d,16161
16157,c,16161
16157,f,16161
16158,b,16161
16158,d,16161
16162,f,16161
16158,f,16161
16161,c,16161
16159,b,16161
16159,d,16161
16159,f,16161
16163,f,16162
16163,c,16162
16161,e,16162
16161,f,16162
16161,c,16162
16162,e,16162
16162,f,16162
16163,e,16162
16162,c,16162
16159,c,16162
16158,c,16162
16160,e,16162
16158,f,16162
16160,f,16162
16160,c,16162
16158,e,16162
16159,e,16162
16159,f,16162
16164,e,16163
16164,f,16163
16163,e,16163
16163,f,16163
16162,e,16163
16162,f,16163
16160,e,16163
16159,f,16163
16160,f,16163
16161,e,16163
16159,e,16163
16161,f,16163
16164,f,16164
16165,f,16164
16161,f,16164
16163,f,16164
16162,f,16164
16160,f,16164
16165,e,16165
16164,e,16165
16166,e,16165
16163,e,16165
16162,e,16165
16161,e,16165
16167,c,16166
16165,f,16166
16165,c,16166
16166,c,16166
16166,f,16166
16162,c,16166
16167,f,16166
16164,f,16166
16164,c,16166
16162,f,16166
16163,c,16166
16163,f,16166
16166,e,16167
16167,e,16167
16168,e,16167
16165,e,16167
16163,e,16167
16164,e,16167
16165,e,16168
16168,f,16168
16168,e,16168
16167,e,16168
16167,f,16168
16167,b,16168
16168,b,16168
16169,b,16168
16165,f,16168
16169,e,16168
16169,f,16168
16166,e,16168
16166,f,16168
16166,b,16168
16164,f,16168
16164,e,16168
16165,b,16168
16164,b,16168
16169,c,16169
16168,f,16169
16169,f,16169
16168,c,16169
16168,d,16169
16170,d,16169
16170,c,16169
16169,d,16169
16170,f,16169
16165,c,16169
16165,d,16169
16166,c,16169
16166,d,16169
16165,f,16169
16167,f,16169
16167,c,16169
16167,d,16169
16166,f,16169
16169,a,16170
16171,e,16170
16169,e,16170
16171,f,16170
16171,a,16170
16170,e,16170
16169,f,16170
16166,a,16170
16166,f,16170
16166,e,16170
16167,e,16170
16167,f,16170
16167,a,16170
16170,f,16170
16168,a,16170
16170,a,16170
16168,e,16170
16168,f,16170
16172,d,16171
16172,b,16171
16171,f,16171
16170,f,16171
16170,d,16171
16170,b,16171
16171,d,16171
16172,f,16171
16171,b,16171
16167,d,16171
16167,b,16171
16167,f,16171
16168,b,16171
16169,f,16171
16169,d,16171
16169,b,16171
16168,d,16171
16168,f,16171
16173,f,16172
16173,c,16172
16172,f,16172
16172,c,16172
16171,c,16172
16171,f,16172
16168,f,16172
16170,f,16172
16170,c,16172
16169,c,16172
16169,f,16172
16168,c,16172
16171,e,16173
16170,e,16173
16172,e,16173
16169,e,16173
16173,e,16173
16174,e,16173
16178,a,16177
16177,a,16177
16175,a,16177
16176,a,16177
16174,a,16177
16173,a,16177
16174,b,16178
16174,d,16178
16178,d,16178
16178,b,16178
16179,d,16178
16177,d,16178
16177,b,16178
16179,b,16178
16175,b,16178
16176,d,16178
16176,b,16178
16175,d,16178
16176,f,16179
16179,c,16179
16179,f,16179
16179,e,16179
16178,e,16179
16178,f,16179
16178,c,16179
16175,c,16179
16180,c,16179
16176,c,16179
16180,f,16179
16175,e,16179
16176,e,16179
16180,e,16179
16177,c,16179
16175,f,16179
16177,f,16179
16177,e,16179
16179,d,16180
16179,f,16180
16179,e,16180
16180,f,16180
16179,a,16180
16180,e,16180
16181,e,16180
16181,a,16180
16180,d,16180
16180,a,16180
16181,f,16180
16177,e,16180
16177,a,16180
16176,e,16180
16176,f,16180
16177,d,16180
16181,d,16180
16177,f,16180
16178,d,16180
16178,f,16180
16178,e,16180
16176,d,16180
16176,a,16180
16178,a,16180
16181,b,16181
16181,f,16181
16182,b,16181
16180,f,16181
16180,d,16181
16180,b,16181
16181,d,16181
16178,b,16181
16177,b,16181
16182,d,16181
16182,f,16181
16179,f,16181
16179,d,16181
16179,b,16181
16177,d,16181
16177,f,16181
16178,d,16181
16178,f,16181
16182,c,16182
16183,f,16182
16181,f,16182
16181,c,16182
16183,c,16182
16182,f,16182
16179,c,16182
16180,c,16182
16180,f,16182
16178,f,16182
16179,f,16182
16178,c,16182
16183,a,16183
16183,e,16183
16184,e,16183
16182,e,16183
16182,a,16183
16179,a,16183
16179,e,16183
16184,a,16183
16181,e,16183
16181,a,16183
16180,a,16183
16180,e,16183
16183,d,16184
16183,f,16184
16184,f,16184
16184,d,16184
16184,b,16184
16180,f,16184
16183,b,16184
16185,b,16184
16180,d,16184
16185,f,16184
16182,f,16184
16182,d,16184
16181,f,16184
16181,d,16184
16181,b,16184
16180,b,16184
16185,d,16184
16182,b,16184
16185,c,16185
16185,f,16185
16186,c,16185
16184,f,16185
16184,c,16185
16186,f,16185
16181,c,16185
16183,f,16185
16183,c,16185
16181,f,16185
16182,c,16185
16182,f,16185
16187,c,16186
16187,e,16186
16185,e,16186
16185,c,16186
16186,c,16186
16182,c,16186
16184,e,16186
16184,c,16186
16183,c,16186
16183,e,16186
16182,e,16186
16186,e,16186
16187,e,16187
16188,f,16187
16188,e,16187
16187,f,16187
16186,e,16187
16186,f,16187
16183,f,16187
16183,e,16187
16184,f,16187
16184,e,16187
16185,e,16187
16185,f,16187
16189,f,16188
16184,f,16188
16188,f,16188
16186,f,16188
16185,f,16188
16187,f,16188
16191,e,16190
16190,b,16190
16189,e,16190
16189,b,16190
16190,e,16190
16191,b,16190
16188,b,16190
16186,b,16190
16187,e,16190
16188,e,16190
16186,e,16190
16187,b,16190
16192,f,16191
16192,c,16191
16191,f,16191
16191,c,16191
16190,f,16191
16190,c,16191
16188,c,16191
16189,c,16191
16189,f,16191
16188,f,16191
16187,f,16191
16187,c,16191
16189,e,16192
16190,e,16192
16192,e,16192
16191,e,16192
16188,e,16192
16193,e,16192
16189,b,16193
16192,f,16193
16194,b,16193
16193,f,16193
16192,b,16193
16194,f,16193
16191,f,16193
16189,f,16193
16191,b,16193
16190,f,16193
16190,b,16193
16193,b,16193
16194,f,16194
16195,c,16194
16195,f,16194
16193,f,16194
16193,c,16194
16194,c,16194
16190,f,16194
16192,f,16194
16192,c,16194
16191,f,16194
16191,c,16194
16190,c,16194
16192,e,16195
16193,e,16195
16191,e,16195
16194,e,16195
16196,e,16195
16195,e,16195
16197,f,16196
16196,f,16196
16194,f,16196
16192,f,16196
16193,f,16196
16195,f,16196
16201,d,16200
16200,d,16200
16199,d,16200
16197,d,16200
16196,d,16200
16198,d,16200
16198,f,16201
16197,f,16201
16199,f,16201
16202,f,16201
16200,f,16201
16201,f,16201
16198,e,16202
16199,e,16202
16200,e,16202
16203,e,16202
16201,e,16202
16202,e,16202
16204,f,16203
16202,f,16203
16203,f,16203
16200,f,16203
16199,f,16203
16201,f,16203
16202,f,16206
16203,f,16206
16204,f,16206
16205,f,16206
16206,f,16206
16207,f,16206
16213,e,16212
16213,b,16212
16212,e,16212
16212,b,16212
16211,b,16212
16210,e,16212
16211,e,16212
16208,b,16212
16209,e,16212
16210,b,16212
16208,e,16212
16209,b,16212
16209,f,16213
16213,f,16213
16213,c,16213
16214,f,16213
16212,f,16213
16212,c,16213
16214,c,16213
16211,f,16213
16211,c,16213
16210,c,16213
16210,f,16213
16209,c,16213
16211,e,16214
16212,e,16214
16213,e,16214
16215,e,16214
16214,e,16214
16210,e,16214
16216,a,16215
16214,f,16215
16216,f,16215
16215,f,16215
16214,a,16215
16215,a,16215
16213,f,16215
16213,a,16215
16211,a,16215
16211,f,16215
16212,a,16215
16212,f,16215
16213,d,16216
16217,e,16216
16216,e,16216
16216,d,16216
16216,b,16216
16215,e,16216
16217,d,16216
16215,b,16216
16215,d,16216
16217,b,16216
16213,e,16216
16214,e,16216
16214,d,16216
16214,b,16216
16212,b,16216
16213,b,16216
16212,e,16216
16212,d,16216
16217,c,16217
16217,f,16217
16216,f,16217
16216,c,16217
16213,c,16217
16213,f,16217
16218,c,16217
16218,f,16217
16215,f,16217
16215,c,16217
16214,c,16217
16214,f,16217
16217,e,16218
16218,c,16218
16218,e,16218
16217,c,16218
16219,c,16218
16219,e,16218
16216,e,16218
16216,c,16218
16214,c,16218
16214,e,16218
16215,c,16218
16215,e,16218
16219,e,16219
16219,f,16219
16219,c,16219
16220,f,16219
16220,e,16219
16218,e,16219
16218,f,16219
16218,c,16219
16215,c,16219
16215,f,16219
16217,e,16219
16217,f,16219
16217,c,16219
16215,e,16219
16216,c,16219
16216,f,16219
16216,e,16219
16220,c,16219
16221,f,16220
16221,e,16220
16216,f,16220
16220,e,16220
16220,f,16220
16219,e,16220
16216,e,16220
16217,f,16220
16219,f,16220
16217,e,16220
16218,e,16220
16218,f,16220
16219,f,16221
16222,f,16221
16217,f,16221
16221,f,16221
16220,f,16221
16218,f,16221
16222,e,16223
16223,e,16223
16220,e,16223
16219,e,16223
16224,e,16223
16221,e,16223
16221,f,16224
16222,f,16224
16225,f,16224
16223,f,16224
16224,f,16224
16220,f,16224
16225,e,16225
16226,e,16225
16224,e,16225
16221,e,16225
16223,e,16225
16222,e,16225
16223,f,16226
16226,f,16226
16227,f,16226
16222,f,16226
16224,f,16226
16225,f,16226
16225,f,16229
16226,f,16229
16227,f,16229
16230,f,16229
16228,f,16229
16229,f,16229
16230,e,16231
16229,c,16231
16230,c,16231
16232,c,16231
16232,e,16231
16229,e,16231
16231,c,16231
16228,e,16231
16228,c,16231
16227,e,16231
16227,c,16231
16231,e,16231
16233,f,16232
16233,e,16232
16232,f,16232
16232,c,16232
16231,e,16232
16231,f,16232
16231,c,16232
16232,e,16232
16233,c,16232
16229,c,16232
16229,e,16232
16228,e,16232
16230,e,16232
16230,f,16232
16230,c,16232
16229,f,16232
16228,f,16232
16228,c,16232
16232,c,16233
16232,f,16233
16232,e,16233
16230,e,16233
16233,e,16233
16234,c,16233
16234,f,16233
16234,e,16233
16233,c,16233
16233,f,16233
16230,f,16233
16229,f,16233
16230,c,16233
16229,e,16233
16231,c,16233
16231,f,16233
16231,e,16233
16229,c,16233
16230,d,16234
16233,e,16234
16234,f,16234
16234,e,16234
16230,e,16234
16235,d,16234
16235,f,16234
16235,e,16234
16234,d,16234
16230,f,16234
16233,f,16234
16232,f,16234
16232,d,16234
16231,d,16234
16231,f,16234
16231,e,16234
16233,d,16234
16232,e,16234
16233,f,16235
16232,f,16235
16234,f,16235
16231,f,16235
16235,f,16235
16236,f,16235
16242,a,16241
16240,a,16241
16241,a,16241
16239,a,16241
16238,a,16241
16237,a,16241
16238,b,16242
16243,d,16242
16243,b,16242
16238,d,16242
16242,b,16242
16241,d,16242
16241,b,16242
16242,d,16242
16239,d,16242
16240,d,16242
16240,b,16242
16239,b,16242
16244,c,16243
16240,f,16243
16242,f,16243
16242,c,16243
16239,c,16243
16239,f,16243
16244,f,16243
16243,c,16243
16243,f,16243
16241,f,16243
16241,c,16243
16240,c,16243
16243,a,16244
16243,b,16244
16243,e,16244
16244,e,16244
16244,b,16244
16245,a,16244
16244,a,16244
16245,b,16244
16245,e,16244
16240,a,16244
16241,e,16244
16240,b,16244
16240,e,16244
16241,a,16244
16241,b,16244
16242,e,16244
16242,a,16244
16242,b,16244
16246,d,16245
16246,c,16245
16246,f,16245
16245,d,16245
16244,f,16245
16244,d,16245
16244,b,16245
16245,f,16245
16245,c,16245
16246,b,16245
16245,b,16245
16244,c,16245
16241,b,16245
16242,d,16245
16242,b,16245
16242,c,16245
16243,b,16245
16241,f,16245
16242,f,16245
16243,c,16245
16243,f,16245
16241,c,16245
16241,d,16245
16243,d,16245
16247,f,16246
16247,e,16246
16245,e,16246
16245,f,16246
16245,c,16246
16246,c,16246
16247,c,16246
16242,c,16246
16242,f,16246
16242,e,16246
16244,e,16246
16244,f,16246
16244,c,16246
16243,c,16246
16243,f,16246
16243,e,16246
16246,f,16246
16246,e,16246
16247,f,16247
16247,e,16247
16248,f,16247
16248,e,16247
16246,e,16247
16243,f,16247
16244,f,16247
16245,e,16247
16245,f,16247
16244,e,16247
16243,e,16247
16246,f,16247
16246,f,16248
16245,f,16248
16244,f,16248
16247,f,16248
16248,f,16248
16249,f,16248
16250,d,16251
16249,d,16251
16251,d,16251
16252,d,16251
16247,d,16251
16248,d,16251
16252,f,16252
16248,f,16252
16253,f,16252
16250,f,16252
16249,f,16252
16251,f,16252
16256,b,16255
16255,b,16255
16254,b,16255
16253,b,16255
16251,b,16255
16252,b,16255
16252,f,16256
16257,e,16256
16257,f,16256
16257,c,16256
16256,e,16256
16256,f,16256
16256,c,16256
16255,e,16256
16255,c,16256
16255,f,16256
16252,e,16256
16254,e,16256
16254,f,16256
16253,c,16256
16254,c,16256
16253,f,16256
16252,c,16256
16253,e,16256
16257,f,16257
16258,f,16257
16256,e,16257
16256,f,16257
16254,e,16257
16254,f,16257
16258,e,16257
16255,e,16257
16255,f,16257
16257,e,16257
16253,f,16257
16253,e,16257
16259,f,16258
16258,f,16258
16257,f,16258
16255,f,16258
16254,f,16258
16256,f,16258
16262,c,16262
16261,c,16262
16260,c,16262
16263,c,16262
16259,c,16262
16258,c,16262
16260,e,16263
16259,e,16263
16261,e,16263
16263,e,16263
16262,e,16263
16264,e,16263
16263,f,16264
16265,f,16264
16261,f,16264
16260,f,16264
16262,f,16264
16264,f,16264
16265,a,16266
16267,a,16266
16264,a,16266
16263,a,16266
16262,a,16266
16266,a,16266
16267,d,16267
16267,b,16267
16268,d,16267
16266,d,16267
16266,b,16267
16268,b,16267
16263,d,16267
16265,d,16267
16265,b,16267
16263,b,16267
16264,b,16267
16264,d,16267
16265,f,16268
16268,f,16268
16268,c,16268
16269,c,16268
16269,f,16268
16267,f,16268
16267,c,16268
16265,c,16268
16264,f,16268
16266,c,16268
16266,f,16268
16264,c,16268
16268,e,16269
16265,e,16269
16266,e,16269
16269,e,16269
16267,e,16269
16270,e,16269
16269,d,16270
16269,f,16270
16271,f,16270
16270,f,16270
16271,d,16270
16269,b,16270
16271,b,16270
16270,d,16270
16268,d,16270
16268,b,16270
16270,b,16270
16267,f,16270
16267,d,16270
16267,b,16270
16266,f,16270
16266,d,16270
16266,b,16270
16268,f,16270
16272,c,16271
16272,f,16271
16270,f,16271
16270,c,16271
16271,f,16271
16271,c,16271
16269,f,16271
16269,c,16271
16268,f,16271
16268,c,16271
16267,c,16271
16267,f,16271
16269,e,16272
16270,e,16272
16268,e,16272
16271,e,16272
16272,e,16272
16273,e,16272
16269,f,16273
16274,f,16273
16272,f,16273
16273,f,16273
16271,f,16273
16270,f,16273
16275,f,16275
16274,b,16275
16275,c,16275
16273,f,16275
16273,c,16275
16273,b,16275
16274,c,16275
16274,f,16275
16276,f,16275
16276,c,16275
16275,b,16275
16272,f,16275
16272,c,16275
16272,b,16275
16271,f,16275
16271,c,16275
16271,b,16275
16276,b,16275
16277,c,16276
16277,f,16276
16275,e,16276
16275,f,16276
16275,c,16276
16276,c,16276
16277,e,16276
16273,f,16276
16273,e,16276
16276,f,16276
16272,c,16276
16272,f,16276
16272,e,16276
16273,c,16276
16276,e,16276
16274,c,16276
16274,f,16276
16274,e,16276
16278,e,16277
16277,f,16277
16278,d,16277
16276,e,16277
16276,f,16277
16277,e,16277
16278,f,16277
16277,d,16277
16275,f,16277
16274,d,16277
16275,e,16277
16276,d,16277
16275,d,16277
16274,e,16277
16274,f,16277
16273,d,16277
16273,f,16277
16273,e,16277
16279,f,16278
16278,f,16278
16275,f,16278
16274,f,16278
16276,f,16278
16277,f,16278
16281,e,16282
16282,e,16282
16280,e,16282
16278,e,16282
16279,e,16282
16283,e,16282
16280,f,16283
16281,f,16283
16282,f,16283
16284,f,16283
16279,f,16283
16283,f,16283
16285,c,16285
16284,c,16285
16286,c,16285
16283,c,16285
16282,c,16285
16281,c,16285
16283,e,16286
16287,e,16286
16285,e,16286
16286,e,16286
16284,e,16286
16282,e,16286
16284,f,16287
16288,a,16287
16284,a,16287
16285,a,16287
16285,f,16287
16283,a,16287
16283,f,16287
16286,f,16287
16287,f,16287
16287,a,16287
16288,f,16287
16286,a,16287
16287,d,16288
16288,d,16288
16287,b,16288
16289,b,16288
16286,b,16288
16286,d,16288
16285,d,16288
16285,b,16288
16284,d,16288
16284,b,16288
16289,d,16288
16288,b,16288
16289,c,16289
16289,f,16289
16290,c,16289
16290,f,16289
16288,f,16289
16288,c,16289
16287,f,16289
16287,c,16289
16286,f,16289
16286,c,16289
16285,f,16289
16285,c,16289
16287,e,16290
16288,e,16290
16286,e,16290
16289,e,16290
16291,e,16290
16290,e,16290
16292,f,16291
16291,f,16291
16290,f,16291
16289,f,16291
16288,f,16291
16287,f,16291
16296,f,16298
16299,b,16298
16299,a,16298
16298,f,16298
16298,b,16298
16298,a,16298
16299,f,16298
16297,b,16298
16297,a,16298
16296,b,16298
16297,f,16298
16294,b,16298
16294,f,16298
16295,f,16298
16295,a,16298
16294,a,16298
16295,b,16298
16296,a,16298
16299,d,16299
16299,b,16299
16299,f,16299
16300,b,16299
16298,f,16299
16298,c,16299
16300,f,16299
16298,d,16299
16298,b,16299
16300,c,16299
16299,c,16299
16295,f,16299
16300,d,16299
16295,b,16299
16295,d,16299
16296,c,16299
16297,b,16299
16297,d,16299
16297,c,16299
16297,f,16299
16296,d,16299
16296,b,16299
16295,c,16299
16296,f,16299
16299,a,16300
16296,a,16300
16296,b,16300
16301,a,16300
16296,c,16300
16299,b,16300
16297,c,16300
16299,f,16300
16299,e,16300
16296,f,16300
16300,e,16300
16300,f,16300
16300,c,16300
16300,b,16300
16300,a,16300
16299,c,16300
16301,b,16300
16301,c,16300
16301,f,16300
16297,f,16300
16297,e,16300
16297,b,16300
16298,a,16300
16298,b,16300
16296,e,16300
16298,f,16300
16297,a,16300
16298,c,16300
16301,e,16300
16298,e,16300
16301,b,16301
16302,e,16301
16302,f,16301
16302,c,16301
16302,d,16301
16302,b,16301
16301,e,16301
16300,c,16301
16300,f,16301
16301,d,16301
16300,e,16301
16301,c,16301
16301,f,16301
16300,d,16301
16300,b,16301
16299,d,16301
16297,e,16301
16298,c,16301
16298,d,16301
16298,b,16301
16298,f,16301
16299,b,16301
16299,c,16301
16299,f,16301
16298,e,16301
16297,f,16301
16297,c,16301
16297,d,16301
16297,b,16301
16299,e,16301
16303,a,16302
16303,c,16302
16303,f,16302
16301,e,16302
16301,f,16302
16301,c,16302
16301,a,16302
16302,a,16302
16302,c,16302
16298,a,16302
16302,e,16302
16298,c,16302
16299,e,16302
16299,f,16302
16299,c,16302
16299,a,16302
16300,a,16302
16300,f,16302
16300,e,16302
16300,c,16302
16303,e,16302
16302,f,16302
16298,e,16302
16298,f,16302
16303,f,16303
16303,d,16303
16304,b,16303
16302,e,16303
16302,f,16303
16302,d,16303
16303,b,16303
16304,e,16303
16304,f,16303
16303,e,16303
16304,d,16303
16302,b,16303
16300,b,16303
16301,e,16303
16299,b,16303
16299,d,16303
16299,f,16303
16299,e,16303
16301,f,16303
16301,d,16303
16301,b,16303
16300,d,16303
16300,e,16303
16300,f,16303
16304,c,16304
16303,c,16304
16305,c,16304
16301,c,16304
16302,c,16304
16300,c,16304
16305,e,16305
16304,e,16305
16302,e,16305
16301,e,16305
16303,e,16305
16306,e,16305
16305,f,16306
16306,a,16306
16307,c,16306
16307,f,16306
16306,c,16306
16306,f,16306
16307,a,16306
16305,a,16306
16305,c,16306
16302,a,16306
16302,f,16306
16304,f,16306
16304,c,16306
16304,a,16306
16303,a,16306
16303,c,16306
16303,f,16306
16302,c,16306
16307,b,16307
16307,d,16307
16307,e,16307
16306,e,16307
16306,d,16307
16306,b,16307
16303,b,16307
16304,b,16307
16308,d,16307
16305,e,16307
16305,d,16307
16305,b,16307
16303,d,16307
16308,e,16307
16303,e,16307
16304,e,16307
16304,d,16307
16308,b,16307
16307,c,16308
16308,c,16308
16308,f,16308
16307,f,16308
16309,f,16308
16305,c,16308
16306,f,16308
16306,c,16308
16304,c,16308
16304,f,16308
16309,c,16308
16305,f,16308
16309,e,16309
16308,e,16309
16306,e,16309
16310,e,16309
16307,e,16309
16305,e,16309
16310,d,16310
16310,f,16310
16309,f,16310
16309,d,16310
16311,d,16310
16311,f,16310
16308,f,16310
16308,d,16310
16307,f,16310
16307,d,16310
16306,f,16310
16306,d,16310
16312,f,16311
16309,f,16311
16307,f,16311
16310,f,16311
16308,f,16311
16311,f,16311
16314,f,16314
16315,b,16314
16312,f,16314
16314,b,16314
16313,b,16314
16313,f,16314
16311,f,16314
16315,f,16314
16311,b,16314
16310,f,16314
16310,b,16314
16312,b,16314
16315,c,16315
16314,f,16315
16314,c,16315
16315,f,16315
16316,c,16315
16312,c,16315
16313,f,16315
16313,c,16315
16312,f,16315
16311,f,16315
16311,c,16315
16316,f,16315
16315,e,16316
16315,a,16316
16316,a,16316
16316,e,16316
16317,e,16316
16317,a,16316
16314,e,16316
16314,a,16316
16312,a,16316
16312,e,16316
16313,a,16316
16313,e,16316
16318,f,16317
16317,b,16317
16317,d,16317
16317,f,16317
16316,f,16317
16316,d,16317
16316,b,16317
16318,b,16317
16318,d,16317
16314,f,16317
16314,b,16317
16313,d,16317
16315,f,16317
16315,d,16317
16315,b,16317
16313,b,16317
16313,f,16317
16314,d,16317
16319,c,16318
16319,b,16318
16319,a,16318
16317,a,16318
16317,b,16318
16318,b,16318
16317,c,16318
16317,f,16318
16318,f,16318
16318,c,16318
16318,a,16318
16319,f,16318
16314,b,16318
16315,f,16318
16315,b,16318
16315,a,16318
16316,f,16318
16316,c,16318
16316,b,16318
16316,a,16318
16314,f,16318
16315,c,16318
16314,c,16318
16314,a,16318
16318,b,16319
16318,d,16319
16318,c,16319
16318,f,16319
16318,e,16319
16316,e,16319
16319,c,16319
16319,f,16319
16319,e,16319
16320,b,16319
16320,d,16319
16320,c,16319
16320,f,16319
16320,e,16319
16316,f,16319
16319,d,16319
16319,b,16319
16315,d,16319
16315,e,16319
16315,f,16319
16317,b,16319
16317,d,16319
16317,c,16319
16317,f,16319
16317,e,16319
16316,d,16319
16316,b,16319
16316,c,16319
16315,c,16319
16315,b,16319
16316,f,16320
16316,c,16320
16320,c,16320
16320,f,16320
16319,e,16320
16320,e,16320
16321,c,16320
16321,f,16320
16321,e,16320
16319,f,16320
16316,e,16320
16318,f,16320
16319,c,16320
16317,e,16320
16317,f,16320
16317,c,16320
16318,c,16320
16318,e,16320
16320,e,16321
16317,f,16321
16320,f,16321
16318,f,16321
16318,e,16321
16317,e,16321
16321,f,16321
16321,e,16321
16319,e,16321
16319,f,16321
16322,e,16321
16322,f,16321
16323,f,16322
16320,f,16322
16321,f,16322
16318,f,16322
16319,f,16322
16322,f,16322
16322,a,16323
16324,a,16323
16323,a,16323
16321,a,16323
16320,a,16323
16319,a,16323
16324,d,16324
16324,b,16324
16323,c,16324
16323,d,16324
16325,d,16324
16325,c,16324
16323,b,16324
16324,c,16324
16325,b,16324
16320,d,16324
16321,d,16324
16321,b,16324
16322,c,16324
16322,d,16324
16322,b,16324
16320,c,16324
16321,c,16324
16320,b,16324
16324,f,16325
16324,e,16325
16322,c,16325
16322,f,16325
16325,e,16325
16326,c,16325
16326,f,16325
16326,e,16325
16325,c,16325
16325,f,16325
16324,c,16325
16321,f,16325
16322,e,16325
16323,e,16325
16323,f,16325
16323,c,16325
16321,c,16325
16321,e,16325
16322,f,16326
16322,e,16326
16327,f,16326
16327,e,16326
16325,e,16326
16326,f,16326
16323,f,16326
16324,e,16326
16324,f,16326
16323,e,16326
16325,f,16326
16326,e,16326
16327,f,16327
16328,f,16327
16325,f,16327
16326,f,16327
16323,f,16327
16324,f,16327
16326,e,16329
16329,e,16329
16328,e,16329
16330,e,16329
16325,e,16329
16327,e,16329
16327,a,16330
16330,f,16330
16329,f,16330
16329,a,16330
16326,a,16330
16331,a,16330
16331,f,16330
16328,a,16330
16328,f,16330
16326,f,16330
16330,a,16330
16327,f,16330
16332,b,16331
16332,d,16331
16330,d,16331
16330,b,16331
16331,d,16331
16331,b,16331
16328,d,16331
16327,d,16331
16329,d,16331
16329,b,16331
16327,b,16331
16328,b,16331
16333,f,16332
16333,c,16332
16332,f,16332
16332,c,16332
16331,f,16332
16331,c,16332
16329,f,16332
16328,c,16332
16328,f,16332
16330,f,16332
16329,c,16332
16330,c,16332
16331,e,16333
16334,e,16333
16330,e,16333
16332,e,16333
16333,e,16333
16329,e,16333
16335,f,16334
16333,f,16334
16334,f,16334
16332,f,16334
16330,f,16334
16331,f,16334
16335,d,16336
16337,c,16336
16334,c,16336
16337,d,16336
16335,c,16336
16332,c,16336
16333,c,16336
16333,d,16336
16332,d,16336
16336,d,16336
16334,d,16336
16336,c,16336
16337,e,16337
16338,e,16337
16337,f,16337
16338,f,16337
16336,e,16337
16336,f,16337
16334,f,16337
16335,e,16337
16335,f,16337
16334,e,16337
16333,e,16337
16333,f,16337
16336,f,16338
16335,f,16338
16334,f,16338
16337,f,16338
16338,f,16338
16339,f,16338
16341,f,16340
16339,f,16340
16340,f,16340
16336,f,16340
16338,f,16340
16337,f,16340
16343,c,16343
16342,c,16343
16341,c,16343
16344,c,16343
16340,c,16343
16339,c,16343
16341,e,16344
16344,e,16344
16342,e,16344
16345,e,16344
16343,e,16344
16340,e,16344
16346,d,16345
16345,d,16345
16344,f,16345
16344,d,16345
16346,f,16345
16345,f,16345
16343,f,16345
16343,d,16345
16341,d,16345
16342,f,16345
16342,d,16345
16341,f,16345
16343,e,16346
16343,f,16346
16346,e,16346
16346,f,16346
16347,f,16346
16345,f,16346
16345,e,16346
16344,e,16346
16344,f,16346
16342,f,16346
16342,e,16346
16347,e,16346
16345,f,16347
16346,f,16347
16348,f,16347
16343,f,16347
16347,f,16347
16344,f,16347
16349,a,16349
16348,a,16349
16347,a,16349
16350,a,16349
16345,a,16349
16346,a,16349
16346,b,16350
16350,b,16350
16350,d,16350
16349,d,16350
16349,b,16350
16349,a,16350
16351,a,16350
16351,b,16350
16351,d,16350
16346,d,16350
16347,a,16350
16346,a,16350
16348,b,16350
16348,a,16350
16350,a,16350
16347,b,16350
16348,d,16350
16347,d,16350
16351,f,16351
16350,b,16351
16350,d,16351
16350,c,16351
16352,c,16351
16352,d,16351
16350,f,16351
16352,b,16351
16351,d,16351
16352,f,16351
16351,b,16351
16351,c,16351
16347,b,16351
16347,d,16351
16348,d,16351
16348,b,16351
16348,f,16351
16349,b,16351
16348,c,16351
16349,c,16351
16349,f,16351
16347,f,16351
16347,c,16351
16349,d,16351
16352,f,16352
16353,c,16352
16351,e,16352
16351,f,16352
16351,c,16352
16352,c,16352
16353,f,16352
16352,e,16352
16348,c,16352
16353,e,16352
16350,e,16352
16350,f,16352
16350,c,16352
16348,e,16352
16349,c,16352
16349,f,16352
16349,e,16352
16348,f,16352
16353,f,16353
16353,e,16353
16354,f,16353
16352,e,16353
16352,f,16353
16349,e,16353
16354,e,16353
16351,f,16353
16350,f,16353
16351,e,16353
16350,e,16353
16349,f,16353
16354,a,16354
16355,f,16354
16353,f,16354
16353,a,16354
16350,a,16354
16350,f,16354
16355,a,16354
16354,f,16354
16352,f,16354
16352,a,16354
16351,a,16354
16351,f,16354
16354,b,16355
16354,d,16355
16355,d,16355
16355,b,16355
16351,d,16355
16356,b,16355
16351,b,16355
16353,d,16355
16352,d,16355
16352,b,16355
16356,d,16355
16353,b,16355
16356,c,16356
16356,f,16356
16356,e,16356
16355,f,16356
16357,c,16356
16357,f,16356
16357,e,16356
16355,c,16356
16355,e,16356
16353,e,16356
16352,c,16356
16354,e,16356
16354,f,16356
16354,c,16356
16352,f,16356
16352,e,16356
16353,c,16356
16353,f,16356
16354,e,16357
16358,d,16357
16358,f,16357
16358,e,16357
16356,e,16357
16356,f,16357
16356,d,16357
16357,d,16357
16353,d,16357
16353,f,16357
16355,e,16357
16355,f,16357
16355,d,16357
16353,e,16357
16354,d,16357
16354,f,16357
16357,f,16357
16357,e,16357
16358,f,16358
16359,f,16358
16354,f,16358
16357,f,16358
16356,f,16358
16355,f,16358
16357,a,16360
16359,e,16360
16359,a,16360
16360,e,16360
16361,a,16360
16361,e,16360
16358,e,16360
16360,a,16360
16356,a,16360
16356,e,16360
16357,e,16360
16358,a,16360
16361,d,16361
16361,b,16361
16362,b,16361
16360,f,16361
16362,d,16361
16362,f,16361
16360,d,16361
16360,b,16361
16361,f,16361
16359,f,16361
16357,b,16361
16358,f,16361
16358,d,16361
16358,b,16361
16359,d,16361
16359,b,16361
16357,f,16361
16357,d,16361
16361,b,16362
16361,c,16362
16361,f,16362
16359,f,16362
16362,b,16362
16362,c,16362
16362,f,16362
16359,c,16362
16363,c,16362
16363,f,16362
16358,b,16362
16358,c,16362
16363,b,16362
16360,b,16362
16358,f,16362
16359,b,16362
16360,f,16362
16360,c,16362
16359,a,16363
16364,f,16363
16359,e,16363
16362,a,16363
16362,c,16363
16362,e,16363
16364,c,16363
16364,a,16363
16363,e,16363
16363,f,16363
16363,c,16363
16359,f,16363
16359,c,16363
16362,f,16363
16364,e,16363
16363,a,16363
16360,c,16363
16360,e,16363
16360,f,16363
16361,e,16363
16361,f,16363
16361,c,16363
16361,a,16363
16360,a,16363
16365,e,16364
16365,f,16364
16365,c,16364
16363,b,16364
16363,d,16364
16363,c,16364
16364,d,16364
16363,e,16364
16364,b,16364
16365,d,16364
16365,b,16364
16364,e,16364
16364,f,16364
16364,c,16364
16360,f,16364
16360,e,16364
16363,f,16364
16361,d,16364
16361,c,16364
16362,b,16364
16362,d,16364
16361,f,16364
16361,b,16364
16360,b,16364
16361,e,16364
16362,f,16364
16362,e,16364
16360,d,16364
16360,c,16364
16362,c,16364
16366,f,16365
16366,e,16365
16364,e,16365
16364,f,16365
16364,c,16365
16365,c,16365
16366,c,16365
16361,f,16365
16365,f,16365
16361,e,16365
16363,e,16365
16363,f,16365
16363,c,16365
16362,c,16365
16362,f,16365
16362,e,16365
16361,c,16365
16365,e,16365
16366,f,16366
16366,e,16366
16367,f,16366
16367,e,16366
16365,e,16366
16362,f,16366
16362,e,16366
16365,f,16366
16364,e,16366
16364,f,16366
16363,f,16366
16363,e,16366
16368,e,16367
16367,e,16367
16363,e,16367
16364,e,16367
16365,e,16367
16366,e,16367
16370,c,16371
16367,c,16371
16368,c,16371
16369,c,16371
16372,c,16371
16371,c,16371
16373,e,16372
16372,e,16372
16371,e,16372
16370,e,16372
16368,e,16372
16369,e,16372
16370,e,16373
16373,e,16373
16373,f,16373
16374,e,16373
16372,e,16373
16372,f,16373
16369,f,16373
16374,f,16373
16371,e,16373
16371,f,16373
16369,e,16373
16370,f,16373
16375,a,16374
16374,a,16374
16374,f,16374
16373,f,16374
16373,a,16374
16370,a,16374
16370,f,16374
16375,f,16374
16372,f,16374
16372,a,16374
16371,a,16374
16371,f,16374
16376,f,16375
16374,f,16375
16374,d,16375
16374,b,16375
16375,d,16375
16375,f,16375
16374,a,16375
16376,a,16375
16376,b,16375
16375,a,16375
16376,d,16375
16375,b,16375
16371,f,16375
16372,d,16375
16372,b,16375
16372,a,16375
16373,f,16375
16373,d,16375
16373,b,16375
16373,a,16375
16372,f,16375
16371,a,16375
16371,b,16375
16371,d,16375
16375,b,16376
16375,d,16376
16375,c,16376
16375,f,16376
16376,b,16376
16376,d,16376
16376,c,16376
16376,f,16376
16377,b,16376
16377,d,16376
16377,c,16376
16377,f,16376
16373,d,16376
16372,b,16376
16373,c,16376
16374,b,16376
16373,b,16376
16372,f,16376
16372,c,16376
16372,d,16376
16373,f,16376
16374,f,16376
16374,d,16376
16374,c,16376
16377,f,16377
16377,e,16377
16373,f,16377
16378,a,16377
16376,a,16377
16376,c,16377
16373,e,16377
16377,c,16377
16377,a,16377
16373,a,16377
16375,e,16377
16375,f,16377
16375,c,16377
16375,a,16377
16374,a,16377
16374,c,16377
16374,f,16377
16374,e,16377
16373,c,16377
16378,c,16377
16378,e,16377
16378,f,16377
16376,f,16377
16376,e,16377
16377,a,16378
16377,b,16378
16377,f,16378
16377,e,16378
16378,e,16378
16378,f,16378
16378,d,16378
16378,b,16378
16378,a,16378
16377,d,16378
16379,a,16378
16374,f,16378
16379,d,16378
16374,d,16378
16374,b,16378
16374,a,16378
16375,a,16378
16375,b,16378
16375,d,16378
16375,f,16378
16379,b,16378
16375,e,16378
16376,d,16378
16379,f,16378
16379,e,16378
16376,e,16378
16376,f,16378
16376,a,16378
16376,b,16378
16374,e,16378
16378,b,16379
16378,d,16379
16378,c,16379
16379,d,16379
16379,b,16379
16380,d,16379
16380,b,16379
16380,c,16379
16379,c,16379
16377,c,16379
16375,d,16379
16375,b,16379
16377,b,16379
16376,c,16379
16376,d,16379
16377,d,16379
16375,c,16379
16376,b,16379
16379,a,16380
16380,e,16380
16379,b,16380
16376,a,16380
16376,b,16380
16376,c,16380
16376,e,16380
16379,c,16380
16380,c,16380
16380,b,16380
16380,a,16380
16381,e,16380
16381,c,16380
16377,e,16380
16377,c,16380
16377,b,16380
16379,e,16380
16377,a,16380
16378,b,16380
16378,c,16380
16378,e,16380
16381,b,16380
16381,a,16380
16378,a,16380
16380,b,16381
16382,d,16381
16380,d,16381
16377,f,16381
16380,e,16381
16377,e,16381
16382,b,16381
16381,e,16381
16381,f,16381
16381,b,16381
16380,c,16381
16380,f,16381
16379,d,16381
16382,f,16381
16377,c,16381
16377,d,16381
16377,b,16381
16378,b,16381
16378,d,16381
16378,c,16381
16378,f,16381
16378,e,16381
16382,c,16381
16381,c,16381
16379,b,16381
16381,d,16381
16379,c,16381
16379,f,16381
16379,e,16381
16382,e,16381
16383,f,16382
16381,e,16382
16381,f,16382
16381,c,16382
16382,e,16382
16382,f,16382
16382,c,16382
16383,c,16382
16383,e,16382
16380,c,16382
16378,f,16382
16378,e,16382
16380,e,16382
16380,f,16382
16379,c,16382
16379,f,16382
16378,c,16382
16379,e,16382
16380,e,16383
16383,f,16383
16383,e,16383
16384,d,16383
16382,e,16383
16382,f,16383
16382,d,16383
16379,d,16383
16379,e,16383
16384,f,16383
16384,e,16383
16381,e,16383
16381,f,16383
16381,d,16383
16380,d,16383
16380,f,16383
16379,f,16383
16383,d,16383
16384,f,16384
16383,f,16384
16385,f,16384
16380,f,16384
16382,f,16384
16381,f,16384
16383,e,16385
16386,e,16385
16385,e,16385
16381,e,16385
16384,e,16385
16382,e,16385
16387,a,16386
16386,f,16386
16386,a,16386
16385,f,16386
16385,a,16386
16387,f,16386
16382,f,16386
16382,a,16386
16384,f,16386
16384,a,16386
16383,a,16386
16383,f,16386
16387,b,16387
16387,d,16387
16386,d,16387
16386,b,16387
16383,b,16387
16384,d,16387
16388,b,16387
16385,d,16387
16385,b,16387
16383,d,16387
16384,b,16387
16388,d,16387
16388,c,16388
16388,f,16388
16387,f,16388
16387,c,16388
16389,c,16388
16384,c,16388
16389,f,16388
16384,f,16388
16386,f,16388
16386,c,16388
16385,c,16388
16385,f,16388
16389,e,16389
16388,e,16389
16388,c,16389
16385,c,16389
16385,e,16389
16389,c,16389
16390,c,16389
16387,e,16389
16387,c,16389
16386,c,16389
16386,e,16389
16390,e,16389
16390,a,16390
16390,e,16390
16391,a,16390
16391,f,16390
16386,e,16390
16389,e,16390
16389,f,16390
16389,a,16390
16391,e,16390
16390,f,16390
16386,f,16390
16386,a,16390
16387,a,16390
16387,f,16390
16388,e,16390
16388,f,16390
16387,e,16390
16388,a,16390
16391,b,16391
16392,b,16391
16392,d,16391
16392,f,16391
16390,f,16391
16390,d,16391
16390,b,16391
16387,b,16391
16387,d,16391
16387,f,16391
16389,f,16391
16389,d,16391
16389,b,16391
16388,b,16391
16388,d,16391
16388,f,16391
16391,d,16391
16391,f,16391
16392,c,16392
16392,f,16392
16393,c,16392
16391,f,16392
16391,c,16392
16393,f,16392
16388,c,16392
16390,f,16392
16390,c,16392
16389,f,16392
16388,f,16392
16389,c,16392
16394,e,16393
16391,e,16393
16393,e,16393
16390,e,16393
16389,e,16393
16392,e,16393
16393,f,16394
16394,f,16394
16395,f,16394
16390,f,16394
16391,f,16394
16392,f,16394
16394,d,16395
16394,a,16395
16395,d,16395
16396,a,16395
16396,d,16395
16395,a,16395
16393,a,16395
16393,d,16395
16391,a,16395
16391,d,16395
16392,a,16395
16392,d,16395
16393,d,16396
16397,f,16396
16396,f,16396
16396,d,16396
16396,b,16396
16393,b,16396
16395,f,16396
16397,d,16396
16395,b,16396
16392,b,16396
16395,d,16396
16392,d,16396
16393,f,16396
16392,f,16396
16394,b,16396
16397,b,16396
16394,f,16396
16394,d,16396
16395,c,16397
16394,f,16397
16397,c,16397
16397,f,16397
16396,f,16397
16396,c,16397
16393,c,16397
16393,f,16397
16394,c,16397
16398,c,16397
16398,f,16397
16395,f,16397
16398,e,16398
16397,e,16398
16397,c,16398
16399,e,16398
16399,c,16398
16398,c,16398
16396,e,16398
16396,c,16398
16394,c,16398
16395,e,16398
16395,c,16398
16394,e,16398
16396,e,16399
16400,e,16399
16400,f,16399
16399,e,16399
16399,f,16399
16398,e,16399
16398,f,16399
16395,f,16399
16397,e,16399
16397,f,16399
16395,e,16399
16396,f,16399
16398,f,16400
16397,f,16400
16396,f,16400
16399,f,16400
16400,f,16400
16401,f,16400
16405,f,16404
16403,f,16404
16404,f,16404
16401,f,16404
16400,f,16404
16402,f,16404
16405,b,16406
16404,b,16406
16406,b,16406
16407,b,16406
16403,b,16406
16402,b,16406
16403,c,16407
16407,c,16407
16407,f,16407
16406,f,16407
16406,c,16407
16406,b,16407
16407,b,16407
16408,b,16407
16408,c,16407
16408,f,16407
16403,f,16407
16403,b,16407
16405,f,16407
16405,c,16407
16405,b,16407
16404,f,16407
16404,c,16407
16404,b,16407
16408,e,16408
16409,c,16408
16409,e,16408
16407,e,16408
16407,f,16408
16407,c,16408
16408,f,16408
16408,c,16408
16409,f,16408
16404,e,16408
16406,e,16408
16406,f,16408
16406,c,16408
16404,c,16408
16404,f,16408
16405,e,16408
16405,f,16408
16405,c,16408
16409,e,16409
16409,f,16409
16408,e,16409
16408,f,16409
16410,f,16409
16406,e,16409
16405,e,16409
16407,e,16409
16407,f,16409
16406,f,16409
16405,f,16409
16410,e,16409
16408,f,16410
16411,f,16410
16407,f,16410
16406,f,16410
16409,f,16410
16410,f,16410
16412,e,16411
16411,e,16411
16410,e,16411
16409,e,16411
16408,e,16411
16407,e,16411
16410,f,16412
16408,f,16412
16411,f,16412
16412,f,16412
16413,f,16412
16409,f,16412
16418,d,16417
16413,d,16417
16414,d,16417
16415,d,16417
16417,d,16417
16416,d,16417
16418,f,16418
16419,f,16418
16417,f,16418
16416,f,16418
16415,f,16418
16414,f,16418
16420,a,16419
16419,a,16419
16418,a,16419
16415,a,16419
16417,a,16419
16416,a,16419
16420,d,16420
16417,b,16420
16419,d,16420
16419,b,16420
16416,b,16420
16421,b,16420
16421,d,16420
16420,b,16420
16417,d,16420
16418,d,16420
16418,b,16420
16416,d,16420
16421,f,16421
16420,e,16421
16420,f,16421
16421,e,16421
16422,b,16421
16422,c,16421
16422,f,16421
16420,b,16421
16422,e,16421
16421,c,16421
16421,b,16421
16420,c,16421
16418,f,16421
16417,c,16421
16417,f,16421
16417,e,16421
16419,e,16421
16419,f,16421
16419,c,16421
16419,b,16421
16417,b,16421
16418,e,16421
16418,c,16421
16418,b,16421
16419,f,16422
16419,e,16422
16421,f,16422
16421,e,16422
16422,f,16422
16421,c,16422
16422,e,16422
16418,c,16422
16423,c,16422
16420,e,16422
16420,f,16422
16420,c,16422
16418,f,16422
16418,e,16422
16419,c,16422
16423,f,16422
16423,e,16422
16422,c,16422
16424,f,16423
16422,f,16423
16422,e,16423
16423,f,16423
16421,e,16423
16421,f,16423
16420,e,16423
16420,f,16423
16419,e,16423
16419,f,16423
16424,e,16423
16423,e,16423
16425,f,16424
16424,f,16424
16422,f,16424
16421,f,16424
16420,f,16424
16423,f,16424
16426,f,16430
16427,f,16430
16431,f,16430
16428,f,16430
16430,f,16430
16429,f,16430
16431,e,16431
16431,d,16431
16430,e,16431
16430,d,16431
16432,e,16431
16432,d,16431
16429,d,16431
16428,e,16431
16428,d,16431
16427,e,16431
16427,d,16431
16429,e,16431
16428,f,16432
16430,f,16432
16433,f,16432
16431,f,16432
16432,f,16432
16429,f,16432
16433,e,16433
16434,e,16433
16432,e,16433
16431,e,16433
16430,e,16433
16429,e,16433
16431,f,16434
16435,f,16434
16432,f,16434
16434,f,16434
16430,f,16434
16433,f,16434
16432,c,16435
16434,c,16435
16433,c,16435
16431,c,16435
16435,c,16435
16436,c,16435
16437,e,16436
16436,b,16436
16435,e,16436
16436,a,16436
16436,e,16436
16437,a,16436
16437,b,16436
16435,b,16436
16434,e,16436
16435,a,16436
16433,e,16436
16434,b,16436
16432,a,16436
16432,b,16436
16433,b,16436
16433,a,16436
16434,a,16436
16432,e,16436
16434,b,16437
16436,b,16437
16436,d,16437
16436,f,16437
16437,d,16437
16438,d,16437
16438,b,16437
16437,f,16437
16437,b,16437
16436,c,16437
16438,f,16437
16438,c,16437
16437,c,16437
16434,d,16437
16435,f,16437
16435,c,16437
16435,d,16437
16435,b,16437
16433,b,16437
16433,d,16437
16433,c,16437
16433,f,16437
16434,c,16437
16434,f,16437
16439,e,16438
16439,f,16438
16438,f,16438
16437,f,16438
16437,e,16438
16438,c,16438
16438,e,16438
16437,c,16438
16439,c,16438
16436,e,16438
16435,e,16438
16434,c,16438
16434,f,16438
16434,e,16438
16436,f,16438
16436,c,16438
16435,c,16438
16435,f,16438
16440,f,16439
16438,e,16439
16438,f,16439
16436,e,16439
16435,f,16439
16435,e,16439
16440,e,16439
16437,e,16439
16437,f,16439
16439,f,16439
16436,f,16439
16439,e,16439
16440,f,16440
16441,f,16440
16438,f,16440
16437,f,16440
16436,f,16440
16439,f,16440
16444,b,16443
16443,c,16443
16443,b,16443
16442,c,16443
16442,b,16443
16444,c,16443
16441,b,16443
16441,c,16443
16439,b,16443
16440,c,16443
16439,c,16443
16440,b,16443
16440,f,16444
16444,f,16444
16444,e,16444
16445,c,16444
16443,e,16444
16443,f,16444
16443,c,16444
16440,e,16444
16445,f,16444
16442,e,16444
16442,f,16444
16442,c,16444
16440,c,16444
16441,e,16444
16441,f,16444
16441,c,16444
16445,e,16444
16444,c,16444
16445,f,16445
16445,e,16445
16446,f,16445
16444,e,16445
16444,f,16445
16446,e,16445
16442,e,16445
16441,e,16445
16442,f,16445
16443,f,16445
16441,f,16445
16443,e,16445
16444,f,16446
16442,f,16446
16446,f,16446
16443,f,16446
16445,f,16446
16447,f,16446
16448,d,16447
16443,e,16447
16447,e,16447
16447,d,16447
16446,e,16447
16448,e,16447
16443,d,16447
16446,d,16447
16444,d,16447
16445,e,16447
16445,d,16447
16444,e,16447
16449,f,16448
16446,f,16448
16448,f,16448
16445,f,16448
16447,f,16448
16444,f,16448
16449,f,16449
16448,f,16449
16448,c,16449
16450,c,16449
16445,f,16449
16450,f,16449
16446,f,16449
16446,c,16449
16445,c,16449
16449,c,16449
16447,f,16449
16447,c,16449
16449,e,16450
16450,e,16450
16447,e,16450
16451,e,16450
16448,e,16450
16446,e,16450
16451,f,16451
16450,f,16451
16450,c,16451
16451,c,16451
16447,c,16451
16452,f,16451
16452,c,16451
16449,f,16451
16449,c,16451
16447,f,16451
16448,c,16451
16448,f,16451
16452,e,16452
16453,e,16452
16451,e,16452
16451,d,16452
16451,b,16452
16453,b,16452
16452,d,16452
16453,d,16452
16452,b,16452
16448,e,16452
16449,e,16452
16449,d,16452
16449,b,16452
16450,b,16452
16450,d,16452
16448,d,16452
16448,b,16452
16450,e,16452
16453,e,16453
16454,c,16453
16452,f,16453
16452,c,16453
16453,f,16453
16453,c,16453
16449,c,16453
16452,e,16453
16450,e,16453
16449,e,16453
16450,f,16453
16450,c,16453
16454,e,16453
16449,f,16453
16451,c,16453
16454,f,16453
16451,e,16453
16451,f,16453
16453,e,16454
16453,f,16454
16453,a,16454
16454,e,16454
16455,a,16454
16454,f,16454
16455,e,16454
16454,a,16454
16455,f,16454
16450,e,16454
16451,e,16454
16451,f,16454
16451,a,16454
16452,a,16454
16452,f,16454
16450,f,16454
16450,a,16454
16452,e,16454
16455,f,16455
16451,f,16455
16454,b,16455
16455,d,16455
16455,b,16455
16451,b,16455
16451,d,16455
16454,f,16455
16454,d,16455
16456,b,16455
16456,d,16455
16453,f,16455
16453,d,16455
16453,b,16455
16456,f,16455
16452,b,16455
16452,d,16455
16452,f,16455
16452,e,16456
16455,f,16456
16455,c,16456
16456,c,16456
16457,c,16456
16455,e,16456
16452,f,16456
16457,e,16456
16454,e,16456
16454,f,16456
16454,c,16456
16456,f,16456
16453,e,16456
16453,f,16456
16453,c,16456
16452,c,16456
16457,f,16456
16456,e,16456
16457,f,16457
16457,e,16457
16458,f,16457
16456,f,16457
16458,e,16457
16456,e,16457
16455,e,16457
16453,f,16457
16455,f,16457
16454,e,16457
16454,f,16457
16453,e,16457
16459,f,16458
16457,f,16458
16458,f,16458
16455,f,16458
16454,f,16458
16456,f,16458
16461,d,16460
16460,d,16460
16457,d,16460
16456,d,16460
16458,d,16460
16459,d,16460
16458,f,16461
16462,f,16461
16459,f,16461
16460,f,16461
16457,f,16461
16461,f,16461
16465,f,16464
16464,f,16464
16463,f,16464
16462,f,16464
16460,f,16464
16461,f,16464
16473,d,16472
16468,d,16472
16469,d,16472
16470,d,16472
16472,d,16472
16471,d,16472
16473,f,16473
16472,f,16473
16472,c,16473
16474,c,16473
16474,f,16473
16471,c,16473
16470,f,16473
16470,c,16473
16469,f,16473
16469,c,16473
16471,f,16473
16473,c,16473
16474,e,16474
16475,f,16474
16475,e,16474
16473,e,16474
16473,f,16474
16474,f,16474
16472,e,16474
16472,f,16474
16470,f,16474
16471,e,16474
16470,e,16474
16471,f,16474
16476,f,16475
16475,f,16475
16472,f,16475
16474,f,16475
16471,f,16475
16473,f,16475
16474,e,16477
16473,e,16477
16475,e,16477
16478,e,16477
16476,e,16477
16477,e,16477
16479,f,16478
16477,f,16478
16478,f,16478
16476,f,16478
16475,f,16478
16474,f,16478
16479,c,16479
16475,c,16479
16477,c,16479
16480,c,16479
16476,c,16479
16478,c,16479
16480,e,16480
16479,e,16480
16476,e,16480
16481,e,16480
16477,e,16480
16478,e,16480
16478,a,16481
16481,a,16481
16481,c,16481
16481,f,16481
16480,f,16481
16480,c,16481
16480,a,16481
16477,a,16481
16482,a,16481
16482,c,16481
16479,f,16481
16479,c,16481
16479,a,16481
16477,c,16481
16477,f,16481
16478,f,16481
16482,f,16481
16478,c,16481
16481,e,16482
16481,d,16482
16481,b,16482
16482,b,16482
16482,d,16482
16482,e,16482
16483,e,16482
16479,e,16482
16483,b,16482
16480,e,16482
16480,d,16482
16480,b,16482
16478,b,16482
16478,d,16482
16478,e,16482
16479,b,16482
16479,d,16482
16483,d,16482
16483,c,16483
16483,f,16483
16483,e,16483
16482,e,16483
16482,f,16483
16482,c,16483
16484,c,16483
16484,f,16483
16480,f,16483
16480,c,16483
16479,e,16483
16480,e,16483
16479,c,16483
16479,f,16483
16481,f,16483
16481,e,16483
16484,e,16483
16481,c,16483
16483,e,16484
16483,f,16484
16484,e,16484
16484,f,16484
16485,e,16484
16485,f,16484
16480,f,16484
16480,e,16484
16482,e,16484
16482,f,16484
16481,f,16484
16481,e,16484
16481,f,16485
16485,c,16485
16485,f,16485
16486,c,16485
16484,e,16485
16484,f,16485
16484,c,16485
16481,c,16485
16485,e,16485
16481,e,16485
16486,f,16485
16486,e,16485
16483,e,16485
16483,f,16485
16483,c,16485
16482,c,16485
16482,f,16485
16482,e,16485
16486,f,16486
16485,e,16486
16487,e,16486
16486,e,16486
16487,f,16486
16485,f,16486
16484,e,16486
16484,f,16486
16483,e,16486
16483,f,16486
16482,e,16486
16482,f,16486
16485,f,16487
16483,f,16487
16486,f,16487
16487,f,16487
16488,f,16487
16484,f,16487
16495,d,16496
16494,d,16496
16496,d,16496
16493,d,16496
16492,d,16496
16497,d,16496
16496,f,16497
16497,f,16497
16493,f,16497
16494,f,16497
16495,f,16497
16498,f,16497
16500,d,16500
16498,d,16500
16501,d,16500
16500,b,16500
16499,d,16500
16499,b,16500
16501,b,16500
16498,b,16500
16496,b,16500
16497,d,16500
16496,d,16500
16497,b,16500
16497,f,16501
16502,f,16501
16501,f,16501
16501,c,16501
16500,f,16501
16500,c,16501
16502,c,16501
16498,c,16501
16498,f,16501
16499,f,16501
16499,c,16501
16497,c,16501
16503,c,16502
16498,c,16502
16498,b,16502
16501,b,16502
16501,c,16502
16501,f,16502
16499,c,16502
16498,f,16502
16499,b,16502
16502,e,16502
16502,f,16502
16502,c,16502
16501,e,16502
16503,b,16502
16503,f,16502
16502,b,16502
16499,f,16502
16499,e,16502
16500,e,16502
16500,f,16502
16500,c,16502
16500,b,16502
16498,e,16502
16503,e,16502
16504,e,16503
16504,f,16503
16503,c,16503
16502,f,16503
16503,e,16503
16503,f,16503
16504,c,16503
16502,e,16503
16502,c,16503
16499,f,16503
16499,c,16503
16501,e,16503
16501,f,16503
16500,c,16503
16500,f,16503
16501,c,16503
16500,e,16503
16499,e,16503
16504,f,16504
16504,e,16504
16503,e,16504
16503,f,16504
16500,e,16504
16505,f,16504
16505,e,16504
16502,e,16504
16502,f,16504
16501,f,16504
16501,e,16504
16500,f,16504
16505,d,16505
16505,f,16505
16504,f,16505
16504,d,16505
16501,d,16505
16506,d,16505
16501,f,16505
16503,f,16505
16503,d,16505
16502,d,16505
16502,f,16505
16506,f,16505
16503,f,16506
16504,f,16506
16505,f,16506
16507,f,16506
16506,f,16506
16502,f,16506
16508,c,16507
16507,b,16507
16507,c,16507
16508,b,16507
16506,c,16507
16506,b,16507
16505,c,16507
16505,b,16507
16503,b,16507
16503,c,16507
16504,b,16507
16504,c,16507
16505,c,16508
16509,e,16508
16509,c,16508
16509,b,16508
16508,e,16508
16508,c,16508
16507,e,16508
16507,c,16508
16507,b,16508
16504,b,16508
16508,b,16508
16505,b,16508
16506,e,16508
16506,c,16508
16506,b,16508
16504,c,16508
16505,e,16508
16504,e,16508
16505,c,16509
16505,f,16509
16509,f,16509
16509,e,16509
16510,c,16509
16508,e,16509
16508,f,16509
16508,c,16509
16505,e,16509
16509,c,16509
16510,e,16509
16507,e,16509
16507,f,16509
16507,c,16509
16506,c,16509
16506,f,16509
16506,e,16509
16510,f,16509
16510,f,16510
16510,e,16510
16509,e,16510
16509,f,16510
16506,e,16510
16511,f,16510
16508,f,16510
16506,f,16510
16508,e,16510
16507,f,16510
16507,e,16510
16511,e,16510
16511,f,16511
16510,f,16511
16507,f,16511
16508,f,16511
16512,f,16511
16509,f,16511
16511,e,16512
16512,c,16512
16512,e,16512
16513,c,16512
16513,e,16512
16511,c,16512
16509,c,16512
16508,e,16512
16510,e,16512
16510,c,16512
16508,c,16512
16509,e,16512
16512,e,16513
16512,f,16513
16509,f,16513
16513,f,16513
16510,e,16513
16513,e,16513
16511,e,16513
16511,f,16513
16509,e,16513
16510,f,16513
16514,f,16513
16514,e,16513
16513,f,16514
16510,f,16514
16512,f,16514
16511,f,16514
16515,f,16514
16514,f,16514
16514,d,16515
16516,d,16515
16514,f,16515
16516,f,16515
16515,f,16515
16513,f,16515
16513,d,16515
16515,d,16515
16512,f,16515
16512,d,16515
16511,f,16515
16511,d,16515
16517,f,16516
16515,e,16516
16515,f,16516
16517,e,16516
16516,f,16516
16516,e,16516
16514,e,16516
16514,f,16516
16513,e,16516
16513,f,16516
16512,e,16516
16512,f,16516
16515,f,16517
16513,f,16517
16516,f,16517
16517,f,16517
16518,f,16517
16514,f,16517
16521,b,16521
16520,b,16521
16519,b,16521
16518,b,16521
16517,b,16521
16522,b,16521
16518,f,16522
16522,f,16522
16523,c,16522
16521,f,16522
16521,c,16522
16523,f,16522
16522,c,16522
16520,f,16522
16520,c,16522
16519,f,16522
16519,c,16522
16518,c,16522
16524,e,16523
16522,e,16523
16523,e,16523
16520,e,16523
16521,e,16523
16519,e,16523
16521,f,16524
16522,f,16524
16520,f,16524
16525,f,16524
16523,f,16524
16524,f,16524
16526,d,16525
16525,d,16525
16524,d,16525
16523,d,16525
16521,d,16525
16522,d,16525
16524,f,16526
16522,f,16526
16525,f,16526
16526,f,16526
16527,f,16526
16523,f,16526
16529,f,16530
16531,f,16530
16531,a,16530
16530,f,16530
16530,a,16530
16528,f,16530
16529,a,16530
16527,a,16530
16528,a,16530
16526,f,16530
16526,a,16530
16527,f,16530
16531,b,16531
16531,d,16531
16530,b,16531
16530,d,16531
16527,d,16531
16527,b,16531
16532,b,16531
16532,d,16531
16528,d,16531
16528,b,16531
16529,d,16531
16529,b,16531
16531,f,16532
16531,e,16532
16533,c,16532
16532,c,16532
16531,c,16532
16533,f,16532
16530,f,16532
16532,f,16532
16528,c,16532
16528,f,16532
16528,e,16532
16533,e,16532
16529,c,16532
16532,e,16532
16529,e,16532
16530,c,16532
16530,e,16532
16529,f,16532
16534,f,16533
16534,e,16533
16532,e,16533
16532,f,16533
16533,e,16533
16533,f,16533
16531,e,16533
16529,f,16533
16531,f,16533
16529,e,16533
16530,e,16533
16530,f,16533
16535,f,16534
16534,f,16534
16533,f,16534
16531,f,16534
16530,f,16534
16532,f,16534
16533,e,16535
16531,e,16535
16536,e,16535
16532,e,16535
16534,e,16535
16535,e,16535
16532,f,16536
16537,f,16536
16535,f,16536
16536,f,16536
16533,f,16536
16534,f,16536
16537,e,16538
16539,e,16538
16538,e,16538
16536,e,16538
16535,e,16538
16534,e,16538
16536,c,16539
16539,f,16539
16539,c,16539
16540,c,16539
16535,f,16539
16538,c,16539
16538,f,16539
16535,c,16539
16536,f,16539
16537,c,16539
16540,f,16539
16537,f,16539
16538,e,16540
16541,e,16540
16536,e,16540
16537,e,16540
16539,e,16540
16540,e,16540
16541,d,16541
16542,f,16541
16542,d,16541
16540,f,16541
16540,d,16541
16541,f,16541
16538,f,16541
16539,f,16541
16539,d,16541
16538,d,16541
16537,f,16541
16537,d,16541
16543,f,16542
16542,f,16542
16539,f,16542
16538,f,16542
16540,f,16542
16541,f,16542
16549,b,16551
16550,b,16551
16550,a,16551
16552,a,16551
16552,b,16551
16549,a,16551
16551,a,16551
16551,b,16551
16548,b,16551
16548,a,16551
16547,b,16551
16547,a,16551
16553,b,16552
16553,f,16552
16552,f,16552
16552,c,16552
16552,d,16552
16552,b,16552
16551,f,16552
16551,c,16552
16551,d,16552
16553,d,16552
16553,c,16552
16551,b,16552
16548,b,16552
16549,d,16552
16549,b,16552
16548,f,16552
16548,c,16552
16548,d,16552
16549,f,16552
16550,b,16552
16549,c,16552
16550,c,16552
16550,f,16552
16550,d,16552
16553,c,16553
16553,f,16553
16553,e,16553
16552,e,16553
16552,f,16553
16550,c,16553
16554,c,16553
16554,f,16553
16550,f,16553
16552,c,16553
16549,f,16553
16550,e,16553
16554,e,16553
16549,e,16553
16549,c,16553
16551,f,16553
16551,e,16553
16551,c,16553
16555,e,16554
16550,f,16554
16554,e,16554
16555,f,16554
16553,e,16554
16550,e,16554
16553,f,16554
16551,e,16554
16552,f,16554
16552,e,16554
16551,f,16554
16554,f,16554
16555,f,16555
16554,e,16555
16554,f,16555
16555,e,16555
16556,f,16555
16556,e,16555
16552,f,16555
16553,e,16555
16551,f,16555
16551,e,16555
16552,e,16555
16553,f,16555
16553,f,16556
16557,f,16556
16555,f,16556
16556,f,16556
16554,f,16556
16552,f,16556
16558,a,16557
16555,a,16557
16557,a,16557
16554,a,16557
16553,a,16557
16556,a,16557
16558,d,16558
16558,e,16558
16557,e,16558
16557,d,16558
16557,b,16558
16559,b,16558
16559,d,16558
16559,e,16558
16554,e,16558
16556,d,16558
16558,b,16558
16554,d,16558
16555,b,16558
16556,e,16558
16555,e,16558
16555,d,16558
16554,b,16558
16556,b,16558
16560,d,16559
16559,f,16559
16560,f,16559
16558,f,16559
16558,c,16559
16558,d,16559
16559,d,16559
16560,c,16559
16559,c,16559
16557,d,16559
16557,f,16559
16557,c,16559
16555,d,16559
16555,c,16559
16555,f,16559
16556,d,16559
16556,c,16559
16556,f,16559
16559,e,16560
16560,e,16560
16560,f,16560
16561,e,16560
16559,f,16560
16561,f,16560
16556,e,16560
16557,e,16560
16557,f,16560
16558,f,16560
16558,e,16560
16556,f,16560
16561,b,16561
16561,f,16561
16560,f,16561
16560,b,16561
16557,f,16561
16557,b,16561
16562,f,16561
16559,f,16561
16559,b,16561
16558,b,16561
16558,f,16561
16562,b,16561
16561,c,16562
16562,a,16562
16561,a,16562
16563,f,16562
16562,f,16562
16562,c,16562
16561,f,16562
16560,f,16562
16563,a,16562
16558,a,16562
16559,c,16562
16559,a,16562
16558,f,16562
16563,c,16562
16560,c,16562
16560,a,16562
16559,f,16562
16558,c,16562
16562,e,16563
16562,d,16563
16563,e,16563
16563,d,16563
16563,b,16563
16562,b,16563
16560,d,16563
16560,e,16563
16559,e,16563
16560,b,16563
16559,b,16563
16559,d,16563
16561,b,16563
16564,b,16563
16561,e,16563
16564,e,16563
16564,d,16563
16561,d,16563
16565,e,16564
16563,c,16564
16563,f,16564
16564,c,16564
16564,f,16564
16564,e,16564
16563,e,16564
16561,e,16564
16565,f,16564
16560,e,16564
16560,f,16564
16560,c,16564
16561,c,16564
16562,c,16564
16561,f,16564
16562,e,16564
16565,c,16564
16562,f,16564
16565,e,16565
16564,e,16565
16564,f,16565
16564,d,16565
16565,f,16565
16565,d,16565
16566,d,16565
16561,d,16565
16561,e,16565
16566,e,16565
16562,e,16565
16562,f,16565
16563,e,16565
16563,f,16565
16563,d,16565
16561,f,16565
16566,f,16565
16562,d,16565
16567,e,16566
16565,b,16566
16567,f,16566
16565,e,16566
16566,e,16566
16566,f,16566
16566,b,16566
16565,f,16566
16567,b,16566
16562,b,16566
16562,e,16566
16563,f,16566
16563,e,16566
16564,e,16566
16564,f,16566
16564,b,16566
16562,f,16566
16563,b,16566
16563,c,16567
16563,f,16567
16566,f,16567
16568,c,16567
16566,c,16567
16567,f,16567
16567,c,16567
16565,f,16567
16565,c,16567
16564,c,16567
16564,f,16567
16568,f,16567
16564,e,16568
16567,d,16568
16567,c,16568
16568,d,16568
16568,c,16568
16568,e,16568
16569,d,16568
16567,e,16568
16569,c,16568
16564,c,16568
16569,e,16568
16564,d,16568
16565,e,16568
16565,c,16568
16565,d,16568
16566,e,16568
16566,c,16568
16566,d,16568
16568,b,16569
16568,d,16569
16569,e,16569
16568,e,16569
16565,b,16569
16569,f,16569
16569,d,16569
16569,b,16569
16568,f,16569
16565,d,16569
16570,b,16569
16570,d,16569
16570,f,16569
16570,e,16569
16567,e,16569
16567,f,16569
16567,d,16569
16567,b,16569
16565,f,16569
16566,e,16569
16565,e,16569
16566,b,16569
16566,d,16569
16566,f,16569
16570,c,16570
16569,f,16570
16569,c,16570
16570,f,16570
16567,f,16570
16571,c,16570
16568,f,16570
16568,c,16570
16566,c,16570
16566,f,16570
16567,c,16570
16571,f,16570
16571,c,16571
16571,e,16571
16570,e,16571
16570,c,16571
16567,c,16571
16567,e,16571
16572,c,16571
16572,e,16571
16569,e,16571
16569,c,16571
16568,c,16571
16568,e,16571
16572,f,16572
16571,e,16572
16571,f,16572
16572,e,16572
16573,e,16572
16573,f,16572
16568,f,16572
16570,e,16572
16570,f,16572
16568,e,16572
16569,f,16572
16569,e,16572
16570,f,16573
16571,f,16573
16573,f,16573
16572,f,16573
16574,f,16573
16569,f,16573
16573,d,16574
16575,a,16574
16574,a,16574
16574,d,16574
16573,a,16574
16570,d,16574
16570,a,16574
16575,d,16574
16572,d,16574
16572,a,16574
16571,a,16574
16571,d,16574
16575,b,16575
16575,d,16575
16575,f,16575
16576,b,16575
16574,f,16575
16574,d,16575
16574,b,16575
16571,b,16575
16572,d,16575
16572,f,16575
16573,f,16575
16573,d,16575
16573,b,16575
16571,d,16575
16571,f,16575
16572,b,16575
16576,f,16575
16576,d,16575
16576,c,16576
16576,f,16576
16575,f,16576
16575,c,16576
16577,c,16576
16577,f,16576
16574,f,16576
16574,c,16576
16572,c,16576
16573,c,16576
16573,f,16576
16572,f,16576
16577,f,16577
16577,e,16577
16576,e,16577
16576,f,16577
16573,f,16577
16573,e,16577
16578,f,16577
16575,e,16577
16575,f,16577
16578,e,16577
16574,f,16577
16574,e,16577
16577,f,16578
16578,f,16578
16578,a,16578
16577,a,16578
16579,a,16578
16574,a,16578
16576,f,16578
16574,f,16578
16575,f,16578
16575,a,16578
16579,f,16578
16576,a,16578
16578,d,16579
16579,b,16579
16580,d,16579
16579,d,16579
16580,b,16579
16578,b,16579
16576,b,16579
16575,b,16579
16577,d,16579
16577,b,16579
16575,d,16579
16576,d,16579
16580,f,16580
16580,e,16580
16581,c,16580
16579,e,16580
16579,f,16580
16579,c,16580
16576,c,16580
16576,f,16580
16581,f,16580
16581,e,16580
16578,e,16580
16578,f,16580
16578,c,16580
16576,e,16580
16577,c,16580
16577,f,16580
16577,e,16580
16580,c,16580
16581,f,16581
16581,e,16581
16580,e,16581
16580,f,16581
16577,e,16581
16582,e,16581
16577,f,16581
16578,f,16581
16579,e,16581
16578,e,16581
16582,f,16581
16579,f,16581
16578,f,16582
16581,b,16582
16578,b,16582
16582,f,16582
16581,f,16582
16582,b,16582
16580,f,16582
16580,b,16582
16579,b,16582
16579,f,16582
16583,f,16582
16583,b,16582
16584,c,16583
16583,c,16583
16583,f,16583
16582,f,16583
16584,f,16583
16582,c,16583
16581,f,16583
16581,c,16583
16580,f,16583
16580,c,16583
16579,f,16583
16579,c,16583
16581,e,16584
16582,e,16584
16585,e,16584
16580,e,16584
16583,e,16584
16584,e,16584
16585,f,16585
16584,f,16585
16583,f,16585
16582,f,16585
16581,f,16585
16586,f,16585
16589,e,16588
16588,e,16588
16587,e,16588
16586,e,16588
16585,e,16588
16584,e,16588
16586,d,16589
16586,f,16589
16585,d,16589
16587,d,16589
16587,f,16589
16590,f,16589
16588,d,16589
16588,f,16589
16585,f,16589
16589,d,16589
16589,f,16589
16590,d,16589
16588,f,16590
16590,f,16590
16591,f,16590
16589,f,16590
16587,f,16590
16586,f,16590
16593,c,16593
16594,c,16593
16592,c,16593
16590,c,16593
16591,c,16593
16589,c,16593
16591,e,16594
16595,e,16594
16593,e,16594
16594,e,16594
16592,e,16594
16590,e,16594
16592,f,16595
16595,f,16595
16595,c,16595
16591,c,16595
16592,c,16595
16594,f,16595
16594,c,16595
16591,f,16595
16596,c,16595
16593,f,16595
16593,c,16595
16596,f,16595
16594,b,16596
16596,b,16596
16593,e,16596
16593,b,16596
16594,e,16596
16596,e,16596
16597,e,16596
16597,b,16596
16595,e,16596
16595,b,16596
16592,e,16596
16592,b,16596
16596,b,16597
16597,f,16597
16598,b,16597
16597,b,16597
16597,c,16597
16598,c,16597
16596,c,16597
16596,f,16597
16598,f,16597
16594,f,16597
16593,b,16597
16593,c,16597
16595,f,16597
16595,c,16597
16595,b,16597
16593,f,16597
16594,b,16597
16594,c,16597
16599,c,16598
16599,f,16598
16599,e,16598
16597,e,16598
16597,f,16598
16597,c,16598
16598,f,16598
16598,c,16598
16595,e,16598
16596,e,16598
16596,f,16598
16596,c,16598
16594,f,16598
16594,e,16598
16595,c,16598
16595,f,16598
16594,c,16598
16598,e,16598
16599,e,16599
16600,f,16599
16599,f,16599
16600,e,16599
16598,e,16599
16598,f,16599
16595,f,16599
16596,e,16599
16597,e,16599
16597,f,16599
16595,e,16599
16596,f,16599
16598,f,16600
16601,f,16600
16597,f,16600
16596,f,16600
16599,f,16600
16600,f,16600
16601,c,16601
16600,c,16601
16602,c,16601
16599,c,16601
16597,c,16601
16598,c,16601
16599,e,16602
16600,e,16602
16603,e,16602
16598,e,16602
16601,e,16602
16602,e,16602
16604,f,16603
16603,f,16603
16602,e,16603
16602,f,16603
16604,e,16603
16603,e,16603
16599,f,16603
16601,e,16603
16601,f,16603
16599,e,16603
16600,f,16603
16600,e,16603
16605,f,16604
16604,f,16604
16603,f,16604
16601,f,16604
16600,f,16604
16602,f,16604
16606,b,16605
16602,b,16605
16603,b,16605
16605,b,16605
16601,b,16605
16604,b,16605
16606,f,16606
16605,f,16606
16605,c,16606
16607,c,16606
16607,f,16606
16602,c,16606
16602,f,16606
16604,c,16606
16606,c,16606
16603,f,16606
16603,c,16606
16604,f,16606
16607,e,16607
16608,f,16607
16608,e,16607
16606,f,16607
16607,f,16607
16606,e,16607
16603,e,16607
16605,e,16607
16605,f,16607
16604,f,16607
16604,e,16607
16603,f,16607
16608,a,16608
16608,f,16608
16607,f,16608
16607,a,16608
16604,a,16608
16609,a,16608
16606,f,16608
16606,a,16608
16604,f,16608
16605,a,16608
16605,f,16608
16609,f,16608
16609,b,16609
16609,d,16609
16608,d,16609
16608,b,16609
16605,d,16609
16610,b,16609
16606,b,16609
16606,d,16609
16607,d,16609
16607,b,16609
16610,d,16609
16605,b,16609
16611,f,16610
16606,c,16610
16606,f,16610
16610,f,16610
16609,f,16610
16609,c,16610
16610,c,16610
16608,f,16610
16608,c,16610
16607,c,16610
16607,f,16610
16611,c,16610
16612,a,16611
16610,e,16611
16610,a,16611
16611,a,16611
16612,e,16611
16611,e,16611
16609,a,16611
16609,e,16611
16607,a,16611
16607,e,16611
16608,a,16611
16608,e,16611
16611,d,16612
16613,f,16612
16612,f,16612
16612,d,16612
16612,b,16612
16611,f,16612
16613,d,16612
16611,b,16612
16608,b,16612
16613,b,16612
16609,d,16612
16609,b,16612
16610,f,16612
16610,d,16612
16610,b,16612
16608,f,16612
16608,d,16612
16609,f,16612
16609,f,16613
16609,c,16613
16613,f,16613
16614,c,16613
16612,c,16613
16614,f,16613
16611,f,16613
16611,c,16613
16610,c,16613
16610,f,16613
16613,c,16613
16612,f,16613
16614,e,16614
16613,e,16614
16614,b,16614
16613,b,16614
16615,b,16614
16612,e,16614
16612,b,16614
16610,b,16614
16610,e,16614
16611,b,16614
16611,e,16614
16615,e,16614
16616,f,16615
16615,d,16615
16615,c,16615
16615,f,16615
16614,f,16615
16614,c,16615
16614,d,16615
16616,d,16615
16616,c,16615
16612,f,16615
16612,d,16615
16613,f,16615
16613,c,16615
16613,d,16615
16611,d,16615
16611,c,16615
16611,f,16615
16612,c,16615
16617,f,16616
16617,c,16616
16617,d,16616
16615,b,16616
16615,d,16616
16615,c,16616
16616,d,16616
16617,b,16616
16616,c,16616
16615,e,16616
16616,e,16616
16616,b,16616
16615,f,16616
16617,e,16616
16616,f,16616
16612,d,16616
16612,c,16616
16613,c,16616
16613,d,16616
16613,b,16616
16613,e,16616
16614,b,16616
16614,d,16616
16613,f,16616
16614,f,16616
16614,e,16616
16612,b,16616
16612,e,16616
16612,f,16616
16614,c,16616
16617,f,16617
16618,c,16617
16616,e,16617
16616,f,16617
16616,c,16617
16617,c,16617
16618,f,16617
16617,e,16617
16613,c,16617
16618,e,16617
16614,e,16617
16614,f,16617
16614,c,16617
16615,e,16617
16615,f,16617
16613,e,16617
16613,f,16617
16615,c,16617
16619,d,16618
16617,f,16618
16617,e,16618
16614,f,16618
16618,e,16618
16618,f,16618
16618,d,16618
16617,d,16618
16614,e,16618
16619,e,16618
16615,d,16618
16619,f,16618
16615,f,16618
16616,e,16618
16616,f,16618
16615,e,16618
16614,d,16618
16616,d,16618
16618,a,16619
16615,a,16619
16619,f,16619
16615,f,16619
16618,f,16619
16619,a,16619
16617,f,16619
16617,a,16619
16616,a,16619
16616,f,16619
16620,a,16619
16620,f,16619
16619,b,16620
16621,b,16620
16619,e,16620
16620,e,16620
16621,e,16620
16620,b,16620
16620,d,16620
16619,d,16620
16621,d,16620
16618,e,16620
16618,d,16620
16618,b,16620
16616,b,16620
16616,d,16620
16616,e,16620
16617,b,16620
16617,d,16620
16617,e,16620
16620,c,16621
16621,c,16621
16622,c,16621
16617,c,16621
16619,c,16621
16618,c,16621
16618,d,16622
16622,d,16622
16619,e,16622
16618,e,16622
16620,d,16622
16620,e,16622
16623,e,16622
16623,d,16622
16621,e,16622
16619,d,16622
16622,e,16622
16621,d,16622
16623,b,16623
16623,f,16623
16622,f,16623
16622,b,16623
16621,f,16623
16624,b,16623
16621,b,16623
16624,f,16623
16619,b,16623
16619,f,16623
16620,b,16623
16620,f,16623
16624,c,16624
16624,f,16624
16623,f,16624
16623,c,16624
16621,f,16624
16625,c,16624
16622,f,16624
16622,c,16624
16620,c,16624
16620,f,16624
16621,c,16624
16625,f,16624
16625,d,16625
16624,e,16625
16626,e,16625
16624,f,16625
16624,d,16625
16625,e,16625
16626,d,16625
16626,f,16625
16625,f,16625
16621,f,16625
16623,e,16625
16623,f,16625
16623,d,16625
16621,e,16625
16622,d,16625
16622,f,16625
16622,e,16625
16621,d,16625
16625,b,16626
16626,f,16626
16625,f,16626
16622,b,16626
16627,b,16626
16627,f,16626
16624,f,16626
16624,b,16626
16622,f,16626
16623,b,16626
16623,f,16626
16626,b,16626
16628,f,16627
16626,f,16627
16626,c,16627
16628,c,16627
16623,c,16627
16625,f,16627
16625,c,16627
16627,c,16627
16624,f,16627
16624,c,16627
16623,f,16627
16627,f,16627
16628,e,16628
16629,e,16628
16627,e,16628
16624,e,16628
16626,e,16628
16625,e,16628
16627,b,16630
16630,b,16630
16628,b,16630
16629,b,16630
16631,b,16630
16626,b,16630
16631,f,16631
16630,f,16631
16630,c,16631
16627,c,16631
16629,f,16631
16628,c,16631
16631,c,16631
16627,f,16631
16632,c,16631
16632,f,16631
16628,f,16631
16629,c,16631
16633,e,16632
16631,e,16632
16631,d,16632
16633,d,16632
16632,e,16632
16630,e,16632
16630,d,16632
16632,d,16632
16629,e,16632
16629,d,16632
16628,e,16632
16628,d,16632
16633,f,16633
16634,f,16633
16631,f,16633
16632,f,16633
16629,f,16633
16630,f,16633
16632,a,16635
16635,a,16635
16633,a,16635
16634,a,16635
16636,a,16635
16631,a,16635
16636,d,16636
16632,b,16636
16635,d,16636
16635,b,16636
16632,d,16636
16637,b,16636
16633,b,16636
16634,d,16636
16634,b,16636
16636,b,16636
16633,d,16636
16637,d,16636
16638,f,16637
16637,f,16637
16638,c,16637
16636,c,16637
16637,c,16637
16636,f,16637
16635,f,16637
16635,c,16637
16633,c,16637
16634,f,16637
16634,c,16637
16633,f,16637
16635,e,16638
16638,e,16638
16639,e,16638
16637,e,16638
16636,e,16638
16634,e,16638
16637,f,16639
16636,f,16639
16638,f,16639
16635,f,16639
16640,f,16639
16639,f,16639
16641,c,16641
16640,c,16641
16638,c,16641
16637,c,16641
16639,c,16641
16642,c,16641
16639,e,16642
16638,e,16642
16642,e,16642
16640,e,16642
16643,e,16642
16641,e,16642
16644,f,16643
16643,f,16643
16642,f,16643
16639,f,16643
16641,f,16643
16640,f,16643
16641,d,16644
16642,d,16644
16640,d,16644
16643,d,16644
16645,d,16644
16644,d,16644
16646,f,16645
16645,f,16645
16644,f,16645
16641,f,16645
16643,f,16645
16642,f,16645
16643,e,16647
16647,e,16647
16647,d,16647
16648,d,16647
16648,e,16647
16646,e,16647
16646,d,16647
16645,d,16647
16643,d,16647
16644,d,16647
16644,e,16647
16645,e,16647
16645,d,16648
16649,d,16648
16647,f,16648
16647,d,16648
16644,d,16648
16648,d,16648
16646,f,16648
16646,d,16648
16649,f,16648
16648,f,16648
16645,f,16648
16644,f,16648
16649,f,16649
16646,f,16649
16647,f,16649
16650,f,16649
16648,f,16649
16645,f,16649
16649,e,16650
16650,a,16650
16650,e,16650
16649,a,16650
16651,a,16650
16648,a,16650
16651,e,16650
16647,e,16650
16647,a,16650
16646,a,16650
16646,e,16650
16648,e,16650
16648,b,16651
16651,b,16651
16651,d,16651
16651,f,16651
16650,f,16651
16650,d,16651
16650,b,16651
16652,b,16651
16652,d,16651
16652,f,16651
16649,f,16651
16649,d,16651
16649,b,16651
16647,b,16651
16647,f,16651
16648,f,16651
16648,d,16651
16647,d,16651
16651,e,16652
16653,e,16652
16652,f,16652
16651,f,16652
16651,c,16652
16652,e,16652
16652,c,16652
16648,e,16652
16653,c,16652
16653,f,16652
16650,e,16652
16650,f,16652
16650,c,16652
16648,c,16652
16648,f,16652
16649,c,16652
16649,f,16652
16649,e,16652
16653,f,16653
16653,e,16653
16652,e,16653
16652,f,16653
16649,f,16653
16654,f,16653
16654,e,16653
16651,e,16653
16651,f,16653
16649,e,16653
16650,f,16653
16650,e,16653
16654,c,16654
16654,f,16654
16653,f,16654
16653,c,16654
16655,c,16654
16655,f,16654
16651,c,16654
16652,f,16654
16652,c,16654
16650,c,16654
16650,f,16654
16651,f,16654
16654,e,16655
16655,e,16655
16655,d,16655
16656,d,16655
16654,d,16655
16651,d,16655
16656,e,16655
16653,e,16655
16652,e,16655
16652,d,16655
16653,d,16655
16651,e,16655
16656,b,16656
16656,f,16656
16657,b,16656
16655,f,16656
16655,b,16656
16652,b,16656
16654,f,16656
16654,b,16656
16653,b,16656
16653,f,16656
16652,f,16656
16657,f,16656
16657,c,16657
16657,f,16657
16656,f,16657
16658,f,16657
16658,c,16657
16656,c,16657
16655,f,16657
16655,c,16657
16654,f,16657
16654,c,16657
16653,f,16657
16653,c,16657
16655,e,16658
16656,e,16658
16659,e,16658
16654,e,16658
16657,e,16658
16658,e,16658
16660,f,16659
16655,f,16659
16658,f,16659
16659,f,16659
16657,f,16659
16656,f,16659
16658,f,16660
16656,f,16660
16659,f,16660
16660,f,16660
16661,f,16660
16657,f,16660
16662,b,16663
16664,b,16663
16661,b,16663
16663,b,16663
16660,b,16663
16659,b,16663
16665,f,16664
16664,f,16664
16664,c,16664
16664,a,16664
16663,a,16664
16663,f,16664
16663,c,16664
16665,c,16664
16665,a,16664
16660,f,16664
16660,a,16664
16662,f,16664
16662,c,16664
16662,a,16664
16661,a,16664
16661,c,16664
16661,f,16664
16660,c,16664
16665,b,16665
16665,d,16665
16665,e,16665
16664,e,16665
16664,d,16665
16664,b,16665
16661,b,16665
16662,b,16665
16666,e,16665
16663,e,16665
16663,d,16665
16663,b,16665
16661,d,16665
16661,e,16665
16662,e,16665
16662,d,16665
16666,d,16665
16666,b,16665
16665,f,16666
16665,c,16666
16666,c,16666
16666,f,16666
16667,c,16666
16664,f,16666
16664,c,16666
16662,c,16666
16662,f,16666
16667,f,16666
16663,f,16666
16663,c,16666
16664,e,16667
16667,e,16667
16665,e,16667
16666,e,16667
16668,e,16667
16663,e,16667
16669,b,16668
16668,b,16668
16668,f,16668
16669,f,16668
16667,f,16668
16667,b,16668
16665,f,16668
16664,f,16668
16666,f,16668
16666,b,16668
16665,b,16668
16664,b,16668
16669,a,16669
16669,c,16669
16669,f,16669
16668,f,16669
16668,c,16669
16668,a,16669
16670,a,16669
16665,a,16669
16670,c,16669
16666,f,16669
16667,f,16669
16667,c,16669
16667,a,16669
16665,c,16669
16665,f,16669
16666,a,16669
16666,c,16669
16670,f,16669
16670,d,16670
16670,e,16670
16669,e,16670
16669,d,16670
16669,b,16670
16671,b,16670
16671,d,16670
16671,e,16670
16670,b,16670
16666,d,16670
16666,b,16670
16667,b,16670
16667,d,16670
16667,e,16670
16666,e,16670
16668,e,16670
16668,d,16670
16668,b,16670
16669,c,16671
16668,f,16671
16671,c,16671
16670,f,16671
16670,c,16671
16668,c,16671
16667,c,16671
16667,f,16671
16672,c,16671
16672,f,16671
16669,f,16671
16671,f,16671
16671,a,16672
16668,e,16672
16672,a,16672
16672,e,16672
16671,e,16672
16668,a,16672
16673,a,16672
16669,e,16672
16669,a,16672
16670,a,16672
16670,e,16672
16673,e,16672
16672,f,16673
16673,f,16673
16673,c,16673
16674,c,16673
16672,c,16673
16672,d,16673
16672,b,16673
16673,d,16673
16673,b,16673
16669,b,16673
16669,d,16673
16674,d,16673
16674,b,16673
16670,c,16673
16670,f,16673
16670,b,16673
16670,d,16673
16669,f,16673
16669,c,16673
16671,b,16673
16674,f,16673
16671,c,16673
16671,f,16673
16671,d,16673
16674,e,16674
16674,b,16674
16674,f,16674
16673,e,16674
16673,f,16674
16673,c,16674
16675,b,16674
16675,c,16674
16675,f,16674
16675,e,16674
16674,c,16674
16673,b,16674
16670,c,16674
16671,c,16674
16672,b,16674
16671,b,16674
16670,e,16674
16670,f,16674
16671,f,16674
16670,b,16674
16671,e,16674
16672,f,16674
16672,e,16674
16672,c,16674
16675,c,16675
16674,e,16675
16674,f,16675
16676,f,16675
16675,f,16675
16675,e,16675
16676,e,16675
16674,c,16675
16676,c,16675
16671,f,16675
16672,e,16675
16672,f,16675
16672,c,16675
16673,c,16675
16673,f,16675
16671,c,16675
16673,e,16675
16671,e,16675
16672,f,16676
16676,f,16676
16677,e,16676
16677,f,16676
16673,f,16676
16674,f,16676
16673,e,16676
16676,e,16676
16672,e,16676
16674,e,16676
16675,f,16676
16675,e,16676
16676,f,16677
16677,e,16677
16678,b,16677
16678,e,16677
16677,b,16677
16677,f,16677
16676,e,16677
16678,f,16677
16676,b,16677
16674,b,16677
16675,e,16677
16675,f,16677
16675,b,16677
16673,b,16677
16673,f,16677
16673,e,16677
16674,f,16677
16674,e,16677
16678,f,16678
16678,c,16678
16679,f,16678
16677,f,16678
16677,c,16678
16675,f,16678
16674,f,16678
16676,f,16678
16676,c,16678
16675,c,16678
16674,c,16678
16679,c,16678
16675,e,16679
16680,e,16679
16677,e,16679
16679,e,16679
16676,e,16679
16678,e,16679
16679,e,16680
16679,d,16680
16680,d,16680
16680,e,16680
16678,d,16680
16681,d,16680
16678,e,16680
16681,e,16680
16677,e,16680
16677,d,16680
16676,d,16680
16676,e,16680
16681,c,16681
16681,f,16681
16680,f,16681
16680,c,16681
16682,c,16681
16678,c,16681
16678,f,16681
16679,f,16681
16679,c,16681
16677,c,16681
16677,f,16681
16682,f,16681
16682,f,16682
16681,e,16682
16682,e,16682
16683,e,16682
16681,d,16682
16683,d,16682
16683,f,16682
16682,d,16682
16681,f,16682
16678,d,16682
16680,e,16682
16680,f,16682
16680,d,16682
16678,f,16682
16678,e,16682
16679,d,16682
16679,f,16682
16679,e,16682
16682,f,16683
16683,f,16683
16683,b,16683
16684,f,16683
16682,b,16683
16679,b,16683
16684,b,16683
16681,f,16683
16681,b,16683
16680,f,16683
16680,b,16683
16679,f,16683
16680,c,16684
16684,a,16684
16684,c,16684
16684,f,16684
16683,f,16684
16683,c,16684
16683,a,16684
16680,a,16684
16680,f,16684
16685,c,16684
16685,f,16684
16682,f,16684
16682,c,16684
16682,a,16684
16681,a,16684
16681,c,16684
16681,f,16684
16685,a,16684
16685,d,16685
16684,e,16685
16684,d,16685
16685,b,16685
16684,b,16685
16686,e,16685
16685,e,16685
16683,d,16685
16686,b,16685
16681,b,16685
16682,d,16685
16682,b,16685
16681,e,16685
16683,e,16685
16686,d,16685
16683,b,16685
16682,e,16685
16681,d,16685
16685,e,16686
16685,f,16686
16686,e,16686
16686,f,16686
16686,c,16686
16685,c,16686
16682,c,16686
16687,c,16686
16687,e,16686
16682,f,16686
16683,e,16686
16684,e,16686
16684,f,16686
16684,c,16686
16682,e,16686
16687,f,16686
16683,f,16686
16683,c,16686
16688,f,16687
16687,e,16687
16688,e,16687
16686,f,16687
16686,e,16687
16687,f,16687
16687,b,16687
16686,b,16687
16688,b,16687
16684,e,16687
16683,b,16687
16683,f,16687
16685,e,16687
16685,f,16687
16685,b,16687
16683,e,16687
16684,b,16687
16684,f,16687
16687,d,16688
16688,f,16688
16687,f,16688
16687,c,16688
16684,d,16688
16688,c,16688
16684,c,16688
16689,d,16688
16689,c,16688
16689,f,16688
16686,f,16688
16686,c,16688
16686,d,16688
16685,d,16688
16685,c,16688
16685,f,16688
16684,f,16688
16688,d,16688
16690,f,16689
16688,e,16689
16688,f,16689
16685,f,16689
16690,e,16689
16687,e,16689
16687,f,16689
16685,e,16689
16686,e,16689
16686,f,16689
16689,f,16689
16689,e,16689
16689,f,16690
16690,f,16690
16691,f,16690
16688,f,16690
16687,f,16690
16686,f,16690
16689,d,16692
16692,d,16692
16691,d,16692
16688,d,16692
16690,d,16692
16693,d,16692
16693,f,16693
16691,f,16693
16694,f,16693
16689,f,16693
16692,f,16693
16690,f,16693
16694,f,16694
16693,f,16694
16695,f,16694
16692,f,16694
16691,f,16694
16690,f,16694
16692,e,16695
16691,e,16695
16693,e,16695
16694,e,16695
16696,e,16695
16695,e,16695
16692,f,16696
16696,f,16696
16697,f,16696
16694,f,16696
16695,f,16696
16693,f,16696
16695,c,16699
16699,c,16699
16697,c,16699
16698,c,16699
16700,c,16699
16696,c,16699
16699,e,16700
16699,f,16700
16700,f,16700
16700,e,16700
16701,f,16700
16701,e,16700
16696,e,16700
16696,f,16700
16698,e,16700
16698,f,16700
16697,e,16700
16697,f,16700
16700,b,16701
16702,b,16701
16702,f,16701
16701,f,16701
16701,b,16701
16700,f,16701
16697,f,16701
16698,f,16701
16698,b,16701
16699,f,16701
16699,b,16701
16697,b,16701
16702,f,16702
16701,f,16702
16701,c,16702
16702,b,16702
16703,b,16702
16701,b,16702
16701,a,16702
16702,a,16702
16698,a,16702
16698,b,16702
16699,a,16702
16702,c,16702
16703,c,16702
16699,b,16702
16703,a,16702
16700,f,16702
16699,c,16702
16699,f,16702
16700,c,16702
16700,b,16702
16700,a,16702
16698,c,16702
16698,f,16702
16703,f,16702
16704,d,16703
16704,b,16703
16703,e,16703
16702,b,16703
16703,b,16703
16702,c,16703
16703,f,16703
16703,d,16703
16702,f,16703
16702,e,16703
16704,e,16703
16702,d,16703
16703,c,16703
16704,f,16703
16700,f,16703
16700,b,16703
16700,d,16703
16700,c,16703
16699,c,16703
16700,e,16703
16699,f,16703
16699,d,16703
16699,e,16703
16701,d,16703
16701,c,16703
16701,f,16703
16701,e,16703
16704,c,16703
16699,b,16703
16701,b,16703
16705,c,16704
16705,e,16704
16703,e,16704
16703,f,16704
16703,c,16704
16705,f,16704
16701,e,16704
16704,f,16704
16700,c,16704
16704,c,16704
16702,e,16704
16702,f,16704
16702,c,16704
16700,f,16704
16700,e,16704
16701,f,16704
16704,e,16704
16701,c,16704
16706,e,16705
16705,e,16705
16706,f,16705
16705,f,16705
16704,e,16705
16702,f,16705
16704,f,16705
16703,e,16705
16703,f,16705
16702,e,16705
16701,f,16705
16701,e,16705
16708,c,16707
16707,c,16707
16706,c,16707
16704,c,16707
16705,c,16707
16703,c,16707
16704,e,16708
16705,e,16708
16706,e,16708
16709,e,16708
16707,e,16708
16708,e,16708
16710,e,16709
16709,e,16709
16709,f,16709
16708,e,16709
16708,f,16709
16705,f,16709
16705,e,16709
16707,f,16709
16707,e,16709
16710,f,16709
16706,f,16709
16706,e,16709
16710,d,16710
16709,f,16710
16709,d,16710
16706,d,16710
16711,f,16710
16711,d,16710
16708,f,16710
16708,d,16710
16706,f,16710
16707,d,16710
16707,f,16710
16710,f,16710
16710,f,16711
16711,f,16711
16708,f,16711
16712,f,16711
16709,f,16711
16707,f,16711
16712,d,16712
16711,d,16712
16711,b,16712
16712,b,16712
16713,d,16712
16709,d,16712
16710,d,16712
16710,b,16712
16708,b,16712
16708,d,16712
16709,b,16712
16713,b,16712
16713,f,16713
16712,f,16713
16714,c,16713
16712,c,16713
16713,c,16713
16709,f,16713
16714,f,16713
16711,f,16713
16711,c,16713
16709,c,16713
16710,c,16713
16710,f,16713
16710,d,16714
16714,e,16714
16713,e,16714
16713,d,16714
16714,d,16714
16715,e,16714
16712,e,16714
16712,d,16714
16710,e,16714
16711,d,16714
16711,e,16714
16715,d,16714
16716,e,16715
16715,f,16715
16714,e,16715
16714,f,16715
16715,e,16715
16716,f,16715
16713,e,16715
16713,f,16715
16712,e,16715
16712,f,16715
16711,e,16715
16711,f,16715
16714,f,16716
16712,f,16716
16715,f,16716
16713,f,16716
16716,f,16716
16717,f,16716
16719,e,16719
16718,e,16719
16717,e,16719
16720,e,16719
16715,e,16719
16716,e,16719
16716,a,16720
16720,f,16720
16719,f,16720
16719,a,16720
16721,a,16720
16721,f,16720
16716,f,16720
16717,f,16720
16718,f,16720
16718,a,16720
16720,a,16720
16717,a,16720
16721,e,16721
16722,e,16721
16722,b,16721
16722,d,16721
16720,e,16721
16720,d,16721
16721,d,16721
16721,b,16721
16720,b,16721
16717,d,16721
16717,b,16721
16719,e,16721
16719,d,16721
16719,b,16721
16717,e,16721
16718,b,16721
16718,d,16721
16718,e,16721
16723,c,16722
16722,c,16722
16721,f,16722
16721,c,16722
16718,c,16722
16722,f,16722
16718,f,16722
16720,f,16722
16720,c,16722
16723,f,16722
16719,c,16722
16719,f,16722
16724,c,16723
16722,c,16723
16722,e,16723
16723,e,16723
16723,c,16723
16723,a,16723
16724,a,16723
16722,a,16723
16724,e,16723
16719,c,16723
16721,a,16723
16719,e,16723
16720,a,16723
16721,e,16723
16721,c,16723
16720,c,16723
16719,a,16723
16720,e,16723
16723,b,16724
16723,d,16724
16723,f,16724
16724,d,16724
16725,b,16724
16724,e,16724
16725,e,16724
16723,e,16724
16724,f,16724
16724,b,16724
16725,f,16724
16725,d,16724
16721,e,16724
16720,b,16724
16720,d,16724
16720,f,16724
16721,d,16724
16722,e,16724
16722,f,16724
16722,d,16724
16722,b,16724
16721,f,16724
16721,b,16724
16720,e,16724
16724,d,16725
16725,f,16725
16724,f,16725
16726,f,16725
16726,d,16725
16724,c,16725
16726,c,16725
16721,d,16725
16721,c,16725
16722,f,16725
16722,c,16725
16722,d,16725
16725,c,16725
16723,d,16725
16723,c,16725
16721,f,16725
16723,f,16725
16725,d,16725
16727,f,16726
16727,b,16726
16726,e,16726
16725,e,16726
16725,f,16726
16725,b,16726
16726,f,16726
16726,b,16726
16727,e,16726
16722,e,16726
16722,b,16726
16723,b,16726
16723,f,16726
16723,e,16726
16724,b,16726
16724,f,16726
16724,e,16726
16722,f,16726
16725,f,16727
16725,c,16727
16723,f,16727
16723,c,16727
16724,c,16727
16726,c,16727
16726,f,16727
16728,c,16727
16728,f,16727
16724,f,16727
16727,c,16727
16727,f,16727
16725,e,16728
16729,e,16728
16727,e,16728
16728,e,16728
16724,e,16728
16726,e,16728
16729,f,16729
16730,f,16729
16727,f,16729
16725,f,16729
16726,f,16729
16728,f,16729
16730,f,16734
16731,f,16734
16732,f,16734
16735,f,16734
16734,f,16734
16733,f,16734
16736,e,16735
16735,e,16735
16734,e,16735
16733,e,16735
16731,e,16735
16732,e,16735
16733,f,16736
16736,f,16736
16736,c,16736
16733,c,16736
16737,f,16736
16735,f,16736
16735,c,16736
16737,c,16736
16734,f,16736
16734,c,16736
16732,c,16736
16732,f,16736
16738,d,16737
16737,d,16737
16737,e,16737
16736,e,16737
16736,d,16737
16733,d,16737
16733,e,16737
16735,d,16737
16738,e,16737
16735,e,16737
16734,d,16737
16734,e,16737
16739,f,16738
16738,a,16738
16738,f,16738
16737,f,16738
16739,a,16738
16737,a,16738
16734,f,16738
16736,f,16738
16736,a,16738
16735,a,16738
16735,f,16738
16734,a,16738
16739,b,16739
16739,d,16739
16739,c,16739
16736,c,16739
16738,d,16739
16738,b,16739
16735,b,16739
16735,d,16739
16738,c,16739
16737,c,16739
16737,d,16739
16737,b,16739
16735,c,16739
16740,b,16739
16736,b,16739
16736,d,16739
16740,d,16739
16740,c,16739
16739,e,16740
16739,f,16740
16740,e,16740
16739,c,16740
16741,c,16740
16741,f,16740
16736,c,16740
16738,e,16740
16738,f,16740
16738,c,16740
16737,e,16740
16737,f,16740
16737,c,16740
16740,c,16740
16736,e,16740
16736,f,16740
16741,e,16740
16740,f,16740
16741,f,16741
16741,e,16741
16742,f,16741
16742,e,16741
16740,f,16741
16740,e,16741
16738,f,16741
16737,f,16741
16737,e,16741
16739,e,16741
16739,f,16741
16738,e,16741
16742,f,16742
16741,f,16742
16739,f,16742
16740,f,16742
16738,f,16742
16743,f,16742
16743,d,16743
16741,d,16743
16744,d,16743
16740,d,16743
16739,d,16743
16742,d,16743
16745,f,16744
16743,f,16744
16741,f,16744
16742,f,16744
16740,f,16744
16744,f,16744
16745,d,16746
16746,d,16746
16742,d,16746
16743,d,16746
16744,d,16746
16747,d,16746
16744,f,16747
16743,f,16747
16745,f,16747
16748,f,16747
16747,f,16747
16746,f,16747
16749,e,16748
16747,e,16748
16748,e,16748
16746,e,16748
16744,e,16748
16745,e,16748
16746,f,16749
16745,f,16749
16747,f,16749
16749,f,16749
16750,f,16749
16748,f,16749
16749,e,16750
16750,e,16750
16751,e,16750
16748,e,16750
16747,e,16750
16746,e,16750
16750,f,16751
16750,c,16751
16750,d,16751
16751,d,16751
16751,c,16751
16751,f,16751
16752,f,16751
16749,f,16751
16752,c,16751
16749,c,16751
16747,d,16751
16748,d,16751
16752,d,16751
16747,f,16751
16749,d,16751
16747,c,16751
16748,c,16751
16748,f,16751
16749,a,16752
16751,f,16752
16751,e,16752
16752,e,16752
16752,f,16752
16752,a,16752
16753,a,16752
16751,a,16752
16753,f,16752
16749,f,16752
16750,e,16752
16750,f,16752
16750,a,16752
16748,a,16752
16748,f,16752
16748,e,16752
16753,e,16752
16749,e,16752
16753,b,16753
16754,f,16753
16752,f,16753
16752,b,16753
16752,d,16753
16753,d,16753
16754,b,16753
16753,f,16753
16754,d,16753
16749,b,16753
16749,d,16753
16751,f,16753
16751,d,16753
16751,b,16753
16749,f,16753
16750,b,16753
16750,d,16753
16750,f,16753
16754,f,16754
16753,f,16754
16754,c,16754
16753,c,16754
16755,c,16754
16755,f,16754
16752,f,16754
16752,c,16754
16751,c,16754
16751,f,16754
16750,f,16754
16750,c,16754
16756,f,16755
16756,e,16755
16754,e,16755
16754,f,16755
16751,f,16755
16753,e,16755
16753,f,16755
16755,f,16755
16751,e,16755
16752,e,16755
16752,f,16755
16755,e,16755
16757,f,16756
16756,f,16756
16754,f,16756
16752,f,16756
16755,f,16756
16753,f,16756
16755,d,16758
16759,d,16758
16757,d,16758
16758,d,16758
16756,d,16758
16754,d,16758
16757,f,16759
16760,f,16759
16758,f,16759
16755,f,16759
16759,f,16759
16756,f,16759
16757,c,16761
16758,c,16761
16759,c,16761
16762,c,16761
16761,c,16761
16760,c,16761
16763,e,16762
16761,e,16762
16762,e,16762
16760,e,16762
16758,e,16762
16759,e,16762
16760,b,16763
16763,f,16763
16762,f,16763
16762,b,16763
16764,b,16763
16763,b,16763
16764,f,16763
16761,f,16763
16761,b,16763
16759,b,16763
16759,f,16763
16760,f,16763
16763,f,16764
16764,f,16764
16763,c,16764
16764,c,16764
16765,f,16764
16765,c,16764
16760,f,16764
16761,c,16764
16761,f,16764
16762,f,16764
16762,c,16764
16760,c,16764
16765,e,16765
16761,a,16765
16766,a,16765
16766,e,16765
16764,e,16765
16763,e,16765
16763,a,16765
16761,e,16765
16762,a,16765
16762,e,16765
16765,a,16765
16764,a,16765
16765,b,16766
16767,d,16766
16765,f,16766
16767,f,16766
16766,b,16766
16766,d,16766
16767,b,16766
16765,d,16766
16766,f,16766
16764,f,16766
16764,d,16766
16764,b,16766
16762,b,16766
16762,d,16766
16762,f,16766
16763,b,16766
16763,d,16766
16763,f,16766
16766,f,16767
16767,f,16767
16767,c,16767
16766,c,16767
16768,f,16767
16768,c,16767
16765,f,16767
16764,f,16767
16764,c,16767
16763,f,16767
16765,c,16767
16763,c,16767
16768,c,16768
16768,e,16768
16767,e,16768
16767,c,16768
16764,c,16768
16769,e,16768
16766,e,16768
16766,c,16768
16764,e,16768
16765,c,16768
16765,e,16768
16769,c,16768
16769,f,16769
16769,e,16769
16768,e,16769
16768,f,16769
16770,e,16769
16770,f,16769
16767,e,16769
16765,e,16769
16766,f,16769
16766,e,16769
16767,f,16769
16765,f,16769
16766,c,16770
16766,f,16770
16771,c,16770
16771,f,16770
16770,f,16770
16768,f,16770
16768,c,16770
16770,c,16770
16767,c,16770
16767,f,16770
16769,c,16770
16769,f,16770
16767,d,16771
16771,d,16771
16771,e,16771
16770,d,16771
16770,e,16771
16772,d,16771
16769,e,16771
16769,d,16771
16767,e,16771
16768,d,16771
16768,e,16771
16772,e,16771
16769,f,16772
16771,c,16772
16768,c,16772
16772,f,16772
16773,c,16772
16773,f,16772
16770,f,16772
16770,c,16772
16768,f,16772
16769,c,16772
16771,f,16772
16772,c,16772
16772,e,16773
16774,e,16773
16773,e,16773
16769,e,16773
16771,e,16773
16770,e,16773
16774,f,16774
16774,e,16774
16775,c,16774
16773,e,16774
16773,f,16774
16773,c,16774
16771,e,16774
16770,c,16774
16774,c,16774
16775,f,16774
16772,e,16774
16772,f,16774
16772,c,16774
16770,f,16774
16770,e,16774
16771,c,16774
16771,f,16774
16775,e,16774
16775,e,16775
16776,f,16775
16774,e,16775
16774,f,16775
16776,e,16775
16775,f,16775
16771,f,16775
16772,f,16775
16773,e,16775
16772,e,16775
16773,f,16775
16771,e,16775
16776,f,16776
16777,b,16776
16777,f,16776
16775,f,16776
16775,b,16776
16772,b,16776
16772,f,16776
16774,f,16776
16774,b,16776
16773,b,16776
16773,f,16776
16776,b,16776
16777,f,16777
16778,c,16777
16778,f,16777
16776,f,16777
16776,c,16777
16773,f,16777
16777,c,16777
16773,c,16777
16775,f,16777
16775,c,16777
16774,c,16777
16774,f,16777
16775,e,16778
16776,e,16778
16779,e,16778
16778,e,16778
16774,e,16778
16777,e,16778
16775,c,16779
16778,f,16779
16778,c,16779
16780,c,16779
16777,f,16779
16775,f,16779
16777,c,16779
16779,c,16779
16776,f,16779
16776,c,16779
16780,f,16779
16779,f,16779
16780,e,16780
16781,e,16780
16779,e,16780
16778,e,16780
16777,e,16780
16776,e,16780
16779,f,16781
16777,f,16781
16780,f,16781
16778,f,16781
16781,f,16781
16782,f,16781
16785,e,16785
16785,f,16785
16784,e,16785
16784,f,16785
16786,e,16785
16783,e,16785
16782,e,16785
16782,f,16785
16781,e,16785
16781,f,16785
16783,f,16785
16786,f,16785
16782,f,16786
16783,f,16786
16784,f,16786
16787,f,16786
16785,f,16786
16786,f,16786
16788,f,16787
16787,f,16787
16786,f,16787
16785,f,16787
16784,f,16787
16783,f,16787
16785,e,16788
16786,e,16788
16789,e,16788
16784,e,16788
16787,e,16788
16788,e,16788
16789,f,16789
16788,f,16789
16790,f,16789
16787,f,16789
16786,f,16789
16785,f,16789
16787,d,16790
16786,d,16790
16788,d,16790
16791,d,16790
16790,d,16790
16789,d,16790
16792,f,16791
16791,f,16791
16790,f,16791
16789,f,16791
16788,f,16791
16787,f,16791
16792,a,16792
16789,a,16792
16788,a,16792
16790,a,16792
16791,a,16792
16793,a,16792
16794,b,16793
16794,d,16793
16793,d,16793
16793,b,16793
16789,b,16793
16792,d,16793
16792,b,16793
16789,d,16793
16790,d,16793
16791,b,16793
16790,b,16793
16791,d,16793
16794,c,16794
16795,c,16794
16793,c,16794
16793,f,16794
16794,f,16794
16792,f,16794
16792,c,16794
16791,c,16794
16791,f,16794
16795,f,16794
16790,f,16794
16790,c,16794
16796,a,16795
16795,f,16795
16794,f,16795
16794,e,16795
16796,f,16795
16795,e,16795
16794,a,16795
16796,e,16795
16795,a,16795
16792,a,16795
16793,e,16795
16793,f,16795
16793,a,16795
16791,a,16795
16791,f,16795
16792,e,16795
16792,f,16795
16791,e,16795
16795,b,16796
16795,d,16796
16796,d,16796
16797,f,16796
16796,b,16796
16797,d,16796
16796,f,16796
16795,f,16796
16797,b,16796
16794,b,16796
16793,f,16796
16792,f,16796
16793,b,16796
16793,d,16796
16792,b,16796
16792,d,16796
16794,d,16796
16794,f,16796
16794,c,16797
16797,c,16797
16797,f,16797
16796,f,16797
16796,c,16797
16795,f,16797
16794,f,16797
16793,c,16797
16793,f,16797
16798,c,16797
16798,f,16797
16795,c,16797
16797,e,16798
16794,e,16798
16798,e,16798
16799,e,16798
16796,e,16798
16795,e,16798
16799,f,16799
16796,e,16799
16796,f,16799
16797,f,16799
16797,e,16799
16800,e,16799
16800,f,16799
16799,e,16799
16798,e,16799
16795,e,16799
16795,f,16799
16798,f,16799
16799,f,16800
16800,b,16800
16799,b,16800
16800,f,16800
16801,b,16800
16798,f,16800
16798,b,16800
16801,f,16800
16796,b,16800
16796,f,16800
16797,b,16800
16797,f,16800
16802,c,16801
16801,c,16801
16801,f,16801
16800,f,16801
16800,c,16801
16797,c,16801
16802,f,16801
16799,f,16801
16799,c,16801
16797,f,16801
16798,c,16801
16798,f,16801
16802,e,16802
16801,e,16802
16803,e,16802
16799,e,16802
16800,e,16802
16798,e,16802
16800,f,16803
16800,d,16803
16801,d,16803
16801,f,16803
16799,f,16803
16799,d,16803
16802,d,16803
16802,f,16803
16804,f,16803
16803,d,16803
16803,f,16803
16804,d,16803
16805,f,16804
16800,f,16804
16804,f,16804
16802,f,16804
16801,f,16804
16803,f,16804
16807,e,16808
16807,b,16808
16809,b,16808
16809,e,16808
16806,e,16808
16806,b,16808
16805,e,16808
16805,b,16808
16804,e,16808
16804,b,16808
16808,e,16808
16808,b,16808
16810,f,16809
16809,c,16809
16808,f,16809
16808,c,16809
16809,f,16809
16810,c,16809
16807,f,16809
16807,c,16809
16806,f,16809
16806,c,16809
16805,f,16809
16805,c,16809
16807,e,16810
16808,e,16810
16811,e,16810
16806,e,16810
16809,e,16810
16810,e,16810
16811,f,16811
16810,f,16811
16812,f,16811
16807,f,16811
16809,f,16811
16808,f,16811
16812,f,16812
16810,f,16812
16813,f,16812
16808,f,16812
16811,f,16812
16809,f,16812
16812,f,16813
16813,f,16813
16814,f,16813
16811,f,16813
16810,f,16813
16809,f,16813
16812,e,16815
16814,e,16815
16811,e,16815
16813,e,16815
16815,e,16815
16816,e,16815
16815,a,16816
16815,f,16816
16815,e,16816
16816,c,16816
16816,f,16816
16816,e,16816
16817,a,16816
16817,c,16816
16817,f,16816
16817,e,16816
16816,a,16816
16814,e,16816
16815,c,16816
16814,c,16816
16812,a,16816
16812,c,16816
16812,f,16816
16812,e,16816
16813,a,16816
16813,c,16816
16813,f,16816
16814,f,16816
16813,e,16816
16814,a,16816
16813,f,16817
16814,b,16817
16814,d,16817
16814,f,16817
16814,e,16817
16817,f,16817
16817,e,16817
16818,b,16817
16818,d,16817
16816,e,16817
16816,f,16817
16816,d,16817
16813,e,16817
16816,b,16817
16817,b,16817
16818,f,16817
16818,e,16817
16813,b,16817
16815,e,16817
16815,f,16817
16815,d,16817
16815,b,16817
16813,d,16817
16817,d,16817
16819,c,16818
16818,f,16818
16817,f,16818
16817,c,16818
16818,c,16818
16819,f,16818
16815,f,16818
16814,c,16818
16814,f,16818
16815,c,16818
16816,f,16818
16816,c,16818
16818,f,16819
16819,e,16819
16819,f,16819
16818,e,16819
16820,e,16819
16815,f,16819
16820,f,16819
16817,e,16819
16816,e,16819
16816,f,16819
16817,f,16819
16815,e,16819
16821,d,16820
16820,d,16820
16820,f,16820
16819,f,16820
16819,d,16820
16816,f,16820
16818,f,16820
16818,d,16820
16817,d,16820
16817,f,16820
16821,f,16820
16816,d,16820
16820,f,16821
16822,f,16821
16820,e,16821
16821,e,16821
16819,e,16821
16819,f,16821
16821,f,16821
16818,e,16821
16818,f,16821
16817,e,16821
16817,f,16821
16822,e,16821
16823,d,16822
16822,d,16822
16820,d,16822
16819,d,16822
16818,d,16822
16821,d,16822
16821,e,16824
16820,e,16824
16822,e,16824
16825,e,16824
16823,e,16824
16824,e,16824
16826,f,16825
16826,d,16825
16825,f,16825
16825,d,16825
16824,d,16825
16824,f,16825
16823,f,16825
16823,d,16825
16821,d,16825
16821,f,16825
16822,d,16825
16822,f,16825
16825,f,16826
16826,f,16826
16823,f,16826
16827,f,16826
16824,f,16826
16822,f,16826
16825,c,16827
16828,c,16827
16824,c,16827
16827,c,16827
16826,c,16827
16823,c,16827
16829,f,16828
16829,e,16828
16828,e,16828
16827,e,16828
16827,f,16828
16828,f,16828
16826,e,16828
16826,f,16828
16824,f,16828
16824,e,16828
16825,f,16828
16825,e,16828
16826,f,16829
16830,f,16829
16829,f,16829
16829,c,16829
16828,f,16829
16830,c,16829
16828,c,16829
16826,c,16829
16827,f,16829
16825,f,16829
16825,c,16829
16827,c,16829
16826,d,16830
16830,d,16830
16829,e,16830
16829,d,16830
16826,e,16830
16831,d,16830
16830,e,16830
16828,e,16830
16828,d,16830
16827,d,16830
16827,e,16830
16831,e,16830
16830,b,16831
16830,f,16831
16832,b,16831
16831,f,16831
16831,b,16831
16829,f,16831
16829,b,16831
16828,f,16831
16828,b,16831
16827,f,16831
16827,b,16831
16832,f,16831
16832,c,16832
16833,c,16832
16833,f,16832
16831,f,16832
16831,c,16832
16832,f,16832
16829,f,16832
16830,f,16832
16828,c,16832
16828,f,16832
16830,c,16832
16829,c,16832
16830,e,16833
16833,e,16833
16832,e,16833
16831,e,16833
16829,e,16833
16834,e,16833
16830,f,16834
16832,f,16834
16835,f,16834
16834,f,16834
16831,f,16834
16833,f,16834
16835,a,16835
16836,a,16835
16834,a,16835
16833,a,16835
16831,a,16835
16832,a,16835
16833,d,16836
16836,d,16836
16835,d,16836
16835,b,16836
16836,b,16836
16837,b,16836
16834,d,16836
16834,b,16836
16832,b,16836
16832,d,16836
16837,d,16836
16833,b,16836
16836,f,16837
16837,c,16837
16836,c,16837
16837,f,16837
16838,c,16837
16834,f,16837
16835,f,16837
16835,c,16837
16838,f,16837
16834,c,16837
16833,f,16837
16833,c,16837
16835,e,16838
16834,e,16838
16836,e,16838
16838,e,16838
16839,e,16838
16837,e,16838
16838,c,16839
16840,c,16839
16839,c,16839
16839,f,16839
16838,f,16839
16840,f,16839
16837,c,16839
16835,c,16839
16837,f,16839
16835,f,16839
16836,f,16839
16836,c,16839
16841,e,16840
16840,e,16840
16839,e,16840
16837,e,16840
16838,e,16840
16836,e,16840
16842,f,16841
16838,f,16841
16840,f,16841
16837,f,16841
16841,f,16841
16839,f,16841
16842,f,16844
16845,f,16844
16840,f,16844
16841,f,16844
16843,f,16844
16844,f,16844
16846,c,16845
16845,c,16845
16845,a,16845
16844,c,16845
16844,a,16845
16846,a,16845
16841,c,16845
16841,a,16845
16843,a,16845
16843,c,16845
16842,a,16845
16842,c,16845
16847,e,16846
16847,d,16846
16847,b,16846
16846,e,16846
16846,d,16846
16846,b,16846
16845,e,16846
16845,d,16846
16845,b,16846
16843,b,16846
16842,d,16846
16843,e,16846
16844,e,16846
16844,d,16846
16842,b,16846
16844,b,16846
16843,d,16846
16842,e,16846
16843,c,16847
16847,f,16847
16846,f,16847
16846,c,16847
16843,f,16847
16847,c,16847
16848,f,16847
16845,f,16847
16845,c,16847
16844,c,16847
16844,f,16847
16848,c,16847
16848,e,16848
16847,e,16848
16844,e,16848
16846,e,16848
16849,e,16848
16845,e,16848
16846,f,16849
16847,f,16849
16845,f,16849
16848,f,16849
16850,f,16849
16849,f,16849
16850,f,16850
16851,f,16850
16848,f,16850
16849,f,16850
16847,f,16850
16846,f,16850
16855,d,16854
16855,a,16854
16854,a,16854
16853,d,16854
16853,a,16854
16852,d,16854
16852,a,16854
16854,d,16854
16850,a,16854
16850,d,16854
16851,d,16854
16851,a,16854
16851,f,16855
16855,d,16855
16855,b,16855
16851,e,16855
16856,b,16855
16854,e,16855
16854,f,16855
16854,d,16855
16854,b,16855
16856,d,16855
16855,f,16855
16856,f,16855
16852,e,16855
16851,d,16855
16852,b,16855
16852,d,16855
16852,f,16855
16856,e,16855
16855,e,16855
16851,b,16855
16853,b,16855
16853,d,16855
16853,f,16855
16853,e,16855
16857,f,16856
16855,f,16856
16855,c,16856
16856,f,16856
16856,c,16856
16854,f,16856
16854,c,16856
16857,c,16856
16853,f,16856
16853,c,16856
16852,f,16856
16852,c,16856
16854,e,16857
16855,e,16857
16858,e,16857
16853,e,16857
16856,e,16857
16857,e,16857
16857,f,16858
16858,f,16858
16856,f,16858
16854,f,16858
16855,f,16858
16859,f,16858
16856,e,16859
16855,e,16859
16857,e,16859
16860,e,16859
16859,e,16859
16858,e,16859
16861,f,16860
16860,f,16860
16860,b,16860
16859,f,16860
16859,b,16860
16861,b,16860
16857,b,16860
16858,f,16860
16858,b,16860
16856,b,16860
16856,f,16860
16857,f,16860
16858,f,16861
16862,c,16861
16861,e,16861
16861,f,16861
16861,c,16861
16862,f,16861
16860,e,16861
16858,c,16861
16860,c,16861
16860,f,16861
16857,f,16861
16858,e,16861
16857,e,16861
16857,c,16861
16859,c,16861
16859,f,16861
16862,e,16861
16859,e,16861
16863,f,16862
16860,f,16862
16859,f,16862
16859,e,16862
16858,e,16862
16858,f,16862
16861,f,16862
16861,e,16862
16862,e,16862
16862,f,16862
16860,e,16862
16863,e,16862
16862,f,16863
16864,f,16863
16863,f,16863
16861,f,16863
16859,f,16863
16860,f,16863
16861,f,16864
16864,f,16864
16863,f,16864
16862,f,16864
16860,f,16864
16865,f,16864
16862,c,16865
16861,c,16865
16863,c,16865
16866,c,16865
16865,c,16865
16864,c,16865
16867,e,16866
16866,e,16866
16865,e,16866
16864,e,16866
16863,e,16866
16862,e,16866
16866,b,16867
16866,c,16867
16866,f,16867
16867,f,16867
16867,c,16867
16864,b,16867
16867,b,16867
16865,f,16867
16864,c,16867
16865,b,16867
16863,c,16867
16863,f,16867
16868,b,16867
16868,c,16867
16868,f,16867
16864,f,16867
16863,b,16867
16865,c,16867
16869,c,16868
16869,b,16868
16867,c,16868
16867,f,16868
16867,e,16868
16869,f,16868
16868,e,16868
16868,f,16868
16867,b,16868
16869,e,16868
16866,c,16868
16865,f,16868
16864,b,16868
16864,c,16868
16864,f,16868
16864,e,16868
16865,b,16868
16865,c,16868
16865,e,16868
16868,c,16868
16866,b,16868
16868,b,16868
16866,f,16868
16866,e,16868
16870,f,16869
16869,c,16869
16868,e,16869
16870,c,16869
16868,c,16869
16869,e,16869
16870,e,16869
16869,f,16869
16868,f,16869
16865,f,16869
16867,e,16869
16867,f,16869
16865,c,16869
16867,c,16869
16865,e,16869
16866,e,16869
16866,f,16869
16866,c,16869
16871,e,16870
16871,f,16870
16870,e,16870
16870,f,16870
16869,e,16870
16869,f,16870
16867,e,16870
16866,e,16870
16867,f,16870
16868,e,16870
16868,f,16870
16866,f,16870
16869,f,16871
16872,f,16871
16871,f,16871
16868,f,16871
16870,f,16871
16867,f,16871
16872,d,16872
16871,d,16872
16873,d,16872
16870,d,16872
16868,d,16872
16869,d,16872
16872,a,16873
16874,a,16873
16871,a,16873
16869,a,16873
16873,a,16873
16870,a,16873
16874,b,16874
16873,b,16874
16873,d,16874
16874,d,16874
16875,d,16874
16870,b,16874
16872,b,16874
16875,b,16874
16871,d,16874
16871,b,16874
16870,d,16874
16872,d,16874
16876,a,16875
16874,f,16875
16876,c,16875
16874,a,16875
16875,f,16875
16875,c,16875
16876,f,16875
16874,c,16875
16872,c,16875
16871,a,16875
16871,c,16875
16871,f,16875
16872,a,16875
16872,f,16875
16875,a,16875
16873,a,16875
16873,c,16875
16873,f,16875
16877,e,16876
16877,b,16876
16875,e,16876
16875,d,16876
16875,b,16876
16876,b,16876
16876,d,16876
16877,d,16876
16876,e,16876
16872,e,16876
16873,d,16876
16874,e,16876
16874,d,16876
16872,d,16876
16873,b,16876
16874,b,16876
16872,b,16876
16873,e,16876
16877,f,16877
16877,c,16877
16876,f,16877
16876,c,16877
16878,f,16877
16874,f,16877
16873,f,16877
16875,f,16877
16875,c,16877
16874,c,16877
16873,c,16877
16878,c,16877
16879,e,16878
16876,e,16878
16875,e,16878
16874,e,16878
16877,e,16878
16878,e,16878
16878,f,16879
16876,f,16879
16877,f,16879
16879,f,16879
16875,f,16879
16880,f,16879
16881,f,16881
16880,f,16881
16882,f,16881
16878,f,16881
16877,f,16881
16879,f,16881
16878,f,16882
16880,f,16882
16883,f,16882
16881,f,16882
16882,f,16882
16879,f,16882
16883,c,16883
16882,c,16883
16879,c,16883
16881,c,16883
16880,c,16883
16884,c,16883
16881,e,16884
16884,e,16884
16882,e,16884
16885,e,16884
16880,e,16884
16883,e,16884
16886,a,16885
16885,f,16885
16885,a,16885
16884,f,16885
16886,f,16885
16884,a,16885
16883,f,16885
16883,a,16885
16881,a,16885
16881,f,16885
16882,a,16885
16882,f,16885
16883,d,16886
16883,b,16886
16886,d,16886
16886,b,16886
16887,d,16886
16885,d,16886
16885,b,16886
16882,b,16886
16887,b,16886
16884,d,16886
16884,b,16886
16882,d,16886
16885,b,16887
16886,b,16887
16883,c,16887
16883,f,16887
16883,b,16887
16887,f,16887
16887,c,16887
16888,b,16887
16888,c,16887
16888,f,16887
16885,f,16887
16885,c,16887
16884,b,16887
16884,c,16887
16884,f,16887
16887,b,16887
16886,c,16887
16886,f,16887
16888,c,16888
16889,e,16888
16888,f,16888
16887,e,16888
16888,e,16888
16887,c,16888
16887,f,16888
16886,f,16888
16889,c,16888
16884,e,16888
16885,c,16888
16885,f,16888
16885,e,16888
16884,f,16888
16884,c,16888
16886,c,16888
16886,e,16888
16889,f,16888
16885,f,16889
16887,f,16889
16887,e,16889
16889,f,16889
16890,e,16889
16890,f,16889
16888,e,16889
16888,f,16889
16886,f,16889
16886,e,16889
16885,e,16889
16889,e,16889
16889,d,16890
16891,e,16890
16891,d,16890
16890,d,16890
16890,f,16890
16890,e,16890
16891,f,16890
16889,f,16890
16889,e,16890
16886,f,16890
16888,e,16890
16888,d,16890
16888,f,16890
16886,e,16890
16886,d,16890
16887,f,16890
16887,d,16890
16887,e,16890
16887,a,16891
16887,b,16891
16891,e,16891
16891,a,16891
16890,f,16891
16890,e,16891
16888,e,16891
16891,f,16891
16891,b,16891
16889,e,16891
16890,b,16891
16890,a,16891
16889,f,16891
16889,b,16891
16889,a,16891
16887,f,16891
16887,e,16891
16888,a,16891
16888,b,16891
16888,f,16891
16892,a,16891
16892,b,16891
16892,f,16891
16892,e,16891
16888,a,16892
16891,c,16892
16891,b,16892
16891,d,16892
16893,a,16892
16891,f,16892
16892,f,16892
16892,c,16892
16892,d,16892
16892,b,16892
16891,a,16892
16893,b,16892
16890,a,16892
16893,c,16892
16888,b,16892
16888,d,16892
16888,c,16892
16888,f,16892
16889,a,16892
16889,b,16892
16889,d,16892
16893,d,16892
16889,f,16892
16889,c,16892
16890,b,16892
16890,d,16892
16890,c,16892
16890,f,16892
16893,f,16892
16892,a,16892
16893,e,16893
16893,c,16893
16892,e,16893
16892,c,16893
16892,d,16893
16893,d,16893
16894,c,16893
16893,b,16893
16894,e,16893
16892,b,16893
16890,e,16893
16894,b,16893
16889,b,16893
16889,d,16893
16889,c,16893
16889,e,16893
16890,b,16893
16890,d,16893
16890,c,16893
16894,d,16893
16891,c,16893
16891,e,16893
16891,d,16893
16891,b,16893
16891,c,16894
16894,c,16894
16894,e,16894
16893,e,16894
16893,c,16894
16891,e,16894
16892,e,16894
16890,c,16894
16890,e,16894
16895,c,16894
16895,e,16894
16892,c,16894
16895,e,16895
16896,f,16895
16896,e,16895
16894,e,16895
16894,f,16895
16895,f,16895
16891,e,16895
16891,f,16895
16893,e,16895
16893,f,16895
16892,f,16895
16892,e,16895
16896,c,16896
16896,f,16896
16897,c,16896
16895,f,16896
16895,c,16896
16892,c,16896
16892,f,16896
16897,f,16896
16894,f,16896
16894,c,16896
16893,c,16896
16893,f,16896
16897,a,16897
16897,e,16897
16898,a,16897
16898,e,16897
16896,a,16897
16893,e,16897
16893,a,16897
16896,e,16897
16895,e,16897
16894,a,16897
16894,e,16897
16895,a,16897
16897,d,16898
16899,b,16898
16898,f,16898
16898,d,16898
16898,b,16898
16897,f,16898
16897,b,16898
16894,b,16898
16894,d,16898
16899,f,16898
16896,b,16898
16895,f,16898
16896,f,16898
16895,d,16898
16895,b,16898
16896,d,16898
16894,f,16898
16899,d,16898
16899,c,16899
16899,f,16899
16898,f,16899
16898,c,16899
16895,c,16899
16900,f,16899
16897,f,16899
16897,c,16899
16895,f,16899
16896,c,16899
16896,f,16899
16900,c,16899
16899,e,16900
16900,e,16900
16896,e,16900
16898,e,16900
16897,e,16900
16901,e,16900
16898,f,16901
16899,f,16901
16902,f,16901
16897,f,16901
16901,f,16901
16900,f,16901
16902,b,16902
16901,b,16902
16903,b,16902
16899,b,16902
16898,b,16902
16900,b,16902
16903,f,16903
16902,f,16903
16902,c,16903
16904,c,16903
16899,c,16903
16903,c,16903
16904,f,16903
16901,f,16903
16901,c,16903
16899,f,16903
16900,c,16903
16900,f,16903
16905,e,16904
16903,e,16904
16900,e,16904
16904,e,16904
16902,e,16904
16901,e,16904
16902,f,16905
16905,f,16905
16906,c,16905
16904,f,16905
16904,c,16905
16901,c,16905
16901,f,16905
16903,f,16905
16903,c,16905
16902,c,16905
16906,f,16905
16905,c,16905
16906,e,16906
16907,e,16906
16902,e,16906
16905,e,16906
16903,e,16906
16904,e,16906
16904,f,16907
16907,f,16907
16906,f,16907
16903,f,16907
16908,f,16907
16905,f,16907
16904,a,16908
16909,a,16908
16905,a,16908
16907,a,16908
16908,a,16908
16906,a,16908
16910,b,16909
16910,d,16909
16909,d,16909
16909,b,16909
16908,d,16909
16908,b,16909
16905,b,16909
16907,d,16909
16907,b,16909
16905,d,16909
16906,b,16909
16906,d,16909
16907,f,16910
16911,e,16910
16911,f,16910
16911,c,16910
16907,c,16910
16910,e,16910
16910,f,16910
16910,c,16910
16909,f,16910
16909,c,16910
16906,c,16910
16909,e,16910
16908,c,16910
16907,e,16910
16908,e,16910
16906,e,16910
16908,f,16910
16906,f,16910
16907,c,16911
16907,f,16911
16911,e,16911
16907,e,16911
16912,c,16911
16910,e,16911
16910,f,16911
16910,c,16911
16911,f,16911
16912,f,16911
16912,e,16911
16909,e,16911
16909,f,16911
16909,c,16911
16911,c,16911
16908,c,16911
16908,f,16911
16908,e,16911
16912,f,16912
16912,e,16912
16911,f,16912
16913,f,16912
16913,e,16912
16911,e,16912
16910,e,16912
16910,f,16912
16909,e,16912
16909,f,16912
16908,f,16912
16908,e,16912
16910,f,16913
16911,f,16913
16913,f,16913
16909,f,16913
16912,f,16913
16914,f,16913
16915,c,16914
16913,c,16914
16912,c,16914
16910,c,16914
16911,c,16914
16914,c,16914
16914,e,16915
16912,e,16915
16916,e,16915
16911,e,16915
16913,e,16915
16915,e,16915
16917,d,16916
16915,c,16916
16915,f,16916
16917,c,16916
16916,f,16916
16916,c,16916
16915,d,16916
16917,f,16916
16916,d,16916
16913,c,16916
16912,d,16916
16912,c,16916
16914,c,16916
16914,d,16916
16913,f,16916
16914,f,16916
16913,d,16916
16912,f,16916
16916,c,16917
16916,f,16917
16917,f,16917
16918,f,16917
16917,e,16917
16918,e,16917
16917,c,16917
16916,e,16917
16918,c,16917
16914,e,16917
16913,e,16917
16915,e,16917
16915,f,16917
16913,c,16917
16913,f,16917
16915,c,16917
16914,f,16917
16914,c,16917
16918,e,16918
16918,f,16918
16917,e,16918
16917,f,16918
16919,e,16918
16915,e,16918
16914,e,16918
16916,e,16918
16916,f,16918
16915,f,16918
16914,f,16918
16919,f,16918
16917,f,16919
16920,f,16919
16919,f,16919
16916,f,16919
16915,f,16919
16918,f,16919
16920,a,16920
16919,a,16920
16918,a,16920
16921,a,16920
16917,a,16920
16916,a,16920
16918,b,16921
16921,b,16921
16917,d,16921
16917,b,16921
16919,b,16921
16921,d,16921
16920,d,16921
16918,d,16921
16922,d,16921
16922,b,16921
16920,b,16921
16919,d,16921
16921,c,16922
16921,b,16922
16923,f,16922
16922,c,16922
16922,f,16922
16923,b,16922
16923,c,16922
16921,f,16922
16922,b,16922
16920,b,16922
16918,f,16922
16918,b,16922
16920,f,16922
16920,c,16922
16919,b,16922
16919,c,16922
16919,f,16922
16918,c,16922
16923,c,16923
16923,f,16923
16923,e,16923
16922,e,16923
16920,e,16923
16922,c,16923
16919,c,16923
16922,f,16923
16924,c,16923
16921,e,16923
16921,f,16923
16921,c,16923
16919,e,16923
16924,e,16923
16920,c,16923
16920,f,16923
16924,f,16923
16919,f,16923
16923,e,16924
16924,e,16924
16923,f,16924
16920,f,16924
16925,e,16924
16922,e,16924
16922,f,16924
16921,e,16924
16921,f,16924
16920,e,16924
16925,f,16924
16924,f,16924
16925,d,16925
16925,f,16925
16926,d,16925
16924,f,16925
16926,f,16925
16924,d,16925
16923,f,16925
16921,f,16925
16922,d,16925
16922,f,16925
16921,d,16925
16923,d,16925
16924,f,16926
16925,f,16926
16923,f,16926
16926,f,16926
16927,f,16926
16922,f,16926
16925,f,16929
16928,f,16929
16926,f,16929
16927,f,16929
16930,f,16929
16929,f,16929
16931,f,16930
16929,f,16930
16930,f,16930
16928,f,16930
16927,f,16930
16926,f,16930
16927,f,16931
16929,f,16931
16932,f,16931
16928,f,16931
16930,f,16931
16931,f,16931
16928,b,16932
16933,c,16932
16933,b,16932
16932,c,16932
16932,b,16932
16931,c,16932
16931,b,16932
16928,c,16932
16929,b,16932
16930,c,16932
16930,b,16932
16929,c,16932
16930,f,16933
16933,c,16933
16934,c,16933
16934,f,16933
16932,e,16933
16932,f,16933
16932,c,16933
16929,c,16933
16930,c,16933
16929,f,16933
16931,e,16933
16931,f,16933
16931,c,16933
16929,e,16933
16933,f,16933
16930,e,16933
16934,e,16933
16933,e,16933
16935,e,16934
16934,f,16934
16933,e,16934
16933,f,16934
16934,e,16934
16935,f,16934
16931,e,16934
16930,f,16934
16932,e,16934
16932,f,16934
16930,e,16934
16931,f,16934
16932,f,16935
16935,f,16935
16936,f,16935
16934,f,16935
16933,f,16935
16931,f,16935
16934,e,16936
16933,e,16936
16937,e,16936
16935,e,16936
16932,e,16936
16936,e,16936
16938,f,16937
16937,f,16937
16936,f,16937
16935,f,16937
16934,f,16937
16933,f,16937
16936,e,16939
16940,e,16939
16938,e,16939
16937,e,16939
16935,e,16939
16939,e,16939
16940,c,16940
16940,f,16940
16939,f,16940
16939,c,16940
16941,c,16940
16938,c,16940
16941,f,16940
16937,f,16940
16936,c,16940
16937,c,16940
16936,f,16940
16938,f,16940
16938,e,16941
16941,e,16941
16940,e,16941
16942,e,16941
16939,e,16941
16937,e,16941
16942,c,16942
16943,f,16942
16942,f,16942
16941,c,16942
16943,c,16942
16941,f,16942
16939,c,16942
16938,c,16942
16939,f,16942
16940,c,16942
16940,f,16942
16938,f,16942
16940,e,16943
16939,e,16943
16941,c,16943
16941,e,16943
16943,c,16943
16942,e,16943
16942,c,16943
16944,e,16943
16944,c,16943
16939,c,16943
16940,c,16943
16943,e,16943
16943,c,16944
16943,f,16944
16940,f,16944
16944,f,16944
16944,e,16944
16945,c,16944
16945,f,16944
16945,e,16944
16940,c,16944
16944,c,16944
16943,e,16944
16942,e,16944
16942,f,16944
16942,c,16944
16941,f,16944
16941,e,16944
16940,e,16944
16941,c,16944
16944,d,16945
16944,b,16945
16942,e,16945
16944,f,16945
16944,e,16945
16945,b,16945
16945,f,16945
16945,e,16945
16946,b,16945
16946,d,16945
16945,d,16945
16941,b,16945
16946,e,16945
16941,f,16945
16942,f,16945
16942,d,16945
16942,b,16945
16946,f,16945
16941,d,16945
16943,d,16945
16943,f,16945
16943,e,16945
16943,b,16945
16941,e,16945
16944,f,16946
16944,c,16946
16943,c,16946
16943,f,16946
16945,c,16946
16945,f,16946
16947,c,16946
16946,f,16946
16946,c,16946
16942,f,16946
16947,f,16946
16942,c,16946
16947,e,16947
16948,e,16947
16946,e,16947
16945,e,16947
16943,e,16947
16944,e,16947
16945,f,16948
16946,f,16948
16948,f,16948
16944,f,16948
16947,f,16948
16949,f,16948
16945,a,16949
16948,f,16949
16948,a,16949
16949,a,16949
16949,f,16949
16947,a,16949
16947,f,16949
16950,f,16949
16946,f,16949
16946,a,16949
16950,a,16949
16945,f,16949
16949,d,16950
16949,b,16950
16950,b,16950
16950,d,16950
16951,b,16950
16948,d,16950
16948,b,16950
16947,d,16950
16946,b,16950
16946,d,16950
16951,d,16950
16947,b,16950
16948,c,16951
16951,a,16951
16951,c,16951
16951,f,16951
16952,a,16951
16950,f,16951
16950,c,16951
16950,a,16951
16952,c,16951
16952,f,16951
16947,f,16951
16948,f,16951
16949,f,16951
16949,c,16951
16949,a,16951
16947,a,16951
16947,c,16951
16948,a,16951
16953,e,16952
16953,d,16952
16951,b,16952
16952,b,16952
16951,e,16952
16952,e,16952
16952,d,16952
16951,d,16952
16953,b,16952
16949,d,16952
16948,e,16952
16948,d,16952
16950,b,16952
16950,e,16952
16950,d,16952
16949,e,16952
16949,b,16952
16948,b,16952
16954,c,16953
16953,f,16953
16953,c,16953
16952,c,16953
16954,f,16953
16949,f,16953
16951,f,16953
16951,c,16953
16950,c,16953
16950,f,16953
16952,f,16953
16949,c,16953
16953,a,16954
16953,c,16954
16953,f,16954
16953,e,16954
16950,e,16954
16954,e,16954
16954,f,16954
16954,c,16954
16954,a,16954
16955,a,16954
16955,c,16954
16950,f,16954
16955,e,16954
16950,c,16954
16950,a,16954
16951,a,16954
16951,c,16954
16951,f,16954
16951,e,16954
16955,f,16954
16952,c,16954
16952,a,16954
16952,f,16954
16952,e,16954
16955,e,16955
16955,d,16955
16956,d,16955
16954,d,16955
16954,b,16955
16954,f,16955
16954,e,16955
16955,b,16955
16955,f,16955
16956,b,16955
16953,f,16955
16952,e,16955
16951,b,16955
16951,d,16955
16951,f,16955
16951,e,16955
16956,f,16955
16952,b,16955
16952,d,16955
16952,f,16955
16956,e,16955
16953,b,16955
16953,d,16955
16953,e,16955
16954,a,16956
16953,f,16956
16956,a,16956
16956,c,16956
16956,f,16956
16957,a,16956
16955,f,16956
16955,c,16956
16955,a,16956
16953,c,16956
16952,c,16956
16953,a,16956
16952,a,16956
16957,c,16956
16957,f,16956
16954,f,16956
16954,c,16956
16952,f,16956
16958,b,16957
16957,b,16957
16956,e,16957
16956,d,16957
16956,b,16957
16957,d,16957
16957,e,16957
16958,e,16957
16958,d,16957
16955,b,16957
16955,e,16957
16955,d,16957
16953,b,16957
16953,d,16957
16953,e,16957
16954,b,16957
16954,d,16957
16954,e,16957
16957,f,16958
16958,f,16958
16958,c,16958
16959,c,16958
16957,c,16958
16959,f,16958
16954,f,16958
16955,f,16958
16955,c,16958
16954,c,16958
16956,f,16958
16956,c,16958
16960,e,16959
16956,f,16959
16957,f,16959
16956,e,16959
16955,e,16959
16958,f,16959
16958,e,16959
16960,f,16959
16959,e,16959
16959,f,16959
16957,e,16959
16955,f,16959
16960,f,16960
16961,f,16960
16959,f,16960
16958,f,16960
16956,f,16960
16957,f,16960
16962,f,16961
16958,f,16961
16959,f,16961
16961,f,16961
16957,f,16961
16960,f,16961
16962,c,16962
16961,c,16962
16961,d,16962
16963,d,16962
16958,d,16962
16958,c,16962
16962,d,16962
16963,c,16962
16959,c,16962
16959,d,16962
16960,c,16962
16960,d,16962
16963,e,16963
16962,e,16963
16962,f,16963
16963,f,16963
16959,e,16963
16964,f,16963
16961,e,16963
16961,f,16963
16959,f,16963
16964,e,16963
16960,e,16963
16960,f,16963
16964,c,16964
16964,f,16964
16963,f,16964
16963,c,16964
16965,c,16964
16965,f,16964
16962,f,16964
16962,c,16964
16960,c,16964
16960,f,16964
16961,c,16964
16961,f,16964
16964,e,16965
16964,a,16965
16966,e,16965
16965,e,16965
16966,a,16965
16965,a,16965
16961,a,16965
16963,e,16965
16963,a,16965
16961,e,16965
16962,a,16965
16962,e,16965
16966,d,16966
16966,f,16966
16967,b,16966
16965,f,16966
16965,d,16966
16965,b,16966
16962,b,16966
16966,b,16966
16967,d,16966
16964,f,16966
16964,d,16966
16964,b,16966
16962,d,16966
16962,f,16966
16963,b,16966
16963,d,16966
16963,f,16966
16967,f,16966
16967,c,16967
16967,f,16967
16966,f,16967
16966,c,16967
16963,c,16967
16968,c,16967
16963,f,16967
16968,f,16967
16964,c,16967
16964,f,16967
16965,f,16967
16965,c,16967
16964,b,16968
16964,e,16968
16969,b,16968
16969,e,16968
16967,e,16968
16968,e,16968
16966,e,16968
16966,b,16968
16965,b,16968
16965,e,16968
16968,b,16968
16967,b,16968
16968,c,16969
16969,f,16969
16968,f,16969
16969,d,16969
16969,c,16969
16970,f,16969
16970,d,16969
16970,c,16969
16968,d,16969
16967,f,16969
16967,c,16969
16967,d,16969
16965,d,16969
16965,c,16969
16965,f,16969
16966,f,16969
16966,c,16969
16966,d,16969
16967,e,16970
16971,f,16970
16970,e,16970
16970,f,16970
16969,e,16970
16969,f,16970
16966,f,16970
16968,e,16970
16968,f,16970
16966,e,16970
16967,f,16970
16971,e,16970
16969,f,16971
16968,f,16971
16970,f,16971
16967,f,16971
16972,f,16971
16971,f,16971
16974,e,16973
16973,e,16973
16972,e,16973
16971,e,16973
16970,e,16973
16969,e,16973
16975,f,16974
16973,f,16974
16971,f,16974
16970,f,16974
16972,f,16974
16974,f,16974
16973,d,16977
16976,d,16977
16974,d,16977
16978,d,16977
16975,d,16977
16977,d,16977
16978,f,16978
16977,f,16978
16979,f,16978
16974,f,16978
16975,f,16978
16976,f,16978
16980,b,16979
16978,b,16979
16979,b,16979
16976,b,16979
16977,b,16979
16975,b,16979
16980,d,16980
16979,f,16980
16979,c,16980
16981,f,16980
16981,d,16980
16979,d,16980
16980,c,16980
16981,c,16980
16980,f,16980
16978,f,16980
16978,c,16980
16978,d,16980
16976,d,16980
16976,c,16980
16977,f,16980
16977,c,16980
16977,d,16980
16976,f,16980
16978,e,16981
16982,e,16981
16982,f,16981
16981,e,16981
16978,f,16981
16980,e,16981
16981,f,16981
16977,e,16981
16979,e,16981
16979,f,16981
16977,f,16981
16980,f,16981
16980,f,16982
16983,f,16982
16979,f,16982
16982,f,16982
16981,f,16982
16978,f,16982
16983,b,16983
16982,b,16983
16979,b,16983
16981,b,16983
16984,b,16983
16980,b,16983
16985,f,16984
16984,f,16984
16983,f,16984
16983,c,16984
16980,c,16984
16985,c,16984
16984,c,16984
16982,f,16984
16982,c,16984
16980,f,16984
16981,c,16984
16981,f,16984
16985,f,16985
16984,e,16985
16984,f,16985
16986,f,16985
16986,e,16985
16985,e,16985
16983,e,16985
16983,f,16985
16982,e,16985
16982,f,16985
16981,e,16985
16981,f,16985
16984,f,16986
16982,f,16986
16983,f,16986
16985,f,16986
16986,f,16986
16987,f,16986
16990,d,16989
16988,d,16989
16987,d,16989
16989,d,16989
16986,d,16989
16985,d,16989
16987,f,16990
16988,f,16990
16989,f,16990
16990,f,16990
16986,f,16990
16991,f,16990
16993,f,16993
16992,f,16993
16991,f,16993
16990,f,16993
16989,f,16993
16994,f,16993
16991,f,16994
16992,f,16994
16995,f,16994
16994,f,16994
16993,f,16994
16990,f,16994
16995,f,16995
16996,f,16995
16994,f,16995
16992,f,16995
16993,f,16995
16991,f,16995
16993,d,16996
16994,d,16996
16992,d,16996
16995,d,16996
16996,d,16996
16997,d,16996
16994,f,16997
16995,f,16997
16998,f,16997
16996,f,16997
16993,f,16997
16997,f,16997
17000,e,16999
16997,e,16999
16996,e,16999
16998,e,16999
16995,e,16999
16999,e,16999
17001,d,17000
17000,d,17000
16999,f,17000
16999,d,17000
17000,f,17000
17001,f,17000
16996,d,17000
16998,d,17000
16998,f,17000
16997,f,17000
16997,d,17000
16996,f,17000
17002,f,17001
17002,d,17001
17001,f,17001
17001,d,17001
17000,f,17001
17000,d,17001
16998,d,17001
16999,f,17001
16997,f,17001
16997,d,17001
16998,f,17001
16999,d,17001
17000,f,17002
17001,f,17002
16998,f,17002
16999,f,17002
17002,f,17002
17003,f,17002
17004,c,17006
17007,c,17006
17007,a,17006
17006,c,17006
17006,a,17006
17005,c,17006
17004,a,17006
17005,a,17006
17002,a,17006
17003,a,17006
17003,c,17006
17002,c,17006
17007,b,17007
17003,e,17007
17007,d,17007
17007,e,17007
17006,e,17007
17006,d,17007
17006,b,17007
17003,d,17007
17005,e,17007
17005,d,17007
17005,b,17007
17003,b,17007
17008,e,17007
17004,e,17007
17004,d,17007
17004,b,17007
17008,d,17007
17008,b,17007
17007,f,17008
17008,c,17008
17007,c,17008
17008,f,17008
17009,c,17008
17005,f,17008
17006,f,17008
17006,c,17008
17004,c,17008
17004,f,17008
17009,f,17008
17005,c,17008
17009,e,17009
17008,e,17009
17006,e,17009
17010,e,17009
17007,e,17009
17005,e,17009
17009,b,17010
17009,f,17010
17010,b,17010
17011,f,17010
17010,f,17010
17011,b,17010
17008,b,17010
17006,f,17010
17007,b,17010
17008,f,17010
17007,f,17010
17006,b,17010
17010,f,17011
17011,f,17011
17011,c,17011
17012,f,17011
17009,f,17011
17009,c,17011
17007,c,17011
17007,f,17011
17008,c,17011
17008,f,17011
17010,c,17011
17012,c,17011
17012,e,17012
17011,e,17012
17012,b,17012
17011,b,17012
17013,b,17012
17008,e,17012
17010,e,17012
17010,b,17012
17009,e,17012
17009,b,17012
17013,e,17012
17008,b,17012
17012,f,17013
17012,c,17013
17012,b,17013
17013,b,17013
17013,c,17013
17013,f,17013
17014,b,17013
17014,f,17013
17010,f,17013
17009,b,17013
17010,b,17013
17011,f,17013
17011,c,17013
17011,b,17013
17014,c,17013
17009,f,17013
17010,c,17013
17009,c,17013
17013,c,17014
17011,e,17014
17013,e,17014
17015,c,17014
17014,f,17014
17014,c,17014
17013,f,17014
17014,e,17014
17015,f,17014
17015,e,17014
17012,e,17014
17012,f,17014
17012,c,17014
17010,c,17014
17010,f,17014
17010,e,17014
17011,f,17014
17011,c,17014
17015,f,17015
17015,e,17015
17014,e,17015
17014,f,17015
17016,f,17015
17016,e,17015
17011,f,17015
17011,e,17015
17013,e,17015
17012,f,17015
17012,e,17015
17013,f,17015
17012,c,17016
17017,c,17016
17017,f,17016
17015,f,17016
17015,c,17016
17016,c,17016
17016,f,17016
17014,f,17016
17014,c,17016
17013,c,17016
17013,f,17016
17012,f,17016
17017,e,17017
17018,d,17017
17018,e,17017
17016,e,17017
17016,d,17017
17013,d,17017
17017,d,17017
17015,e,17017
17015,d,17017
17013,e,17017
17014,e,17017
17014,d,17017
17015,f,17018
17016,f,17018
17014,f,17018
17017,f,17018
17019,f,17018
17018,f,17018
17020,b,17020
17019,b,17020
17018,b,17020
17021,b,17020
17017,b,17020
17016,b,17020
17018,c,17021
17018,f,17021
17017,c,17021
17021,f,17021
17021,c,17021
17019,c,17021
17019,f,17021
17017,f,17021
17022,f,17021
17022,c,17021
17020,c,17021
17020,f,17021
17021,b,17022
17022,b,17022
17022,e,17022
17023,b,17022
17021,e,17022
17023,e,17022
17020,b,17022
17018,b,17022
17020,e,17022
17018,e,17022
17019,b,17022
17019,e,17022
17020,f,17023
17024,c,17023
17022,f,17023
17022,c,17023
17019,c,17023
17019,f,17023
17024,f,17023
17021,f,17023
17021,c,17023
17020,c,17023
17023,c,17023
17023,f,17023
17020,e,17024
17023,e,17024
17025,e,17024
17024,e,17024
17022,e,17024
17021,e,17024
17023,f,17025
17021,f,17025
17024,f,17025
17025,f,17025
17026,f,17025
17022,f,17025
17032,e,17032
17031,e,17032
17030,e,17032
17033,e,17032
17029,e,17032
17028,e,17032
17029,d,17033
17033,f,17033
17032,f,17033
17032,d,17033
17033,d,17033
17034,d,17033
17034,f,17033
17031,f,17033
17031,d,17033
17030,d,17033
17029,f,17033
17030,f,17033
17035,f,17034
17034,f,17034
17033,f,17034
17031,f,17034
17032,f,17034
17030,f,17034
17031,e,17035
17036,f,17035
17036,e,17035
17034,e,17035
17034,f,17035
17031,f,17035
17035,e,17035
17035,f,17035
17033,e,17035
17033,f,17035
17032,f,17035
17032,e,17035
17037,d,17036
17037,f,17036
17032,f,17036
17036,d,17036
17035,f,17036
17036,f,17036
17032,d,17036
17035,d,17036
17033,d,17036
17033,f,17036
17034,f,17036
17034,d,17036
17033,e,17037
17037,e,17037
17037,f,17037
17033,f,17037
17036,e,17037
17036,f,17037
17038,f,17037
17034,f,17037
17035,e,17037
17035,f,17037
17034,e,17037
17038,e,17037
17038,f,17038
17039,f,17038
17034,f,17038
17036,f,17038
17035,f,17038
17037,f,17038
17045,c,17044
17043,c,17044
17044,c,17044
17042,c,17044
17040,c,17044
17041,c,17044
17041,d,17045
17046,e,17045
17045,e,17045
17045,d,17045
17045,a,17045
17046,d,17045
17041,e,17045
17044,e,17045
17044,d,17045
17044,a,17045
17046,a,17045
17042,a,17045
17043,e,17045
17043,d,17045
17043,a,17045
17041,a,17045
17042,d,17045
17042,e,17045
17043,d,17046
17046,b,17046
17046,d,17046
17046,f,17046
17045,f,17046
17045,d,17046
17045,b,17046
17042,b,17046
17044,b,17046
17043,b,17046
17047,b,17046
17047,d,17046
17047,f,17046
17044,f,17046
17044,d,17046
17042,f,17046
17043,f,17046
17042,d,17046
17046,c,17047
17047,c,17047
17047,f,17047
17046,f,17047
17048,f,17047
17048,c,17047
17043,c,17047
17043,f,17047
17045,f,17047
17045,c,17047
17044,c,17047
17044,f,17047
17044,c,17048
17048,e,17048
17049,c,17048
17049,e,17048
17048,c,17048
17046,e,17048
17046,c,17048
17044,e,17048
17045,c,17048
17045,e,17048
17047,c,17048
17047,e,17048
17050,f,17049
17050,e,17049
17049,f,17049
17048,f,17049
17048,e,17049
17049,e,17049
17045,f,17049
17047,e,17049
17047,f,17049
17045,e,17049
17046,f,17049
17046,e,17049
17050,f,17050
17051,b,17050
17049,f,17050
17049,b,17050
17046,b,17050
17050,b,17050
17051,f,17050
17048,f,17050
17048,b,17050
17046,f,17050
17047,b,17050
17047,f,17050
17051,f,17051
17052,c,17051
17052,f,17051
17050,f,17051
17050,c,17051
17051,c,17051
17047,f,17051
17047,c,17051
17048,c,17051
17048,f,17051
17049,f,17051
17049,c,17051
17052,f,17052
17052,c,17052
17053,c,17052
17053,f,17052
17051,e,17052
17051,f,17052
17051,c,17052
17048,c,17052
17048,f,17052
17048,e,17052
17053,e,17052
17050,e,17052
17050,f,17052
17050,c,17052
17049,c,17052
17049,f,17052
17049,e,17052
17052,e,17052
17053,f,17053
17053,e,17053
17052,e,17053
17054,e,17053
17054,f,17053
17052,f,17053
17051,e,17053
17051,f,17053
17050,e,17053
17050,f,17053
17049,e,17053
17049,f,17053
17051,f,17054
17052,f,17054
17050,f,17054
17053,f,17054
17054,f,17054
17055,f,17054
17060,e,17059
17059,e,17059
17058,e,17059
17056,e,17059
17055,e,17059
17057,e,17059
17057,f,17060
17056,f,17060
17058,f,17060
17059,f,17060
17060,f,17060
17061,f,17060
17064,f,17064
17065,f,17064
17063,f,17064
17062,f,17064
17061,f,17064
17060,f,17064
17067,f,17066
17063,f,17066
17064,f,17066
17066,f,17066
17065,f,17066
17062,f,17066
17067,d,17067
17068,b,17067
17066,d,17067
17066,b,17067
17068,d,17067
17067,b,17067
17064,d,17067
17064,b,17067
17063,d,17067
17063,b,17067
17065,d,17067
17065,b,17067
17068,f,17068
17068,c,17068
17069,c,17068
17069,f,17068
17067,c,17068
17067,f,17068
17066,f,17068
17066,c,17068
17065,f,17068
17065,c,17068
17064,c,17068
17064,f,17068
17066,e,17069
17067,e,17069
17070,e,17069
17065,e,17069
17068,e,17069
17069,e,17069
17071,f,17070
17069,f,17070
17070,f,17070
17066,f,17070
17068,f,17070
17067,f,17070
17068,b,17071
17067,b,17071
17069,b,17071
17072,b,17071
17070,b,17071
17071,b,17071
17073,f,17072
17072,f,17072
17072,c,17072
17071,f,17072
17071,c,17072
17068,f,17072
17068,c,17072
17069,f,17072
17070,f,17072
17070,c,17072
17073,c,17072
17069,c,17072
17074,c,17073
17069,c,17073
17069,e,17073
17073,c,17073
17073,e,17073
17072,e,17073
17072,c,17073
17071,e,17073
17071,c,17073
17070,c,17073
17074,e,17073
17070,e,17073
17074,f,17074
17073,f,17074
17073,e,17074
17074,e,17074
17075,f,17074
17072,e,17074
17072,f,17074
17075,e,17074
17071,e,17074
17070,f,17074
17070,e,17074
17071,f,17074
17072,f,17075
17075,a,17075
17075,c,17075
17075,f,17075
17074,f,17075
17074,c,17075
17074,a,17075
17076,a,17075
17076,c,17075
17076,f,17075
17073,f,17075
17073,c,17075
17073,a,17075
17071,a,17075
17071,f,17075
17072,a,17075
17072,c,17075
17071,c,17075
17075,e,17076
17076,b,17076
17077,e,17076
17075,d,17076
17075,b,17076
17076,d,17076
17076,e,17076
17072,e,17076
17077,b,17076
17077,d,17076
17074,e,17076
17074,d,17076
17074,b,17076
17072,b,17076
17072,d,17076
17073,b,17076
17073,d,17076
17073,e,17076
17077,c,17077
17077,f,17077
17076,f,17077
17076,c,17077
17073,c,17077
17078,c,17077
17078,f,17077
17075,f,17077
17075,c,17077
17073,f,17077
17074,c,17077
17074,f,17077
17077,e,17078
17078,f,17078
17077,f,17078
17078,e,17078
17079,e,17078
17079,f,17078
17074,e,17078
17076,e,17078
17076,f,17078
17075,f,17078
17075,e,17078
17074,f,17078
17075,b,17079
17078,b,17079
17080,f,17079
17079,f,17079
17079,b,17079
17077,f,17079
17077,b,17079
17075,f,17079
17076,b,17079
17076,f,17079
17078,f,17079
17080,b,17079
17079,c,17080
17076,c,17080
17080,f,17080
17081,c,17080
17081,f,17080
17079,f,17080
17076,f,17080
17080,c,17080
17077,c,17080
17078,c,17080
17078,f,17080
17077,f,17080
17078,e,17081
17081,b,17081
17081,e,17081
17080,e,17081
17080,b,17081
17077,b,17081
17078,b,17081
17077,e,17081
17079,e,17081
17079,b,17081
17082,e,17081
17082,b,17081
17078,e,17082
17083,f,17082
17082,c,17082
17081,e,17082
17082,f,17082
17082,e,17082
17083,c,17082
17081,f,17082
17081,c,17082
17078,f,17082
17078,c,17082
17079,c,17082
17080,e,17082
17080,f,17082
17080,c,17082
17083,e,17082
17079,f,17082
17079,e,17082
17079,e,17083
17083,f,17083
17083,e,17083
17084,b,17083
17082,e,17083
17082,f,17083
17082,b,17083
17079,b,17083
17083,b,17083
17084,f,17083
17084,e,17083
17081,e,17083
17081,f,17083
17081,b,17083
17080,b,17083
17080,f,17083
17080,e,17083
17079,f,17083
17085,f,17084
17084,c,17084
17084,f,17084
17083,f,17084
17083,c,17084
17085,c,17084
17081,c,17084
17082,f,17084
17082,c,17084
17080,c,17084
17080,f,17084
17081,f,17084
17082,e,17085
17086,e,17085
17086,f,17085
17085,e,17085
17085,f,17085
17084,f,17085
17084,e,17085
17081,f,17085
17081,e,17085
17083,e,17085
17083,f,17085
17082,f,17085
17086,f,17086
17084,f,17086
17083,f,17086
17085,f,17086
17082,f,17086
17087,f,17086
17088,d,17088
17087,d,17088
17089,d,17088
17085,d,17088
17086,d,17088
17084,d,17088
17085,f,17089
17087,f,17089
17088,f,17089
17089,f,17089
17086,f,17089
17090,f,17089
17093,a,17092
17092,c,17092
17090,a,17092
17092,a,17092
17093,c,17092
17091,a,17092
17090,c,17092
17091,c,17092
17088,a,17092
17089,c,17092
17088,c,17092
17089,a,17092
17089,d,17093
17089,e,17093
17094,e,17093
17094,d,17093
17094,b,17093
17093,e,17093
17093,b,17093
17092,e,17093
17092,d,17093
17092,b,17093
17093,d,17093
17090,d,17093
17090,e,17093
17091,e,17093
17091,d,17093
17091,b,17093
17089,b,17093
17090,b,17093
17095,f,17094
17090,c,17094
17093,d,17094
17093,c,17094
17091,f,17094
17095,d,17094
17090,d,17094
17094,d,17094
17093,f,17094
17095,c,17094
17094,f,17094
17094,c,17094
17092,f,17094
17092,c,17094
17092,d,17094
17091,d,17094
17091,c,17094
17090,f,17094
17095,d,17095
17095,f,17095
17095,e,17095
17094,e,17095
17094,f,17095
17096,d,17095
17096,f,17095
17091,d,17095
17093,e,17095
17092,e,17095
17093,f,17095
17091,f,17095
17091,e,17095
17093,d,17095
17096,e,17095
17092,d,17095
17094,d,17095
17092,f,17095
17097,f,17096
17093,f,17096
17092,f,17096
17094,f,17096
17095,f,17096
17096,f,17096
17099,d,17098
17096,d,17098
17098,d,17098
17097,d,17098
17095,d,17098
17094,d,17098
17096,f,17099
17096,e,17099
17095,f,17099
17097,f,17099
17097,e,17099
17100,e,17099
17100,f,17099
17098,f,17099
17098,e,17099
17095,e,17099
17099,e,17099
17099,f,17099
17100,f,17100
17099,f,17100
17101,f,17100
17098,f,17100
17097,f,17100
17096,f,17100
17101,f,17101
17098,f,17101
17099,f,17101
17102,f,17101
17097,f,17101
17100,f,17101
17103,f,17102
17102,d,17102
17101,d,17102
17102,f,17102
17103,d,17102
17101,f,17102
17098,d,17102
17100,f,17102
17100,d,17102
17099,d,17102
17099,f,17102
17098,f,17102
17100,f,17103
17103,a,17103
17103,f,17103
17102,f,17103
17102,a,17103
17104,a,17103
17104,f,17103
17101,f,17103
17101,a,17103
17099,a,17103
17099,f,17103
17100,a,17103
17103,b,17104
17104,b,17104
17104,d,17104
17103,d,17104
17105,b,17104
17102,d,17104
17102,b,17104
17105,d,17104
17100,b,17104
17101,d,17104
17101,b,17104
17100,d,17104
17106,c,17105
17102,c,17105
17101,c,17105
17103,c,17105
17105,c,17105
17104,c,17105
17105,c,17106
17105,f,17106
17107,e,17106
17107,f,17106
17106,c,17106
17106,f,17106
17106,e,17106
17105,e,17106
17107,c,17106
17103,e,17106
17102,c,17106
17104,e,17106
17104,f,17106
17104,c,17106
17102,f,17106
17102,e,17106
17103,c,17106
17103,f,17106
17104,e,17107
17108,f,17107
17106,e,17107
17106,f,17107
17108,e,17107
17103,f,17107
17105,e,17107
17105,f,17107
17103,e,17107
17104,f,17107
17107,f,17107
17107,e,17107
17108,f,17108
17109,f,17108
17106,f,17108
17104,f,17108
17105,f,17108
17107,f,17108
17113,a,17113
17111,a,17113
17112,a,17113
17114,a,17113
17110,a,17113
17109,a,17113
17114,d,17114
17113,d,17114
17113,b,17114
17114,b,17114
17115,b,17114
17115,d,17114
17110,b,17114
17110,d,17114
17112,b,17114
17111,d,17114
17111,b,17114
17112,d,17114
17115,c,17115
17114,f,17115
17114,c,17115
17114,a,17115
17115,f,17115
17116,f,17115
17115,a,17115
17112,f,17115
17116,a,17115
17111,a,17115
17113,f,17115
17113,c,17115
17113,a,17115
17111,c,17115
17111,f,17115
17112,a,17115
17112,c,17115
17116,c,17115
17116,b,17116
17116,d,17116
17116,e,17116
17115,e,17116
17115,d,17116
17115,b,17116
17113,d,17116
17113,b,17116
17117,d,17116
17117,e,17116
17114,e,17116
17114,d,17116
17114,b,17116
17112,b,17116
17112,d,17116
17112,e,17116
17113,e,17116
17117,b,17116
17116,c,17117
17117,c,17117
17117,f,17117
17116,f,17117
17113,f,17117
17118,c,17117
17113,c,17117
17118,f,17117
17114,c,17117
17115,f,17117
17115,c,17117
17114,f,17117
17114,a,17118
17119,a,17118
17119,e,17118
17117,e,17118
17118,e,17118
17116,e,17118
17116,a,17118
17114,e,17118
17115,a,17118
17115,e,17118
17118,a,17118
17117,a,17118
17118,d,17119
17120,f,17119
17120,b,17119
17119,b,17119
17119,d,17119
17120,d,17119
17119,f,17119
17118,f,17119
17118,b,17119
17116,f,17119
17115,b,17119
17115,d,17119
17117,f,17119
17117,d,17119
17117,b,17119
17115,f,17119
17116,b,17119
17116,d,17119
17119,f,17120
17119,c,17120
17120,f,17120
17120,c,17120
17121,c,17120
17121,f,17120
17118,f,17120
17118,c,17120
17116,f,17120
17117,c,17120
17117,f,17120
17116,c,17120
17121,f,17121
17117,e,17121
17122,e,17121
17120,e,17121
17120,f,17121
17117,f,17121
17119,f,17121
17119,e,17121
17121,e,17121
17118,e,17121
17118,f,17121
17122,f,17121
17123,f,17122
17119,f,17122
17120,f,17122
17122,f,17122
17118,f,17122
17121,f,17122
17121,a,17123
17119,a,17123
17120,a,17123
17122,a,17123
17124,a,17123
17123,a,17123
17124,b,17124
17123,d,17124
17123,f,17124
17125,b,17124
17125,d,17124
17123,b,17124
17125,f,17124
17120,f,17124
17122,d,17124
17122,b,17124
17121,f,17124
17121,d,17124
17121,b,17124
17124,d,17124
17120,d,17124
17120,b,17124
17122,f,17124
17124,f,17124
17125,c,17125
17125,f,17125
17126,c,17125
17124,f,17125
17124,c,17125
17126,f,17125
17123,c,17125
17121,c,17125
17123,f,17125
17122,f,17125
17122,c,17125
17121,f,17125
17123,e,17126
17126,e,17126
17125,e,17126
17127,e,17126
17124,e,17126
17122,e,17126
17125,f,17127
17124,f,17127
17123,f,17127
17126,f,17127
17127,f,17127
17128,f,17127
17130,b,17131
17132,b,17131
17129,b,17131
17128,b,17131
17127,b,17131
17131,b,17131
17133,c,17132
17132,c,17132
17131,f,17132
17131,c,17132
17133,f,17132
17132,f,17132
17130,c,17132
17130,f,17132
17128,c,17132
17128,f,17132
17129,c,17132
17129,f,17132
17130,e,17133
17133,e,17133
17132,e,17133
17134,e,17133
17131,e,17133
17129,e,17133
17131,f,17134
17130,f,17134
17135,f,17134
17133,f,17134
17134,f,17134
17132,f,17134
17136,b,17135
17135,b,17135
17134,e,17135
17134,b,17135
17136,e,17135
17135,e,17135
17133,e,17135
17131,b,17135
17132,b,17135
17133,b,17135
17132,e,17135
17131,e,17135
17137,c,17136
17136,f,17136
17135,f,17136
17133,f,17136
17136,c,17136
17134,f,17136
17134,c,17136
17132,c,17136
17132,f,17136
17133,c,17136
17137,f,17136
17135,c,17136
17136,a,17137
17136,e,17137
17137,e,17137
17137,a,17137
17138,a,17137
17138,e,17137
17133,a,17137
17135,e,17137
17134,e,17137
17134,a,17137
17133,e,17137
17135,a,17137
17138,d,17138
17138,f,17138
17139,b,17138
17137,f,17138
17139,d,17138
17139,f,17138
17137,b,17138
17138,b,17138
17137,d,17138
17135,b,17138
17134,b,17138
17135,d,17138
17134,d,17138
17136,f,17138
17136,d,17138
17136,b,17138
17134,f,17138
17135,f,17138
17138,c,17139
17138,f,17139
17136,e,17139
17140,f,17139
17140,c,17139
17139,c,17139
17138,e,17139
17135,c,17139
17135,e,17139
17139,f,17139
17140,e,17139
17137,e,17139
17137,f,17139
17137,c,17139
17136,c,17139
17136,f,17139
17135,f,17139
17139,e,17139
17140,f,17140
17140,e,17140
17139,e,17140
17141,f,17140
17141,e,17140
17136,f,17140
17138,e,17140
17138,f,17140
17137,e,17140
17137,f,17140
17136,e,17140
17139,f,17140
17138,f,17141
17139,f,17141
17137,f,17141
17140,f,17141
17142,f,17141
17141,f,17141
17143,f,17143
17144,f,17143
17142,f,17143
17140,f,17143
17139,f,17143
17141,f,17143
17145,e,17144
17143,e,17144
17144,e,17144
17140,e,17144
17142,e,17144
17141,e,17144
17142,b,17145
17146,b,17145
17145,f,17145
17145,d,17145
17145,b,17145
17144,f,17145
17144,d,17145
17144,b,17145
17146,d,17145
17141,b,17145
17143,f,17145
17146,f,17145
17141,f,17145
17142,d,17145
17142,f,17145
17143,b,17145
17141,d,17145
17143,d,17145
17147,c,17146
17147,d,17146
17142,b,17146
17142,a,17146
17145,a,17146
17145,b,17146
17145,d,17146
17145,c,17146
17143,a,17146
17145,e,17146
17147,b,17146
17147,a,17146
17146,e,17146
17146,f,17146
17146,c,17146
17146,d,17146
17146,b,17146
17146,a,17146
17145,f,17146
17147,e,17146
17147,f,17146
17144,e,17146
17143,e,17146
17142,e,17146
17142,f,17146
17142,c,17146
17144,a,17146
17144,d,17146
17144,b,17146
17144,f,17146
17142,d,17146
17143,f,17146
17143,c,17146
17143,d,17146
17143,b,17146
17144,c,17146
17146,b,17147
17148,f,17147
17148,c,17147
17146,d,17147
17147,d,17147
17146,f,17147
17146,e,17147
17148,d,17147
17147,b,17147
17148,e,17147
17147,e,17147
17147,f,17147
17147,c,17147
17146,c,17147
17148,b,17147
17143,f,17147
17143,b,17147
17143,d,17147
17143,c,17147
17143,e,17147
17145,d,17147
17145,e,17147
17145,f,17147
17145,c,17147
17144,e,17147
17145,b,17147
17144,f,17147
17144,b,17147
17144,d,17147
17144,c,17147
17144,c,17148
17144,a,17148
17147,f,17148
17147,e,17148
17148,e,17148
17148,f,17148
17148,c,17148
17147,a,17148
17147,c,17148
17144,f,17148
17148,a,17148
17149,a,17148
17149,c,17148
17149,f,17148
17149,e,17148
17146,e,17148
17146,f,17148
17146,c,17148
17146,a,17148
17144,e,17148
17145,e,17148
17145,f,17148
17145,c,17148
17145,a,17148
17149,d,17149
17149,b,17149
17150,d,17149
17148,d,17149
17148,f,17149
17150,f,17149
17150,b,17149
17148,b,17149
17148,e,17149
17145,f,17149
17150,e,17149
17145,d,17149
17145,b,17149
17146,b,17149
17146,d,17149
17146,f,17149
17146,e,17149
17149,f,17149
17149,e,17149
17145,e,17149
17147,b,17149
17147,d,17149
17147,f,17149
17147,e,17149
17149,f,17150
17149,c,17150
17150,f,17150
17150,c,17150
17151,c,17150
17151,f,17150
17147,f,17150
17148,f,17150
17148,c,17150
17146,c,17150
17147,c,17150
17146,f,17150
17149,e,17151
17152,e,17151
17151,e,17151
17148,e,17151
17147,e,17151
17150,e,17151
17148,a,17152
17152,b,17152
17152,a,17152
17151,b,17152
17153,a,17152
17151,a,17152
17153,b,17152
17149,b,17152
17149,a,17152
17148,b,17152
17150,a,17152
17150,b,17152
17152,f,17153
17153,f,17153
17153,c,17153
17154,f,17153
17152,d,17153
17152,b,17153
17153,d,17153
17153,b,17153
17149,b,17153
17154,d,17153
17154,c,17153
17154,b,17153
17152,c,17153
17150,b,17153
17151,f,17153
17151,c,17153
17151,d,17153
17151,b,17153
17149,d,17153
17149,c,17153
17149,f,17153
17150,d,17153
17150,c,17153
17150,f,17153
17154,e,17154
17155,e,17154
17155,c,17154
17153,e,17154
17155,f,17154
17154,f,17154
17153,c,17154
17154,c,17154
17153,f,17154
17151,c,17154
17151,e,17154
17152,e,17154
17150,e,17154
17152,f,17154
17150,f,17154
17152,c,17154
17151,f,17154
17150,c,17154
17154,f,17155
17152,e,17155
17155,e,17155
17156,d,17155
17156,f,17155
17156,e,17155
17155,f,17155
17155,d,17155
17154,e,17155
17151,d,17155
17152,f,17155
17152,d,17155
17154,d,17155
17153,f,17155
17153,e,17155
17153,d,17155
17151,e,17155
17151,f,17155
17155,f,17156
17154,f,17156
17156,f,17156
17152,f,17156
17153,f,17156
17157,f,17156
17160,e,17160
17160,f,17160
17161,e,17160
17159,e,17160
17161,f,17160
17159,f,17160
17156,f,17160
17156,e,17160
17158,f,17160
17158,e,17160
17157,e,17160
17157,f,17160
17162,f,17161
17161,f,17161
17158,f,17161
17157,f,17161
17160,f,17161
17159,f,17161
17160,a,17163
17162,a,17163
17164,a,17163
17161,a,17163
17163,a,17163
17159,a,17163
17164,d,17164
17164,b,17164
17165,b,17164
17163,f,17164
17165,d,17164
17165,f,17164
17163,d,17164
17163,b,17164
17164,f,17164
17161,d,17164
17160,d,17164
17162,f,17164
17162,d,17164
17162,b,17164
17160,b,17164
17160,f,17164
17161,b,17164
17161,f,17164
17162,c,17165
17166,f,17165
17166,c,17165
17165,f,17165
17165,c,17165
17164,f,17165
17164,c,17165
17162,f,17165
17161,c,17165
17161,f,17165
17163,c,17165
17163,f,17165
17166,b,17166
17167,b,17166
17164,b,17166
17164,e,17166
17162,b,17166
17162,e,17166
17165,e,17166
17165,b,17166
17166,e,17166
17163,e,17166
17167,e,17166
17163,b,17166
17165,f,17167
17166,b,17167
17166,c,17167
17166,f,17167
17167,f,17167
17167,c,17167
17168,b,17167
17168,c,17167
17167,b,17167
17164,c,17167
17163,f,17167
17165,c,17167
17165,b,17167
17163,c,17167
17163,b,17167
17164,f,17167
17168,f,17167
17164,b,17167
17167,c,17168
17167,f,17168
17168,c,17168
17169,f,17168
17169,c,17168
17168,e,17168
17168,f,17168
17167,e,17168
17169,e,17168
17166,f,17168
17166,e,17168
17166,c,17168
17164,c,17168
17164,f,17168
17165,e,17168
17165,f,17168
17165,c,17168
17164,e,17168
17166,e,17169
17170,e,17169
17170,f,17169
17169,f,17169
17168,e,17169
17169,e,17169
17165,f,17169
17165,e,17169
17167,e,17169
17168,f,17169
17167,f,17169
17166,f,17169
17168,f,17170
17167,f,17170
17166,f,17170
17169,f,17170
17171,f,17170
17170,f,17170
17172,c,17172
17171,c,17172
17170,c,17172
17169,c,17172
17168,c,17172
17173,c,17172
17170,e,17173
17173,e,17173
17171,e,17173
17174,e,17173
17172,e,17173
17169,e,17173
17175,e,17174
17175,f,17174
17174,e,17174
17174,f,17174
17173,e,17174
17173,f,17174
17171,e,17174
17172,e,17174
17172,f,17174
17170,f,17174
17170,e,17174
17171,f,17174
17172,f,17175
17175,f,17175
17176,f,17175
17174,f,17175
17171,f,17175
17173,f,17175
17174,e,17176
17173,e,17176
17175,e,17176
17177,e,17176
17172,e,17176
17176,e,17176
17177,f,17177
17178,f,17177
17175,f,17177
17174,f,17177
17173,f,17177
17176,f,17177
17177,c,17181
17178,c,17181
17179,c,17181
17182,c,17181
17180,c,17181
17181,c,17181
17181,d,17182
17183,d,17182
17182,e,17182
17182,d,17182
17181,e,17182
17183,e,17182
17180,e,17182
17180,d,17182
17179,e,17182
17179,d,17182
17178,e,17182
17178,d,17182
17179,f,17183
17181,f,17183
17182,f,17183
17184,f,17183
17180,f,17183
17183,f,17183
17180,f,17184
17185,f,17184
17184,f,17184
17183,f,17184
17182,f,17184
17181,f,17184
17183,a,17186
17182,a,17186
17184,a,17186
17187,a,17186
17186,a,17186
17185,a,17186
17187,f,17187
17187,d,17187
17187,b,17187
17186,f,17187
17186,d,17187
17186,b,17187
17188,f,17187
17185,f,17187
17185,b,17187
17188,b,17187
17188,d,17187
17183,b,17187
17184,f,17187
17184,d,17187
17183,d,17187
17183,f,17187
17184,b,17187
17185,d,17187
17188,c,17188
17188,f,17188
17187,f,17188
17187,c,17188
17185,c,17188
17186,f,17188
17186,c,17188
17184,c,17188
17184,f,17188
17185,f,17188
17189,f,17188
17189,c,17188
17189,d,17189
17188,e,17189
17190,e,17189
17189,c,17189
17189,e,17189
17188,d,17189
17190,d,17189
17190,c,17189
17188,c,17189
17185,d,17189
17186,d,17189
17185,e,17189
17185,c,17189
17186,c,17189
17187,d,17189
17186,e,17189
17187,e,17189
17187,c,17189
17190,d,17190
17190,f,17190
17189,e,17190
17189,f,17190
17191,f,17190
17190,e,17190
17191,e,17190
17189,d,17190
17191,d,17190
17188,d,17190
17187,e,17190
17188,e,17190
17188,f,17190
17187,f,17190
17187,d,17190
17186,e,17190
17186,f,17190
17186,d,17190
17191,a,17191
17191,f,17191
17190,f,17191
17190,a,17191
17187,f,17191
17192,f,17191
17187,a,17191
17189,f,17191
17189,a,17191
17188,a,17191
17188,f,17191
17192,a,17191
17191,d,17192
17192,d,17192
17191,b,17192
17193,d,17192
17193,b,17192
17192,b,17192
17188,d,17192
17190,d,17192
17190,b,17192
17188,b,17192
17189,b,17192
17189,d,17192
17194,f,17193
17194,c,17193
17193,f,17193
17193,c,17193
17192,f,17193
17192,c,17193
17190,f,17193
17189,f,17193
17191,f,17193
17191,c,17193
17189,c,17193
17190,c,17193
17190,e,17194
17192,e,17194
17195,e,17194
17191,e,17194
17193,e,17194
17194,e,17194
17196,f,17195
17194,f,17195
17195,f,17195
17193,f,17195
17192,f,17195
17191,f,17195
17196,c,17197
17197,c,17197
17195,c,17197
17195,b,17197
17197,b,17197
17196,b,17197
17193,c,17197
17198,b,17197
17194,c,17197
17194,b,17197
17193,b,17197
17198,c,17197
17198,e,17198
17199,c,17198
17197,e,17198
17197,f,17198
17197,c,17198
17199,f,17198
17198,f,17198
17199,e,17198
17194,e,17198
17195,f,17198
17194,c,17198
17194,f,17198
17195,c,17198
17195,e,17198
17198,c,17198
17196,c,17198
17196,f,17198
17196,e,17198
17200,f,17199
17199,e,17199
17200,e,17199
17198,e,17199
17198,f,17199
17198,d,17199
17200,d,17199
17199,d,17199
17199,f,17199
17195,f,17199
17195,e,17199
17196,d,17199
17196,f,17199
17196,e,17199
17197,d,17199
17197,f,17199
17197,e,17199
17195,d,17199
17201,f,17200
17196,f,17200
17198,f,17200
17197,f,17200
17199,f,17200
17200,f,17200
17202,f,17201
17201,f,17201
17201,a,17201
17197,f,17201
17200,f,17201
17200,a,17201
17202,a,17201
17197,a,17201
17198,a,17201
17198,f,17201
17199,f,17201
17199,a,17201
17203,d,17202
17198,c,17202
17202,c,17202
17201,b,17202
17201,d,17202
17203,c,17202
17201,c,17202
17202,d,17202
17200,d,17202
17200,c,17202
17198,d,17202
17200,b,17202
17199,b,17202
17199,d,17202
17199,c,17202
17203,b,17202
17202,b,17202
17198,b,17202
17202,f,17203
17202,c,17203
17202,e,17203
17204,b,17203
17203,e,17203
17204,c,17203
17203,f,17203
17202,b,17203
17204,f,17203
17200,e,17203
17200,f,17203
17199,b,17203
17199,c,17203
17199,f,17203
17199,e,17203
17200,b,17203
17200,c,17203
17204,e,17203
17203,b,17203
17203,c,17203
17201,b,17203
17201,c,17203
17201,f,17203
17201,e,17203
17205,c,17204
17204,e,17204
17203,e,17204
17203,f,17204
17203,c,17204
17204,f,17204
17205,e,17204
17204,c,17204
17205,f,17204
17202,e,17204
17202,f,17204
17200,c,17204
17200,f,17204
17202,c,17204
17200,e,17204
17201,e,17204
17201,f,17204
17201,c,17204
17202,e,17205
17206,e,17205
17206,f,17205
17205,f,17205
17204,e,17205
17204,f,17205
17205,e,17205
17201,e,17205
17202,f,17205
17201,f,17205
17203,e,17205
17203,f,17205
17207,f,17206
17203,f,17206
17202,f,17206
17205,f,17206
17206,f,17206
17204,f,17206
17206,c,17207
17207,e,17207
17207,c,17207
17206,e,17207
17204,e,17207
17203,e,17207
17208,c,17207
17205,e,17207
17205,c,17207
17208,e,17207
17203,c,17207
17204,c,17207
17209,f,17208
17208,f,17208
17208,e,17208
17207,e,17208
17207,f,17208
17204,e,17208
17204,f,17208
17209,e,17208
17206,e,17208
17206,f,17208
17205,f,17208
17205,e,17208
17210,f,17209
17209,a,17209
17208,a,17209
17210,a,17209
17209,f,17209
17208,f,17209
17205,a,17209
17205,f,17209
17206,a,17209
17206,f,17209
17207,f,17209
17207,a,17209
17206,b,17210
17211,d,17210
17210,b,17210
17211,b,17210
17209,d,17210
17208,d,17210
17208,b,17210
17206,d,17210
17207,b,17210
17207,d,17210
17210,d,17210
17209,b,17210
17207,c,17211
17210,a,17211
17210,c,17211
17207,f,17211
17211,f,17211
17212,a,17211
17212,c,17211
17212,f,17211
17211,c,17211
17211,a,17211
17210,f,17211
17209,f,17211
17209,c,17211
17207,a,17211
17208,a,17211
17208,c,17211
17208,f,17211
17209,a,17211
17211,d,17212
17213,e,17212
17212,e,17212
17212,d,17212
17212,b,17212
17211,e,17212
17211,b,17212
17208,b,17212
17208,d,17212
17213,b,17212
17210,e,17212
17213,d,17212
17209,e,17212
17209,d,17212
17209,b,17212
17210,b,17212
17210,d,17212
17208,e,17212
17213,c,17213
17213,f,17213
17212,f,17213
17212,c,17213
17209,c,17213
17214,c,17213
17214,f,17213
17211,f,17213
17211,c,17213
17210,c,17213
17209,f,17213
17210,f,17213
17213,e,17214
17214,a,17214
17215,a,17214
17213,a,17214
17214,e,17214
17215,e,17214
17210,a,17214
17212,e,17214
17212,a,17214
17210,e,17214
17211,a,17214
17211,e,17214
17211,b,17215
17215,f,17215
17216,b,17215
17216,d,17215
17214,f,17215
17214,d,17215
17214,b,17215
17215,d,17215
17215,b,17215
17213,f,17215
17213,d,17215
17213,b,17215
17211,d,17215
17211,f,17215
17212,b,17215
17212,d,17215
17212,f,17215
17216,f,17215
17216,c,17216
17216,f,17216
17215,f,17216
17215,c,17216
17212,f,17216
17217,c,17216
17214,c,17216
17212,c,17216
17217,f,17216
17213,c,17216
17213,f,17216
17214,f,17216
17217,e,17217
17216,e,17217
17213,e,17217
17214,e,17217
17218,e,17217
17215,e,17217
17217,f,17218
17218,d,17218
17217,d,17218
17218,f,17218
17219,d,17218
17219,f,17218
17216,f,17218
17216,d,17218
17215,f,17218
17215,d,17218
17214,f,17218
17214,d,17218
17215,f,17219
17217,f,17219
17218,f,17219
17220,f,17219
17219,f,17219
17216,f,17219
17222,a,17222
17220,a,17222
17219,a,17222
17221,a,17222
17223,a,17222
17218,a,17222
17224,f,17223
17222,a,17223
17224,c,17223
17224,d,17223
17221,e,17223
17224,e,17223
17222,b,17223
17224,a,17223
17222,c,17223
17222,f,17223
17222,e,17223
17224,b,17223
17223,e,17223
17223,f,17223
17223,c,17223
17223,a,17223
17222,d,17223
17221,f,17223
17221,b,17223
17221,d,17223
17223,b,17223
17219,a,17223
17219,b,17223
17219,d,17223
17219,c,17223
17219,f,17223
17219,e,17223
17220,a,17223
17221,c,17223
17220,d,17223
17220,c,17223
17220,b,17223
17220,e,17223
17221,a,17223
17220,f,17223
17223,d,17223
17225,b,17224
17224,e,17224
17224,b,17224
17223,e,17224
17223,f,17224
17225,c,17224
17223,d,17224
17223,b,17224
17224,d,17224
17224,c,17224
17224,f,17224
17225,f,17224
17225,e,17224
17225,d,17224
17223,c,17224
17221,c,17224
17222,b,17224
17220,c,17224
17220,d,17224
17220,b,17224
17222,d,17224
17222,e,17224
17222,f,17224
17221,e,17224
17221,f,17224
17220,f,17224
17221,d,17224
17220,e,17224
17221,b,17224
17222,c,17224
17224,f,17225
17225,e,17225
17225,f,17225
17225,c,17225
17224,c,17225
17221,c,17225
17224,e,17225
17221,e,17225
17226,e,17225
17222,e,17225
17222,f,17225
17222,c,17225
17223,c,17225
17223,f,17225
17221,f,17225
17223,e,17225
17226,c,17225
17226,f,17225
17226,e,17226
17227,a,17226
17225,a,17226
17225,e,17226
17225,f,17226
17227,f,17226
17222,f,17226
17226,f,17226
17222,a,17226
17223,a,17226
17223,f,17226
17224,e,17226
17223,e,17226
17224,f,17226
17224,a,17226
17222,e,17226
17226,a,17226
17227,e,17226
17226,b,17227
17226,d,17227
17226,f,17227
17227,b,17227
17228,f,17227
17228,b,17227
17228,e,17227
17227,e,17227
17227,f,17227
17227,d,17227
17226,e,17227
17228,d,17227
17223,b,17227
17225,e,17227
17225,f,17227
17225,d,17227
17225,b,17227
17223,d,17227
17224,e,17227
17224,f,17227
17224,d,17227
17224,b,17227
17223,f,17227
17223,e,17227
17225,c,17228
17228,f,17228
17228,c,17228
17225,f,17228
17227,f,17228
17229,c,17228
17227,c,17228
17224,c,17228
17224,f,17228
17226,f,17228
17226,c,17228
17229,f,17228
17230,b,17231
17231,f,17231
17232,b,17231
17232,f,17231
17229,f,17231
17229,b,17231
17230,f,17231
17231,b,17231
17228,f,17231
17228,b,17231
17227,f,17231
17227,b,17231
17232,c,17232
17232,f,17232
17231,f,17232
17231,c,17232
17231,a,17232
17232,a,17232
17233,f,17232
17230,a,17232
17233,a,17232
17233,c,17232
17229,c,17232
17229,a,17232
17228,f,17232
17229,f,17232
17230,c,17232
17230,f,17232
17228,a,17232
17228,c,17232
17234,b,17233
17232,b,17233
17232,e,17233
17233,e,17233
17233,d,17233
17233,b,17233
17232,d,17233
17234,e,17233
17230,b,17233
17229,e,17233
17230,d,17233
17230,e,17233
17229,d,17233
17229,b,17233
17231,b,17233
17234,d,17233
17231,e,17233
17231,d,17233
17233,f,17234
17234,a,17234
17234,e,17234
17235,e,17234
17233,c,17234
17233,a,17234
17235,c,17234
17235,f,17234
17233,e,17234
17234,f,17234
17234,c,17234
17235,a,17234
17231,e,17234
17231,a,17234
17230,e,17234
17231,c,17234
17230,c,17234
17232,a,17234
17232,c,17234
17230,f,17234
17232,e,17234
17230,a,17234
17232,f,17234
17231,f,17234
17236,b,17235
17236,d,17235
17236,f,17235
17236,e,17235
17234,e,17235
17234,f,17235
17234,d,17235
17234,b,17235
17235,b,17235
17235,d,17235
17235,e,17235
17231,b,17235
17232,e,17235
17232,f,17235
17232,d,17235
17232,b,17235
17231,e,17235
17231,f,17235
17233,b,17235
17233,d,17235
17233,f,17235
17233,e,17235
17231,d,17235
17235,f,17235
17236,c,17236
17237,f,17236
17237,c,17236
17236,f,17236
17235,f,17236
17232,f,17236
17232,c,17236
17234,f,17236
17234,c,17236
17235,c,17236
17233,f,17236
17233,c,17236
17233,e,17237
17235,e,17237
17238,e,17237
17234,e,17237
17237,e,17237
17236,e,17237
17237,f,17238
17236,f,17238
17234,f,17238
17235,f,17238
17238,f,17238
17239,f,17238
17239,b,17242
17241,b,17242
17242,b,17242
17240,b,17242
17243,b,17242
17238,b,17242
17240,c,17243
17240,f,17243
17239,c,17243
17241,c,17243
17241,f,17243
17244,f,17243
17244,c,17243
17242,c,17243
17242,f,17243
17243,f,17243
17239,f,17243
17243,c,17243
17245,e,17244
17244,e,17244
17243,e,17244
17241,e,17244
17240,e,17244
17242,e,17244
17245,f,17245
17245,e,17245
17242,e,17245
17246,b,17245
17244,e,17245
17244,f,17245
17244,b,17245
17246,f,17245
17241,b,17245
17241,f,17245
17246,e,17245
17243,e,17245
17243,f,17245
17243,b,17245
17241,e,17245
17242,b,17245
17242,f,17245
17245,b,17245
17246,c,17246
17246,f,17246
17247,c,17246
17245,c,17246
17247,f,17246
17242,c,17246
17245,f,17246
17244,c,17246
17243,f,17246
17242,f,17246
17243,c,17246
17244,f,17246
17245,d,17247
17247,d,17247
17247,e,17247
17246,e,17247
17246,d,17247
17244,e,17247
17243,d,17247
17243,e,17247
17244,d,17247
17248,d,17247
17245,e,17247
17248,e,17247
17247,e,17248
17249,f,17248
17248,e,17248
17247,f,17248
17244,f,17248
17246,f,17248
17246,e,17248
17244,e,17248
17245,e,17248
17245,f,17248
17249,e,17248
17248,f,17248
17249,d,17249
17249,f,17249
17250,d,17249
17250,f,17249
17248,f,17249
17248,d,17249
17246,d,17249
17247,f,17249
17245,d,17249
17245,f,17249
17247,d,17249
17246,f,17249
17247,f,17250
17250,f,17250
17251,f,17250
17249,f,17250
17246,f,17250
17248,f,17250
17250,e,17251
17249,e,17251
17251,e,17251
17248,e,17251
17252,e,17251
17247,e,17251
17251,f,17252
17252,f,17252
17253,f,17252
17250,f,17252
17249,f,17252
17248,f,17252
17250,f,17253
17253,f,17253
17252,f,17253
17252,a,17253
17254,a,17253
17253,a,17253
17254,f,17253
17251,f,17253
17251,a,17253
17249,a,17253
17249,f,17253
17250,a,17253
17253,d,17254
17255,d,17254
17253,b,17254
17255,b,17254
17254,b,17254
17254,d,17254
17250,b,17254
17252,d,17254
17252,b,17254
17250,d,17254
17251,b,17254
17251,d,17254
17255,f,17255
17256,c,17255
17256,f,17255
17254,f,17255
17254,c,17255
17255,c,17255
17251,c,17255
17253,f,17255
17253,c,17255
17251,f,17255
17252,c,17255
17252,f,17255
17256,e,17256
17257,c,17256
17257,e,17256
17252,c,17256
17255,e,17256
17256,c,17256
17252,e,17256
17255,c,17256
17253,c,17256
17254,c,17256
17254,e,17256
17253,e,17256
17256,e,17257
17257,f,17257
17257,e,17257
17256,f,17257
17253,f,17257
17253,e,17257
17254,f,17257
17255,e,17257
17255,f,17257
17254,e,17257
17258,f,17257
17258,e,17257
17257,e,17258
17258,f,17258
17257,f,17258
17258,e,17258
17254,e,17258
17256,e,17258
17256,f,17258
17259,e,17258
17259,f,17258
17255,e,17258
17255,f,17258
17254,f,17258
17258,f,17259
17260,d,17259
17258,d,17259
17260,f,17259
17255,f,17259
17257,f,17259
17257,d,17259
17256,f,17259
17256,d,17259
17255,d,17259
17259,d,17259
17259,f,17259
17260,f,17260
17261,d,17260
17261,f,17260
17259,f,17260
17259,d,17260
17260,d,17260
17257,d,17260
17258,f,17260
17258,d,17260
17256,d,17260
17257,f,17260
17256,f,17260
17261,f,17261
17262,f,17261
17258,f,17261
17257,f,17261
17259,f,17261
17260,f,17261
17264,f,17265
17264,c,17265
17266,c,17265
17266,f,17265
17263,f,17265
17265,c,17265
17262,f,17265
17262,c,17265
17265,f,17265
17261,f,17265
17261,c,17265
17263,c,17265
17265,e,17266
17266,e,17266
17267,e,17266
17264,e,17266
17263,e,17266
17262,e,17266
17264,f,17267
17265,f,17267
17268,f,17267
17267,f,17267
17266,f,17267
17263,f,17267
17269,f,17268
17268,d,17268
17267,f,17268
17267,d,17268
17268,f,17268
17269,d,17268
17266,f,17268
17264,f,17268
17265,d,17268
17265,f,17268
17264,d,17268
17266,d,17268
17265,f,17269
17268,f,17269
17269,f,17269
17270,f,17269
17266,f,17269
17267,f,17269
17273,c,17273
17271,c,17273
17272,c,17273
17272,b,17273
17274,b,17273
17274,c,17273
17271,b,17273
17270,c,17273
17270,b,17273
17269,c,17273
17269,b,17273
17273,b,17273
17274,f,17274
17274,e,17274
17273,e,17274
17273,f,17274
17273,c,17274
17275,e,17274
17274,c,17274
17272,f,17274
17275,c,17274
17275,f,17274
17272,e,17274
17272,c,17274
17271,e,17274
17270,c,17274
17270,f,17274
17270,e,17274
17271,c,17274
17271,f,17274
17275,f,17275
17275,e,17275
17274,e,17275
17274,f,17275
17272,e,17275
17276,f,17275
17276,e,17275
17273,e,17275
17273,f,17275
17271,f,17275
17271,e,17275
17272,f,17275
17277,f,17276
17275,b,17276
17276,f,17276
17277,b,17276
17275,f,17276
17276,b,17276
17272,b,17276
17274,f,17276
17274,b,17276
17272,f,17276
17273,f,17276
17273,b,17276
17278,f,17277
17278,c,17277
17277,f,17277
17277,c,17277
17276,f,17277
17276,c,17277
17274,f,17277
17275,f,17277
17275,c,17277
17273,c,17277
17274,c,17277
17273,f,17277
17275,e,17278
17276,e,17278
17274,e,17278
17279,e,17278
17277,e,17278
17278,e,17278
17275,f,17279
17278,f,17279
17279,f,17279
17277,f,17279
17276,f,17279
17280,f,17279
17280,e,17281
17282,d,17281
17282,e,17281
17279,e,17281
17280,d,17281
17277,d,17281
17278,e,17281
17278,d,17281
17277,e,17281
17281,e,17281
17279,d,17281
17281,d,17281
17282,f,17282
17282,c,17282
17283,c,17282
17283,f,17282
17281,f,17282
17281,c,17282
17280,f,17282
17279,c,17282
17278,c,17282
17278,f,17282
17280,c,17282
17279,f,17282
17279,a,17283
17279,e,17283
17282,a,17283
17282,e,17283
17284,a,17283
17281,e,17283
17281,a,17283
17284,e,17283
17280,a,17283
17280,e,17283
17283,e,17283
17283,a,17283
17283,b,17284
17283,d,17284
17283,f,17284
17284,f,17284
17284,d,17284
17284,b,17284
17285,b,17284
17285,d,17284
17280,d,17284
17282,f,17284
17282,d,17284
17280,b,17284
17281,f,17284
17281,d,17284
17281,b,17284
17280,f,17284
17285,f,17284
17282,b,17284
17285,a,17285
17284,f,17285
17284,c,17285
17286,f,17285
17285,c,17285
17285,f,17285
17284,a,17285
17281,f,17285
17286,c,17285
17282,a,17285
17281,c,17285
17281,a,17285
17282,c,17285
17283,a,17285
17282,f,17285
17283,f,17285
17286,a,17285
17283,c,17285
17286,e,17286
17285,e,17286
17285,d,17286
17285,b,17286
17286,d,17286
17286,b,17286
17287,b,17286
17282,b,17286
17287,d,17286
17287,e,17286
17284,e,17286
17284,d,17286
17284,b,17286
17282,d,17286
17282,e,17286
17283,b,17286
17283,d,17286
17283,e,17286
17287,c,17287
17287,f,17287
17286,c,17287
17288,f,17287
17288,c,17287
17286,f,17287
17285,f,17287
17283,c,17287
17283,f,17287
17284,c,17287
17284,f,17287
17285,c,17287
17287,e,17288
17288,e,17288
17288,d,17288
17289,e,17288
17287,d,17288
17284,d,17288
17284,e,17288
17289,d,17288
17286,e,17288
17285,e,17288
17285,d,17288
17286,d,17288
17285,b,17289
17289,b,17289
17286,f,17289
17286,b,17289
17287,b,17289
17287,f,17289
17289,f,17289
17288,f,17289
17290,f,17289
17290,b,17289
17288,b,17289
17285,f,17289
17291,c,17290
17289,c,17290
17291,a,17290
17290,c,17290
17290,f,17290
17291,f,17290
17289,a,17290
17289,f,17290
17290,a,17290
17287,c,17290
17287,f,17290
17288,f,17290
17288,c,17290
17288,a,17290
17286,f,17290
17286,c,17290
17287,a,17290
17286,a,17290
17290,d,17291
17290,f,17291
17290,e,17291
17288,f,17291
17291,d,17291
17291,e,17291
17288,d,17291
17292,b,17291
17292,d,17291
17292,f,17291
17292,e,17291
17291,b,17291
17291,f,17291
17290,b,17291
17289,b,17291
17287,b,17291
17288,e,17291
17288,b,17291
17287,e,17291
17289,e,17291
17289,f,17291
17289,d,17291
17287,f,17291
17287,d,17291
17288,c,17292
17288,f,17292
17291,f,17292
17291,c,17292
17292,c,17292
17289,c,17292
17293,c,17292
17293,f,17292
17290,f,17292
17290,c,17292
17289,f,17292
17292,f,17292
17292,e,17293
17294,e,17293
17293,e,17293
17291,e,17293
17290,e,17293
17289,e,17293
17292,f,17294
17290,f,17294
17293,f,17294
17294,f,17294
17295,f,17294
17291,f,17294
17298,c,17298
17297,c,17298
17296,c,17298
17299,c,17298
17295,c,17298
17294,c,17298
17296,e,17299
17297,e,17299
17298,e,17299
17299,e,17299
17295,e,17299
17300,e,17299
17299,d,17300
17299,c,17300
17299,f,17300
17299,e,17300
17300,c,17300
17300,f,17300
17300,e,17300
17301,d,17300
17301,f,17300
17301,e,17300
17300,d,17300
17301,c,17300
17297,e,17300
17296,c,17300
17296,e,17300
17296,d,17300
17298,e,17300
17298,f,17300
17298,c,17300
17298,d,17300
17297,d,17300
17297,c,17300
17296,f,17300
17297,f,17300
17301,f,17301
17301,e,17301
17300,e,17301
17300,f,17301
17297,f,17301
17302,f,17301
17302,e,17301
17299,e,17301
17299,f,17301
17297,e,17301
17298,f,17301
17298,e,17301
17302,d,17302
17301,f,17302
17301,d,17302
17302,f,17302
17298,d,17302
17303,d,17302
17303,f,17302
17300,f,17302
17300,d,17302
17298,f,17302
17299,d,17302
17299,f,17302
17299,f,17303
17303,f,17303
17302,f,17303
17300,f,17303
17304,f,17303
17301,f,17303
17305,f,17304
17304,d,17304
17303,d,17304
17304,f,17304
17305,d,17304
17303,f,17304
17300,f,17304
17302,f,17304
17302,d,17304
17300,d,17304
17301,d,17304
17301,f,17304
17305,f,17305
17304,f,17305
17302,f,17305
17303,f,17305
17301,f,17305
17306,f,17305
17305,e,17306
17303,e,17306
17304,e,17306
17307,e,17306
17306,e,17306
17302,e,17306
17306,d,17307
17304,d,17307
17305,d,17307
17303,d,17307
17308,d,17307
17307,d,17307
17308,f,17308
17309,f,17308
17307,f,17308
17305,f,17308
17306,f,17308
17304,f,17308
17307,f,17311
17311,f,17311
17312,f,17311
17310,f,17311
17308,f,17311
17309,f,17311
17309,f,17312
17308,f,17312
17310,f,17312
17311,f,17312
17313,f,17312
17312,f,17312
17314,f,17314
17315,f,17314
17312,f,17314
17311,f,17314
17310,f,17314
17313,f,17314
17315,b,17315
17316,b,17315
17314,c,17315
17314,b,17315
17315,c,17315
17313,c,17315
17316,c,17315
17313,b,17315
17311,b,17315
17311,c,17315
17312,b,17315
17312,c,17315
17313,c,17316
17317,e,17316
17317,f,17316
17317,c,17316
17316,e,17316
17316,f,17316
17316,c,17316
17315,e,17316
17315,c,17316
17315,f,17316
17312,e,17316
17313,f,17316
17314,e,17316
17313,e,17316
17314,f,17316
17314,c,17316
17312,c,17316
17312,f,17316
17313,f,17317
17318,f,17317
17318,e,17317
17316,e,17317
17316,f,17317
17314,e,17317
17315,e,17317
17315,f,17317
17317,f,17317
17314,f,17317
17313,e,17317
17317,e,17317
17319,f,17318
17318,f,17318
17317,f,17318
17316,f,17318
17315,f,17318
17314,f,17318
17317,c,17320
17321,c,17320
17320,f,17320
17320,c,17320
17319,f,17320
17316,f,17320
17319,c,17320
17318,f,17320
17318,c,17320
17321,f,17320
17316,c,17320
17317,f,17320
17319,e,17321
17317,e,17321
17320,e,17321
17322,e,17321
17318,e,17321
17321,e,17321
17323,f,17322
17322,f,17322
17321,f,17322
17320,f,17322
17319,f,17322
17318,f,17322
17321,e,17324
17322,e,17324
17325,e,17324
17320,e,17324
17324,e,17324
17323,e,17324
17326,e,17325
17325,e,17325
17325,f,17325
17325,a,17325
17324,e,17325
17324,a,17325
17323,e,17325
17323,f,17325
17324,f,17325
17326,a,17325
17321,a,17325
17321,f,17325
17322,e,17325
17322,f,17325
17321,e,17325
17326,f,17325
17322,a,17325
17323,a,17325
17326,b,17326
17326,d,17326
17326,f,17326
17325,f,17326
17325,d,17326
17325,b,17326
17327,b,17326
17322,f,17326
17327,d,17326
17323,b,17326
17323,d,17326
17323,f,17326
17324,f,17326
17324,d,17326
17324,b,17326
17322,b,17326
17322,d,17326
17327,f,17326
17328,c,17327
17326,a,17327
17327,a,17327
17328,a,17327
17326,f,17327
17328,f,17327
17327,c,17327
17326,c,17327
17327,f,17327
17323,f,17327
17325,a,17327
17324,f,17327
17324,c,17327
17324,a,17327
17325,c,17327
17325,f,17327
17323,a,17327
17323,c,17327
17328,e,17328
17324,d,17328
17327,d,17328
17327,b,17328
17328,c,17328
17328,d,17328
17324,b,17328
17327,e,17328
17327,c,17328
17324,c,17328
17329,d,17328
17325,e,17328
17325,c,17328
17325,d,17328
17325,b,17328
17329,b,17328
17324,e,17328
17328,b,17328
17326,d,17328
17326,c,17328
17326,e,17328
17329,e,17328
17329,c,17328
17326,b,17328
17330,c,17329
17328,e,17329
17328,f,17329
17328,c,17329
17329,c,17329
17330,f,17329
17325,e,17329
17330,e,17329
17325,c,17329
17326,c,17329
17326,f,17329
17326,e,17329
17329,f,17329
17329,e,17329
17327,c,17329
17327,f,17329
17327,e,17329
17325,f,17329
17331,e,17330
17329,f,17330
17331,f,17330
17330,e,17330
17330,f,17330
17329,e,17330
17326,e,17330
17326,f,17330
17327,f,17330
17327,e,17330
17328,e,17330
17328,f,17330
17328,f,17331
17331,f,17331
17330,f,17331
17329,f,17331
17327,f,17331
17332,f,17331
17328,a,17332
17332,a,17332
17330,a,17332
17333,a,17332
17329,a,17332
17331,a,17332
17334,b,17333
17333,d,17333
17333,b,17333
17332,d,17333
17332,b,17333
17331,d,17333
17329,b,17333
17334,d,17333
17331,b,17333
17329,d,17333
17330,b,17333
17330,d,17333
17331,f,17334
17334,f,17334
17333,f,17334
17333,c,17334
17330,c,17334
17335,c,17334
17335,f,17334
17332,f,17334
17332,c,17334
17330,f,17334
17331,c,17334
17334,c,17334
17334,e,17335
17336,e,17335
17335,e,17335
17332,e,17335
17333,e,17335
17331,e,17335
17333,f,17336
17336,f,17336
17335,f,17336
17337,f,17336
17334,f,17336
17332,f,17336
17336,a,17337
17334,a,17337
17333,a,17337
17338,a,17337
17337,a,17337
17335,a,17337
17338,d,17338
17338,b,17338
17337,d,17338
17337,b,17338
17339,b,17338
17334,b,17338
17339,d,17338
17336,b,17338
17334,d,17338
17335,b,17338
17335,d,17338
17336,d,17338
17336,a,17339
17339,c,17339
17339,f,17339
17338,f,17339
17338,c,17339
17338,a,17339
17340,a,17339
17340,f,17339
17340,c,17339
17339,a,17339
17337,f,17339
17337,c,17339
17337,a,17339
17335,a,17339
17335,c,17339
17335,f,17339
17336,c,17339
17336,f,17339
17341,d,17340
17339,b,17340
17340,d,17340
17339,e,17340
17341,e,17340
17340,b,17340
17340,e,17340
17339,d,17340
17341,b,17340
17338,b,17340
17336,e,17340
17338,e,17340
17338,d,17340
17336,b,17340
17336,d,17340
17337,e,17340
17337,d,17340
17337,b,17340
17341,f,17341
17341,c,17341
17340,f,17341
17340,c,17341
17342,f,17341
17338,f,17341
17337,f,17341
17339,f,17341
17339,c,17341
17338,c,17341
17337,c,17341
17342,c,17341
17340,e,17342
17343,e,17342
17339,e,17342
17338,e,17342
17341,e,17342
17342,e,17342
17344,f,17343
17342,f,17343
17343,f,17343
17341,f,17343
17339,f,17343
17340,f,17343
17345,f,17344
17344,f,17344
17343,f,17344
17341,f,17344
17342,f,17344
17340,f,17344
17343,e,17346
17345,e,17346
17342,e,17346
17344,e,17346
17346,e,17346
17347,e,17346
17347,c,17347
17346,f,17347
17346,c,17347
17347,f,17347
17345,f,17347
17348,c,17347
17348,f,17347
17343,c,17347
17343,f,17347
17344,f,17347
17344,c,17347
17345,c,17347
17347,e,17348
17348,e,17348
17345,e,17348
17346,e,17348
17344,e,17348
17349,e,17348
17348,f,17349
17348,c,17349
17348,b,17349
17349,c,17349
17349,f,17349
17350,f,17349
17349,b,17349
17345,f,17349
17350,b,17349
17346,c,17349
17346,b,17349
17350,c,17349
17346,f,17349
17345,c,17349
17347,b,17349
17347,f,17349
17345,b,17349
17347,c,17349
17351,f,17350
17349,c,17350
17349,e,17350
17350,e,17350
17350,f,17350
17350,c,17350
17351,c,17350
17349,f,17350
17347,c,17350
17351,e,17350
17348,e,17350
17348,f,17350
17348,c,17350
17346,c,17350
17346,f,17350
17346,e,17350
17347,f,17350
17347,e,17350
17352,e,17351
17352,f,17351
17351,e,17351
17350,f,17351
17351,f,17351
17352,d,17351
17350,d,17351
17350,e,17351
17351,d,17351
17347,e,17351
17347,d,17351
17349,e,17351
17349,f,17351
17349,d,17351
17348,d,17351
17348,f,17351
17348,e,17351
17347,f,17351
17352,b,17352
17352,f,17352
17351,f,17352
17351,b,17352
17353,b,17352
17348,b,17352
17353,f,17352
17350,f,17352
17350,b,17352
17349,b,17352
17349,f,17352
17348,f,17352
17353,c,17353
17353,f,17353
17354,b,17353
17354,c,17353
17354,f,17353
17352,f,17353
17352,c,17353
17352,b,17353
17349,f,17353
17353,b,17353
17349,c,17353
17349,b,17353
17351,f,17353
17351,c,17353
17351,b,17353
17350,b,17353
17350,c,17353
17350,f,17353
17351,e,17354
17355,e,17354
17355,c,17354
17354,e,17354
17354,f,17354
17354,c,17354
17353,e,17354
17353,f,17354
17355,f,17354
17350,c,17354
17351,f,17354
17351,c,17354
17352,c,17354
17352,e,17354
17352,f,17354
17350,e,17354
17350,f,17354
17353,c,17354
17352,e,17355
17356,e,17355
17354,e,17355
17351,e,17355
17353,e,17355
17355,e,17355
17359,c,17359
17358,c,17359
17357,c,17359
17360,c,17359
17356,c,17359
17355,c,17359
17360,e,17360
17359,e,17360
17359,d,17360
17360,d,17360
17361,d,17360
17361,e,17360
17356,d,17360
17356,e,17360
17358,e,17360
17358,d,17360
17357,e,17360
17357,d,17360
17362,f,17361
17362,d,17361
17360,f,17361
17360,d,17361
17361,f,17361
17361,d,17361
17357,f,17361
17359,f,17361
17359,d,17361
17358,d,17361
17358,f,17361
17357,d,17361
17358,f,17362
17362,f,17362
17363,a,17362
17363,f,17362
17361,f,17362
17361,a,17362
17358,a,17362
17362,a,17362
17360,f,17362
17360,a,17362
17359,a,17362
17359,f,17362
17363,d,17363
17364,b,17363
17364,d,17363
17359,d,17363
17362,b,17363
17363,b,17363
17359,b,17363
17362,d,17363
17360,d,17363
17360,b,17363
17361,d,17363
17361,b,17363
17365,c,17364
17365,f,17364
17363,f,17364
17363,c,17364
17360,c,17364
17360,f,17364
17362,f,17364
17362,c,17364
17361,c,17364
17361,f,17364
17364,c,17364
17364,f,17364
17365,e,17365
17366,e,17365
17364,e,17365
17361,e,17365
17363,e,17365
17362,e,17365
17364,f,17366
17363,f,17366
17362,f,17366
17365,f,17366
17366,f,17366
17367,f,17366
17370,e,17369
17369,e,17369
17368,e,17369
17365,e,17369
17367,e,17369
17366,e,17369
17367,f,17370
17371,f,17370
17369,f,17370
17370,f,17370
17368,f,17370
17366,f,17370
17369,f,17371
17370,f,17371
17372,f,17371
17367,f,17371
17371,f,17371
17368,f,17371
17369,a,17373
17374,a,17373
17370,a,17373
17372,a,17373
17371,a,17373
17373,a,17373
17375,b,17374
17373,a,17374
17374,d,17374
17373,d,17374
17374,a,17374
17374,b,17374
17375,a,17374
17373,b,17374
17372,d,17374
17375,d,17374
17372,a,17374
17370,a,17374
17371,b,17374
17371,a,17374
17370,d,17374
17370,b,17374
17371,d,17374
17372,b,17374
17376,d,17375
17374,b,17375
17374,d,17375
17374,f,17375
17376,b,17375
17375,f,17375
17375,c,17375
17375,d,17375
17375,b,17375
17374,c,17375
17376,f,17375
17376,c,17375
17372,b,17375
17373,f,17375
17373,c,17375
17373,d,17375
17373,b,17375
17371,b,17375
17371,d,17375
17371,c,17375
17372,d,17375
17372,c,17375
17372,f,17375
17371,f,17375
17376,f,17376
17377,f,17376
17375,f,17376
17375,e,17376
17376,c,17376
17377,c,17376
17376,e,17376
17375,c,17376
17377,e,17376
17374,e,17376
17372,e,17376
17372,c,17376
17372,f,17376
17374,f,17376
17373,c,17376
17374,c,17376
17373,f,17376
17373,e,17376
17377,d,17377
17378,d,17377
17378,f,17377
17378,e,17377
17376,e,17377
17376,f,17377
17376,d,17377
17373,d,17377
17373,f,17377
17373,e,17377
17375,e,17377
17375,f,17377
17375,d,17377
17374,d,17377
17374,f,17377
17374,e,17377
17377,f,17377
17377,e,17377
17378,c,17378
17378,f,17378
17379,c,17378
17379,f,17378
17377,f,17378
17377,c,17378
17374,c,17378
17375,c,17378
17376,f,17378
17376,c,17378
17375,f,17378
17374,f,17378
17377,e,17379
17376,e,17379
17375,e,17379
17378,e,17379
17380,e,17379
17379,e,17379
17380,f,17380
17379,f,17380
17376,f,17380
17378,f,17380
17377,f,17380
17381,f,17380
17384,b,17383
17383,b,17383
17382,b,17383
17381,b,17383
17379,b,17383
17380,b,17383
17381,c,17384
17384,f,17384
17384,c,17384
17385,f,17384
17383,c,17384
17380,f,17384
17383,f,17384
17382,f,17384
17382,c,17384
17380,c,17384
17381,f,17384
17385,c,17384
17383,e,17385
17386,e,17385
17381,e,17385
17384,e,17385
17385,e,17385
17382,e,17385
17387,c,17386
17386,f,17386
17386,c,17386
17385,f,17386
17385,c,17386
17387,f,17386
17382,f,17386
17384,f,17386
17384,c,17386
17383,c,17386
17383,f,17386
17382,c,17386
17387,a,17387
17387,e,17387
17386,e,17387
17386,a,17387
17383,a,17387
17388,a,17387
17388,e,17387
17384,e,17387
17385,e,17387
17385,a,17387
17383,e,17387
17384,a,17387
17388,f,17388
17388,e,17388
17389,b,17388
17389,d,17388
17387,e,17388
17387,f,17388
17387,d,17388
17387,b,17388
17389,f,17388
17389,e,17388
17388,d,17388
17384,b,17388
17388,b,17388
17385,e,17388
17384,f,17388
17386,e,17388
17386,f,17388
17386,d,17388
17386,b,17388
17384,e,17388
17384,d,17388
17385,f,17388
17385,d,17388
17385,b,17388
17389,f,17389
17390,c,17389
17390,f,17389
17388,f,17389
17388,c,17389
17386,f,17389
17385,f,17389
17387,f,17389
17387,c,17389
17386,c,17389
17385,c,17389
17389,c,17389
17390,e,17390
17391,e,17390
17386,e,17390
17389,e,17390
17388,e,17390
17387,e,17390
17391,f,17391
17389,f,17391
17392,f,17391
17388,f,17391
17387,f,17391
17390,f,17391
17392,f,17392
17391,f,17392
17388,f,17392
17393,f,17392
17390,f,17392
17389,f,17392
17392,e,17393
17390,e,17393
17393,e,17393
17391,e,17393
17389,e,17393
17394,e,17393
17393,a,17394
17393,d,17394
17395,a,17394
17395,d,17394
17394,a,17394
17394,d,17394
17394,f,17394
17393,f,17394
17395,f,17394
17391,f,17394
17392,f,17394
17391,d,17394
17391,a,17394
17390,f,17394
17392,a,17394
17392,d,17394
17390,a,17394
17390,d,17394
17395,f,17395
17396,b,17395
17394,f,17395
17394,d,17395
17394,b,17395
17395,d,17395
17395,b,17395
17391,b,17395
17395,e,17395
17394,e,17395
17392,b,17395
17396,e,17395
17392,d,17395
17392,f,17395
17392,e,17395
17396,f,17395
17391,e,17395
17396,d,17395
17391,d,17395
17393,b,17395
17393,d,17395
17393,f,17395
17393,e,17395
17391,f,17395
17395,c,17396
17396,c,17396
17396,f,17396
17395,f,17396
17397,c,17396
17397,f,17396
17394,f,17396
17394,c,17396
17392,c,17396
17392,f,17396
17393,c,17396
17393,f,17396
17397,e,17397
17397,d,17397
17396,e,17397
17396,d,17397
17393,d,17397
17394,d,17397
17398,d,17397
17398,e,17397
17395,e,17397
17395,d,17397
17394,e,17397
17393,e,17397
17398,b,17398
17397,b,17398
17397,f,17398
17398,f,17398
17399,b,17398
17396,f,17398
17396,b,17398
17399,f,17398
17394,b,17398
17394,f,17398
17395,b,17398
17395,f,17398
17396,f,17399
17399,a,17399
17399,c,17399
17399,f,17399
17398,f,17399
17398,c,17399
17398,a,17399
17400,a,17399
17400,c,17399
17400,f,17399
17396,a,17399
17396,c,17399
17395,f,17399
17395,a,17399
17397,a,17399
17395,c,17399
17397,f,17399
17397,c,17399
17400,e,17400
17400,d,17400
17399,e,17400
17399,d,17400
17399,b,17400
17401,b,17400
17401,d,17400
17401,e,17400
17400,b,17400
17397,b,17400
17396,b,17400
17396,e,17400
17398,e,17400
17398,d,17400
17398,b,17400
17397,d,17400
17397,e,17400
17396,d,17400
17401,d,17401
17401,c,17401
17401,f,17401
17402,d,17401
17400,f,17401
17400,c,17401
17400,d,17401
17402,c,17401
17397,d,17401
17397,f,17401
17402,f,17401
17399,f,17401
17399,c,17401
17399,d,17401
17398,d,17401
17398,c,17401
17398,f,17401
17397,c,17401
17402,f,17402
17402,e,17402
17401,e,17402
17401,f,17402
17398,f,17402
17403,f,17402
17398,e,17402
17400,e,17402
17399,f,17402
17399,e,17402
17400,f,17402
17403,e,17402
17403,f,17403
17400,f,17403
17401,f,17403
17402,f,17403
17404,f,17403
17399,f,17403
17403,b,17404
17403,d,17404
17403,e,17404
17404,b,17404
17404,d,17404
17404,e,17404
17405,e,17404
17405,b,17404
17405,d,17404
17400,e,17404
17400,b,17404
17400,d,17404
17402,e,17404
17402,d,17404
17402,b,17404
17401,b,17404
17401,d,17404
17401,e,17404
17402,f,17405
17405,d,17405
17406,d,17405
17406,c,17405
17404,f,17405
17404,c,17405
17404,d,17405
17401,d,17405
17406,f,17405
17403,f,17405
17403,c,17405
17403,d,17405
17401,c,17405
17401,f,17405
17402,d,17405
17402,c,17405
17405,c,17405
17405,f,17405
17406,f,17406
17406,e,17406
17405,e,17406
17405,f,17406
17407,f,17406
17407,e,17406
17403,f,17406
17402,e,17406
17404,e,17406
17404,f,17406
17402,f,17406
17403,e,17406
17408,f,17407
17406,f,17407
17404,f,17407
17405,f,17407
17403,f,17407
17407,f,17407
17409,d,17409
17408,c,17409
17408,d,17409
17409,c,17409
17410,d,17409
17407,c,17409
17410,c,17409
17406,c,17409
17406,d,17409
17405,d,17409
17405,c,17409
17407,d,17409
17406,e,17410
17410,b,17410
17410,f,17410
17410,e,17410
17409,e,17410
17409,f,17410
17409,b,17410
17411,b,17410
17411,f,17410
17408,e,17410
17408,f,17410
17408,b,17410
17406,b,17410
17406,f,17410
17407,f,17410
17407,b,17410
17411,e,17410
17407,e,17410
17411,c,17411
17411,f,17411
17410,f,17411
17410,c,17411
17408,f,17411
17412,c,17411
17409,f,17411
17409,c,17411
17407,c,17411
17407,f,17411
17408,c,17411
17412,f,17411
17412,e,17412
17411,e,17412
17408,e,17412
17413,e,17412
17410,e,17412
17409,e,17412
17412,f,17413
17414,f,17413
17413,a,17413
17412,a,17413
17413,f,17413
17414,a,17413
17410,f,17413
17409,a,17413
17411,f,17413
17411,a,17413
17409,f,17413
17410,a,17413
17414,d,17414
17415,b,17414
17413,d,17414
17413,b,17414
17410,b,17414
17414,b,17414
17415,d,17414
17412,d,17414
17412,b,17414
17410,d,17414
17411,b,17414
17411,d,17414
17415,f,17415
17416,f,17415
17414,f,17415
17414,c,17415
17415,c,17415
17416,c,17415
17411,f,17415
17411,c,17415
17412,c,17415
17412,f,17415
17413,f,17415
17413,c,17415
17412,a,17416
17415,a,17416
17417,a,17416
17417,e,17416
17416,e,17416
17414,e,17416
17414,a,17416
17413,a,17416
17413,e,17416
17416,a,17416
17415,e,17416
17412,e,17416
17418,d,17417
17416,d,17417
17418,b,17417
17417,b,17417
17417,d,17417
17418,f,17417
17417,f,17417
17416,b,17417
17416,f,17417
17415,d,17417
17413,b,17417
17413,d,17417
17413,f,17417
17414,f,17417
17415,f,17417
17414,d,17417
17415,b,17417
17414,b,17417
17415,e,17418
17414,a,17418
17417,a,17418
17417,e,17418
17417,f,17418
17415,f,17418
17419,a,17418
17418,e,17418
17418,f,17418
17417,c,17418
17419,f,17418
17419,c,17418
17418,a,17418
17415,c,17418
17415,a,17418
17419,e,17418
17414,e,17418
17414,f,17418
17414,c,17418
17418,c,17418
17416,c,17418
17416,f,17418
17416,e,17418
17416,a,17418
17420,e,17419
17418,e,17419
17418,f,17419
17418,d,17419
17418,b,17419
17419,f,17419
17419,d,17419
17420,b,17419
17420,d,17419
17420,f,17419
17419,b,17419
17419,e,17419
17416,f,17419
17415,b,17419
17417,e,17419
17417,f,17419
17417,d,17419
17415,d,17419
17415,f,17419
17417,b,17419
17416,e,17419
17415,e,17419
17416,d,17419
17416,b,17419
17421,c,17420
17421,f,17420
17419,f,17420
17419,c,17420
17417,f,17420
17416,c,17420
17416,f,17420
17418,f,17420
17418,c,17420
17417,c,17420
17420,f,17420
17420,c,17420
17421,e,17421
17422,e,17421
17420,e,17421
17417,e,17421
17419,e,17421
17418,e,17421
17422,f,17422
17420,f,17422
17423,f,17422
17419,f,17422
17418,f,17422
17421,f,17422
17424,c,17423
17423,c,17423
17422,c,17423
17419,c,17423
17420,c,17423
17421,c,17423
17425,a,17424
17424,a,17424
17423,e,17424
17423,a,17424
17420,e,17424
17424,e,17424
17421,e,17424
17420,a,17424
17422,e,17424
17422,a,17424
17425,e,17424
17421,a,17424
17424,e,17425
17424,d,17425
17424,b,17425
17426,e,17425
17426,b,17425
17425,e,17425
17425,f,17425
17426,f,17425
17426,d,17425
17424,f,17425
17421,d,17425
17423,e,17425
17421,b,17425
17425,b,17425
17421,f,17425
17421,e,17425
17422,d,17425
17422,f,17425
17422,b,17425
17423,b,17425
17423,d,17425
17423,f,17425
17422,e,17425
17425,d,17425
17427,c,17426
17426,c,17426
17426,f,17426
17425,f,17426
17425,c,17426
17427,f,17426
17423,c,17426
17422,c,17426
17422,f,17426
17423,f,17426
17424,f,17426
17424,c,17426
17427,b,17427
17427,e,17427
17428,e,17427
17426,b,17427
17423,b,17427
17426,e,17427
17428,b,17427
17425,e,17427
17425,b,17427
17424,b,17427
17424,e,17427
17423,e,17427
17427,f,17428
17428,f,17428
17427,c,17428
17424,f,17428
17424,c,17428
17429,f,17428
17426,f,17428
17426,c,17428
17425,f,17428
17425,c,17428
17429,c,17428
17428,c,17428
17429,e,17429
17428,e,17429
17430,e,17429
17427,e,17429
17426,e,17429
17425,e,17429
17428,f,17430
17426,f,17430
17429,f,17430
17431,f,17430
17427,f,17430
17430,f,17430
17432,c,17432
17431,c,17432
17433,c,17432
17430,c,17432
17429,c,17432
17428,c,17432
17430,e,17433
17433,e,17433
17432,e,17433
17431,e,17433
17429,e,17433
17434,e,17433
17433,f,17434
17432,f,17434
17435,f,17434
17434,f,17434
17430,f,17434
17431,f,17434
17435,b,17435
17434,b,17435
17436,b,17435
17433,b,17435
17431,b,17435
17432,b,17435
17436,c,17436
17436,f,17436
17435,f,17436
17435,c,17436
17437,c,17436
17437,f,17436
17433,f,17436
17434,f,17436
17434,c,17436
17432,c,17436
17432,f,17436
17433,c,17436
17437,e,17437
17438,b,17437
17436,b,17437
17438,e,17437
17437,b,17437
17436,e,17437
17435,e,17437
17435,b,17437
17433,b,17437
17433,e,17437
17434,b,17437
17434,e,17437
17435,f,17438
17439,f,17438
17438,f,17438
17438,c,17438
17437,f,17438
17437,c,17438
17439,c,17438
17434,f,17438
17434,c,17438
17436,f,17438
17436,c,17438
17435,c,17438
17437,e,17439
17436,e,17439
17440,e,17439
17438,e,17439
17435,e,17439
17439,e,17439
17440,f,17440
17439,f,17440
17441,f,17440
17437,f,17440
17436,f,17440
17438,f,17440
17444,b,17444
17440,b,17444
17441,b,17444
17443,b,17444
17442,b,17444
17445,b,17444
17444,b,17445
17444,c,17445
17444,f,17445
17444,e,17445
17445,f,17445
17445,c,17445
17445,e,17445
17446,b,17445
17446,f,17445
17446,e,17445
17445,b,17445
17443,e,17445
17446,c,17445
17441,b,17445
17442,f,17445
17442,c,17445
17442,b,17445
17441,e,17445
17442,e,17445
17443,b,17445
17441,c,17445
17443,f,17445
17441,f,17445
17443,c,17445
17447,c,17446
17446,e,17446
17445,e,17446
17445,f,17446
17445,c,17446
17446,f,17446
17446,c,17446
17447,f,17446
17443,c,17446
17442,e,17446
17443,f,17446
17443,e,17446
17442,f,17446
17442,c,17446
17447,e,17446
17444,f,17446
17444,e,17446
17444,c,17446
17447,c,17447
17446,f,17447
17446,c,17447
17448,f,17447
17448,e,17447
17448,c,17447
17447,e,17447
17447,f,17447
17446,e,17447
17443,f,17447
17445,e,17447
17443,c,17447
17443,e,17447
17444,c,17447
17445,f,17447
17445,c,17447
17444,f,17447
17444,e,17447
17449,f,17448
17448,f,17448
17447,e,17448
17447,f,17448
17444,f,17448
17444,e,17448
17446,e,17448
17446,f,17448
17445,f,17448
17445,e,17448
17448,e,17448
17449,e,17448
17450,f,17449
17449,f,17449
17445,f,17449
17448,f,17449
17447,f,17449
17446,f,17449
17449,e,17453
17450,e,17453
17451,e,17453
17454,e,17453
17452,e,17453
17453,e,17453
17454,f,17454
17453,f,17454
17455,f,17454
17452,f,17454
17451,f,17454
17450,f,17454
17451,c,17455
17453,c,17455
17455,c,17455
17456,c,17455
17454,c,17455
17452,c,17455
17456,e,17456
17455,e,17456
17457,e,17456
17453,e,17456
17454,e,17456
17452,e,17456
17454,f,17457
17455,f,17457
17457,f,17457
17458,f,17457
17453,f,17457
17456,f,17457
17457,a,17458
17458,a,17458
17456,a,17458
17454,a,17458
17455,a,17458
17459,a,17458
17458,c,17459
17458,d,17459
17458,b,17459
17459,c,17459
17460,b,17459
17460,d,17459
17459,d,17459
17460,c,17459
17457,b,17459
17456,d,17459
17455,b,17459
17455,d,17459
17455,c,17459
17456,b,17459
17457,c,17459
17456,c,17459
17459,b,17459
17457,d,17459
17461,f,17460
17461,c,17460
17459,e,17460
17459,f,17460
17460,e,17460
17459,c,17460
17460,c,17460
17461,e,17460
17460,f,17460
17458,e,17460
17458,f,17460
17458,c,17460
17456,c,17460
17456,f,17460
17456,e,17460
17457,e,17460
17457,f,17460
17457,c,17460
17458,e,17461
17461,e,17461
17461,f,17461
17460,e,17461
17462,e,17461
17460,f,17461
17457,e,17461
17459,e,17461
17459,f,17461
17458,f,17461
17457,f,17461
17462,f,17461
17458,f,17462
17460,f,17462
17463,f,17462
17459,f,17462
17461,f,17462
17462,f,17462
17463,c,17463
17464,c,17463
17462,c,17463
17461,c,17463
17460,c,17463
17459,c,17463
17464,e,17464
17461,e,17464
17462,e,17464
17465,e,17464
17460,e,17464
17463,e,17464
17465,f,17465
17465,a,17465
17461,f,17465
17464,f,17465
17464,a,17465
17466,f,17465
17461,a,17465
17466,a,17465
17463,f,17465
17463,a,17465
17462,a,17465
17462,f,17465
17466,b,17466
17465,d,17466
17465,b,17466
17466,d,17466
17462,b,17466
17467,b,17466
17467,d,17466
17464,d,17466
17464,b,17466
17462,d,17466
17463,b,17466
17463,d,17466
17466,f,17467
17467,c,17467
17468,f,17467
17467,f,17467
17468,c,17467
17466,c,17467
17464,c,17467
17463,f,17467
17465,f,17467
17465,c,17467
17464,f,17467
17463,c,17467
17465,f,17468
17467,a,17468
17467,c,17468
17467,f,17468
17465,c,17468
17468,c,17468
17468,f,17468
17468,e,17468
17469,a,17468
17469,c,17468
17469,f,17468
17469,e,17468
17468,a,17468
17464,a,17468
17467,e,17468
17465,a,17468
17464,c,17468
17465,e,17468
17464,f,17468
17466,e,17468
17466,f,17468
17466,c,17468
17466,a,17468
17464,e,17468
17468,b,17469
17468,d,17469
17468,f,17469
17468,e,17469
17469,d,17469
17470,b,17469
17465,f,17469
17465,d,17469
17465,b,17469
17469,b,17469
17470,d,17469
17469,e,17469
17469,f,17469
17470,f,17469
17470,e,17469
17467,e,17469
17467,f,17469
17467,d,17469
17467,b,17469
17466,b,17469
17466,d,17469
17466,f,17469
17466,e,17469
17465,e,17469
17471,f,17470
17470,c,17470
17469,f,17470
17469,c,17470
17470,f,17470
17471,c,17470
17466,c,17470
17466,f,17470
17467,c,17470
17467,f,17470
17468,f,17470
17468,c,17470
17467,e,17471
17469,e,17471
17468,e,17471
17470,e,17471
17472,e,17471
17471,e,17471
17472,c,17472
17473,c,17472
17471,c,17472
17473,f,17472
17471,f,17472
17472,f,17472
17468,c,17472
17470,c,17472
17469,c,17472
17469,f,17472
17470,f,17472
17468,f,17472
17474,c,17473
17472,e,17473
17472,c,17473
17469,c,17473
17469,e,17473
17473,e,17473
17471,e,17473
17471,c,17473
17470,c,17473
17470,e,17473
17473,c,17473
17474,e,17473
17474,f,17474
17474,e,17474
17473,e,17474
17473,f,17474
17475,f,17474
17475,e,17474
17472,f,17474
17472,e,17474
17470,f,17474
17471,e,17474
17471,f,17474
17470,e,17474
17472,f,17475
17475,f,17475
17476,f,17475
17474,f,17475
17471,f,17475
17473,f,17475
17476,c,17478
17479,c,17478
17479,e,17478
17476,e,17478
17477,e,17478
17477,c,17478
17478,c,17478
17475,e,17478
17475,c,17478
17474,e,17478
17474,c,17478
17478,e,17478
17479,f,17479
17480,e,17479
17478,e,17479
17478,f,17479
17479,e,17479
17480,f,17479
17477,e,17479
17477,f,17479
17475,f,17479
17475,e,17479
17476,f,17479
17476,e,17479
17479,b,17480
17480,f,17480
17480,b,17480
17479,f,17480
17481,b,17480
17481,f,17480
17476,f,17480
17478,f,17480
17478,b,17480
17477,f,17480
17477,b,17480
17476,b,17480
17481,c,17481
17481,f,17481
17480,f,17481
17480,c,17481
17482,c,17481
17477,c,17481
17482,f,17481
17479,f,17481
17479,c,17481
17478,c,17481
17478,f,17481
17477,f,17481
17481,e,17482
17479,e,17482
17480,e,17482
17478,e,17482
17483,e,17482
17482,e,17482
17483,f,17483
17484,f,17483
17482,f,17483
17481,f,17483
17480,f,17483
17479,f,17483
17482,d,17485
17485,d,17485
17481,d,17485
17484,d,17485
17486,d,17485
17483,d,17485
17483,f,17486
17486,f,17486
17485,f,17486
17485,c,17486
17482,c,17486
17487,c,17486
17487,f,17486
17483,c,17486
17484,c,17486
17484,f,17486
17482,f,17486
17486,c,17486
17487,e,17487
17488,c,17487
17488,f,17487
17486,f,17487
17486,c,17487
17488,e,17487
17487,f,17487
17487,c,17487
17486,e,17487
17483,e,17487
17483,c,17487
17485,e,17487
17485,f,17487
17485,c,17487
17484,c,17487
17484,f,17487
17484,e,17487
17483,f,17487
17488,f,17488
17488,e,17488
17487,e,17488
17487,f,17488
17484,f,17488
17484,e,17488
17489,f,17488
17489,e,17488
17486,e,17488
17486,f,17488
17485,f,17488
17485,e,17488
17488,b,17489
17489,a,17489
17489,b,17489
17489,f,17489
17490,a,17489
17488,a,17489
17490,f,17489
17488,f,17489
17485,b,17489
17490,b,17489
17485,f,17489
17486,a,17489
17486,b,17489
17486,f,17489
17487,a,17489
17487,b,17489
17485,a,17489
17487,f,17489
17487,b,17490
17491,d,17490
17491,c,17490
17491,f,17490
17489,f,17490
17489,c,17490
17489,d,17490
17489,b,17490
17490,c,17490
17490,d,17490
17487,c,17490
17486,b,17490
17490,f,17490
17487,f,17490
17491,b,17490
17490,b,17490
17488,f,17490
17488,c,17490
17488,d,17490
17488,b,17490
17486,c,17490
17486,f,17490
17487,d,17490
17486,d,17490
17490,e,17491
17487,c,17491
17491,e,17491
17492,c,17491
17492,f,17491
17492,e,17491
17491,c,17491
17490,f,17491
17491,f,17491
17488,c,17491
17487,f,17491
17487,e,17491
17488,e,17491
17489,c,17491
17488,f,17491
17489,e,17491
17489,f,17491
17490,c,17491
17488,e,17492
17491,e,17492
17489,e,17492
17490,e,17492
17492,e,17492
17493,e,17492
17503,d,17503
17502,f,17503
17503,f,17503
17502,d,17503
17504,d,17503
17501,f,17503
17500,d,17503
17500,f,17503
17504,f,17503
17499,f,17503
17499,d,17503
17501,d,17503
17501,f,17504
17500,f,17504
17502,f,17504
17503,f,17504
17505,f,17504
17504,f,17504
17506,b,17506
17505,b,17506
17504,b,17506
17507,b,17506
17503,b,17506
17502,b,17506
17504,c,17507
17507,f,17507
17508,c,17507
17506,f,17507
17506,c,17507
17508,f,17507
17503,f,17507
17507,c,17507
17505,f,17507
17505,c,17507
17503,c,17507
17504,f,17507
17509,d,17508
17509,e,17508
17507,e,17508
17507,d,17508
17508,e,17508
17508,d,17508
17505,d,17508
17504,d,17508
17505,e,17508
17506,d,17508
17506,e,17508
17504,e,17508
17507,f,17509
17510,f,17509
17505,f,17509
17506,f,17509
17508,f,17509
17509,f,17509
17510,f,17510
17510,a,17510
17506,f,17510
17511,f,17510
17509,f,17510
17509,a,17510
17506,a,17510
17511,a,17510
17508,f,17510
17508,a,17510
17507,a,17510
17507,f,17510
17511,b,17511
17511,d,17511
17510,d,17511
17510,b,17511
17507,b,17511
17507,d,17511
17512,b,17511
17509,d,17511
17509,b,17511
17508,b,17511
17508,d,17511
17512,d,17511
17513,f,17512
17511,e,17512
17511,f,17512
17512,c,17512
17512,f,17512
17513,e,17512
17512,e,17512
17513,c,17512
17511,c,17512
17508,c,17512
17508,f,17512
17509,e,17512
17509,f,17512
17509,c,17512
17510,e,17512
17510,f,17512
17510,c,17512
17508,e,17512
17512,b,17513
17512,d,17513
17510,f,17513
17509,b,17513
17510,d,17513
17513,e,17513
17513,f,17513
17513,d,17513
17512,f,17513
17512,e,17513
17514,b,17513
17514,f,17513
17510,e,17513
17510,b,17513
17509,e,17513
17514,d,17513
17509,f,17513
17513,b,17513
17511,b,17513
17511,d,17513
17511,f,17513
17511,e,17513
17514,e,17513
17509,d,17513
17513,c,17514
17514,c,17514
17514,f,17514
17513,f,17514
17515,c,17514
17512,f,17514
17512,c,17514
17510,c,17514
17510,f,17514
17511,c,17514
17511,f,17514
17515,f,17514
17511,e,17515
17515,c,17515
17515,e,17515
17514,e,17515
17514,c,17515
17512,c,17515
17516,c,17515
17516,e,17515
17513,e,17515
17513,c,17515
17512,e,17515
17511,c,17515
17515,e,17516
17517,e,17516
17515,f,17516
17517,f,17516
17516,e,17516
17516,f,17516
17512,f,17516
17514,e,17516
17514,f,17516
17512,e,17516
17513,f,17516
17513,e,17516
17513,d,17517
17518,d,17517
17518,f,17517
17516,f,17517
17516,d,17517
17517,f,17517
17515,f,17517
17515,d,17517
17513,f,17517
17514,d,17517
17514,f,17517
17517,d,17517
17518,e,17518
17519,f,17518
17519,e,17518
17517,e,17518
17517,f,17518
17514,f,17518
17518,f,17518
17516,e,17518
17516,f,17518
17514,e,17518
17515,e,17518
17515,f,17518
17516,f,17519
17517,f,17519
17515,f,17519
17518,f,17519
17520,f,17519
17519,f,17519
17521,c,17521
17520,c,17521
17519,c,17521
17522,c,17521
17518,c,17521
17517,c,17521
17519,a,17522
17519,e,17522
17522,e,17522
17518,a,17522
17522,a,17522
17520,a,17522
17520,e,17522
17518,e,17522
17521,e,17522
17523,e,17522
17523,a,17522
17521,a,17522
17522,b,17523
17522,f,17523
17523,d,17523
17523,f,17523
17524,b,17523
17524,f,17523
17523,b,17523
17524,d,17523
17522,d,17523
17519,d,17523
17521,f,17523
17521,d,17523
17521,b,17523
17519,b,17523
17519,f,17523
17520,f,17523
17520,d,17523
17520,b,17523
17525,f,17524
17525,c,17524
17524,f,17524
17524,c,17524
17523,f,17524
17523,c,17524
17521,f,17524
17520,f,17524
17520,c,17524
17521,c,17524
17522,f,17524
17522,c,17524
17521,e,17525
17526,e,17525
17524,e,17525
17525,e,17525
17523,e,17525
17522,e,17525
17524,f,17526
17522,f,17526
17525,f,17526
17523,f,17526
17526,f,17526
17527,f,17526
17531,d,17530
17526,d,17530
17527,d,17530
17528,d,17530
17529,d,17530
17530,d,17530
17532,f,17531
17531,f,17531
17527,f,17531
17529,f,17531
17528,f,17531
17530,f,17531
17535,e,17535
17534,e,17535
17533,e,17535
17536,e,17535
17531,e,17535
17532,e,17535
17532,c,17536
17536,f,17536
17535,f,17536
17535,c,17536
17537,c,17536
17532,f,17536
17537,f,17536
17536,c,17536
17533,f,17536
17533,c,17536
17534,f,17536
17534,c,17536
17537,f,17537
17537,b,17537
17537,e,17537
17536,e,17537
17538,b,17537
17538,f,17537
17536,f,17537
17536,b,17537
17538,e,17537
17535,e,17537
17535,f,17537
17535,b,17537
17533,b,17537
17533,f,17537
17533,e,17537
17534,e,17537
17534,f,17537
17534,b,17537
17535,f,17538
17539,f,17538
17539,c,17538
17538,c,17538
17537,f,17538
17537,c,17538
17538,f,17538
17534,f,17538
17536,c,17538
17535,c,17538
17536,f,17538
17534,c,17538
17540,e,17539
17536,e,17539
17537,e,17539
17535,e,17539
17538,e,17539
17539,e,17539
17540,e,17540
17540,f,17540
17541,e,17540
17539,e,17540
17539,f,17540
17541,f,17540
17536,e,17540
17536,f,17540
17538,e,17540
17538,f,17540
17537,f,17540
17537,e,17540
17538,f,17541
17542,c,17541
17540,f,17541
17540,c,17541
17537,c,17541
17537,f,17541
17542,f,17541
17539,f,17541
17539,c,17541
17541,c,17541
17538,c,17541
17541,f,17541
17542,e,17542
17541,e,17542
17543,e,17542
17538,e,17542
17540,e,17542
17539,e,17542
17541,f,17543
17539,f,17543
17542,f,17543
17543,f,17543
17544,f,17543
17540,f,17543
17546,a,17547
17547,a,17547
17548,a,17547
17545,a,17547
17544,a,17547
17543,a,17547
17545,b,17548
17549,d,17548
17549,b,17548
17544,d,17548
17548,b,17548
17547,d,17548
17547,b,17548
17548,d,17548
17544,b,17548
17546,d,17548
17546,b,17548
17545,d,17548
17545,c,17549
17548,b,17549
17548,c,17549
17548,f,17549
17545,b,17549
17546,b,17549
17549,b,17549
17549,c,17549
17549,f,17549
17549,e,17549
17550,b,17549
17550,c,17549
17545,f,17549
17550,f,17549
17548,e,17549
17550,e,17549
17546,c,17549
17546,f,17549
17547,b,17549
17547,e,17549
17547,f,17549
17547,c,17549
17546,e,17549
17545,e,17549
17549,c,17550
17549,f,17550
17550,e,17550
17551,c,17550
17550,f,17550
17550,c,17550
17549,e,17550
17546,c,17550
17546,e,17550
17551,f,17550
17551,e,17550
17548,e,17550
17548,f,17550
17548,c,17550
17547,c,17550
17547,f,17550
17547,e,17550
17546,f,17550
17552,f,17551
17551,f,17551
17551,e,17551
17550,e,17551
17550,f,17551
17552,e,17551
17547,e,17551
17549,e,17551
17548,f,17551
17548,e,17551
17549,f,17551
17547,f,17551
17548,d,17552
17552,f,17552
17553,d,17552
17553,f,17552
17551,f,17552
17551,d,17552
17552,d,17552
17550,f,17552
17550,d,17552
17549,d,17552
17549,f,17552
17548,f,17552
17553,f,17553
17554,c,17553
17554,f,17553
17553,c,17553
17552,f,17553
17549,c,17553
17552,c,17553
17550,f,17553
17550,c,17553
17549,f,17553
17551,c,17553
17551,f,17553
17554,e,17554
17553,e,17554
17550,e,17554
17552,e,17554
17551,e,17554
17555,e,17554
17555,e,17555
17556,e,17555
17553,e,17555
17552,e,17555
17551,e,17555
17554,e,17555
17555,f,17556
17553,f,17556
17556,f,17556
17552,f,17556
17554,f,17556
17557,f,17556
17563,a,17563
17564,a,17563
17562,a,17563
17561,a,17563
17559,a,17563
17560,a,17563
17564,b,17564
17565,d,17564
17564,d,17564
17560,d,17564
17563,b,17564
17563,d,17564
17565,b,17564
17561,b,17564
17562,b,17564
17560,b,17564
17561,d,17564
17562,d,17564
17566,c,17565
17564,f,17565
17564,c,17565
17565,c,17565
17562,c,17565
17565,f,17565
17563,f,17565
17563,c,17565
17561,f,17565
17562,f,17565
17561,c,17565
17566,f,17565
17565,e,17566
17563,e,17566
17566,e,17566
17567,e,17566
17562,e,17566
17564,e,17566
17567,f,17567
17568,f,17567
17565,f,17567
17564,f,17567
17563,f,17567
17566,f,17567
17569,a,17568
17567,a,17568
17568,a,17568
17565,a,17568
17566,a,17568
17564,a,17568
17569,e,17569
17569,d,17569
17569,b,17569
17570,b,17569
17568,e,17569
17570,d,17569
17570,e,17569
17568,d,17569
17568,b,17569
17567,e,17569
17567,d,17569
17565,b,17569
17567,b,17569
17565,d,17569
17565,e,17569
17566,b,17569
17566,d,17569
17566,e,17569
17567,f,17570
17570,f,17570
17570,c,17570
17567,c,17570
17571,f,17570
17569,c,17570
17569,f,17570
17571,c,17570
17566,f,17570
17568,c,17570
17566,c,17570
17568,f,17570
17570,b,17571
17572,b,17571
17572,e,17571
17570,e,17571
17569,e,17571
17569,b,17571
17568,b,17571
17568,e,17571
17571,e,17571
17571,b,17571
17567,b,17571
17567,e,17571
17571,b,17572
17572,f,17572
17571,c,17572
17572,b,17572
17572,c,17572
17573,c,17572
17573,b,17572
17573,f,17572
17571,f,17572
17570,f,17572
17569,f,17572
17569,b,17572
17568,f,17572
17568,b,17572
17568,c,17572
17570,c,17572
17570,b,17572
17569,c,17572
17572,d,17573
17572,c,17573
17572,f,17573
17574,c,17573
17574,f,17573
17574,d,17573
17573,d,17573
17573,c,17573
17572,e,17573
17570,f,17573
17570,e,17573
17574,e,17573
17570,c,17573
17570,d,17573
17573,f,17573
17569,d,17573
17569,f,17573
17569,e,17573
17571,c,17573
17571,f,17573
17571,e,17573
17569,c,17573
17571,d,17573
17573,e,17573
17573,e,17574
17574,f,17574
17575,e,17574
17574,e,17574
17575,f,17574
17571,f,17574
17570,f,17574
17572,e,17574
17572,f,17574
17571,e,17574
17570,e,17574
17573,f,17574
17573,f,17575
17576,f,17575
17572,f,17575
17571,f,17575
17574,f,17575
17575,f,17575
17576,f,17576
17575,f,17576
17572,f,17576
17577,f,17576
17574,f,17576
17573,f,17576
17577,c,17577
17574,b,17577
17577,b,17577
17573,c,17577
17575,b,17577
17575,c,17577
17574,c,17577
17578,c,17577
17578,b,17577
17573,b,17577
17576,b,17577
17576,c,17577
17577,e,17578
17579,e,17578
17579,c,17578
17578,e,17578
17578,c,17578
17577,c,17578
17574,e,17578
17576,e,17578
17576,c,17578
17575,c,17578
17575,e,17578
17574,c,17578
17580,f,17579
17580,e,17579
17578,e,17579
17578,f,17579
17575,f,17579
17575,e,17579
17579,e,17579
17577,e,17579
17577,f,17579
17576,f,17579
17576,e,17579
17579,f,17579
17581,d,17580
17579,d,17580
17579,f,17580
17580,f,17580
17580,d,17580
17581,f,17580
17576,f,17580
17578,f,17580
17576,d,17580
17577,f,17580
17577,d,17580
17578,d,17580
17581,a,17581
17581,c,17581
17581,f,17581
17580,f,17581
17580,c,17581
17580,b,17581
17582,a,17581
17582,b,17581
17582,c,17581
17582,f,17581
17581,b,17581
17580,a,17581
17578,f,17581
17577,c,17581
17578,c,17581
17577,f,17581
17579,a,17581
17579,b,17581
17577,a,17581
17579,c,17581
17578,a,17581
17578,b,17581
17579,f,17581
17577,b,17581
17581,f,17582
17581,c,17582
17579,b,17582
17581,e,17582
17581,b,17582
17579,d,17582
17582,c,17582
17582,f,17582
17582,e,17582
17583,b,17582
17583,d,17582
17583,c,17582
17583,f,17582
17583,e,17582
17582,b,17582
17582,d,17582
17581,d,17582
17578,d,17582
17579,c,17582
17579,f,17582
17579,e,17582
17578,e,17582
17578,f,17582
17578,b,17582
17580,b,17582
17580,d,17582
17580,c,17582
17578,c,17582
17580,e,17582
17580,f,17582
17584,e,17583
17583,c,17583
17580,e,17583
17579,c,17583
17579,f,17583
17584,c,17583
17582,e,17583
17582,c,17583
17582,f,17583
17583,f,17583
17580,f,17583
17580,c,17583
17581,c,17583
17581,f,17583
17581,e,17583
17584,f,17583
17579,e,17583
17583,e,17583
17585,e,17584
17583,e,17584
17583,f,17584
17585,f,17584
17584,e,17584
17584,f,17584
17582,e,17584
17582,f,17584
17581,e,17584
17581,f,17584
17580,e,17584
17580,f,17584
17583,e,17585
17582,e,17585
17581,e,17585
17584,e,17585
17586,e,17585
17585,e,17585
17587,a,17587
17586,a,17587
17585,a,17587
17588,a,17587
17583,a,17587
17584,a,17587
17585,b,17588
17589,b,17588
17588,d,17588
17588,b,17588
17587,d,17588
17587,b,17588
17589,d,17588
17586,d,17588
17586,b,17588
17584,b,17588
17585,d,17588
17584,d,17588
17586,f,17589
17590,c,17589
17586,c,17589
17589,f,17589
17589,c,17589
17585,c,17589
17588,f,17589
17588,c,17589
17585,f,17589
17587,f,17589
17587,c,17589
17590,f,17589
17588,e,17590
17591,e,17590
17587,e,17590
17589,e,17590
17586,e,17590
17590,e,17590
17591,f,17591
17592,f,17591
17590,f,17591
17589,f,17591
17587,f,17591
17588,f,17591
17590,d,17593
17592,d,17593
17594,d,17593
17589,d,17593
17593,d,17593
17591,d,17593
17594,f,17594
17595,e,17594
17594,a,17594
17594,e,17594
17593,e,17594
17593,f,17594
17595,a,17594
17595,f,17594
17593,a,17594
17591,f,17594
17590,a,17594
17591,a,17594
17590,e,17594
17592,e,17594
17592,f,17594
17592,a,17594
17591,e,17594
17590,f,17594
17594,b,17595
17594,d,17595
17592,b,17595
17595,b,17595
17595,d,17595
17595,f,17595
17596,f,17595
17596,d,17595
17591,b,17595
17594,f,17595
17596,b,17595
17592,d,17595
17592,f,17595
17593,f,17595
17593,d,17595
17593,b,17595
17591,f,17595
17591,d,17595
17595,f,17596
17595,c,17596
17592,c,17596
17592,f,17596
17592,e,17596
17596,e,17596
17597,c,17596
17597,e,17596
17595,e,17596
17596,f,17596
17596,c,17596
17594,e,17596
17594,f,17596
17594,c,17596
17593,c,17596
17593,f,17596
17593,e,17596
17597,f,17596
17596,c,17597
17597,e,17597
17598,c,17597
17597,c,17597
17597,f,17597
17598,f,17597
17598,e,17597
17596,e,17597
17596,f,17597
17593,c,17597
17593,f,17597
17594,f,17597
17594,c,17597
17595,e,17597
17595,f,17597
17595,c,17597
17594,e,17597
17593,e,17597
17594,f,17598
17597,c,17598
17599,f,17598
17597,e,17598
17599,e,17598
17599,c,17598
17598,e,17598
17597,f,17598
17594,c,17598
17598,c,17598
17594,e,17598
17595,e,17598
17595,f,17598
17596,e,17598
17596,f,17598
17596,c,17598
17598,f,17598
17595,c,17598
17600,e,17599
17598,a,17599
17599,a,17599
17600,f,17599
17600,a,17599
17599,e,17599
17599,f,17599
17598,f,17599
17595,f,17599
17598,e,17599
17595,a,17599
17596,a,17599
17596,f,17599
17596,e,17599
17597,e,17599
17597,f,17599
17597,a,17599
17595,e,17599
17600,d,17600
17601,b,17600
17599,d,17600
17599,b,17600
17596,d,17600
17601,d,17600
17598,d,17600
17598,b,17600
17597,b,17600
17597,d,17600
17596,b,17600
17600,b,17600
17601,c,17601
17600,c,17601
17602,c,17601
17597,c,17601
17599,c,17601
17598,c,17601
17599,e,17602
17600,e,17602
17598,e,17602
17601,e,17602
17603,e,17602
17602,e,17602
17603,f,17603
17602,f,17603
17604,f,17603
17599,f,17603
17601,f,17603
17600,f,17603
17606,f,17605
17605,f,17605
17605,d,17605
17604,f,17605
17604,d,17605
17606,d,17605
17602,d,17605
17601,d,17605
17602,f,17605
17603,d,17605
17601,f,17605
17603,f,17605
17602,f,17606
17604,f,17606
17603,f,17606
17605,f,17606
17606,f,17606
17607,f,17606
17607,e,17607
17607,b,17607
17608,b,17607
17606,e,17607
17608,e,17607
17606,b,17607
17603,b,17607
17604,b,17607
17604,e,17607
17603,e,17607
17605,e,17607
17605,b,17607
17605,f,17608
17604,b,17608
17607,f,17608
17608,f,17608
17604,c,17608
17605,c,17608
17608,c,17608
17606,f,17608
17607,b,17608
17606,c,17608
17606,b,17608
17604,f,17608
17609,f,17608
17605,b,17608
17609,b,17608
17609,c,17608
17608,b,17608
17607,c,17608
17608,e,17609
17608,f,17609
17610,c,17609
17609,e,17609
17609,f,17609
17608,c,17609
17610,f,17609
17609,c,17609
17606,f,17609
17605,c,17609
17605,f,17609
17607,e,17609
17607,f,17609
17607,c,17609
17605,e,17609
17606,c,17609
17606,e,17609
17610,e,17609
17609,c,17610
17610,c,17610
17609,e,17610
17611,f,17610
17611,c,17610
17610,e,17610
17610,f,17610
17609,f,17610
17611,e,17610
17607,c,17610
17606,c,17610
17608,e,17610
17608,f,17610
17608,c,17610
17606,f,17610
17606,e,17610
17607,e,17610
17607,f,17610
17612,e,17611
17612,f,17611
17611,e,17611
17611,f,17611
17610,e,17611
17608,e,17611
17607,f,17611
17607,e,17611
17608,f,17611
17609,e,17611
17609,f,17611
17610,f,17611
17611,f,17612
17610,f,17612
17612,f,17612
17609,f,17612
17608,f,17612
17613,f,17612
17611,e,17614
17612,e,17614
17614,e,17614
17610,e,17614
17613,e,17614
17615,e,17614
17616,e,17615
17614,b,17615
17615,b,17615
17614,e,17615
17615,f,17615
17615,e,17615
17614,f,17615
17613,e,17615
17612,f,17615
17616,b,17615
17613,b,17615
17611,b,17615
17611,f,17615
17612,e,17615
17611,e,17615
17612,b,17615
17616,f,17615
17613,f,17615
17616,c,17616
17615,f,17616
17615,c,17616
17616,f,17616
17613,c,17616
17617,c,17616
17614,f,17616
17614,c,17616
17612,c,17616
17612,f,17616
17617,f,17616
17613,f,17616
17617,b,17617
17617,e,17617
17616,b,17617
17616,e,17617
17614,b,17617
17618,b,17617
17615,e,17617
17615,b,17617
17618,e,17617
17613,b,17617
17613,e,17617
17614,e,17617
17618,a,17618
17618,c,17618
17618,f,17618
17617,f,17618
17617,c,17618
17617,a,17618
17619,a,17618
17619,c,17618
17615,f,17618
17619,f,17618
17614,f,17618
17616,f,17618
17616,c,17618
17616,a,17618
17614,a,17618
17614,c,17618
17615,a,17618
17615,c,17618
17620,b,17619
17620,a,17619
17619,e,17619
17618,a,17619
17618,b,17619
17619,a,17619
17619,b,17619
17618,e,17619
17619,d,17619
17620,e,17619
17618,d,17619
17620,d,17619
17616,b,17619
17616,e,17619
17616,a,17619
17615,e,17619
17615,a,17619
17615,b,17619
17615,d,17619
17617,e,17619
17617,d,17619
17617,b,17619
17617,a,17619
17616,d,17619
17619,b,17620
17619,d,17620
17619,c,17620
17616,b,17620
17621,f,17620
17621,c,17620
17621,d,17620
17620,f,17620
17620,b,17620
17619,f,17620
17621,b,17620
17620,c,17620
17616,d,17620
17617,f,17620
17617,c,17620
17617,d,17620
17617,b,17620
17616,f,17620
17618,b,17620
17620,d,17620
17618,c,17620
17618,d,17620
17618,f,17620
17616,c,17620
17622,e,17621
17622,f,17621
17620,e,17621
17620,c,17621
17622,c,17621
17621,e,17621
17621,f,17621
17617,c,17621
17621,c,17621
17617,f,17621
17620,f,17621
17618,e,17621
17619,c,17621
17619,f,17621
17618,c,17621
17619,e,17621
17617,e,17621
17618,f,17621
17623,f,17622
17619,e,17622
17619,f,17622
17620,f,17622
17620,e,17622
17618,e,17622
17618,f,17622
17621,f,17622
17621,e,17622
17622,e,17622
17622,f,17622
17623,e,17622
17622,f,17623
17623,f,17623
17622,a,17623
17623,a,17623
17619,f,17623
17624,a,17623
17624,f,17623
17621,f,17623
17621,a,17623
17619,a,17623
17620,a,17623
17620,f,17623
17624,b,17624
17624,d,17624
17623,d,17624
17623,b,17624
17620,b,17624
17625,d,17624
17622,d,17624
17622,b,17624
17620,d,17624
17621,b,17624
17621,d,17624
17625,b,17624
17625,f,17625
17625,c,17625
17624,f,17625
17624,c,17625
17626,c,17625
17626,f,17625
17621,c,17625
17623,c,17625
17621,f,17625
17623,f,17625
17622,c,17625
17622,f,17625
17625,e,17626
17622,e,17626
17626,e,17626
17627,e,17626
17624,e,17626
17623,e,17626
17628,d,17627
17626,a,17627
17626,f,17627
17628,a,17627
17627,f,17627
17627,d,17627
17627,a,17627
17626,d,17627
17628,f,17627
17623,d,17627
17623,a,17627
17624,a,17627
17625,f,17627
17625,d,17627
17625,a,17627
17623,f,17627
17624,f,17627
17624,d,17627
17628,f,17628
17627,b,17628
17627,d,17628
17627,f,17628
17629,f,17628
17629,d,17628
17629,b,17628
17629,e,17628
17628,b,17628
17628,d,17628
17627,e,17628
17628,e,17628
17624,d,17628
17624,e,17628
17624,b,17628
17626,e,17628
17626,f,17628
17626,d,17628
17625,b,17628
17625,d,17628
17625,f,17628
17625,e,17628
17624,f,17628
17626,b,17628
17629,f,17629
17630,c,17629
17628,f,17629
17628,c,17629
17625,c,17629
17629,c,17629
17627,f,17629
17627,c,17629
17626,c,17629
17626,f,17629
17630,f,17629
17625,f,17629
17630,a,17630
17630,d,17630
17630,e,17630
17631,a,17630
17631,d,17630
17629,e,17630
17629,d,17630
17629,a,17630
17626,e,17630
17631,e,17630
17626,d,17630
17628,a,17630
17627,d,17630
17627,e,17630
17627,a,17630
17628,d,17630
17626,a,17630
17628,e,17630
17628,b,17631
17632,f,17631
17631,b,17631
17631,d,17631
17631,f,17631
17630,f,17631
17630,b,17631
17628,f,17631
17627,b,17631
17627,f,17631
17628,d,17631
17632,b,17631
17632,d,17631
17629,f,17631
17629,d,17631
17629,b,17631
17627,d,17631
17630,d,17631
17633,c,17632
17631,f,17632
17631,c,17632
17628,c,17632
17630,f,17632
17630,c,17632
17628,f,17632
17629,f,17632
17629,c,17632
17632,c,17632
17633,f,17632
17632,f,17632
17633,e,17633
17634,e,17633
17632,e,17633
17631,e,17633
17630,e,17633
17629,e,17633
17632,f,17634
17631,f,17634
17630,f,17634
17633,f,17634
17635,f,17634
17634,f,17634
17636,a,17636
17637,a,17636
17634,a,17636
17635,a,17636
17632,a,17636
17633,a,17636
17633,d,17637
17636,a,17637
17636,e,17637
17637,e,17637
17637,d,17637
17637,b,17637
17633,e,17637
17637,a,17637
17635,e,17637
17635,d,17637
17636,b,17637
17635,b,17637
17633,a,17637
17638,a,17637
17638,b,17637
17638,d,17637
17638,e,17637
17634,e,17637
17634,d,17637
17634,b,17637
17634,a,17637
17633,b,17637
17635,a,17637
17636,d,17637
17637,b,17638
17638,f,17638
17637,c,17638
17637,f,17638
17639,d,17638
17639,b,17638
17638,c,17638
17637,d,17638
17639,c,17638
17638,d,17638
17635,f,17638
17634,b,17638
17634,d,17638
17636,f,17638
17636,c,17638
17636,d,17638
17636,b,17638
17638,b,17638
17634,c,17638
17634,f,17638
17639,f,17638
17635,c,17638
17635,b,17638
17635,d,17638
17639,c,17639
17638,e,17639
17640,e,17639
17640,f,17639
17639,e,17639
17639,f,17639
17638,f,17639
17640,c,17639
17638,c,17639
17636,c,17639
17637,e,17639
17635,c,17639
17635,f,17639
17635,e,17639
17637,f,17639
17637,c,17639
17636,e,17639
17636,f,17639
17640,e,17640
17640,f,17640
17639,e,17640
17639,f,17640
17641,e,17640
17637,e,17640
17636,e,17640
17638,e,17640
17638,f,17640
17637,f,17640
17636,f,17640
17641,f,17640
17637,f,17641
17639,f,17641
17642,f,17641
17638,f,17641
17640,f,17641
17641,f,17641
17641,c,17642
17643,c,17642
17642,c,17642
17640,c,17642
17639,c,17642
17638,c,17642
17640,e,17643
17639,e,17643
17641,e,17643
17642,e,17643
17643,e,17643
17644,e,17643
17641,f,17644
17645,f,17644
17642,f,17644
17640,f,17644
17643,f,17644
17644,f,17644
17644,f,17645
17642,f,17645
17645,f,17645
17641,f,17645
17643,f,17645
17646,f,17645
17649,a,17649
17648,a,17649
17647,a,17649
17646,a,17649
17650,a,17649
17645,a,17649
17650,d,17650
17649,d,17650
17649,b,17650
17650,b,17650
17651,b,17650
17651,d,17650
17646,d,17650
17646,b,17650
17648,d,17650
17648,b,17650
17647,d,17650
17647,b,17650
17652,c,17651
17652,f,17651
17650,f,17651
17650,c,17651
17651,f,17651
17651,c,17651
17647,c,17651
17647,f,17651
17649,f,17651
17649,c,17651
17648,c,17651
17648,f,17651
17652,b,17652
17652,e,17652
17653,e,17652
17651,e,17652
17651,b,17652
17648,b,17652
17648,e,17652
17653,b,17652
17650,e,17652
17650,b,17652
17649,b,17652
17649,e,17652
17652,f,17653
17654,c,17653
17653,f,17653
17652,c,17653
17654,f,17653
17649,c,17653
17651,c,17653
17651,f,17653
17649,f,17653
17650,f,17653
17650,c,17653
17653,c,17653
17654,e,17654
17655,f,17654
17655,e,17654
17653,e,17654
17653,f,17654
17654,f,17654
17652,e,17654
17650,f,17654
17650,e,17654
17651,f,17654
17652,f,17654
17651,e,17654
17652,f,17655
17655,f,17655
17654,f,17655
17656,f,17655
17653,f,17655
17651,f,17655
17652,c,17656
17657,c,17656
17653,c,17656
17655,c,17656
17656,c,17656
17654,c,17656
17658,e,17657
17657,e,17657
17657,b,17657
17656,e,17657
17656,b,17657
17658,b,17657
17655,b,17657
17653,b,17657
17655,e,17657
17653,e,17657
17654,b,17657
17654,e,17657
17658,f,17658
17655,f,17658
17659,c,17658
17657,f,17658
17657,c,17658
17658,c,17658
17659,f,17658
17656,f,17658
17656,c,17658
17654,c,17658
17654,f,17658
17655,c,17658
17659,e,17659
17660,b,17659
17658,e,17659
17660,e,17659
17659,b,17659
17655,b,17659
17658,b,17659
17657,e,17659
17655,e,17659
17656,b,17659
17656,e,17659
17657,b,17659
17659,f,17660
17660,f,17660
17660,c,17660
17661,f,17660
17659,c,17660
17656,c,17660
17661,c,17660
17658,f,17660
17657,f,17660
17657,c,17660
17658,c,17660
17656,f,17660
17661,e,17661
17660,e,17661
17657,e,17661
17662,e,17661
17659,e,17661
17658,e,17661
17662,a,17662
17662,f,17662
17661,a,17662
17663,f,17662
17661,f,17662
17663,a,17662
17658,f,17662
17658,a,17662
17660,f,17662
17660,a,17662
17659,a,17662
17659,f,17662
17663,d,17663
17664,b,17663
17664,d,17663
17662,d,17663
17662,b,17663
17663,b,17663
17659,b,17663
17661,d,17663
17661,b,17663
17659,d,17663
17660,b,17663
17660,d,17663
17665,c,17664
17660,c,17664
17664,c,17664
17663,f,17664
17663,c,17664
17664,f,17664
17660,f,17664
17665,f,17664
17661,f,17664
17661,c,17664
17662,c,17664
17662,f,17664
17663,e,17665
17664,e,17665
17661,e,17665
17666,e,17665
17665,e,17665
17662,e,17665
17665,a,17666
17665,f,17666
17662,e,17666
17666,e,17666
17667,a,17666
17667,f,17666
17667,e,17666
17666,f,17666
17665,e,17666
17666,a,17666
17662,f,17666
17664,e,17666
17664,f,17666
17664,a,17666
17663,e,17666
17662,a,17666
17663,a,17666
17663,f,17666
17664,f,17667
17666,d,17667
17666,f,17667
17664,d,17667
17667,b,17667
17667,f,17667
17668,f,17667
17668,d,17667
17667,d,17667
17663,b,17667
17666,b,17667
17663,d,17667
17664,b,17667
17663,f,17667
17665,b,17667
17665,d,17667
17665,f,17667
17668,b,17667
17668,f,17668
17665,c,17668
17668,c,17668
17666,c,17668
17665,f,17668
17669,c,17668
17669,f,17668
17667,c,17668
17667,f,17668
17664,f,17668
17664,c,17668
17666,f,17668
17668,c,17669
17668,e,17669
17669,e,17669
17669,c,17669
17670,e,17669
17667,e,17669
17667,c,17669
17666,e,17669
17666,c,17669
17665,e,17669
17665,c,17669
17670,c,17669
17670,e,17670
17671,e,17670
17669,e,17670
17669,f,17670
17671,f,17670
17670,f,17670
17668,e,17670
17668,f,17670
17666,f,17670
17667,e,17670
17667,f,17670
17666,e,17670
17672,f,17671
17671,f,17671
17670,f,17671
17668,f,17671
17667,f,17671
17669,f,17671
17670,b,17673
17670,d,17673
17674,d,17673
17674,b,17673
17669,d,17673
17672,d,17673
17669,b,17673
17671,b,17673
17671,d,17673
17672,b,17673
17673,b,17673
17673,d,17673
17673,f,17674
17673,c,17674
17675,c,17674
17675,d,17674
17674,d,17674
17673,d,17674
17675,f,17674
17672,d,17674
17672,f,17674
17672,c,17674
17674,c,17674
17671,f,17674
17671,c,17674
17671,d,17674
17670,f,17674
17670,c,17674
17670,d,17674
17674,f,17674
17675,e,17675
17676,e,17675
17674,e,17675
17674,f,17675
17675,f,17675
17676,f,17675
17673,e,17675
17673,f,17675
17672,e,17675
17672,f,17675
17671,e,17675
17671,f,17675
17673,f,17676
17677,f,17676
17676,f,17676
17675,f,17676
17674,f,17676
17672,f,17676
17675,e,17679
17678,e,17679
17678,d,17679
17680,d,17679
17677,e,17679
17677,d,17679
17680,e,17679
17676,e,17679
17676,d,17679
17679,e,17679
17675,d,17679
17679,d,17679
17680,f,17680
17679,f,17680
17677,f,17680
17678,f,17680
17676,f,17680
17681,f,17680
17678,b,17681
17679,b,17681
17681,b,17681
17677,b,17681
17680,b,17681
17682,b,17681
17682,c,17682
17681,f,17682
17681,c,17682
17682,f,17682
17683,c,17682
17680,c,17682
17683,f,17682
17679,f,17682
17679,c,17682
17678,c,17682
17678,f,17682
17680,f,17682
17680,c,17683
17683,c,17683
17683,e,17683
17682,e,17683
17682,c,17683
17684,c,17683
17684,e,17683
17679,e,17683
17681,e,17683
17681,c,17683
17679,c,17683
17680,e,17683
17684,e,17684
17683,e,17684
17685,c,17684
17685,f,17684
17683,f,17684
17683,c,17684
17685,e,17684
17684,f,17684
17684,c,17684
17680,f,17684
17680,c,17684
17682,e,17684
17682,f,17684
17682,c,17684
17681,c,17684
17681,f,17684
17681,e,17684
17680,e,17684
17685,c,17685
17685,f,17685
17686,c,17685
17686,f,17685
17686,e,17685
17684,e,17685
17684,f,17685
17684,c,17685
17685,e,17685
17683,e,17685
17683,f,17685
17683,c,17685
17681,e,17685
17682,c,17685
17682,f,17685
17682,e,17685
17681,c,17685
17681,f,17685
17686,f,17686
17686,e,17686
17687,f,17686
17687,e,17686
17685,e,17686
17685,f,17686
17682,e,17686
17683,e,17686
17682,f,17686
17684,f,17686
17684,e,17686
17683,f,17686
17687,b,17687
17687,f,17687
17686,f,17687
17686,b,17687
17683,b,17687
17683,f,17687
17684,b,17687
17688,b,17687
17685,f,17687
17685,b,17687
17684,f,17687
17688,f,17687
17687,e,17688
17689,e,17688
17689,f,17688
17687,c,17688
17688,c,17688
17688,f,17688
17687,f,17688
17684,e,17688
17686,c,17688
17686,e,17688
17686,f,17688
17685,e,17688
17685,f,17688
17685,c,17688
17684,c,17688
17688,e,17688
17684,f,17688
17689,c,17688
17689,e,17689
17690,f,17689
17690,e,17689
17689,f,17689
17685,f,17689
17688,f,17689
17687,e,17689
17687,f,17689
17686,e,17689
17686,f,17689
17685,e,17689
17688,e,17689
17694,d,17693
17693,d,17693
17691,d,17693
17693,b,17693
17692,d,17693
17692,b,17693
17691,b,17693
17694,b,17693
17689,b,17693
17690,d,17693
17689,d,17693
17690,b,17693
17690,f,17694
17694,c,17694
17695,c,17694
17695,f,17694
17693,e,17694
17693,f,17694
17693,c,17694
17694,f,17694
17695,e,17694
17692,e,17694
17692,f,17694
17692,c,17694
17690,c,17694
17690,e,17694
17691,e,17694
17691,f,17694
17691,c,17694
17694,e,17694
17696,f,17695
17696,e,17695
17694,e,17695
17694,f,17695
17695,f,17695
17695,e,17695
17693,e,17695
17693,f,17695
17692,e,17695
17691,f,17695
17692,f,17695
17691,e,17695
17693,f,17696
17694,f,17696
17692,f,17696
17695,f,17696
17697,f,17696
17696,f,17696
17697,d,17698
17699,d,17698
17696,d,17698
17698,d,17698
17695,d,17698
17694,d,17698
17699,e,17699
17699,f,17699
17700,e,17699
17698,e,17699
17698,f,17699
17700,f,17699
17697,f,17699
17697,e,17699
17696,e,17699
17696,f,17699
17695,e,17699
17695,f,17699
17698,f,17700
17696,f,17700
17699,f,17700
17697,f,17700
17700,f,17700
17701,f,17700
17702,b,17703
17702,f,17703
17703,f,17703
17704,b,17703
17704,f,17703
17703,b,17703
17701,f,17703
17700,f,17703
17701,b,17703
17699,b,17703
17699,f,17703
17700,b,17703
17701,c,17704
17705,f,17704
17705,c,17704
17704,c,17704
17703,f,17704
17703,c,17704
17704,f,17704
17700,f,17704
17702,f,17704
17702,c,17704
17700,c,17704
17701,f,17704
17706,b,17705
17705,e,17705
17701,e,17705
17704,b,17705
17704,e,17705
17703,e,17705
17703,b,17705
17702,b,17705
17702,e,17705
17701,b,17705
17705,b,17705
17706,e,17705
17707,b,17706
17705,d,17706
17707,d,17706
17705,c,17706
17705,f,17706
17706,f,17706
17706,c,17706
17706,d,17706
17706,b,17706
17705,b,17706
17707,c,17706
17702,d,17706
17703,f,17706
17702,c,17706
17702,f,17706
17703,b,17706
17703,d,17706
17703,c,17706
17707,f,17706
17704,c,17706
17704,b,17706
17704,d,17706
17702,b,17706
17704,f,17706
17708,c,17707
17708,f,17707
17706,f,17707
17706,c,17707
17708,e,17707
17706,e,17707
17707,f,17707
17707,e,17707
17707,c,17707
17705,e,17707
17703,c,17707
17704,e,17707
17704,f,17707
17704,c,17707
17703,e,17707
17705,c,17707
17703,f,17707
17705,f,17707
17709,b,17708
17707,e,17708
17704,d,17708
17707,d,17708
17707,b,17708
17708,e,17708
17708,f,17708
17708,d,17708
17708,b,17708
17704,b,17708
17707,f,17708
17704,f,17708
17709,f,17708
17705,e,17708
17705,f,17708
17705,d,17708
17705,b,17708
17709,d,17708
17706,b,17708
17704,e,17708
17706,f,17708
17706,e,17708
17709,e,17708
17706,d,17708
17709,f,17709
17708,f,17709
17708,c,17709
17708,a,17709
17709,c,17709
17709,a,17709
17710,f,17709
17705,c,17709
17705,f,17709
17707,a,17709
17705,a,17709
17706,a,17709
17706,c,17709
17706,f,17709
17707,c,17709
17710,a,17709
17710,c,17709
17707,f,17709
17708,b,17710
17710,b,17710
17710,d,17710
17710,e,17710
17709,e,17710
17709,d,17710
17709,b,17710
17707,e,17710
17707,d,17710
17707,b,17710
17706,d,17710
17706,e,17710
17711,b,17710
17711,d,17710
17711,e,17710
17708,e,17710
17708,d,17710
17706,b,17710
17711,f,17711
17710,f,17711
17710,c,17711
17711,c,17711
17712,c,17711
17712,f,17711
17709,f,17711
17709,c,17711
17707,c,17711
17707,f,17711
17708,c,17711
17708,f,17711
17711,c,17712
17713,e,17712
17712,e,17712
17712,c,17712
17712,d,17712
17711,e,17712
17713,c,17712
17711,d,17712
17708,d,17712
17713,d,17712
17710,c,17712
17709,e,17712
17710,e,17712
17709,c,17712
17709,d,17712
17708,e,17712
17710,d,17712
17708,c,17712
17713,f,17713
17713,e,17713
17712,e,17713
17712,f,17713
17709,e,17713
17714,f,17713
17714,e,17713
17711,e,17713
17711,f,17713
17710,f,17713
17710,e,17713
17709,f,17713
17714,a,17714
17713,a,17714
17714,f,17714
17715,f,17714
17713,f,17714
17715,a,17714
17710,f,17714
17712,f,17714
17712,a,17714
17711,a,17714
17711,f,17714
17710,a,17714
17715,b,17715
17715,d,17715
17714,d,17715
17714,b,17715
17711,b,17715
17716,b,17715
17713,d,17715
17713,b,17715
17711,d,17715
17712,b,17715
17712,d,17715
17716,d,17715
17716,c,17716
17716,f,17716
17717,f,17716
17715,f,17716
17715,c,17716
17712,c,17716
17712,f,17716
17717,c,17716
17714,f,17716
17714,c,17716
17713,c,17716
17713,f,17716
17716,e,17717
17716,f,17717
17713,f,17717
17713,e,17717
17717,f,17717
17717,e,17717
17718,f,17717
17715,e,17717
17715,f,17717
17714,f,17717
17714,e,17717
17718,e,17717
17717,a,17718
17718,f,17718
17717,f,17718
17718,a,17718
17716,f,17718
17719,a,17718
17715,a,17718
17715,f,17718
17714,f,17718
17714,a,17718
17719,f,17718
17716,a,17718
17720,b,17719
17720,a,17719
17718,a,17719
17718,b,17719
17718,d,17719
17718,c,17719
17719,c,17719
17719,d,17719
17719,b,17719
17719,a,17719
17720,d,17719
17716,a,17719
17716,b,17719
17720,c,17719
17716,d,17719
17716,c,17719
17717,c,17719
17717,d,17719
17717,b,17719
17717,a,17719
17715,a,17719
17715,b,17719
17715,d,17719
17715,c,17719
17721,f,17720
17721,c,17720
17719,b,17720
17719,d,17720
17719,c,17720
17720,d,17720
17719,e,17720
17721,e,17720
17720,c,17720
17720,e,17720
17720,f,17720
17720,b,17720
17719,f,17720
17721,b,17720
17721,d,17720
17717,e,17720
17717,d,17720
17717,b,17720
17716,e,17720
17717,c,17720
17718,b,17720
17718,d,17720
17717,f,17720
17718,f,17720
17718,e,17720
17716,f,17720
17716,c,17720
17716,d,17720
17716,b,17720
17718,c,17720
17722,f,17721
17722,e,17721
17720,e,17721
17720,f,17721
17720,c,17721
17722,c,17721
17721,c,17721
17717,c,17721
17718,e,17721
17718,f,17721
17718,c,17721
17719,c,17721
17721,f,17721
17719,e,17721
17719,f,17721
17717,e,17721
17717,f,17721
17721,e,17721
17723,f,17722
17723,d,17722
17722,e,17722
17721,e,17722
17722,f,17722
17723,e,17722
17721,f,17722
17721,d,17722
17722,d,17722
17718,f,17722
17718,e,17722
17718,d,17722
17719,d,17722
17719,e,17722
17720,d,17722
17720,f,17722
17720,e,17722
17719,f,17722
17719,f,17723
17724,f,17723
17722,f,17723
17720,f,17723
17723,f,17723
17721,f,17723
17723,d,17724
17724,d,17724
17720,d,17724
17725,d,17724
17722,d,17724
17721,d,17724
17725,b,17725
17725,f,17725
17726,b,17725
17724,f,17725
17724,b,17725
17721,b,17725
17726,f,17725
17723,f,17725
17723,b,17725
17722,b,17725
17722,f,17725
17721,f,17725
17727,c,17726
17726,f,17726
17725,f,17726
17727,f,17726
17726,c,17726
17725,c,17726
17724,c,17726
17723,c,17726
17723,f,17726
17722,c,17726
17722,f,17726
17724,f,17726
17723,e,17727
17724,e,17727
17726,e,17727
17728,e,17727
17727,e,17727
17725,e,17727
17729,f,17728
17729,d,17728
17728,f,17728
17728,d,17728
17724,f,17728
17727,d,17728
17724,d,17728
17727,f,17728
17726,f,17728
17725,d,17728
17725,f,17728
17726,d,17728
17726,e,17729
17729,e,17729
17729,f,17729
17728,e,17729
17728,f,17729
17730,e,17729
17725,e,17729
17725,f,17729
17730,f,17729
17727,f,17729
17727,e,17729
17726,f,17729
17726,f,17730
17728,f,17730
17727,f,17730
17729,f,17730
17731,f,17730
17730,f,17730
17731,a,17732
17730,b,17732
17732,b,17732
17730,a,17732
17731,b,17732
17732,a,17732
17733,a,17732
17728,a,17732
17733,b,17732
17728,b,17732
17729,a,17732
17729,b,17732
17729,c,17733
17734,d,17733
17732,b,17733
17732,d,17733
17732,c,17733
17732,f,17733
17734,b,17733
17733,f,17733
17733,c,17733
17733,d,17733
17733,b,17733
17734,c,17733
17734,f,17733
17729,d,17733
17730,f,17733
17729,b,17733
17731,f,17733
17731,c,17733
17731,d,17733
17731,b,17733
17730,b,17733
17730,d,17733
17730,c,17733
17729,f,17733
17733,c,17734
17734,f,17734
17733,e,17734
17735,e,17734
17735,f,17734
17735,c,17734
17734,e,17734
17733,f,17734
17734,c,17734
17730,f,17734
17730,e,17734
17731,e,17734
17731,f,17734
17731,c,17734
17732,e,17734
17732,f,17734
17730,c,17734
17732,c,17734
17734,b,17735
17734,f,17735
17734,e,17735
17735,b,17735
17735,f,17735
17735,e,17735
17736,b,17735
17736,f,17735
17731,b,17735
17736,e,17735
17731,e,17735
17733,e,17735
17732,e,17735
17732,f,17735
17732,b,17735
17733,b,17735
17733,f,17735
17731,f,17735
17732,c,17736
17736,c,17736
17736,f,17736
17736,e,17736
17732,e,17736
17735,e,17736
17735,f,17736
17735,c,17736
17737,c,17736
17737,e,17736
17734,e,17736
17734,f,17736
17734,c,17736
17733,c,17736
17733,f,17736
17733,e,17736
17737,f,17736
17732,f,17736
17737,f,17737
17737,e,17737
17736,f,17737
17738,e,17737
17738,f,17737
17736,e,17737
17735,e,17737
17735,f,17737
17733,f,17737
17733,e,17737
17734,f,17737
17734,e,17737
17735,f,17738
17738,c,17738
17739,f,17738
17737,f,17738
17737,c,17738
17734,c,17738
17734,f,17738
17736,f,17738
17736,c,17738
17735,c,17738
17738,f,17738
17739,c,17738
17739,e,17739
17735,e,17739
17740,e,17739
17738,e,17739
17737,e,17739
17736,e,17739
17742,e,17742
17738,e,17742
17741,e,17742
17740,e,17742
17743,e,17742
17739,e,17742
17739,c,17743
17743,c,17743
17743,f,17743
17744,d,17743
17742,f,17743
17742,c,17743
17742,d,17743
17743,d,17743
17744,c,17743
17744,f,17743
17739,f,17743
17741,c,17743
17741,f,17743
17741,d,17743
17739,d,17743
17740,f,17743
17740,c,17743
17740,d,17743
17744,e,17744
17745,c,17744
17745,f,17744
17745,e,17744
17743,e,17744
17743,f,17744
17743,c,17744
17744,f,17744
17744,c,17744
17740,f,17744
17740,e,17744
17742,e,17744
17742,f,17744
17741,c,17744
17741,f,17744
17741,e,17744
17740,c,17744
17742,c,17744
17745,f,17745
17746,f,17745
17746,e,17745
17744,e,17745
17744,f,17745
17741,f,17745
17743,e,17745
17743,f,17745
17742,f,17745
17742,e,17745
17741,e,17745
17745,e,17745
17746,f,17746
17746,e,17746
17747,d,17746
17747,f,17746
17746,d,17746
17745,e,17746
17745,f,17746
17747,e,17746
17745,d,17746
17742,f,17746
17742,e,17746
17742,d,17746
17743,d,17746
17743,e,17746
17744,d,17746
17744,f,17746
17743,f,17746
17744,e,17746
17743,f,17747
17745,f,17747
17746,f,17747
17748,f,17747
17744,f,17747
17747,f,17747
17745,d,17748
17748,d,17748
17747,d,17748
17749,d,17748
17746,d,17748
17744,d,17748
17747,d,17750
17746,d,17750
17748,d,17750
17751,d,17750
17750,d,17750
17749,d,17750
17752,f,17751
17751,f,17751
17750,f,17751
17747,f,17751
17748,f,17751
17749,f,17751
17752,b,17752
17748,a,17752
17751,a,17752
17751,b,17752
17750,b,17752
17749,a,17752
17748,b,17752
17753,b,17752
17753,a,17752
17749,b,17752
17752,a,17752
17750,a,17752
17754,b,17753
17754,d,17753
17752,d,17753
17754,c,17753
17752,c,17753
17752,f,17753
17753,f,17753
17753,c,17753
17753,d,17753
17752,b,17753
17754,f,17753
17751,c,17753
17751,f,17753
17749,b,17753
17749,d,17753
17749,c,17753
17749,f,17753
17750,d,17753
17750,c,17753
17750,b,17753
17751,b,17753
17751,d,17753
17750,f,17753
17753,b,17753
17755,c,17754
17754,c,17754
17755,f,17754
17753,e,17754
17753,f,17754
17753,c,17754
17754,e,17754
17754,f,17754
17752,c,17754
17751,f,17754
17755,e,17754
17750,c,17754
17752,e,17754
17752,f,17754
17750,f,17754
17750,e,17754
17751,c,17754
17751,e,17754
17755,e,17755
17756,f,17755
17754,e,17755
17754,f,17755
17755,f,17755
17751,f,17755
17751,e,17755
17756,e,17755
17753,e,17755
17753,f,17755
17752,f,17755
17752,e,17755
17756,d,17756
17757,f,17756
17755,f,17756
17755,d,17756
17756,f,17756
17757,d,17756
17753,d,17756
17754,f,17756
17752,d,17756
17754,d,17756
17753,f,17756
17752,f,17756
17754,f,17757
17758,f,17757
17756,f,17757
17757,f,17757
17755,f,17757
17753,f,17757
17759,e,17758
17758,e,17758
17754,e,17758
17756,e,17758
17755,e,17758
17757,e,17758
17757,b,17760
17758,b,17760
17761,b,17760
17756,b,17760
17759,b,17760
17760,b,17760
17762,c,17761
17760,c,17761
17762,f,17761
17761,f,17761
17761,c,17761
17760,f,17761
17757,f,17761
17759,f,17761
17759,c,17761
17758,c,17761
17758,f,17761
17757,c,17761
17762,e,17762
17761,e,17762
17758,e,17762
17763,e,17762
17760,e,17762
17759,e,17762
17763,f,17763
17763,e,17763
17764,f,17763
17762,f,17763
17764,e,17763
17762,e,17763
17759,f,17763
17760,e,17763
17761,e,17763
17761,f,17763
17759,e,17763
17760,f,17763
17764,f,17764
17764,e,17764
17765,e,17764
17763,e,17764
17763,f,17764
17761,f,17764
17760,f,17764
17762,e,17764
17762,f,17764
17760,e,17764
17761,e,17764
17765,f,17764
17765,f,17765
17766,f,17765
17761,f,17765
17764,f,17765
17763,f,17765
17762,f,17765
17768,c,17768
17764,c,17768
17767,c,17768
17766,c,17768
17769,c,17768
17765,c,17768
17766,c,17769
17769,e,17769
17768,e,17769
17768,c,17769
17770,c,17769
17769,c,17769
17770,e,17769
17767,e,17769
17765,c,17769
17765,e,17769
17766,e,17769
17767,c,17769
17770,f,17770
17771,e,17770
17771,f,17770
17769,e,17770
17769,f,17770
17770,e,17770
17766,e,17770
17766,f,17770
17768,e,17770
17768,f,17770
17767,f,17770
17767,e,17770
17771,c,17771
17771,f,17771
17772,c,17771
17770,f,17771
17770,c,17771
17767,c,17771
17767,f,17771
17772,f,17771
17769,f,17771
17769,c,17771
17768,c,17771
17768,f,17771
17772,a,17772
17772,e,17772
17773,a,17772
17773,e,17772
17771,a,17772
17768,e,17772
17768,a,17772
17771,e,17772
17770,e,17772
17769,a,17772
17769,e,17772
17770,a,17772
17772,d,17773
17774,f,17773
17773,f,17773
17773,d,17773
17773,b,17773
17772,f,17773
17772,b,17773
17769,b,17773
17769,d,17773
17774,b,17773
17771,d,17773
17770,f,17773
17771,f,17773
17770,d,17773
17770,b,17773
17774,d,17773
17769,f,17773
17771,b,17773
17774,c,17774
17774,f,17774
17773,f,17774
17773,c,17774
17770,c,17774
17775,c,17774
17775,f,17774
17772,f,17774
17772,c,17774
17770,f,17774
17771,c,17774
17771,f,17774
17774,e,17775
17776,e,17775
17775,e,17775
17773,e,17775
17771,e,17775
17772,e,17775
17775,f,17776
17776,f,17776
17776,a,17776
17777,a,17776
17775,a,17776
17772,a,17776
17777,f,17776
17774,f,17776
17774,a,17776
17773,f,17776
17773,a,17776
17772,f,17776
17773,d,17777
17777,b,17777
17777,d,17777
17776,d,17777
17776,b,17777
17778,b,17777
17778,d,17777
17775,d,17777
17775,b,17777
17774,b,17777
17774,d,17777
17773,b,17777
17778,c,17778
17778,f,17778
17777,f,17778
17777,c,17778
17779,f,17778
17779,c,17778
17774,f,17778
17776,f,17778
17776,c,17778
17774,c,17778
17775,f,17778
17775,c,17778
17780,e,17779
17779,e,17779
17778,e,17779
17776,e,17779
17775,e,17779
17777,e,17779
17778,f,17780
17777,f,17780
17779,f,17780
17780,f,17780
17776,f,17780
17781,f,17780
17781,a,17783
17783,a,17783
17782,d,17783
17782,a,17783
17781,d,17783
17783,d,17783
17784,d,17783
17780,d,17783
17780,a,17783
17779,d,17783
17784,a,17783
17779,a,17783
17780,d,17784
17784,b,17784
17784,d,17784
17784,f,17784
17785,b,17784
17783,f,17784
17783,d,17784
17783,b,17784
17785,d,17784
17785,f,17784
17781,d,17784
17782,f,17784
17782,d,17784
17782,b,17784
17781,f,17784
17781,b,17784
17780,b,17784
17780,f,17784
17785,f,17785
17785,e,17785
17786,c,17785
17786,f,17785
17786,e,17785
17784,e,17785
17784,f,17785
17784,c,17785
17785,c,17785
17781,e,17785
17783,e,17785
17783,f,17785
17781,c,17785
17781,f,17785
17782,c,17785
17782,f,17785
17783,c,17785
17782,e,17785
17785,e,17786
17786,e,17786
17786,f,17786
17787,e,17786
17785,f,17786
17787,f,17786
17782,e,17786
17783,e,17786
17783,f,17786
17784,f,17786
17782,f,17786
17784,e,17786
17785,f,17787
17787,b,17787
17787,f,17787
17786,f,17787
17786,b,17787
17785,b,17787
17783,b,17787
17784,b,17787
17788,b,17787
17788,f,17787
17783,f,17787
17784,f,17787
17789,f,17788
17787,f,17788
17787,c,17788
17788,c,17788
17789,c,17788
17788,f,17788
17784,f,17788
17786,f,17788
17786,c,17788
17784,c,17788
17785,c,17788
17785,f,17788
17786,e,17789
17787,e,17789
17789,e,17789
17788,e,17789
17790,e,17789
17785,e,17789
17786,d,17790
17789,d,17790
17790,b,17790
17790,d,17790
17789,b,17790
17791,d,17790
17786,b,17790
17791,b,17790
17788,d,17790
17788,b,17790
17787,b,17790
17787,d,17790
17791,b,17791
17791,c,17791
17791,f,17791
17790,f,17791
17790,c,17791
17790,b,17791
17787,b,17791
17788,c,17791
17788,f,17791
17789,f,17791
17789,c,17791
17789,b,17791
17787,f,17791
17788,b,17791
17792,b,17791
17792,c,17791
17792,f,17791
17787,c,17791
17793,c,17792
17791,e,17792
17791,f,17792
17792,c,17792
17791,c,17792
17793,f,17792
17789,f,17792
17790,e,17792
17790,f,17792
17790,c,17792
17789,e,17792
17789,c,17792
17788,e,17792
17788,f,17792
17788,c,17792
17792,f,17792
17793,e,17792
17792,e,17792
17794,e,17793
17793,f,17793
17793,e,17793
17794,f,17793
17792,e,17793
17790,e,17793
17791,e,17793
17791,f,17793
17790,f,17793
17789,e,17793
17789,f,17793
17792,f,17793
17791,f,17794
17792,f,17794
17790,f,17794
17793,f,17794
17794,f,17794
17795,f,17794
17796,b,17797
17797,b,17797
17795,b,17797
17794,b,17797
17798,b,17797
17793,b,17797
17798,f,17798
17797,f,17798
17797,c,17798
17797,d,17798
17799,f,17798
17799,c,17798
17799,d,17798
17796,f,17798
17795,f,17798
17796,d,17798
17798,d,17798
17795,c,17798
17795,d,17798
17794,f,17798
17794,c,17798
17794,d,17798
17796,c,17798
17798,c,17798
17799,f,17799
17799,e,17799
17800,f,17799
17798,e,17799
17798,f,17799
17800,e,17799
17795,f,17799
17797,e,17799
17797,f,17799
17795,e,17799
17796,e,17799
17796,f,17799
17801,f,17800
17800,f,17800
17799,f,17800
17797,f,17800
17798,f,17800
17796,f,17800
17799,d,17801
17802,d,17801
17797,d,17801
17798,d,17801
17800,d,17801
17801,d,17801
17802,f,17802
17801,f,17802
17798,f,17802
17799,f,17802
17800,f,17802
17803,f,17802
17806,e,17805
17803,e,17805
17804,e,17805
17805,e,17805
17802,e,17805
17801,e,17805
17803,f,17806
17806,f,17806
17807,f,17806
17805,f,17806
17804,f,17806
17802,f,17806
17804,d,17807
17806,d,17807
17805,d,17807
17808,d,17807
17807,d,17807
17803,d,17807
17808,a,17808
17807,f,17808
17807,a,17808
17808,f,17808
17809,a,17808
17806,a,17808
17809,f,17808
17805,f,17808
17804,a,17808
17804,f,17808
17805,a,17808
17806,f,17808
17806,b,17809
17809,b,17809
17809,d,17809
17808,d,17809
17808,b,17809
17810,b,17809
17807,d,17809
17807,b,17809
17805,b,17809
17805,d,17809
17806,d,17809
17810,d,17809
17809,f,17810
17810,c,17810
17811,f,17810
17809,c,17810
17810,f,17810
17811,c,17810
17808,c,17810
17806,c,17810
17808,f,17810
17806,f,17810
17807,c,17810
17807,f,17810
17811,e,17811
17810,e,17811
17810,b,17811
17807,b,17811
17812,b,17811
17811,b,17811
17812,e,17811
17809,e,17811
17809,b,17811
17807,e,17811
17808,b,17811
17808,e,17811
17808,f,17812
17812,f,17812
17813,b,17812
17813,c,17812
17811,f,17812
17811,c,17812
17811,b,17812
17813,f,17812
17812,c,17812
17808,c,17812
17812,b,17812
17808,b,17812
17809,f,17812
17810,b,17812
17810,f,17812
17810,c,17812
17809,c,17812
17809,b,17812
17813,f,17813
17813,e,17813
17812,e,17813
17810,e,17813
17809,e,17813
17813,a,17813
17812,f,17813
17812,c,17813
17812,a,17813
17809,a,17813
17809,c,17813
17809,f,17813
17813,c,17813
17814,a,17813
17814,f,17813
17814,e,17813
17811,e,17813
17811,f,17813
17811,c,17813
17811,a,17813
17810,a,17813
17814,c,17813
17810,f,17813
17810,c,17813
17815,f,17814
17815,e,17814
17814,e,17814
17814,f,17814
17813,f,17814
17813,d,17814
17813,e,17814
17814,d,17814
17814,b,17814
17813,b,17814
17810,b,17814
17815,b,17814
17810,e,17814
17812,e,17814
17812,f,17814
17812,d,17814
17812,b,17814
17815,d,17814
17811,b,17814
17810,d,17814
17810,f,17814
17811,d,17814
17811,f,17814
17811,e,17814
17811,c,17815
17814,c,17815
17815,f,17815
17816,c,17815
17815,c,17815
17814,f,17815
17816,f,17815
17813,f,17815
17813,c,17815
17812,c,17815
17812,f,17815
17811,f,17815
17815,d,17816
17817,e,17816
17817,d,17816
17815,e,17816
17816,d,17816
17816,e,17816
17815,c,17816
17817,c,17816
17816,c,17816
17813,d,17816
17812,d,17816
17813,c,17816
17813,e,17816
17812,e,17816
17812,c,17816
17814,c,17816
17814,e,17816
17814,d,17816
17813,e,17817
17814,e,17817
17817,f,17817
17817,e,17817
17816,e,17817
17816,f,17817
17814,f,17817
17813,f,17817
17818,f,17817
17818,e,17817
17815,e,17817
17815,f,17817
17817,d,17818
17817,f,17818
17819,d,17818
17814,d,17818
17816,f,17818
17816,d,17818
17818,d,17818
17814,f,17818
17815,f,17818
17815,d,17818
17819,f,17818
17818,f,17818
17819,f,17819
17820,f,17819
17817,f,17819
17816,f,17819
17815,f,17819
17818,f,17819
17818,a,17822
17821,a,17822
17823,a,17822
17820,a,17822
17822,a,17822
17819,a,17822
17824,b,17823
17823,d,17823
17823,b,17823
17824,d,17823
17824,e,17823
17822,d,17823
17822,b,17823
17823,e,17823
17822,e,17823
17821,d,17823
17821,b,17823
17819,b,17823
17819,d,17823
17819,e,17823
17821,e,17823
17820,b,17823
17820,e,17823
17820,d,17823
17821,c,17824
17824,f,17824
17824,c,17824
17823,f,17824
17825,c,17824
17823,c,17824
17820,c,17824
17821,f,17824
17820,f,17824
17822,c,17824
17825,f,17824
17822,f,17824
17826,e,17825
17823,e,17825
17821,e,17825
17822,e,17825
17824,e,17825
17825,e,17825
17826,d,17826
17827,d,17826
17825,f,17826
17825,d,17826
17826,f,17826
17827,f,17826
17823,f,17826
17824,f,17826
17824,d,17826
17822,d,17826
17823,d,17826
17822,f,17826
17828,f,17827
17827,f,17827
17824,f,17827
17823,f,17827
17825,f,17827
17826,f,17827
17832,a,17831
17830,a,17831
17831,a,17831
17831,f,17831
17829,f,17831
17829,a,17831
17832,f,17831
17828,f,17831
17830,f,17831
17827,f,17831
17827,a,17831
17828,a,17831
17831,d,17832
17831,b,17832
17832,d,17832
17832,b,17832
17833,b,17832
17830,b,17832
17829,d,17832
17829,b,17832
17828,d,17832
17828,b,17832
17833,d,17832
17830,d,17832
17834,c,17833
17832,e,17833
17832,f,17833
17832,c,17833
17833,e,17833
17833,f,17833
17834,f,17833
17834,e,17833
17830,e,17833
17830,f,17833
17829,c,17833
17829,f,17833
17829,e,17833
17830,c,17833
17833,c,17833
17831,c,17833
17831,f,17833
17831,e,17833
17835,f,17834
17835,e,17834
17834,c,17834
17833,e,17834
17833,f,17834
17833,c,17834
17834,e,17834
17835,c,17834
17834,f,17834
17830,e,17834
17832,e,17834
17832,f,17834
17830,c,17834
17832,c,17834
17830,f,17834
17831,e,17834
17831,f,17834
17831,c,17834
17832,e,17835
17836,e,17835
17835,e,17835
17835,f,17835
17834,e,17835
17836,f,17835
17831,f,17835
17834,f,17835
17831,e,17835
17833,e,17835
17833,f,17835
17832,f,17835
17837,f,17836
17836,f,17836
17832,f,17836
17835,f,17836
17833,f,17836
17834,f,17836
17842,d,17841
17841,d,17841
17839,d,17841
17840,d,17841
17838,d,17841
17837,d,17841
17839,f,17842
17839,e,17842
17842,e,17842
17840,f,17842
17840,e,17842
17843,e,17842
17841,f,17842
17841,e,17842
17843,f,17842
17842,f,17842
17838,f,17842
17838,e,17842
17843,f,17843
17844,f,17843
17842,f,17843
17841,f,17843
17840,f,17843
17839,f,17843
17847,d,17846
17845,d,17846
17844,d,17846
17846,d,17846
17843,d,17846
17842,d,17846
17844,f,17847
17843,f,17847
17845,f,17847
17846,f,17847
17847,f,17847
17848,f,17847
17845,e,17849
17848,e,17849
17846,e,17849
17850,e,17849
17847,e,17849
17849,e,17849
17849,f,17850
17850,f,17850
17848,f,17850
17851,f,17850
17847,f,17850
17846,f,17850
17850,b,17851
17851,b,17851
17847,b,17851
17849,b,17851
17848,b,17851
17852,b,17851
17851,a,17852
17851,c,17852
17851,f,17852
17853,e,17852
17852,c,17852
17852,f,17852
17852,e,17852
17853,a,17852
17853,c,17852
17853,f,17852
17851,e,17852
17852,a,17852
17850,c,17852
17849,e,17852
17849,c,17852
17848,a,17852
17848,c,17852
17850,e,17852
17848,f,17852
17850,f,17852
17848,e,17852
17850,a,17852
17849,f,17852
17849,a,17852
17852,b,17853
17852,d,17853
17850,b,17853
17852,e,17853
17854,d,17853
17854,b,17853
17853,b,17853
17852,f,17853
17853,e,17853
17849,b,17853
17854,f,17853
17850,d,17853
17850,f,17853
17850,e,17853
17849,e,17853
17853,d,17853
17849,f,17853
17853,f,17853
17851,b,17853
17851,d,17853
17851,f,17853
17851,e,17853
17854,e,17853
17849,d,17853
17853,c,17854
17854,f,17854
17855,f,17854
17854,c,17854
17853,f,17854
17855,c,17854
17850,c,17854
17852,f,17854
17852,c,17854
17851,f,17854
17851,c,17854
17850,f,17854
17854,e,17855
17852,e,17855
17853,e,17855
17851,e,17855
17856,e,17855
17855,e,17855
17856,f,17856
17857,d,17856
17855,f,17856
17855,d,17856
17852,d,17856
17852,f,17856
17854,f,17856
17854,d,17856
17853,f,17856
17853,d,17856
17857,f,17856
17856,d,17856
17858,f,17857
17856,f,17857
17857,f,17857
17853,f,17857
17855,f,17857
17854,f,17857
17855,b,17859
17858,b,17859
17858,a,17859
17859,a,17859
17859,b,17859
17857,b,17859
17857,a,17859
17855,a,17859
17860,a,17859
17856,b,17859
17856,a,17859
17860,b,17859
17860,f,17860
17861,c,17860
17861,b,17860
17859,f,17860
17859,c,17860
17859,d,17860
17859,b,17860
17860,c,17860
17860,d,17860
17861,d,17860
17861,f,17860
17858,d,17860
17857,c,17860
17856,b,17860
17856,d,17860
17856,c,17860
17856,f,17860
17857,b,17860
17857,d,17860
17857,f,17860
17860,b,17860
17858,b,17860
17858,c,17860
17858,f,17860
17861,f,17861
17862,c,17861
17860,e,17861
17861,e,17861
17860,c,17861
17862,e,17861
17862,f,17861
17861,c,17861
17860,f,17861
17858,e,17861
17857,c,17861
17857,f,17861
17859,e,17861
17859,f,17861
17857,e,17861
17859,c,17861
17858,c,17861
17858,f,17861
17863,f,17862
17863,e,17862
17861,e,17862
17861,f,17862
17862,f,17862
17858,f,17862
17858,e,17862
17860,e,17862
17860,f,17862
17859,f,17862
17859,e,17862
17862,e,17862
17864,d,17863
17864,f,17863
17859,f,17863
17863,f,17863
17863,d,17863
17862,f,17863
17862,d,17863
17859,d,17863
17860,d,17863
17861,f,17863
17861,d,17863
17860,f,17863
17860,f,17864
17862,f,17864
17865,f,17864
17861,f,17864
17863,f,17864
17864,f,17864
17865,b,17865
17864,b,17865
17866,b,17865
17863,b,17865
17861,b,17865
17862,b,17865
17863,c,17866
17864,c,17866
17867,c,17866
17862,c,17866
17865,c,17866
17866,c,17866
17867,e,17867
17866,e,17867
17868,e,17867
17863,e,17867
17865,e,17867
17864,e,17867
17865,f,17868
17868,f,17868
17867,f,17868
17864,f,17868
17869,f,17868
17866,f,17868
17870,b,17869
17869,b,17869
17866,b,17869
17867,b,17869
17865,b,17869
17868,b,17869
17869,d,17870
17869,c,17870
17869,f,17870
17871,e,17870
17871,d,17870
17871,c,17870
17870,d,17870
17870,c,17870
17870,f,17870
17871,f,17870
17869,e,17870
17870,e,17870
17866,f,17870
17866,d,17870
17867,c,17870
17867,d,17870
17866,e,17870
17866,c,17870
17867,e,17870
17867,f,17870
17868,c,17870
17868,f,17870
17868,e,17870
17868,d,17870
17872,e,17871
17868,e,17871
17870,f,17871
17871,f,17871
17871,e,17871
17870,e,17871
17872,f,17871
17869,f,17871
17868,f,17871
17867,e,17871
17867,f,17871
17869,e,17871
17872,c,17872
17872,f,17872
17871,f,17872
17871,c,17872
17868,f,17872
17868,c,17872
17873,c,17872
17873,f,17872
17870,f,17872
17870,c,17872
17869,f,17872
17869,c,17872
17873,c,17873
17873,e,17873
17872,e,17873
17872,c,17873
17874,e,17873
17874,c,17873
17869,e,17873
17871,e,17873
17871,c,17873
17869,c,17873
17870,c,17873
17870,e,17873
17871,e,17874
17874,e,17874
17874,f,17874
17873,e,17874
17875,e,17874
17873,f,17874
17870,e,17874
17872,e,17874
17872,f,17874
17871,f,17874
17870,f,17874
17875,f,17874
17872,f,17875
17873,f,17875
17876,f,17875
17871,f,17875
17874,f,17875
17875,f,17875
17877,e,17876
17875,e,17876
17873,e,17876
17874,e,17876
17872,e,17876
17876,e,17876
17878,f,17877
17877,f,17877
17876,f,17877
17875,f,17877
17874,f,17877
17873,f,17877
17881,a,17881
17881,b,17881
17880,f,17881
17880,b,17881
17880,a,17881
17881,f,17881
17879,b,17881
17879,a,17881
17879,f,17881
17882,b,17881
17882,f,17881
17877,a,17881
17877,b,17881
17877,f,17881
17878,a,17881
17878,b,17881
17882,a,17881
17878,f,17881
17882,c,17882
17883,d,17882
17881,b,17882
17881,c,17882
17881,f,17882
17883,b,17882
17882,f,17882
17883,c,17882
17881,d,17882
17883,f,17882
17878,d,17882
17879,d,17882
17878,b,17882
17882,b,17882
17878,c,17882
17878,f,17882
17879,b,17882
17879,c,17882
17879,f,17882
17882,d,17882
17880,b,17882
17880,d,17882
17880,c,17882
17880,f,17882
17884,f,17883
17883,f,17883
17882,e,17883
17882,f,17883
17882,c,17883
17884,c,17883
17884,e,17883
17883,e,17883
17883,c,17883
17879,e,17883
17881,e,17883
17881,f,17883
17879,c,17883
17879,f,17883
17881,c,17883
17880,c,17883
17880,e,17883
17880,f,17883
17885,e,17884
17885,f,17884
17884,e,17884
17884,f,17884
17883,e,17884
17883,f,17884
17881,e,17884
17880,f,17884
17880,e,17884
17881,f,17884
17882,f,17884
17882,e,17884
17881,f,17885
17885,f,17885
17884,f,17885
17882,f,17885
17886,f,17885
17883,f,17885
17886,a,17886
17886,b,17886
17886,f,17886
17882,f,17886
17885,f,17886
17885,b,17886
17885,a,17886
17883,a,17886
17883,b,17886
17887,b,17886
17887,a,17886
17884,b,17886
17884,a,17886
17883,f,17886
17882,a,17886
17882,b,17886
17887,f,17886
17884,f,17886
17887,b,17887
17887,c,17887
17887,d,17887
17888,c,17887
17888,d,17887
17886,c,17887
17886,d,17887
17888,b,17887
17886,b,17887
17883,b,17887
17885,c,17887
17885,d,17887
17885,b,17887
17883,c,17887
17884,b,17887
17884,d,17887
17884,c,17887
17883,d,17887
17888,c,17888
17889,c,17888
17889,e,17888
17887,e,17888
17887,c,17888
17888,e,17888
17886,e,17888
17886,c,17888
17885,c,17888
17885,e,17888
17884,e,17888
17884,c,17888
17889,f,17889
17889,e,17889
17890,f,17889
17890,e,17889
17888,e,17889
17888,f,17889
17885,e,17889
17885,f,17889
17886,e,17889
17887,f,17889
17887,e,17889
17886,f,17889
17890,a,17890
17891,f,17890
17889,f,17890
17889,a,17890
17886,a,17890
17886,f,17890
17891,a,17890
17888,f,17890
17888,a,17890
17887,a,17890
17887,f,17890
17890,f,17890
17890,d,17891
17891,d,17891
17891,b,17891
17890,b,17891
17887,d,17891
17892,d,17891
17889,d,17891
17888,d,17891
17888,b,17891
17887,b,17891
17892,b,17891
17889,b,17891
17893,f,17892
17891,c,17892
17892,c,17892
17892,f,17892
17893,c,17892
17891,f,17892
17888,c,17892
17888,f,17892
17890,f,17892
17890,c,17892
17889,c,17892
17889,f,17892
17893,b,17893
17893,e,17893
17892,e,17893
17892,b,17893
17892,a,17893
17889,a,17893
17894,b,17893
17894,e,17893
17893,a,17893
17894,a,17893
17890,a,17893
17890,e,17893
17891,e,17893
17891,b,17893
17891,a,17893
17889,b,17893
17889,e,17893
17890,b,17893
17895,f,17894
17893,a,17894
17893,b,17894
17893,d,17894
17893,c,17894
17895,c,17894
17894,f,17894
17895,a,17894
17893,f,17894
17894,a,17894
17895,b,17894
17894,d,17894
17894,c,17894
17895,d,17894
17894,b,17894
17890,a,17894
17891,a,17894
17891,d,17894
17891,b,17894
17890,f,17894
17890,c,17894
17890,d,17894
17891,c,17894
17892,a,17894
17892,b,17894
17892,d,17894
17891,f,17894
17892,f,17894
17890,b,17894
17892,c,17894
17894,b,17895
17894,d,17895
17894,c,17895
17894,f,17895
17894,e,17895
17896,e,17895
17892,f,17895
17896,c,17895
17896,d,17895
17895,b,17895
17895,d,17895
17896,b,17895
17895,f,17895
17895,e,17895
17896,f,17895
17895,c,17895
17892,e,17895
17891,d,17895
17893,b,17895
17893,d,17895
17893,c,17895
17893,f,17895
17893,e,17895
17891,b,17895
17892,d,17895
17891,e,17895
17892,c,17895
17891,f,17895
17891,c,17895
17892,b,17895
17892,f,17896
17896,c,17896
17896,f,17896
17895,e,17896
17895,f,17896
17896,e,17896
17892,c,17896
17897,c,17896
17892,e,17896
17895,c,17896
17893,c,17896
17894,c,17896
17894,f,17896
17897,f,17896
17893,e,17896
17894,e,17896
17893,f,17896
17897,e,17896
17898,e,17897
17894,e,17897
17894,f,17897
17895,e,17897
17895,f,17897
17893,f,17897
17896,f,17897
17896,e,17897
17897,e,17897
17897,f,17897
17893,e,17897
17898,f,17897
17897,f,17898
17898,f,17898
17899,f,17898
17896,f,17898
17895,f,17898
17894,f,17898
17897,c,17899
17900,c,17899
17899,c,17899
17898,c,17899
17896,c,17899
17895,c,17899
17901,e,17900
17900,e,17900
17899,e,17900
17896,e,17900
17898,e,17900
17897,e,17900
17898,f,17901
17899,f,17901
17902,f,17901
17897,f,17901
17900,f,17901
17901,f,17901
17902,c,17902
17901,c,17902
17898,c,17902
17900,c,17902
17899,c,17902
17903,c,17902
17900,e,17903
17901,e,17903
17904,e,17903
17899,e,17903
17902,e,17903
17903,e,17903
17905,f,17904
17903,f,17904
17904,f,17904
17901,f,17904
17900,f,17904
17902,f,17904
17911,f,17911
17911,c,17911
17910,f,17911
17909,f,17911
17909,c,17911
17910,c,17911
17908,f,17911
17912,f,17911
17907,c,17911
17907,f,17911
17912,c,17911
17908,c,17911
17910,e,17912
17908,e,17912
17911,e,17912
17912,e,17912
17909,e,17912
17913,e,17912
17913,f,17913
17913,b,17913
17912,f,17913
17912,b,17913
17914,b,17913
17914,f,17913
17911,f,17913
17911,b,17913
17909,b,17913
17909,f,17913
17910,f,17913
17910,b,17913
17911,f,17914
17915,c,17914
17914,f,17914
17914,c,17914
17913,f,17914
17915,f,17914
17913,c,17914
17912,f,17914
17912,c,17914
17910,c,17914
17910,f,17914
17911,c,17914
17912,e,17915
17913,e,17915
17916,e,17915
17914,e,17915
17911,e,17915
17915,e,17915
17916,f,17916
17915,f,17916
17917,f,17916
17914,f,17916
17912,f,17916
17913,f,17916
17915,f,17918
17918,f,17918
17917,f,17918
17916,f,17918
17914,f,17918
17919,f,17918
17918,b,17919
17918,d,17919
17919,b,17919
17919,d,17919
17919,f,17919
17920,b,17919
17920,f,17919
17918,f,17919
17917,f,17919
17920,d,17919
17917,b,17919
17916,f,17919
17916,d,17919
17916,b,17919
17915,f,17919
17915,b,17919
17915,d,17919
17917,d,17919
17921,a,17920
17921,c,17920
17921,f,17920
17919,f,17920
17919,c,17920
17919,a,17920
17920,f,17920
17920,c,17920
17920,e,17920
17919,e,17920
17921,e,17920
17920,a,17920
17917,a,17920
17917,c,17920
17918,e,17920
17918,f,17920
17918,c,17920
17918,a,17920
17916,a,17920
17916,c,17920
17916,f,17920
17916,e,17920
17917,f,17920
17917,e,17920
17922,e,17921
17920,d,17921
17921,d,17921
17920,e,17921
17922,f,17921
17922,d,17921
17921,f,17921
17921,e,17921
17921,b,17921
17920,f,17921
17922,b,17921
17920,b,17921
17918,b,17921
17918,d,17921
17919,b,17921
17919,d,17921
17918,e,17921
17917,f,17921
17917,e,17921
17919,f,17921
17919,e,17921
17917,b,17921
17917,d,17921
17918,f,17921
17921,f,17922
17921,c,17922
17922,c,17922
17923,c,17922
17922,f,17922
17923,f,17922
17918,f,17922
17919,f,17922
17919,c,17922
17918,c,17922
17920,f,17922
17920,c,17922
17919,e,17923
17920,b,17923
17921,e,17923
17921,b,17923
17920,e,17923
17924,e,17923
17922,b,17923
17922,e,17923
17923,e,17923
17923,b,17923
17924,b,17923
17919,b,17923
17924,c,17924
17923,c,17924
17925,c,17924
17922,c,17924
17921,c,17924
17920,c,17924
17922,e,17925
17923,e,17925
17926,e,17925
17925,e,17925
17924,e,17925
17921,e,17925
17925,f,17926
17927,f,17926
17926,f,17926
17924,f,17926
17922,f,17926
17923,f,17926
17924,f,17927
17927,f,17927
17927,d,17927
17926,f,17927
17928,f,17927
17926,d,17927
17925,f,17927
17925,d,17927
17923,d,17927
17923,f,17927
17924,d,17927
17928,d,17927
17925,f,17928
17926,f,17928
17929,f,17928
17924,f,17928
17927,f,17928
17928,f,17928
17930,e,17929
17928,e,17929
17929,e,17929
17927,e,17929
17926,e,17929
17925,e,17929
17927,f,17930
17926,f,17930
17928,f,17930
17931,f,17930
17929,f,17930
17930,f,17930
17931,b,17931
17927,b,17931
17930,b,17931
17932,b,17931
17929,b,17931
17928,b,17931
17933,f,17932
17932,c,17932
17929,c,17932
17930,c,17932
17930,f,17932
17928,f,17932
17928,c,17932
17931,c,17932
17931,f,17932
17932,f,17932
17929,f,17932
17933,c,17932
17933,e,17933
17932,e,17933
17934,e,17933
17931,e,17933
17930,e,17933
17929,e,17933
17931,f,17934
17932,f,17934
17935,f,17934
17934,f,17934
17933,f,17934
17930,f,17934
17934,a,17935
17936,a,17935
17935,a,17935
17932,a,17935
17933,a,17935
17931,a,17935
17936,b,17936
17936,d,17936
17935,d,17936
17935,b,17936
17932,b,17936
17933,d,17936
17937,b,17936
17934,d,17936
17934,b,17936
17932,d,17936
17933,b,17936
17937,d,17936
17937,c,17937
17936,f,17937
17936,c,17937
17937,f,17937
17938,f,17937
17933,c,17937
17938,c,17937
17935,f,17937
17935,c,17937
17933,f,17937
17934,c,17937
17934,f,17937
17938,b,17938
17938,f,17938
17938,e,17938
17937,e,17938
17937,f,17938
17937,b,17938
17934,b,17938
17935,f,17938
17935,e,17938
17939,e,17938
17936,e,17938
17936,f,17938
17936,b,17938
17934,f,17938
17934,e,17938
17935,b,17938
17939,f,17938
17939,b,17938
17938,f,17939
17939,c,17939
17938,c,17939
17939,f,17939
17940,c,17939
17940,f,17939
17937,f,17939
17937,c,17939
17935,c,17939
17935,f,17939
17936,c,17939
17936,f,17939
17939,e,17940
17941,e,17940
17940,e,17940
17940,c,17940
17940,d,17940
17941,d,17940
17939,c,17940
17939,d,17940
17936,d,17940
17936,c,17940
17941,c,17940
17938,e,17940
17938,c,17940
17938,d,17940
17937,e,17940
17937,c,17940
17937,d,17940
17936,e,17940
17942,a,17941
17937,a,17941
17941,a,17941
17941,f,17941
17941,e,17941
17940,e,17941
17940,f,17941
17940,a,17941
17942,e,17941
17937,f,17941
17939,e,17941
17939,f,17941
17939,a,17941
17938,a,17941
17938,f,17941
17938,e,17941
17942,f,17941
17937,e,17941
17941,f,17942
17943,d,17942
17943,b,17942
17942,f,17942
17941,d,17942
17941,b,17942
17942,d,17942
17942,b,17942
17940,f,17942
17940,d,17942
17940,b,17942
17939,f,17942
17939,d,17942
17939,b,17942
17938,f,17942
17938,d,17942
17938,b,17942
17943,f,17942
17943,c,17943
17943,f,17943
17944,c,17943
17942,c,17943
17944,f,17943
17942,f,17943
17941,f,17943
17939,f,17943
17940,c,17943
17939,c,17943
17941,c,17943
17940,f,17943
17941,e,17944
17945,e,17944
17942,e,17944
17944,e,17944
17943,e,17944
17940,e,17944
17941,d,17945
17944,f,17945
17945,f,17945
17945,d,17945
17944,d,17945
17946,d,17945
17946,f,17945
17943,f,17945
17943,d,17945
17942,d,17945
17942,f,17945
17941,f,17945
17944,d,17946
17946,d,17946
17946,f,17946
17947,f,17946
17945,d,17946
17947,d,17946
17942,d,17946
17942,f,17946
17945,f,17946
17943,d,17946
17943,f,17946
17944,f,17946
17948,c,17947
17948,b,17947
17946,c,17947
17946,f,17947
17946,e,17947
17948,f,17947
17947,e,17947
17947,f,17947
17946,b,17947
17948,e,17947
17947,c,17947
17944,c,17947
17947,b,17947
17945,e,17947
17945,f,17947
17945,c,17947
17945,b,17947
17943,b,17947
17943,c,17947
17943,f,17947
17944,e,17947
17944,f,17947
17944,b,17947
17943,e,17947
17947,d,17948
17947,f,17948
17948,c,17948
17949,e,17948
17948,f,17948
17949,f,17948
17949,c,17948
17948,e,17948
17948,d,17948
17947,e,17948
17949,d,17948
17947,c,17948
17945,f,17948
17946,e,17948
17946,f,17948
17946,c,17948
17944,d,17948
17944,c,17948
17944,f,17948
17946,d,17948
17945,e,17948
17945,c,17948
17945,d,17948
17944,e,17948
17950,f,17949
17950,e,17949
17948,e,17949
17948,f,17949
17946,e,17949
17945,f,17949
17945,e,17949
17947,e,17949
17947,f,17949
17946,f,17949
17949,f,17949
17949,e,17949
17950,f,17950
17946,f,17950
17951,f,17950
17947,f,17950
17949,f,17950
17948,f,17950
17953,a,17952
17952,a,17952
17951,a,17952
17949,a,17952
17948,a,17952
17950,a,17952
17950,b,17953
17954,d,17953
17953,d,17953
17953,b,17953
17949,b,17953
17949,d,17953
17952,b,17953
17954,b,17953
17952,d,17953
17950,d,17953
17951,d,17953
17951,b,17953
17951,f,17954
17954,c,17954
17953,f,17954
17953,c,17954
17950,c,17954
17950,f,17954
17955,f,17954
17954,f,17954
17952,f,17954
17952,c,17954
17951,c,17954
17955,c,17954
17954,f,17955
17954,e,17955
17955,e,17955
17956,f,17955
17952,e,17955
17953,e,17955
17953,f,17955
17952,f,17955
17951,e,17955
17951,f,17955
17956,e,17955
17955,f,17955
17956,c,17956
17956,f,17956
17957,c,17956
17955,f,17956
17955,c,17956
17957,f,17956
17954,c,17956
17954,f,17956
17953,f,17956
17953,c,17956
17952,f,17956
17952,c,17956
17954,e,17957
17955,e,17957
17958,e,17957
17953,e,17957
17956,e,17957
17957,e,17957
17958,f,17958
17957,f,17958
17954,f,17958
17959,f,17958
17956,f,17958
17955,f,17958
17956,e,17959
17957,e,17959
17960,e,17959
17955,e,17959
17958,e,17959
17959,e,17959
17959,f,17960
17961,f,17960
17960,f,17960
17958,f,17960
17957,f,17960
17956,f,17960
17959,a,17962
17963,a,17962
17960,a,17962
17962,a,17962
17958,a,17962
17961,a,17962
17963,d,17963
17963,b,17963
17962,d,17963
17962,b,17963
17961,d,17963
17964,b,17963
17960,d,17963
17960,b,17963
17959,b,17963
17959,d,17963
17964,d,17963
17961,b,17963
17961,c,17964
17964,c,17964
17964,f,17964
17963,f,17964
17963,c,17964
17965,c,17964
17962,f,17964
17962,c,17964
17960,c,17964
17960,f,17964
17961,f,17964
17965,f,17964
17964,e,17965
17965,c,17965
17966,e,17965
17966,c,17965
17965,e,17965
17964,c,17965
17962,e,17965
17961,c,17965
17963,e,17965
17963,c,17965
17961,e,17965
17962,c,17965
17967,f,17966
17967,e,17966
17965,e,17966
17965,f,17966
17963,e,17966
17962,f,17966
17964,e,17966
17964,f,17966
17962,e,17966
17963,f,17966
17966,e,17966
17966,f,17966
17968,f,17967
17967,f,17967
17966,f,17967
17964,f,17967
17963,f,17967
17965,f,17967
17969,c,17969
17968,c,17969
17968,a,17969
17970,a,17969
17970,c,17969
17967,a,17969
17967,c,17969
17965,c,17969
17966,c,17969
17966,a,17969
17965,a,17969
17969,a,17969
17970,b,17970
17970,d,17970
17970,e,17970
17969,e,17970
17969,d,17970
17969,b,17970
17971,e,17970
17968,b,17970
17971,b,17970
17967,e,17970
17967,d,17970
17967,b,17970
17966,e,17970
17966,d,17970
17968,e,17970
17971,d,17970
17966,b,17970
17968,d,17970
17970,c,17971
17970,a,17971
17970,f,17971
17971,f,17971
17971,c,17971
17971,a,17971
17972,a,17971
17972,f,17971
17968,a,17971
17972,c,17971
17968,c,17971
17968,f,17971
17969,f,17971
17969,c,17971
17969,a,17971
17967,a,17971
17967,c,17971
17967,f,17971
17973,e,17972
17973,d,17972
17971,b,17972
17972,d,17972
17971,f,17972
17973,b,17972
17972,b,17972
17971,e,17972
17972,f,17972
17971,d,17972
17972,e,17972
17973,f,17972
17969,e,17972
17968,b,17972
17968,d,17972
17968,f,17972
17969,d,17972
17970,e,17972
17970,f,17972
17970,d,17972
17970,b,17972
17969,f,17972
17969,b,17972
17968,e,17972
17972,b,17973
17973,f,17973
17972,f,17973
17974,f,17973
17974,b,17973
17972,c,17973
17974,c,17973
17969,b,17973
17969,c,17973
17970,f,17973
17970,c,17973
17970,b,17973
17969,f,17973
17973,b,17973
17971,c,17973
17971,b,17973
17971,f,17973
17973,c,17973
17974,c,17974
17975,e,17974
17975,f,17974
17975,c,17974
17973,e,17974
17973,f,17974
17974,e,17974
17974,f,17974
17973,c,17974
17970,e,17974
17970,f,17974
17970,c,17974
17971,c,17974
17971,f,17974
17972,e,17974
17972,f,17974
17972,c,17974
17971,e,17974
17975,e,17975
17976,e,17975
17976,f,17975
17975,f,17975
17974,f,17975
17974,e,17975
17971,e,17975
17972,f,17975
17973,e,17975
17973,f,17975
17972,e,17975
17971,f,17975
17974,f,17976
17973,f,17976
17975,f,17976
17972,f,17976
17976,f,17976
17977,f,17976
17977,f,17979
17979,f,17979
17978,f,17979
17980,f,17979
17976,f,17979
17975,f,17979
17977,f,17980
17978,f,17980
17981,f,17980
17979,f,17980
17980,f,17980
17976,f,17980
17981,c,17981
17980,c,17981
17982,c,17981
17979,c,17981
17978,c,17981
17977,c,17981
17979,e,17982
17978,e,17982
17980,e,17982
17983,e,17982
17981,e,17982
17982,e,17982
17983,f,17983
17979,f,17983
17982,f,17983
17984,f,17983
17981,f,17983
17980,f,17983
17985,b,17984
17981,b,17984
17982,b,17984
17980,b,17984
17983,b,17984
17984,b,17984
17985,f,17985
17984,f,17985
17984,c,17985
17985,c,17985
17983,c,17985
17986,c,17985
17983,f,17985
17986,f,17985
17982,f,17985
17981,c,17985
17981,f,17985
17982,c,17985
17986,e,17986
17985,e,17986
17982,e,17986
17984,e,17986
17987,e,17986
17983,e,17986
17987,f,17987
17986,d,17987
17986,c,17987
17987,d,17987
17987,c,17987
17988,f,17987
17986,f,17987
17988,d,17987
17988,c,17987
17985,f,17987
17985,c,17987
17985,d,17987
17984,f,17987
17984,c,17987
17983,d,17987
17983,c,17987
17983,f,17987
17984,d,17987
17985,e,17988
17988,f,17988
17988,e,17988
17987,e,17988
17987,f,17988
17989,e,17988
17985,f,17988
17986,e,17988
17986,f,17988
17984,f,17988
17989,f,17988
17984,e,17988
17990,e,17989
17989,c,17989
17989,f,17989
17988,f,17989
17988,c,17989
17989,e,17989
17990,c,17989
17990,f,17989
17988,e,17989
17985,f,17989
17987,e,17989
17987,f,17989
17987,c,17989
17985,e,17989
17986,c,17989
17986,f,17989
17986,e,17989
17985,c,17989
17990,f,17990
17990,e,17990
17991,f,17990
17989,e,17990
17989,f,17990
17986,f,17990
17991,e,17990
17988,e,17990
17988,f,17990
17986,e,17990
17987,f,17990
17987,e,17990
17991,d,17991
17991,f,17991
17987,f,17991
17992,d,17991
17990,f,17991
17990,d,17991
17990,b,17991
17992,f,17991
17991,b,17991
17987,d,17991
17992,b,17991
17989,b,17991
17987,b,17991
17988,f,17991
17988,d,17991
17989,d,17991
17988,b,17991
17989,f,17991
17989,c,17992
17992,c,17992
17992,f,17992
17992,e,17992
17993,c,17992
17991,e,17992
17991,f,17992
17991,c,17992
17989,e,17992
17988,f,17992
17988,c,17992
17989,f,17992
17993,f,17992
17990,e,17992
17990,f,17992
17990,c,17992
17988,e,17992
17993,e,17992
17989,e,17993
17993,a,17993
17993,e,17993
17994,a,17993
17992,e,17993
17992,a,17993
17994,e,17993
17989,a,17993
17991,e,17993
17990,e,17993
17990,a,17993
17991,a,17993
17993,e,17994
17994,d,17994
17994,e,17994
17993,d,17994
17993,b,17994
17990,b,17994
17990,d,17994
17990,e,17994
17995,d,17994
17995,e,17994
17992,e,17994
17992,d,17994
17992,b,17994
17991,b,17994
17991,d,17994
17991,e,17994
17995,b,17994
17994,b,17994
17991,f,17995
17994,f,17995
17994,c,17995
17991,c,17995
17996,f,17995
17993,f,17995
17993,c,17995
17995,c,17995
17992,f,17995
17992,c,17995
17996,c,17995
17995,f,17995
17996,e,17996
17995,e,17996
17997,e,17996
17994,e,17996
17993,e,17996
17992,e,17996
17995,f,17997
17993,f,17997
17996,f,17997
17997,f,17997
17994,f,17997
17998,f,17997
18001,d,18000
18000,d,18000
17999,d,18000
17998,d,18000
17997,d,18000
17996,d,18000
17998,f,18001
17999,f,18001
18000,f,18001
18001,f,18001
17997,f,18001
18002,f,18001
18004,a,18004
18005,a,18004
18003,a,18004
18002,a,18004
18001,a,18004
18000,a,18004
18001,b,18005
18006,d,18005
18001,d,18005
18005,d,18005
18005,b,18005
18005,a,18005
18006,b,18005
18004,d,18005
18004,b,18005
18004,a,18005
18006,a,18005
18003,a,18005
18002,d,18005
18002,b,18005
18003,b,18005
18002,a,18005
18003,d,18005
18001,a,18005
18006,c,18006
18005,f,18006
18006,d,18006
18007,c,18006
18005,c,18006
18005,d,18006
18005,b,18006
18006,b,18006
18002,b,18006
18007,b,18006
18007,d,18006
18006,f,18006
18003,b,18006
18007,f,18006
18004,c,18006
18003,d,18006
18003,c,18006
18003,f,18006
18004,f,18006
18002,d,18006
18004,d,18006
18004,b,18006
18002,c,18006
18002,f,18006
18008,e,18007
18008,f,18007
18006,a,18007
18007,c,18007
18008,c,18007
18007,a,18007
18006,e,18007
18007,e,18007
18007,f,18007
18006,c,18007
18008,a,18007
18006,f,18007
18004,f,18007
18004,c,18007
18003,a,18007
18003,c,18007
18003,f,18007
18005,e,18007
18005,f,18007
18005,c,18007
18005,a,18007
18003,e,18007
18004,e,18007
18004,a,18007
18004,d,18008
18007,b,18008
18007,d,18008
18009,b,18008
18007,e,18008
18009,f,18008
18009,d,18008
18008,b,18008
18008,d,18008
18007,f,18008
18004,b,18008
18008,e,18008
18004,f,18008
18005,e,18008
18005,f,18008
18005,d,18008
18005,b,18008
18008,f,18008
18006,d,18008
18006,f,18008
18006,b,18008
18009,e,18008
18004,e,18008
18006,e,18008
18010,d,18009
18009,f,18009
18008,f,18009
18008,c,18009
18008,d,18009
18010,c,18009
18009,c,18009
18009,d,18009
18010,f,18009
18005,c,18009
18007,c,18009
18005,d,18009
18006,d,18009
18007,f,18009
18007,d,18009
18006,c,18009
18005,f,18009
18006,f,18009
18007,e,18010
18011,f,18010
18009,e,18010
18009,f,18010
18006,f,18010
18010,f,18010
18011,e,18010
18008,e,18010
18008,f,18010
18007,f,18010
18006,e,18010
18010,e,18010
18011,f,18011
18007,f,18011
18009,f,18011
18008,f,18011
18010,f,18011
18012,f,18011
18015,e,18014
18012,e,18014
18013,e,18014
18014,e,18014
18011,e,18014
18010,e,18014
18011,d,18015
18016,f,18015
18016,d,18015
18015,f,18015
18015,d,18015
18014,f,18015
18014,d,18015
18011,f,18015
18013,f,18015
18013,d,18015
18012,f,18015
18012,d,18015
18014,f,18016
18017,f,18016
18012,f,18016
18015,f,18016
18013,f,18016
18016,f,18016
18018,d,18018
18019,d,18018
18017,d,18018
18015,d,18018
18014,d,18018
18016,d,18018
18018,f,18019
18019,f,18019
18020,f,18019
18015,f,18019
18016,f,18019
18017,f,18019
18017,a,18020
18019,f,18020
18019,a,18020
18021,a,18020
18021,f,18020
18020,f,18020
18020,a,18020
18018,a,18020
18016,a,18020
18016,f,18020
18017,f,18020
18018,f,18020
18022,b,18021
18022,d,18021
18020,d,18021
18020,b,18021
18021,b,18021
18021,d,18021
18017,b,18021
18018,b,18021
18018,d,18021
18019,b,18021
18019,d,18021
18017,d,18021
18019,f,18022
18022,f,18022
18023,c,18022
18021,f,18022
18021,c,18022
18019,c,18022
18018,c,18022
18018,f,18022
18023,f,18022
18020,f,18022
18020,c,18022
18022,c,18022
18023,c,18023
18023,f,18023
18024,e,18023
18023,e,18023
18024,c,18023
18022,e,18023
18022,f,18023
18022,c,18023
18024,f,18023
18019,f,18023
18020,f,18023
18021,e,18023
18021,f,18023
18019,e,18023
18020,c,18023
18021,c,18023
18019,c,18023
18020,e,18023
18024,e,18024
18024,f,18024
18025,e,18024
18023,e,18024
18023,f,18024
18025,f,18024
18020,e,18024
18022,e,18024
18022,f,18024
18021,f,18024
18021,e,18024
18020,f,18024
18023,f,18025
18026,f,18025
18022,f,18025
18024,f,18025
18025,f,18025
18021,f,18025
18027,d,18026
18026,d,18026
18025,d,18026
18024,d,18026
18023,d,18026
18022,d,18026
18024,f,18027
18025,f,18027
18023,f,18027
18026,f,18027
18028,f,18027
18027,f,18027
18029,a,18029
18028,a,18029
18027,a,18029
18030,a,18029
18025,a,18029
18026,a,18029
18027,b,18030
18030,d,18030
18029,d,18030
18029,b,18030
18031,b,18030
18026,d,18030
18031,d,18030
18028,d,18030
18028,b,18030
18026,b,18030
18030,b,18030
18027,d,18030
18030,f,18031
18031,f,18031
18030,c,18031
18031,c,18031
18032,c,18031
18032,f,18031
18027,c,18031
18029,f,18031
18029,c,18031
18027,f,18031
18028,c,18031
18028,f,18031
18028,f,18032
18033,f,18032
18033,e,18032
18031,e,18032
18031,f,18032
18032,e,18032
18030,e,18032
18030,f,18032
18028,e,18032
18029,f,18032
18029,e,18032
18032,f,18032
18033,f,18033
18034,d,18033
18034,f,18033
18033,d,18033
18032,f,18033
18029,f,18033
18029,d,18033
18031,f,18033
18031,d,18033
18030,f,18033
18030,d,18033
18032,d,18033
18032,f,18034
18034,f,18034
18030,f,18034
18033,f,18034
18035,f,18034
18031,f,18034
18037,c,18036
18036,c,18036
18035,c,18036
18034,c,18036
18033,c,18036
18032,c,18036
18033,e,18037
18035,e,18037
18034,e,18037
18036,e,18037
18038,e,18037
18037,e,18037
18034,f,18038
18039,f,18038
18037,f,18038
18038,f,18038
18036,f,18038
18035,f,18038
18038,b,18040
18039,b,18040
18040,b,18040
18041,b,18040
18037,b,18040
18036,b,18040
18037,c,18041
18041,f,18041
18040,f,18041
18040,c,18041
18042,c,18041
18037,f,18041
18042,f,18041
18039,f,18041
18039,c,18041
18041,c,18041
18038,f,18041
18038,c,18041
18041,e,18042
18042,e,18042
18043,e,18042
18041,c,18042
18042,c,18042
18043,c,18042
18040,e,18042
18040,c,18042
18038,c,18042
18039,e,18042
18039,c,18042
18038,e,18042
18040,e,18043
18044,f,18043
18043,e,18043
18043,f,18043
18042,e,18043
18042,f,18043
18044,e,18043
18041,e,18043
18041,f,18043
18039,e,18043
18039,f,18043
18040,f,18043
18041,f,18044
18042,f,18044
18040,f,18044
18043,f,18044
18045,f,18044
18044,f,18044
18047,e,18046
18046,e,18046
18045,e,18046
18042,e,18046
18044,e,18046
18043,e,18046
18044,f,18047
18047,f,18047
18046,f,18047
18048,f,18047
18045,f,18047
18043,f,18047
18045,e,18048
18048,f,18048
18046,e,18048
18049,e,18048
18049,f,18048
18044,e,18048
18044,f,18048
18047,f,18048
18047,e,18048
18048,e,18048
18045,f,18048
18046,f,18048
18050,f,18049
18049,f,18049
18048,f,18049
18045,f,18049
18047,f,18049
18046,f,18049
18046,a,18050
18046,e,18050
18051,e,18050
18050,a,18050
18049,e,18050
18051,a,18050
18049,a,18050
18048,a,18050
18047,a,18050
18047,e,18050
18050,e,18050
18048,e,18050
18050,e,18051
18050,d,18051
18050,b,18051
18047,b,18051
18047,d,18051
18051,f,18051
18051,e,18051
18052,b,18051
18052,d,18051
18052,f,18051
18052,e,18051
18051,d,18051
18051,b,18051
18050,f,18051
18049,e,18051
18049,f,18051
18049,d,18051
18047,f,18051
18047,e,18051
18048,b,18051
18049,b,18051
18048,d,18051
18048,f,18051
18048,e,18051
18049,f,18052
18052,f,18052
18052,c,18052
18053,f,18052
18051,f,18052
18051,c,18052
18048,f,18052
18049,c,18052
18050,c,18052
18050,f,18052
18048,c,18052
18053,c,18052
18054,e,18053
18050,e,18053
18051,e,18053
18049,e,18053
18052,e,18053
18053,e,18053
18053,f,18054
18055,f,18054
18054,c,18054
18055,b,18054
18055,c,18054
18054,f,18054
18054,b,18054
18053,b,18054
18053,c,18054
18051,f,18054
18051,b,18054
18050,f,18054
18052,f,18054
18052,c,18054
18052,b,18054
18051,c,18054
18050,b,18054
18050,c,18054
18054,c,18055
18054,f,18055
18052,f,18055
18055,e,18055
18056,c,18055
18056,f,18055
18056,e,18055
18054,e,18055
18055,f,18055
18055,c,18055
18052,c,18055
18052,e,18055
18051,e,18055
18051,f,18055
18053,c,18055
18051,c,18055
18053,e,18055
18053,f,18055
18053,e,18056
18056,f,18056
18056,e,18056
18055,e,18056
18055,f,18056
18053,f,18056
18054,f,18056
18054,e,18056
18057,e,18056
18052,f,18056
18057,f,18056
18052,e,18056
18057,b,18057
18056,f,18057
18056,b,18057
18057,f,18057
18058,b,18057
18058,f,18057
18053,b,18057
18054,f,18057
18055,f,18057
18055,b,18057
18054,b,18057
18053,f,18057
18059,c,18058
18057,f,18058
18057,c,18058
18054,c,18058
18054,f,18058
18059,f,18058
18058,c,18058
18056,f,18058
18056,c,18058
18055,c,18058
18055,f,18058
18058,f,18058
18060,f,18059
18060,e,18059
18059,f,18059
18058,e,18059
18059,e,18059
18058,f,18059
18057,f,18059
18056,e,18059
18056,f,18059
18055,e,18059
18055,f,18059
18057,e,18059
18065,c,18065
18064,c,18065
18063,c,18065
18066,c,18065
18062,c,18065
18061,c,18065
18063,e,18066
18066,e,18066
18064,e,18066
18067,e,18066
18065,e,18066
18062,e,18066
18068,f,18067
18067,e,18067
18067,f,18067
18067,c,18067
18066,e,18067
18068,e,18067
18066,c,18067
18068,c,18067
18066,f,18067
18065,e,18067
18065,f,18067
18065,c,18067
18063,c,18067
18064,e,18067
18064,f,18067
18064,c,18067
18063,e,18067
18063,f,18067
18065,e,18068
18069,e,18068
18069,f,18068
18068,e,18068
18068,f,18068
18065,f,18068
18067,f,18068
18066,e,18068
18066,f,18068
18064,f,18068
18064,e,18068
18067,e,18068
18067,f,18069
18066,f,18069
18068,f,18069
18065,f,18069
18069,f,18069
18070,f,18069
18076,d,18075
18075,d,18075
18073,d,18075
18074,d,18075
18072,d,18075
18071,d,18075
18077,b,18076
18076,b,18076
18077,f,18076
18075,b,18076
18076,f,18076
18074,f,18076
18075,f,18076
18072,b,18076
18072,f,18076
18073,b,18076
18073,f,18076
18074,b,18076
18077,a,18077
18077,c,18077
18077,f,18077
18076,f,18077
18076,c,18077
18076,a,18077
18078,a,18077
18078,c,18077
18078,f,18077
18074,a,18077
18074,c,18077
18074,f,18077
18075,f,18077
18075,c,18077
18075,a,18077
18073,a,18077
18073,c,18077
18073,f,18077
18078,f,18078
18079,e,18078
18077,b,18078
18077,d,18078
18077,c,18078
18079,b,18078
18079,c,18078
18079,d,18078
18078,e,18078
18077,e,18078
18078,d,18078
18078,c,18078
18079,f,18078
18078,b,18078
18077,f,18078
18074,b,18078
18074,d,18078
18074,c,18078
18074,f,18078
18074,e,18078
18076,e,18078
18076,f,18078
18076,c,18078
18076,d,18078
18076,b,18078
18075,e,18078
18075,f,18078
18075,c,18078
18075,d,18078
18075,b,18078
18078,b,18079
18079,f,18079
18078,c,18079
18078,f,18079
18078,e,18079
18079,e,18079
18076,e,18079
18075,b,18079
18075,f,18079
18079,b,18079
18076,f,18079
18076,c,18079
18076,b,18079
18080,e,18079
18075,e,18079
18075,c,18079
18077,b,18079
18079,c,18079
18077,f,18079
18077,e,18079
18080,f,18079
18080,c,18079
18080,b,18079
18077,c,18079
18079,f,18080
18079,c,18080
18081,f,18080
18081,e,18080
18080,c,18080
18080,f,18080
18079,e,18080
18076,c,18080
18078,e,18080
18078,f,18080
18078,c,18080
18077,e,18080
18077,f,18080
18077,c,18080
18080,e,18080
18076,e,18080
18076,f,18080
18081,c,18080
18081,e,18081
18082,f,18081
18082,e,18081
18081,f,18081
18077,f,18081
18080,f,18081
18079,e,18081
18079,f,18081
18078,e,18081
18078,f,18081
18077,e,18081
18080,e,18081
18086,e,18085
18083,e,18085
18082,e,18085
18084,e,18085
18081,e,18085
18085,e,18085
18087,f,18086
18086,f,18086
18085,e,18086
18085,f,18086
18087,e,18086
18086,e,18086
18084,e,18086
18084,f,18086
18082,f,18086
18082,e,18086
18083,f,18086
18083,e,18086
18084,c,18087
18088,f,18087
18087,f,18087
18087,c,18087
18086,f,18087
18086,c,18087
18088,c,18087
18085,c,18087
18084,f,18087
18085,f,18087
18083,f,18087
18083,c,18087
18088,e,18088
18089,e,18088
18087,c,18088
18084,e,18088
18088,c,18088
18087,e,18088
18089,c,18088
18086,e,18088
18086,c,18088
18085,c,18088
18085,e,18088
18084,c,18088
18085,e,18089
18088,e,18089
18088,f,18089
18089,e,18089
18085,f,18089
18090,e,18089
18087,e,18089
18087,f,18089
18090,f,18089
18086,e,18089
18086,f,18089
18089,f,18089
18091,f,18090
18089,f,18090
18087,f,18090
18086,f,18090
18088,f,18090
18090,f,18090
18091,f,18091
18092,f,18091
18088,f,18091
18089,f,18091
18087,f,18091
18090,f,18091
18096,d,18097
18098,d,18097
18095,d,18097
18094,d,18097
18093,d,18097
18097,d,18097
18099,b,18098
18098,f,18098
18098,d,18098
18098,b,18098
18097,f,18098
18099,f,18098
18097,b,18098
18099,d,18098
18097,d,18098
18096,f,18098
18096,d,18098
18096,b,18098
18094,b,18098
18094,d,18098
18094,f,18098
18095,b,18098
18095,d,18098
18095,f,18098
18096,c,18099
18099,f,18099
18099,c,18099
18098,f,18099
18100,f,18099
18098,c,18099
18100,c,18099
18097,f,18099
18096,f,18099
18095,f,18099
18097,c,18099
18095,c,18099
18100,e,18100
18097,e,18100
18098,e,18100
18099,e,18100
18096,e,18100
18101,e,18100
18102,f,18101
18102,b,18101
18101,b,18101
18101,f,18101
18101,e,18101
18102,e,18101
18100,f,18101
18100,e,18101
18100,b,18101
18097,e,18101
18098,b,18101
18098,f,18101
18098,e,18101
18097,f,18101
18097,b,18101
18099,f,18101
18099,e,18101
18099,b,18101
18098,f,18102
18100,c,18102
18100,f,18102
18103,f,18102
18102,c,18102
18099,f,18102
18098,c,18102
18099,c,18102
18101,c,18102
18101,f,18102
18102,f,18102
18103,c,18102
18099,e,18103
18103,e,18103
18102,e,18103
18104,e,18103
18101,e,18103
18100,e,18103
18101,f,18104
18104,f,18104
18103,f,18104
18103,a,18104
18104,a,18104
18100,a,18104
18105,a,18104
18102,f,18104
18102,a,18104
18100,f,18104
18101,a,18104
18105,f,18104
18106,d,18105
18105,b,18105
18105,d,18105
18104,d,18105
18104,b,18105
18106,b,18105
18101,b,18105
18103,d,18105
18103,b,18105
18102,b,18105
18101,d,18105
18102,d,18105
18103,f,18106
18106,f,18106
18107,c,18106
18107,f,18106
18105,f,18106
18105,c,18106
18102,c,18106
18104,f,18106
18104,c,18106
18103,c,18106
18102,f,18106
18106,c,18106
18107,e,18107
18108,e,18107
18106,e,18107
18104,e,18107
18103,e,18107
18105,e,18107
18109,f,18108
18106,f,18108
18108,f,18108
18105,f,18108
18104,f,18108
18107,f,18108
18108,b,18109
18110,b,18109
18105,b,18109
18106,b,18109
18109,b,18109
18107,b,18109
18110,f,18110
18110,c,18110
18111,c,18110
18109,e,18110
18109,f,18110
18111,e,18110
18109,c,18110
18110,e,18110
18111,f,18110
18108,e,18110
18108,f,18110
18108,c,18110
18106,c,18110
18106,f,18110
18107,e,18110
18107,f,18110
18107,c,18110
18106,e,18110
18108,e,18111
18112,f,18111
18111,e,18111
18111,f,18111
18108,f,18111
18110,e,18111
18110,f,18111
18109,e,18111
18109,f,18111
18107,f,18111
18107,e,18111
18112,e,18111
18110,f,18112
18109,f,18112
18111,f,18112
18113,f,18112
18108,f,18112
18112,f,18112
18114,d,18114
18113,d,18114
18112,d,18114
18115,d,18114
18110,d,18114
18111,d,18114
18112,b,18115
18115,f,18115
18114,f,18115
18114,b,18115
18116,b,18115
18111,f,18115
18116,f,18115
18111,b,18115
18113,b,18115
18115,b,18115
18112,f,18115
18113,f,18115
18115,f,18116
18115,c,18116
18116,d,18116
18116,c,18116
18116,f,18116
18115,d,18116
18117,f,18116
18113,c,18116
18117,d,18116
18117,c,18116
18114,f,18116
18114,c,18116
18114,d,18116
18112,d,18116
18112,c,18116
18112,f,18116
18113,d,18116
18113,f,18116
18117,f,18117
18117,e,18117
18116,e,18117
18116,f,18117
18114,e,18117
18118,f,18117
18115,e,18117
18115,f,18117
18113,f,18117
18113,e,18117
18114,f,18117
18118,e,18117
18119,f,18118
18118,d,18118
18118,c,18118
18117,f,18118
18117,c,18118
18117,d,18118
18118,f,18118
18119,d,18118
18119,c,18118
18115,f,18118
18115,c,18118
18114,d,18118
18114,c,18118
18116,f,18118
18116,c,18118
18116,d,18118
18114,f,18118
18115,d,18118
18120,f,18119
18120,e,18119
18118,e,18119
18118,f,18119
18119,e,18119
18119,f,18119
18115,e,18119
18117,e,18119
18117,f,18119
18116,f,18119
18116,e,18119
18115,f,18119
18120,e,18120
18121,f,18120
18116,e,18120
18120,f,18120
18119,e,18120
18119,f,18120
18116,f,18120
18121,e,18120
18117,f,18120
18118,e,18120
18118,f,18120
18117,e,18120
18119,a,18121
18122,a,18121
18118,a,18121
18117,a,18121
18120,a,18121
18121,a,18121
18122,d,18122
18122,b,18122
18121,d,18122
18121,b,18122
18123,d,18122
18118,d,18122
18123,b,18122
18120,d,18122
18120,b,18122
18118,b,18122
18119,b,18122
18119,d,18122
18123,c,18123
18123,f,18123
18122,f,18123
18122,c,18123
18124,c,18123
18124,f,18123
18121,f,18123
18121,c,18123
18119,c,18123
18119,f,18123
18120,c,18123
18120,f,18123
18124,e,18124
18123,e,18124
18125,e,18124
18122,e,18124
18120,e,18124
18121,e,18124
18122,e,18125
18126,e,18125
18126,f,18125
18125,e,18125
18124,e,18125
18124,f,18125
18125,f,18125
18121,e,18125
18122,f,18125
18123,e,18125
18121,f,18125
18123,f,18125
18126,f,18126
18127,f,18126
18122,f,18126
18124,f,18126
18123,f,18126
18125,f,18126
18130,a,18129
18130,f,18129
18129,a,18129
18128,f,18129
18128,a,18129
18127,f,18129
18129,f,18129
18127,a,18129
18126,f,18129
18125,a,18129
18125,f,18129
18126,a,18129
18126,d,18130
18131,e,18130
18131,d,18130
18131,b,18130
18130,e,18130
18130,d,18130
18130,b,18130
18126,e,18130
18129,d,18130
18129,b,18130
18129,e,18130
18126,b,18130
18127,b,18130
18127,d,18130
18128,e,18130
18127,e,18130
18128,d,18130
18128,b,18130
18132,c,18131
18130,f,18131
18130,c,18131
18127,c,18131
18127,f,18131
18131,f,18131
18132,f,18131
18129,f,18131
18129,c,18131
18131,c,18131
18128,c,18131
18128,f,18131
18132,d,18132
18132,e,18132
18131,e,18132
18131,d,18132
18133,d,18132
18133,e,18132
18130,e,18132
18128,d,18132
18130,d,18132
18129,e,18132
18129,d,18132
18128,e,18132
18131,f,18133
18129,f,18133
18132,f,18133
18134,f,18133
18133,f,18133
18130,f,18133
18134,b,18136
18135,b,18136
18136,b,18136
18132,b,18136
18133,b,18136
18137,b,18136
18136,c,18137
18136,f,18137
18136,d,18137
18137,c,18137
18137,f,18137
18138,d,18137
18138,c,18137
18137,d,18137
18138,f,18137
18134,c,18137
18133,c,18137
18134,d,18137
18133,d,18137
18135,c,18137
18135,d,18137
18134,f,18137
18133,f,18137
18135,f,18137
18139,f,18138
18137,b,18138
18137,f,18138
18135,b,18138
18138,f,18138
18138,e,18138
18139,b,18138
18138,b,18138
18134,b,18138
18137,e,18138
18134,f,18138
18135,f,18138
18135,e,18138
18134,e,18138
18136,b,18138
18136,f,18138
18139,e,18138
18136,e,18138
18136,b,18139
18139,b,18139
18139,c,18139
18139,f,18139
18140,b,18139
18138,f,18139
18138,c,18139
18138,b,18139
18136,f,18139
18135,c,18139
18135,b,18139
18136,c,18139
18140,c,18139
18140,f,18139
18137,f,18139
18137,c,18139
18137,b,18139
18135,f,18139
18141,f,18140
18140,c,18140
18140,f,18140
18140,e,18140
18139,e,18140
18139,c,18140
18141,e,18140
18141,c,18140
18139,f,18140
18138,e,18140
18138,f,18140
18136,c,18140
18136,f,18140
18138,c,18140
18136,e,18140
18137,e,18140
18137,f,18140
18137,c,18140
18138,e,18141
18142,e,18141
18141,e,18141
18141,f,18141
18140,e,18141
18142,f,18141
18137,f,18141
18137,e,18141
18139,e,18141
18139,f,18141
18140,f,18141
18138,f,18141
18140,f,18142
18139,f,18142
18138,f,18142
18141,f,18142
18143,f,18142
18142,f,18142
18145,c,18144
18144,c,18144
18143,c,18144
18142,c,18144
18140,c,18144
18141,c,18144
18142,e,18145
18146,e,18145
18144,e,18145
18145,e,18145
18143,e,18145
18141,e,18145
18144,f,18146
18145,f,18146
18142,f,18146
18146,f,18146
18147,f,18146
18143,f,18146
18144,e,18148
18147,e,18148
18145,e,18148
18146,e,18148
18149,e,18148
18148,e,18148
18149,f,18149
18148,f,18149
18150,f,18149
18147,f,18149
18146,f,18149
18145,f,18149
18146,f,18150
18148,f,18150
18149,f,18150
18147,f,18150
18151,f,18150
18150,f,18150
18152,c,18152
18151,c,18152
18150,c,18152
18153,c,18152
18148,c,18152
18149,c,18152
18150,d,18153
18153,e,18153
18152,e,18153
18152,d,18153
18151,e,18153
18154,d,18153
18149,d,18153
18149,e,18153
18154,e,18153
18153,d,18153
18150,e,18153
18151,d,18153
18154,f,18154
18153,f,18154
18153,c,18154
18154,c,18154
18155,c,18154
18152,f,18154
18152,c,18154
18155,f,18154
18151,f,18154
18151,c,18154
18150,f,18154
18150,c,18154
18152,e,18155
18153,e,18155
18156,e,18155
18154,e,18155
18155,e,18155
18151,e,18155
18157,f,18156
18155,f,18156
18156,f,18156
18153,f,18156
18154,f,18156
18152,f,18156
18154,c,18157
18155,c,18157
18158,c,18157
18153,c,18157
18156,c,18157
18157,c,18157
18154,c,18158
18159,c,18158
18157,e,18158
18157,c,18158
18158,c,18158
18159,e,18158
18156,e,18158
18154,e,18158
18156,c,18158
18155,e,18158
18155,c,18158
18158,e,18158
18159,e,18159
18160,f,18159
18160,e,18159
18158,e,18159
18158,f,18159
18159,f,18159
18157,f,18159
18157,e,18159
18156,e,18159
18156,f,18159
18155,e,18159
18155,f,18159
18158,f,18160
18157,f,18160
18156,f,18160
18159,f,18160
18161,f,18160
18160,f,18160
18162,b,18162
18161,b,18162
18160,b,18162
18163,b,18162
18158,b,18162
18159,b,18162
18159,c,18163
18162,b,18163
18164,b,18163
18164,c,18163
18164,f,18163
18159,f,18163
18161,f,18163
18162,c,18163
18161,c,18163
18159,b,18163
18163,b,18163
18163,f,18163
18163,c,18163
18160,f,18163
18160,c,18163
18160,b,18163
18161,b,18163
18162,f,18163
18163,c,18164
18163,f,18164
18164,c,18164
18164,f,18164
18165,c,18164
18165,f,18164
18163,e,18164
18164,e,18164
18162,e,18164
18160,c,18164
18160,f,18164
18161,f,18164
18161,c,18164
18165,e,18164
18162,f,18164
18162,c,18164
18161,e,18164
18160,e,18164
18161,f,18165
18164,a,18165
18166,a,18165
18164,e,18165
18165,e,18165
18165,f,18165
18164,f,18165
18161,a,18165
18165,a,18165
18166,f,18165
18162,e,18165
18162,f,18165
18162,a,18165
18163,a,18165
18163,f,18165
18161,e,18165
18166,e,18165
18163,e,18165
18166,f,18166
18167,f,18166
18165,f,18166
18165,d,18166
18165,b,18166
18166,d,18166
18166,b,18166
18167,b,18166
18167,d,18166
18163,b,18166
18163,f,18166
18162,b,18166
18164,f,18166
18164,d,18166
18162,d,18166
18162,f,18166
18164,b,18166
18163,d,18166
18168,c,18167
18166,f,18167
18166,c,18167
18168,f,18167
18164,f,18167
18163,c,18167
18163,f,18167
18165,f,18167
18165,c,18167
18164,c,18167
18167,c,18167
18167,f,18167
18168,e,18168
18166,e,18168
18164,e,18168
18169,e,18168
18165,e,18168
18167,e,18168
18172,c,18171
18171,f,18171
18171,c,18171
18172,f,18171
18170,c,18171
18169,f,18171
18170,f,18171
18167,c,18171
18167,f,18171
18168,f,18171
18168,c,18171
18169,c,18171
18169,e,18172
18172,e,18172
18171,e,18172
18173,e,18172
18170,e,18172
18168,e,18172
18170,e,18173
18173,f,18173
18173,e,18173
18172,e,18173
18172,f,18173
18172,a,18173
18169,a,18173
18174,a,18173
18169,f,18173
18174,f,18173
18170,f,18173
18174,e,18173
18173,a,18173
18171,f,18173
18171,a,18173
18169,e,18173
18170,a,18173
18171,e,18173
18174,d,18174
18174,f,18174
18175,b,18174
18173,f,18174
18173,d,18174
18173,b,18174
18175,f,18174
18174,b,18174
18175,d,18174
18170,f,18174
18170,b,18174
18172,f,18174
18172,d,18174
18172,b,18174
18171,b,18174
18170,d,18174
18171,d,18174
18171,f,18174
18175,c,18175
18175,f,18175
18176,c,18175
18174,f,18175
18174,c,18175
18172,f,18175
18176,f,18175
18173,f,18175
18173,c,18175
18172,c,18175
18171,c,18175
18171,f,18175
18176,e,18176
18172,e,18176
18177,e,18176
18175,e,18176
18173,e,18176
18174,e,18176
18178,b,18177
18177,b,18177
18176,f,18177
18176,b,18177
18173,f,18177
18177,f,18177
18173,b,18177
18175,f,18177
18175,b,18177
18178,f,18177
18174,b,18177
18174,f,18177
18179,c,18178
18178,f,18178
18178,c,18178
18177,f,18178
18177,c,18178
18174,c,18178
18176,f,18178
18174,f,18178
18175,f,18178
18175,c,18178
18179,f,18178
18176,c,18178
18179,a,18179
18178,e,18179
18180,e,18179
18179,e,18179
18180,a,18179
18178,a,18179
18176,e,18179
18175,a,18179
18177,e,18179
18177,a,18179
18175,e,18179
18176,a,18179
18176,b,18180
18180,b,18180
18180,d,18180
18181,b,18180
18179,f,18180
18179,d,18180
18179,b,18180
18176,d,18180
18180,f,18180
18181,f,18180
18178,f,18180
18178,d,18180
18178,b,18180
18176,f,18180
18177,b,18180
18177,d,18180
18177,f,18180
18181,d,18180
18182,c,18181
18181,c,18181
18182,f,18181
18180,f,18181
18180,c,18181
18181,f,18181
18179,c,18181
18177,c,18181
18179,f,18181
18178,f,18181
18178,c,18181
18177,f,18181
18179,e,18182
18182,e,18182
18181,e,18182
18183,e,18182
18180,e,18182
18178,e,18182
18183,f,18183
18180,f,18183
18179,f,18183
18182,f,18183
18184,f,18183
18181,f,18183
18186,a,18185
18184,a,18185
18183,a,18185
18185,a,18185
18182,a,18185
18181,a,18185
18182,d,18186
18187,e,18186
18187,d,18186
18187,b,18186
18182,e,18186
18186,d,18186
18186,b,18186
18185,e,18186
18185,d,18186
18185,b,18186
18186,e,18186
18183,d,18186
18183,b,18186
18183,e,18186
18184,b,18186
18182,b,18186
18184,e,18186
18184,d,18186
18185,c,18187
18184,f,18187
18184,c,18187
18188,c,18187
18186,f,18187
18186,c,18187
18183,f,18187
18187,c,18187
18188,f,18187
18185,f,18187
18183,c,18187
18187,f,18187
18187,e,18188
18188,e,18188
18189,e,18188
18184,e,18188
18186,e,18188
18185,e,18188
18187,f,18189
18185,f,18189
18188,f,18189
18189,f,18189
18190,f,18189
18186,f,18189
18192,b,18193
18194,c,18193
18194,b,18193
18193,c,18193
18193,b,18193
18192,c,18193
18191,c,18193
18189,c,18193
18189,b,18193
18191,b,18193
18190,b,18193
18190,c,18193
18190,e,18194
18194,c,18194
18195,c,18194
18195,f,18194
18193,e,18194
18193,f,18194
18193,c,18194
18194,f,18194
18195,e,18194
18192,e,18194
18192,f,18194
18192,c,18194
18190,c,18194
18190,f,18194
18191,e,18194
18191,f,18194
18191,c,18194
18194,e,18194
18195,e,18195
18196,f,18195
18196,e,18195
18194,f,18195
18195,f,18195
18194,e,18195
18191,e,18195
18191,f,18195
18193,e,18195
18193,f,18195
18192,e,18195
18192,f,18195
18197,f,18196
18196,f,18196
18195,f,18196
18193,f,18196
18194,f,18196
18192,f,18196
18195,d,18198
18199,d,18198
18197,c,18198
18197,d,18198
18199,c,18198
18196,c,18198
18198,c,18198
18194,d,18198
18194,c,18198
18198,d,18198
18195,c,18198
18196,d,18198
18199,f,18199
18200,f,18199
18200,e,18199
18198,e,18199
18198,f,18199
18199,e,18199
18197,f,18199
18197,e,18199
18195,f,18199
18195,e,18199
18196,e,18199
18196,f,18199
18200,f,18200
18201,f,18200
18196,f,18200
18197,f,18200
18198,f,18200
18199,f,18200
18204,a,18205
18201,a,18205
18202,a,18205
18203,a,18205
18206,a,18205
18205,a,18205
18207,b,18206
18206,d,18206
18206,b,18206
18205,d,18206
18205,b,18206
18204,b,18206
18203,d,18206
18202,b,18206
18207,d,18206
18202,d,18206
18203,b,18206
18204,d,18206
18207,f,18207
18208,c,18207
18206,f,18207
18206,c,18207
18204,c,18207
18205,f,18207
18205,c,18207
18203,c,18207
18203,f,18207
18204,f,18207
18208,f,18207
18207,c,18207
18208,e,18208
18207,e,18208
18209,e,18208
18205,e,18208
18204,e,18208
18206,e,18208
18210,f,18209
18209,f,18209
18208,f,18209
18206,f,18209
18205,f,18209
18207,f,18209
18208,f,18210
18206,f,18210
18207,f,18210
18209,f,18210
18210,f,18210
18211,f,18210
18214,a,18214
18215,a,18214
18213,a,18214
18212,a,18214
18211,a,18214
18210,a,18214
18212,b,18215
18215,d,18215
18215,b,18215
18216,b,18215
18216,d,18215
18214,d,18215
18214,b,18215
18211,d,18215
18213,d,18215
18213,b,18215
18212,d,18215
18211,b,18215
18217,c,18216
18217,f,18216
18215,f,18216
18215,c,18216
18212,c,18216
18212,f,18216
18216,c,18216
18216,f,18216
18214,f,18216
18213,c,18216
18213,f,18216
18214,c,18216
18216,e,18217
18217,e,18217
18218,e,18217
18215,e,18217
18214,e,18217
18213,e,18217
18217,c,18218
18217,f,18218
18219,c,18218
18219,b,18218
18218,f,18218
18218,c,18218
18217,b,18218
18219,f,18218
18218,b,18218
18215,c,18218
18214,b,18218
18216,f,18218
18216,c,18218
18216,b,18218
18214,c,18218
18215,f,18218
18215,b,18218
18214,f,18218
18218,c,18219
18218,f,18219
18219,f,18219
18220,e,18219
18220,c,18219
18219,e,18219
18219,c,18219
18218,e,18219
18220,f,18219
18216,c,18219
18215,f,18219
18217,e,18219
18217,f,18219
18217,c,18219
18215,c,18219
18216,e,18219
18216,f,18219
18215,e,18219
18221,e,18220
18221,f,18220
18220,e,18220
18220,f,18220
18219,e,18220
18217,e,18220
18216,f,18220
18216,e,18220
18218,e,18220
18219,f,18220
18218,f,18220
18217,f,18220
18219,f,18221
18222,f,18221
18217,f,18221
18218,f,18221
18220,f,18221
18221,f,18221
18223,d,18224
18223,c,18224
18225,d,18224
18224,c,18224
18225,c,18224
18224,d,18224
18222,c,18224
18222,d,18224
18220,d,18224
18220,c,18224
18221,c,18224
18221,d,18224
18226,e,18225
18226,f,18225
18225,e,18225
18225,f,18225
18224,e,18225
18224,f,18225
18222,f,18225
18223,e,18225
18223,f,18225
18221,f,18225
18221,e,18225
18222,e,18225
18224,f,18226
18227,f,18226
18225,f,18226
18223,f,18226
18222,f,18226
18226,f,18226
18229,c,18228
18226,c,18228
18228,c,18228
18227,c,18228
18224,c,18228
18225,c,18228
18229,e,18229
18228,e,18229
18230,e,18229
18225,e,18229
18227,e,18229
18226,e,18229
18227,f,18230
18230,f,18230
18229,f,18230
18229,b,18230
18226,b,18230
18230,b,18230
18231,b,18230
18228,f,18230
18228,b,18230
18226,f,18230
18231,f,18230
18227,b,18230
18231,c,18231
18231,f,18231
18230,f,18231
18230,c,18231
18232,f,18231
18232,c,18231
18227,c,18231
18229,f,18231
18229,c,18231
18227,f,18231
18228,c,18231
18228,f,18231
18232,e,18232
18229,e,18232
18230,e,18232
18231,e,18232
18233,e,18232
18228,e,18232
18233,e,18233
18232,d,18233
18232,e,18233
18232,f,18233
18234,d,18233
18233,d,18233
18233,c,18233
18233,f,18233
18234,f,18233
18234,c,18233
18232,c,18233
18234,e,18233
18231,f,18233
18230,f,18233
18230,c,18233
18230,d,18233
18229,e,18233
18231,e,18233
18231,c,18233
18231,d,18233
18230,e,18233
18229,d,18233
18229,c,18233
18229,f,18233
18233,b,18234
18233,c,18234
18233,f,18234
18233,e,18234
18231,c,18234
18234,f,18234
18234,e,18234
18235,b,18234
18231,b,18234
18235,f,18234
18235,e,18234
18234,c,18234
18234,b,18234
18235,c,18234
18230,c,18234
18230,e,18234
18230,f,18234
18231,e,18234
18230,b,18234
18232,c,18234
18231,f,18234
18232,b,18234
18232,f,18234
18232,e,18234
18233,e,18235
18236,c,18235
18236,f,18235
18236,e,18235
18234,e,18235
18234,f,18235
18234,c,18235
18231,e,18235
18232,f,18235
18233,f,18235
18235,e,18235
18232,c,18235
18231,f,18235
18233,c,18235
18235,c,18235
18235,f,18235
18232,e,18235
18231,c,18235
18232,f,18236
18232,e,18236
18237,f,18236
18237,e,18236
18236,f,18236
18235,e,18236
18236,e,18236
18233,f,18236
18235,f,18236
18234,e,18236
18234,f,18236
18233,e,18236
18238,f,18237
18237,f,18237
18235,f,18237
18236,f,18237
18233,f,18237
18234,f,18237
18237,e,18240
18238,e,18240
18241,e,18240
18239,e,18240
18236,e,18240
18240,e,18240
18240,f,18241
18241,f,18241
18242,f,18241
18238,f,18241
18239,f,18241
18237,f,18241
18240,e,18243
18241,e,18243
18242,e,18243
18244,e,18243
18239,e,18243
18243,e,18243
18243,f,18244
18244,f,18244
18245,f,18244
18240,f,18244
18242,f,18244
18241,f,18244
18243,e,18246
18244,e,18246
18247,e,18246
18245,e,18246
18242,e,18246
18246,e,18246
18248,d,18247
18248,f,18247
18247,d,18247
18246,f,18247
18246,d,18247
18247,f,18247
18245,f,18247
18245,d,18247
18244,f,18247
18244,d,18247
18243,f,18247
18243,d,18247
18244,f,18248
18246,f,18248
18247,f,18248
18249,f,18248
18245,f,18248
18248,f,18248
18250,f,18250
18251,f,18250
18249,f,18250
18247,f,18250
18246,f,18250
18248,f,18250
18250,b,18251
18249,b,18251
18251,b,18251
18252,b,18251
18247,b,18251
18248,b,18251
18249,b,18252
18252,c,18252
18252,f,18252
18253,b,18252
18251,f,18252
18251,c,18252
18251,b,18252
18253,c,18252
18253,f,18252
18248,f,18252
18249,f,18252
18250,f,18252
18250,c,18252
18250,b,18252
18248,b,18252
18248,c,18252
18252,b,18252
18249,c,18252
18253,e,18253
18254,c,18253
18254,f,18253
18254,e,18253
18252,e,18253
18252,f,18253
18253,f,18253
18253,c,18253
18252,c,18253
18251,e,18253
18251,f,18253
18249,c,18253
18251,c,18253
18249,f,18253
18249,e,18253
18250,e,18253
18250,f,18253
18250,c,18253
18251,e,18254
18255,e,18254
18255,f,18254
18254,e,18254
18254,f,18254
18253,e,18254
18253,f,18254
18250,f,18254
18250,e,18254
18252,e,18254
18252,f,18254
18251,f,18254
18253,f,18255
18252,f,18255
18254,f,18255
18255,f,18255
18251,f,18255
18256,f,18255
18257,a,18258
18258,a,18258
18256,a,18258
18255,a,18258
18259,a,18258
18254,a,18258
18259,d,18259
18259,e,18259
18258,e,18259
18258,d,18259
18258,b,18259
18259,b,18259
18260,b,18259
18260,d,18259
18255,e,18259
18255,d,18259
18257,e,18259
18257,d,18259
18257,b,18259
18256,e,18259
18256,d,18259
18256,b,18259
18255,b,18259
18260,e,18259
18259,f,18260
18261,c,18260
18261,f,18260
18259,c,18260
18260,c,18260
18260,f,18260
18256,f,18260
18258,f,18260
18258,c,18260
18257,c,18260
18257,f,18260
18256,c,18260
18261,c,18261
18261,e,18261
18262,d,18261
18262,c,18261
18260,e,18261
18260,c,18261
18260,d,18261
18262,e,18261
18257,d,18261
18257,c,18261
18259,e,18261
18259,c,18261
18259,d,18261
18257,e,18261
18258,d,18261
18258,c,18261
18258,e,18261
18261,d,18261
18262,e,18262
18263,f,18262
18263,e,18262
18261,e,18262
18261,f,18262
18262,f,18262
18258,e,18262
18259,f,18262
18259,e,18262
18260,e,18262
18260,f,18262
18258,f,18262
18262,d,18263
18263,f,18263
18263,d,18263
18262,f,18263
18264,f,18263
18259,d,18263
18264,d,18263
18261,f,18263
18261,d,18263
18260,d,18263
18260,f,18263
18259,f,18263
18261,f,18264
18262,f,18264
18265,f,18264
18263,f,18264
18264,f,18264
18260,f,18264
18265,d,18265
18264,d,18265
18266,d,18265
18263,d,18265
18261,d,18265
18262,d,18265
18263,f,18266
18266,f,18266
18265,f,18266
18267,f,18266
18264,f,18266
18262,f,18266
18268,c,18267
18264,c,18267
18265,c,18267
18263,c,18267
18266,c,18267
18267,c,18267
18268,e,18268
18264,e,18268
18267,e,18268
18267,d,18268
18269,d,18268
18264,d,18268
18266,e,18268
18268,d,18268
18265,e,18268
18265,d,18268
18269,e,18268
18266,d,18268
18268,f,18269
18268,c,18269
18269,c,18269
18269,f,18269
18267,c,18269
18267,f,18269
18270,f,18269
18266,f,18269
18266,c,18269
18265,f,18269
18265,c,18269
18270,c,18269
18267,e,18270
18266,e,18270
18268,e,18270
18271,e,18270
18269,e,18270
18270,e,18270
18270,f,18271
18272,f,18271
18271,f,18271
18269,f,18271
18267,f,18271
18268,f,18271
18269,d,18272
18272,d,18272
18271,d,18272
18273,d,18272
18270,d,18272
18268,d,18272
18269,f,18273
18270,f,18273
18273,f,18273
18274,f,18273
18272,f,18273
18271,f,18273
18273,f,18276
18274,f,18276
18275,f,18276
18276,f,18276
18272,f,18276
18277,f,18276
18277,a,18279
18278,e,18279
18278,a,18279
18280,a,18279
18280,e,18279
18277,e,18279
18275,e,18279
18276,e,18279
18276,a,18279
18275,a,18279
18279,e,18279
18279,a,18279
18281,d,18280
18281,f,18280
18280,f,18280
18280,d,18280
18280,b,18280
18279,f,18280
18279,b,18280
18281,b,18280
18279,d,18280
18278,f,18280
18278,d,18280
18278,b,18280
18276,b,18280
18276,d,18280
18276,f,18280
18277,b,18280
18277,d,18280
18277,f,18280
18280,c,18281
18281,f,18281
18281,c,18281
18280,f,18281
18282,f,18281
18282,c,18281
18277,f,18281
18278,c,18281
18278,f,18281
18279,c,18281
18279,f,18281
18277,c,18281
18281,e,18282
18279,e,18282
18282,e,18282
18278,e,18282
18280,e,18282
18283,e,18282
18282,b,18283
18283,b,18283
18283,c,18283
18283,f,18283
18284,f,18283
18284,c,18283
18284,b,18283
18282,f,18283
18282,c,18283
18280,c,18283
18280,b,18283
18281,f,18283
18279,f,18283
18281,c,18283
18281,b,18283
18280,f,18283
18279,b,18283
18279,c,18283
18281,a,18284
18283,a,18284
18283,c,18284
18283,e,18284
18284,a,18284
18284,f,18284
18284,e,18284
18285,a,18284
18285,c,18284
18285,f,18284
18285,e,18284
18284,c,18284
18280,a,18284
18283,f,18284
18280,e,18284
18280,f,18284
18281,c,18284
18281,f,18284
18282,e,18284
18282,f,18284
18282,c,18284
18282,a,18284
18281,e,18284
18280,c,18284
18284,b,18285
18284,d,18285
18284,f,18285
18281,b,18285
18286,d,18285
18286,b,18285
18281,d,18285
18285,b,18285
18285,d,18285
18284,e,18285
18281,f,18285
18285,e,18285
18285,f,18285
18286,f,18285
18286,e,18285
18282,e,18285
18283,e,18285
18283,f,18285
18282,f,18285
18281,e,18285
18283,d,18285
18283,b,18285
18282,b,18285
18282,d,18285
18287,c,18286
18285,f,18286
18286,c,18286
18287,f,18286
18286,f,18286
18282,f,18286
18284,f,18286
18284,c,18286
18283,f,18286
18283,c,18286
18285,c,18286
18282,c,18286
18288,e,18287
18285,e,18287
18287,e,18287
18284,e,18287
18283,e,18287
18286,e,18287
18288,f,18288
18284,f,18288
18289,f,18288
18286,f,18288
18285,f,18288
18287,f,18288
18290,b,18289
18288,b,18289
18289,b,18289
18287,b,18289
18285,b,18289
18286,b,18289
18287,f,18290
18290,f,18290
18289,f,18290
18289,c,18290
18290,c,18290
18291,c,18290
18288,f,18290
18288,c,18290
18286,c,18290
18286,f,18290
18291,f,18290
18287,c,18290
18290,e,18291
18291,e,18291
18292,e,18291
18289,e,18291
18287,e,18291
18288,e,18291
18292,a,18292
18292,f,18292
18291,f,18292
18291,a,18292
18288,a,18292
18293,a,18292
18293,f,18292
18290,f,18292
18290,a,18292
18288,f,18292
18289,a,18292
18289,f,18292
18293,b,18293
18293,d,18293
18292,b,18293
18294,b,18293
18294,d,18293
18292,d,18293
18291,d,18293
18291,b,18293
18289,d,18293
18289,b,18293
18290,b,18293
18290,d,18293
18291,f,18294
18294,f,18294
18294,c,18294
18293,f,18294
18295,f,18294
18293,c,18294
18290,f,18294
18292,f,18294
18292,c,18294
18291,c,18294
18290,c,18294
18295,c,18294
18292,e,18295
18293,e,18295
18296,e,18295
18294,e,18295
18291,e,18295
18295,e,18295
18296,f,18296
18295,f,18296
18297,f,18296
18294,f,18296
18292,f,18296
18293,f,18296
18294,c,18297
18297,c,18297
18296,c,18297
18298,c,18297
18293,c,18297
18295,c,18297
18295,e,18298
18294,e,18298
18299,e,18298
18298,e,18298
18297,e,18298
18296,e,18298
18299,f,18299
18299,a,18299
18298,f,18299
18298,a,18299
18300,f,18299
18300,a,18299
18295,a,18299
18296,f,18299
18297,f,18299
18297,a,18299
18295,f,18299
18296,a,18299
18297,b,18300
18296,a,18300
18299,b,18300
18299,d,18300
18300,d,18300
18297,a,18300
18300,b,18300
18300,a,18300
18298,b,18300
18298,a,18300
18296,b,18300
18296,d,18300
18301,a,18300
18301,b,18300
18301,d,18300
18297,d,18300
18298,d,18300
18299,a,18300
18301,d,18301
18300,f,18301
18300,d,18301
18300,c,18301
18302,d,18301
18302,b,18301
18301,f,18301
18301,b,18301
18300,b,18301
18302,c,18301
18299,d,18301
18298,c,18301
18297,b,18301
18297,d,18301
18297,c,18301
18297,f,18301
18298,b,18301
18298,d,18301
18302,f,18301
18298,f,18301
18301,c,18301
18299,b,18301
18299,c,18301
18299,f,18301
18303,f,18302
18303,c,18302
18301,e,18302
18301,f,18302
18301,c,18302
18302,e,18302
18302,f,18302
18303,e,18302
18302,c,18302
18299,f,18302
18298,e,18302
18298,c,18302
18300,e,18302
18299,c,18302
18300,f,18302
18300,c,18302
18298,f,18302
18299,e,18302
18303,f,18303
18303,e,18303
18302,e,18303
18302,f,18303
18300,e,18303
18304,f,18303
18304,e,18303
18301,e,18303
18301,f,18303
18300,f,18303
18299,f,18303
18299,e,18303
18303,f,18304
18304,f,18304
18305,f,18304
18302,f,18304
18300,f,18304
18301,f,18304
18306,b,18305
18302,f,18305
18302,b,18305
18303,b,18305
18303,f,18305
18305,f,18305
18306,f,18305
18305,b,18305
18301,f,18305
18301,b,18305
18304,b,18305
18304,f,18305
18305,c,18306
18307,f,18306
18306,c,18306
18305,f,18306
18306,f,18306
18307,c,18306
18302,c,18306
18304,f,18306
18304,c,18306
18302,f,18306
18303,c,18306
18303,f,18306
18307,e,18307
18308,c,18307
18308,e,18307
18306,e,18307
18306,c,18307
18307,c,18307
18303,c,18307
18305,e,18307
18305,c,18307
18303,e,18307
18304,c,18307
18304,e,18307
18304,d,18308
18309,d,18308
18309,e,18308
18308,d,18308
18307,e,18308
18308,e,18308
18304,e,18308
18307,d,18308
18305,d,18308
18305,e,18308
18306,d,18308
18306,e,18308
18308,f,18309
18309,f,18309
18309,a,18309
18305,a,18309
18308,a,18309
18305,f,18309
18310,a,18309
18307,a,18309
18310,f,18309
18306,f,18309
18306,a,18309
18307,f,18309
18310,b,18310
18310,d,18310
18309,d,18310
18309,b,18310
18306,b,18310
18306,d,18310
18308,d,18310
18308,b,18310
18311,b,18310
18307,b,18310
18307,d,18310
18311,d,18310
18312,c,18311
18310,c,18311
18310,f,18311
18311,f,18311
18307,c,18311
18309,f,18311
18309,c,18311
18308,f,18311
18308,c,18311
18307,f,18311
18312,f,18311
18311,c,18311
18312,e,18312
18311,e,18312
18313,e,18312
18308,e,18312
18309,e,18312
18310,e,18312
18310,f,18313
18313,f,18313
18312,f,18313
18309,f,18313
18314,f,18313
18311,f,18313
18311,f,18314
18312,f,18314
18310,f,18314
18315,f,18314
18314,f,18314
18313,f,18314
18316,d,18315
18316,f,18315
18315,d,18315
18315,a,18315
18314,f,18315
18314,d,18315
18314,a,18315
18316,a,18315
18315,f,18315
18312,d,18315
18312,a,18315
18313,f,18315
18313,d,18315
18313,a,18315
18311,f,18315
18312,f,18315
18311,d,18315
18311,a,18315
18315,b,18316
18315,d,18316
18315,f,18316
18313,d,18316
18316,f,18316
18317,d,18316
18317,f,18316
18313,b,18316
18316,b,18316
18316,d,18316
18317,b,18316
18312,b,18316
18312,f,18316
18312,d,18316
18314,b,18316
18314,d,18316
18314,f,18316
18313,f,18316
18314,c,18317
18318,f,18317
18318,c,18317
18317,f,18317
18317,c,18317
18313,c,18317
18316,f,18317
18313,f,18317
18315,f,18317
18316,c,18317
18315,c,18317
18314,f,18317
18316,e,18318
18318,e,18318
18315,e,18318
18319,e,18318
18317,e,18318
18314,e,18318
18315,d,18319
18317,d,18319
18319,d,18319
18320,d,18319
18318,d,18319
18316,d,18319
18319,f,18320
18319,b,18320
18320,b,18320
18320,f,18320
18321,b,18320
18318,b,18320
18317,f,18320
18317,b,18320
18316,b,18320
18316,f,18320
18318,f,18320
18321,f,18320
18318,c,18321
18321,c,18321
18321,f,18321
18320,f,18321
18320,c,18321
18322,f,18321
18322,c,18321
18319,f,18321
18319,c,18321
18317,f,18321
18318,f,18321
18317,c,18321
18322,e,18322
18323,e,18322
18321,e,18322
18318,e,18322
18320,e,18322
18319,e,18322
18320,e,18323
18323,e,18323
18324,d,18323
18324,f,18323
18322,e,18323
18322,f,18323
18322,d,18323
18319,d,18323
18319,f,18323
18324,e,18323
18321,e,18323
18321,f,18323
18321,d,18323
18319,e,18323
18320,d,18323
18320,f,18323
18323,f,18323
18323,d,18323
18324,f,18324
18323,f,18324
18325,f,18324
18320,f,18324
18322,f,18324
18321,f,18324
18323,b,18325
18326,b,18325
18322,b,18325
18321,b,18325
18324,b,18325
18325,b,18325
18327,c,18326
18326,f,18326
18326,c,18326
18325,f,18326
18325,c,18326
18327,f,18326
18322,c,18326
18322,f,18326
18324,f,18326
18324,c,18326
18323,c,18326
18323,f,18326
18324,e,18327
18328,f,18327
18328,e,18327
18326,e,18327
18326,f,18327
18323,f,18327
18325,e,18327
18325,f,18327
18323,e,18327
18324,f,18327
18327,f,18327
18327,e,18327
18328,f,18328
18324,f,18328
18326,f,18328
18325,f,18328
18327,f,18328
18329,f,18328
18330,e,18331
18330,f,18331
18329,f,18331
18332,f,18331
18332,e,18331
18329,e,18331
18327,f,18331
18328,e,18331
18328,f,18331
18327,e,18331
18331,e,18331
18331,f,18331
18333,f,18332
18332,f,18332
18331,e,18332
18331,f,18332
18332,e,18332
18333,e,18332
18328,f,18332
18330,e,18332
18330,f,18332
18328,e,18332
18329,f,18332
18329,e,18332
18333,e,18333
18332,e,18333
18332,f,18333
18329,f,18333
18333,f,18333
18334,f,18333
18331,e,18333
18331,f,18333
18329,e,18333
18330,f,18333
18330,e,18333
18334,e,18333
18334,d,18334
18334,f,18334
18333,f,18334
18333,d,18334
18335,f,18334
18330,d,18334
18335,d,18334
18330,f,18334
18332,f,18334
18332,d,18334
18331,d,18334
18331,f,18334
18335,d,18335
18335,f,18335
18334,f,18335
18334,d,18335
18331,d,18335
18331,f,18335
18336,f,18335
18336,d,18335
18333,f,18335
18333,d,18335
18332,d,18335
18332,f,18335
18337,f,18336
18335,e,18336
18336,c,18336
18336,f,18336
18335,f,18336
18336,e,18336
18335,c,18336
18335,b,18336
18337,e,18336
18337,b,18336
18336,b,18336
18337,c,18336
18334,c,18336
18334,e,18336
18334,f,18336
18334,b,18336
18332,b,18336
18332,c,18336
18332,f,18336
18332,e,18336
18333,b,18336
18333,c,18336
18333,e,18336
18333,f,18336
18336,e,18337
18337,e,18337
18337,c,18337
18336,c,18337
18338,e,18337
18338,c,18337
18334,e,18337
18333,e,18337
18335,c,18337
18335,e,18337
18333,c,18337
18334,c,18337
18335,d,18338
18337,d,18338
18339,d,18338
18334,d,18338
18338,e,18338
18336,e,18338
18336,d,18338
18334,e,18338
18335,e,18338
18338,d,18338
18337,e,18338
18339,e,18338
18340,b,18339
18339,b,18339
18339,f,18339
18340,f,18339
18338,f,18339
18338,b,18339
18335,b,18339
18335,f,18339
18337,f,18339
18337,b,18339
18336,b,18339
18336,f,18339
18337,e,18340
18340,f,18340
18340,e,18340
18337,f,18340
18341,d,18340
18339,e,18340
18339,f,18340
18339,c,18340
18339,d,18340
18336,d,18340
18340,d,18340
18336,c,18340
18341,f,18340
18341,e,18340
18338,e,18340
18338,f,18340
18338,c,18340
18338,d,18340
18336,f,18340
18336,e,18340
18337,d,18340
18337,c,18340
18341,c,18340
18340,c,18340
18340,e,18341
18340,f,18341
18341,f,18341
18341,e,18341
18342,f,18341
18338,e,18341
18342,e,18341
18339,e,18341
18337,f,18341
18337,e,18341
18339,f,18341
18338,f,18341
18342,f,18342
18341,f,18342
18339,f,18342
18338,f,18342
18343,f,18342
18340,f,18342
18343,d,18343
18342,e,18343
18342,d,18343
18344,e,18343
18343,e,18343
18344,d,18343
18340,d,18343
18341,e,18343
18341,d,18343
18339,d,18343
18339,e,18343
18340,e,18343
18341,f,18344
18344,f,18344
18343,f,18344
18345,f,18344
18342,f,18344
18340,f,18344
18345,b,18345
18341,b,18345
18346,b,18345
18342,b,18345
18344,b,18345
18343,b,18345
18347,c,18346
18346,f,18346
18346,c,18346
18345,f,18346
18345,c,18346
18347,f,18346
18342,c,18346
18344,f,18346
18344,c,18346
18342,f,18346
18343,c,18346
18343,f,18346
18344,c,18347
18348,e,18347
18348,c,18347
18348,b,18347
18347,e,18347
18347,c,18347
18347,b,18347
18344,b,18347
18346,c,18347
18346,b,18347
18343,b,18347
18346,e,18347
18345,b,18347
18344,e,18347
18345,e,18347
18343,e,18347
18343,c,18347
18345,c,18347
18344,c,18348
18344,f,18348
18348,e,18348
18347,e,18348
18347,f,18348
18347,c,18348
18344,e,18348
18348,f,18348
18349,c,18348
18349,f,18348
18349,e,18348
18346,e,18348
18346,f,18348
18346,c,18348
18348,c,18348
18345,e,18348
18345,f,18348
18345,c,18348
18349,e,18349
18348,e,18349
18348,f,18349
18350,e,18349
18349,f,18349
18348,d,18349
18349,d,18349
18350,d,18349
18347,e,18349
18347,f,18349
18347,d,18349
18350,f,18349
18346,e,18349
18346,f,18349
18346,d,18349
18345,e,18349
18345,f,18349
18345,d,18349
18350,f,18350
18351,f,18350
18349,f,18350
18348,f,18350
18347,f,18350
18346,f,18350
18350,e,18354
18351,e,18354
18352,e,18354
18355,e,18354
18353,e,18354
18354,e,18354
18356,e,18355
18356,f,18355
18355,e,18355
18355,f,18355
18354,e,18355
18354,f,18355
18353,e,18355
18353,f,18355
18351,f,18355
18351,e,18355
18352,e,18355
18352,f,18355
18356,f,18356
18353,f,18356
18357,f,18356
18352,f,18356
18354,f,18356
18355,f,18356
18359,b,18359
18357,b,18359
18358,e,18359
18358,b,18359
18357,e,18359
18359,e,18359
18356,b,18359
18360,b,18359
18356,e,18359
18360,e,18359
18355,b,18359
18355,e,18359
18360,c,18360
18360,f,18360
18359,f,18360
18359,c,18360
18361,c,18360
18356,f,18360
18356,c,18360
18358,f,18360
18358,c,18360
18357,f,18360
18357,c,18360
18361,f,18360
18361,e,18361
18360,e,18361
18362,d,18361
18362,e,18361
18360,d,18361
18361,d,18361
18358,e,18361
18357,e,18361
18359,e,18361
18359,d,18361
18358,d,18361
18357,d,18361
18362,a,18362
18362,d,18362
18362,f,18362
18361,f,18362
18361,d,18362
18361,a,18362
18358,a,18362
18358,d,18362
18363,a,18362
18363,d,18362
18359,a,18362
18359,f,18362
18360,f,18362
18359,d,18362
18360,d,18362
18360,a,18362
18358,f,18362
18363,f,18362
18364,f,18363
18362,b,18363
18363,b,18363
18362,f,18363
18359,b,18363
18363,f,18363
18363,d,18363
18362,d,18363
18359,d,18363
18364,b,18363
18359,f,18363
18360,b,18363
18361,f,18363
18361,d,18363
18361,b,18363
18360,d,18363
18360,f,18363
18364,d,18363
18360,f,18364
18363,c,18364
18363,b,18364
18360,b,18364
18360,c,18364
18364,c,18364
18365,c,18364
18364,b,18364
18363,f,18364
18365,f,18364
18362,f,18364
18362,c,18364
18362,b,18364
18361,b,18364
18361,c,18364
18361,f,18364
18365,b,18364
18364,f,18364
18365,f,18365
18364,f,18365
18364,e,18365
18366,e,18365
18365,e,18365
18364,c,18365
18365,c,18365
18362,e,18365
18366,c,18365
18366,f,18365
18363,e,18365
18363,f,18365
18363,c,18365
18361,c,18365
18361,f,18365
18361,e,18365
18362,c,18365
18362,f,18365
18366,f,18366
18366,e,18366
18365,e,18366
18365,f,18366
18362,f,18366
18367,f,18366
18367,e,18366
18364,e,18366
18364,f,18366
18362,e,18366
18363,f,18366
18363,e,18366
18366,f,18367
18367,b,18367
18366,b,18367
18367,f,18367
18368,f,18367
18368,b,18367
18365,f,18367
18365,b,18367
18363,b,18367
18363,f,18367
18364,b,18367
18364,f,18367
18367,c,18368
18368,c,18368
18368,d,18368
18369,c,18368
18367,d,18368
18364,d,18368
18369,d,18368
18365,d,18368
18365,c,18368
18366,c,18368
18366,d,18368
18364,c,18368
18365,e,18369
18368,a,18369
18368,e,18369
18370,a,18369
18365,a,18369
18367,e,18369
18367,a,18369
18366,a,18369
18366,e,18369
18369,a,18369
18370,e,18369
18369,e,18369
18370,f,18370
18369,d,18370
18370,d,18370
18370,b,18370
18371,f,18370
18369,b,18370
18369,f,18370
18371,b,18370
18366,b,18370
18367,d,18370
18367,b,18370
18371,d,18370
18368,f,18370
18368,d,18370
18368,b,18370
18367,f,18370
18366,f,18370
18366,d,18370
18368,f,18371
18371,f,18371
18370,c,18371
18370,f,18371
18371,c,18371
18371,b,18371
18370,b,18371
18372,b,18371
18372,f,18371
18368,c,18371
18367,f,18371
18372,c,18371
18367,b,18371
18369,b,18371
18367,c,18371
18369,f,18371
18369,c,18371
18368,b,18371
18372,e,18372
18372,f,18372
18371,f,18372
18371,c,18372
18372,c,18372
18373,c,18372
18373,f,18372
18373,e,18372
18371,e,18372
18368,c,18372
18368,f,18372
18368,e,18372
18369,e,18372
18370,e,18372
18370,f,18372
18370,c,18372
18369,f,18372
18369,c,18372
18372,b,18373
18374,b,18373
18372,e,18373
18369,b,18373
18373,e,18373
18373,f,18373
18372,f,18373
18374,f,18373
18369,f,18373
18374,e,18373
18371,e,18373
18371,f,18373
18371,b,18373
18370,b,18373
18370,f,18373
18370,e,18373
18369,e,18373
18373,b,18373
18374,c,18374
18374,f,18374
18375,c,18374
18370,f,18374
18373,f,18374
18373,c,18374
18375,f,18374
18370,c,18374
18372,c,18374
18371,f,18374
18372,f,18374
18371,c,18374
18373,e,18375
18375,e,18375
18374,e,18375
18374,c,18375
18372,e,18375
18373,c,18375
18371,e,18375
18371,c,18375
18372,c,18375
18376,c,18375
18376,e,18375
18375,c,18375
18376,d,18376
18375,e,18376
18375,d,18376
18376,e,18376
18372,e,18376
18377,e,18376
18372,d,18376
18377,d,18376
18373,d,18376
18374,e,18376
18374,d,18376
18373,e,18376
18377,b,18377
18377,f,18377
18376,f,18377
18376,b,18377
18373,b,18377
18373,f,18377
18378,b,18377
18378,f,18377
18374,f,18377
18375,f,18377
18375,b,18377
18374,b,18377
18379,e,18378
18379,c,18378
18377,b,18378
18377,d,18378
18377,c,18378
18377,f,18378
18378,d,18378
18378,c,18378
18378,e,18378
18377,e,18378
18378,f,18378
18379,d,18378
18378,b,18378
18379,f,18378
18379,b,18378
18374,e,18378
18374,b,18378
18374,d,18378
18375,c,18378
18375,d,18378
18375,b,18378
18375,f,18378
18376,b,18378
18375,e,18378
18376,c,18378
18376,f,18378
18376,e,18378
18374,f,18378
18374,c,18378
18376,d,18378
18379,e,18379
18378,e,18379
18378,f,18379
18380,e,18379
18379,c,18379
18379,f,18379
18378,c,18379
18380,c,18379
18380,f,18379
18377,e,18379
18377,f,18379
18377,c,18379
18375,e,18379
18376,c,18379
18376,f,18379
18376,e,18379
18375,c,18379
18375,f,18379
18376,f,18380
18380,e,18380
18379,e,18380
18379,f,18380
18376,e,18380
18381,e,18380
18378,e,18380
18378,f,18380
18377,e,18380
18377,f,18380
18381,f,18380
18380,f,18380
18381,f,18381
18381,e,18381
18382,f,18381
18380,f,18381
18382,e,18381
18380,e,18381
18379,e,18381
18377,e,18381
18378,f,18381
18378,e,18381
18377,f,18381
18379,f,18381
18380,f,18382
18381,f,18382
18382,f,18382
18383,f,18382
18379,f,18382
18378,f,18382
18381,e,18385
18382,e,18385
18383,e,18385
18386,e,18385
18384,e,18385
18385,e,18385
18387,f,18386
18385,f,18386
18386,f,18386
18384,f,18386
18383,f,18386
18382,f,18386
18384,c,18387
18388,c,18387
18385,c,18387
18383,c,18387
18386,c,18387
18387,c,18387
18389,e,18388
18387,e,18388
18386,e,18388
18384,e,18388
18385,e,18388
18388,e,18388
18389,f,18389
18388,f,18389
18390,f,18389
18385,f,18389
18387,f,18389
18386,f,18389
18388,b,18391
18389,b,18391
18392,b,18391
18390,b,18391
18387,b,18391
18391,b,18391
18393,c,18392
18392,f,18392
18393,f,18392
18392,c,18392
18391,c,18392
18391,f,18392
18389,c,18392
18388,c,18392
18390,f,18392
18390,c,18392
18388,f,18392
18389,f,18392
18394,e,18393
18393,e,18393
18392,e,18393
18390,e,18393
18389,e,18393
18391,e,18393
18395,f,18394
18392,f,18394
18394,f,18394
18390,f,18394
18391,f,18394
18393,f,18394
18395,e,18395
18396,d,18395
18394,e,18395
18394,d,18395
18396,e,18395
18391,e,18395
18393,e,18395
18395,d,18395
18392,e,18395
18392,d,18395
18391,d,18395
18393,d,18395
18397,f,18396
18396,f,18396
18395,f,18396
18392,f,18396
18393,f,18396
18394,f,18396
18394,f,18397
18397,f,18397
18393,f,18397
18396,f,18397
18395,f,18397
18398,f,18397
18395,e,18398
18394,e,18398
18396,e,18398
18398,e,18398
18397,e,18398
18399,e,18398
18399,f,18399
18398,e,18399
18398,f,18399
18399,e,18399
18397,f,18399
18397,e,18399
18396,e,18399
18396,f,18399
18395,e,18399
18395,f,18399
18400,e,18399
18400,f,18399
18396,f,18400
18398,f,18400
18401,f,18400
18399,f,18400
18400,f,18400
18397,f,18400
18402,d,18401
18401,d,18401
18400,d,18401
18397,d,18401
18399,d,18401
18398,d,18401
18399,f,18402
18400,f,18402
18403,f,18402
18398,f,18402
18401,f,18402
18402,f,18402
18404,e,18403
18403,e,18403
18399,e,18403
18402,e,18403
18400,e,18403
18401,e,18403
18401,f,18404
18404,e,18404
18405,b,18404
18405,f,18404
18403,e,18404
18403,f,18404
18403,b,18404
18400,b,18404
18400,f,18404
18401,b,18404
18405,e,18404
18402,e,18404
18402,f,18404
18402,b,18404
18400,e,18404
18404,b,18404
18401,e,18404
18404,f,18404
18405,f,18405
18406,c,18405
18404,c,18405
18406,f,18405
18405,c,18405
18404,f,18405
18401,f,18405
18401,c,18405
18403,f,18405
18403,c,18405
18402,f,18405
18402,c,18405
18407,e,18406
18406,e,18406
18405,e,18406
18403,e,18406
18404,e,18406
18402,e,18406
18405,f,18407
18404,f,18407
18406,f,18407
18407,f,18407
18408,f,18407
18403,f,18407
18409,c,18411
18410,c,18411
18410,b,18411
18412,b,18411
18412,c,18411
18409,b,18411
18408,b,18411
18408,c,18411
18411,c,18411
18407,c,18411
18407,b,18411
18411,b,18411
18412,e,18412
18413,c,18412
18413,f,18412
18412,f,18412
18412,c,18412
18411,e,18412
18413,e,18412
18411,f,18412
18411,c,18412
18411,d,18412
18413,d,18412
18412,d,18412
18409,f,18412
18408,d,18412
18410,e,18412
18410,f,18412
18410,c,18412
18410,d,18412
18408,c,18412
18408,f,18412
18409,e,18412
18408,e,18412
18409,c,18412
18409,d,18412
18410,e,18413
18412,e,18413
18414,e,18413
18412,f,18413
18409,f,18413
18414,f,18413
18411,e,18413
18411,f,18413
18409,e,18413
18410,f,18413
18413,f,18413
18413,e,18413
18415,f,18414
18413,f,18414
18410,f,18414
18412,f,18414
18411,f,18414
18414,f,18414
18415,b,18416
18417,b,18416
18416,b,18416
18414,b,18416
18412,b,18416
18413,b,18416
18414,c,18417
18417,f,18417
18417,c,18417
18413,f,18417
18416,f,18417
18416,c,18417
18418,f,18417
18418,c,18417
18415,f,18417
18415,c,18417
18413,c,18417
18414,f,18417
18419,a,18418
18418,a,18418
18418,e,18418
18417,e,18418
18417,a,18418
18414,a,18418
18414,e,18418
18416,a,18418
18419,e,18418
18416,e,18418
18415,a,18418
18415,e,18418
18418,f,18419
18419,b,18419
18419,d,18419
18418,d,18419
18418,b,18419
18420,f,18419
18420,b,18419
18420,d,18419
18419,f,18419
18415,d,18419
18415,b,18419
18415,f,18419
18416,b,18419
18416,d,18419
18416,f,18419
18417,b,18419
18417,f,18419
18417,d,18419
18416,f,18420
18417,f,18420
18421,c,18420
18421,f,18420
18419,f,18420
18419,c,18420
18417,c,18420
18416,c,18420
18418,f,18420
18418,c,18420
18420,c,18420
18420,f,18420
18421,e,18421
18422,f,18421
18421,f,18421
18422,e,18421
18420,e,18421
18420,f,18421
18417,f,18421
18418,f,18421
18418,e,18421
18417,e,18421
18419,e,18421
18419,f,18421
18422,f,18422
18423,f,18422
18421,f,18422
18419,f,18422
18420,f,18422
18418,f,18422
18424,c,18424
18424,d,18424
18423,d,18424
18425,d,18424
18425,c,18424
18422,c,18424
18423,c,18424
18422,d,18424
18420,d,18424
18420,c,18424
18421,d,18424
18421,c,18424
18425,e,18425
18425,f,18425
18426,f,18425
18426,e,18425
18424,e,18425
18422,f,18425
18423,e,18425
18423,f,18425
18421,f,18425
18421,e,18425
18422,e,18425
18424,f,18425
18423,f,18426
18425,f,18426
18424,f,18426
18426,f,18426
18422,f,18426
18427,f,18426
18426,e,18427
18427,e,18427
18428,e,18427
18425,e,18427
18423,e,18427
18424,e,18427
18425,b,18428
18428,a,18428
18427,f,18428
18429,a,18428
18429,b,18428
18429,f,18428
18425,a,18428
18426,f,18428
18426,b,18428
18426,a,18428
18424,a,18428
18424,b,18428
18424,f,18428
18428,f,18428
18428,b,18428
18425,f,18428
18427,a,18428
18427,b,18428
18428,d,18429
18428,c,18429
18428,b,18429
18429,b,18429
18429,d,18429
18430,f,18429
18429,f,18429
18430,b,18429
18430,d,18429
18428,f,18429
18430,c,18429
18429,c,18429
18426,f,18429
18426,b,18429
18425,f,18429
18426,d,18429
18427,b,18429
18427,d,18429
18425,c,18429
18427,f,18429
18425,d,18429
18425,b,18429
18427,c,18429
18426,c,18429
18431,c,18430
18431,f,18430
18429,e,18430
18429,f,18430
18429,c,18430
18430,c,18430
18430,e,18430
18426,c,18430
18426,f,18430
18431,e,18430
18428,e,18430
18428,f,18430
18428,c,18430
18426,e,18430
18427,c,18430
18427,f,18430
18427,e,18430
18430,f,18430
18431,f,18431
18431,e,18431
18427,f,18431
18430,e,18431
18427,e,18431
18429,e,18431
18428,f,18431
18430,f,18431
18428,e,18431
18429,f,18431
18432,e,18431
18432,f,18431
18429,f,18432
18428,f,18432
18430,f,18432
18431,f,18432
18433,f,18432
18432,f,18432
18434,a,18434
18433,c,18434
18433,a,18434
18432,c,18434
18432,a,18434
18434,c,18434
18431,c,18434
18435,a,18434
18431,a,18434
18435,c,18434
18430,a,18434
18430,c,18434
18434,e,18435
18434,d,18435
18434,b,18435
18431,e,18435
18435,d,18435
18436,a,18435
18435,b,18435
18435,a,18435
18436,b,18435
18436,d,18435
18436,e,18435
18435,e,18435
18434,a,18435
18431,d,18435
18433,e,18435
18433,d,18435
18433,b,18435
18433,a,18435
18431,a,18435
18431,b,18435
18432,a,18435
18432,b,18435
18432,d,18435
18432,e,18435
18436,d,18436
18435,b,18436
18435,d,18436
18437,c,18436
18435,f,18436
18436,c,18436
18437,d,18436
18437,b,18436
18437,f,18436
18436,f,18436
18435,c,18436
18436,b,18436
18433,b,18436
18432,c,18436
18433,c,18436
18433,d,18436
18432,b,18436
18432,d,18436
18434,f,18436
18434,c,18436
18434,d,18436
18434,b,18436
18433,f,18436
18432,f,18436
18438,d,18437
18436,d,18437
18436,f,18437
18436,e,18437
18437,d,18437
18437,c,18437
18436,c,18437
18437,f,18437
18433,d,18437
18433,f,18437
18434,e,18437
18434,f,18437
18434,c,18437
18434,d,18437
18435,d,18437
18433,c,18437
18437,e,18437
18435,f,18437
18435,e,18437
18438,e,18437
18438,f,18437
18438,c,18437
18433,e,18437
18435,c,18437
18439,f,18438
18437,e,18438
18437,f,18438
18439,e,18438
18434,f,18438
18436,e,18438
18436,f,18438
18434,e,18438
18435,e,18438
18435,f,18438
18438,f,18438
18438,e,18438
18439,f,18439
18440,f,18439
18436,f,18439
18437,f,18439
18438,f,18439
18435,f,18439
18438,d,18441
18437,d,18441
18439,d,18441
18442,d,18441
18440,d,18441
18441,d,18441
18442,f,18442
18441,f,18442
18443,f,18442
18440,f,18442
18438,f,18442
18439,f,18442
18442,f,18443
18443,f,18443
18444,f,18443
18440,f,18443
18441,f,18443
18439,f,18443
18441,e,18444
18442,e,18444
18445,e,18444
18444,e,18444
18443,e,18444
18440,e,18444
18445,e,18445
18444,e,18445
18444,f,18445
18445,f,18445
18446,f,18445
18443,e,18445
18443,f,18445
18446,e,18445
18442,e,18445
18441,f,18445
18441,e,18445
18442,f,18445
18446,f,18446
18445,f,18446
18442,f,18446
18444,f,18446
18443,f,18446
18447,f,18446
18447,b,18447
18446,e,18447
18447,d,18447
18447,e,18447
18448,b,18447
18448,d,18447
18446,d,18447
18448,e,18447
18446,b,18447
18443,d,18447
18444,d,18447
18444,b,18447
18445,e,18447
18445,d,18447
18445,b,18447
18443,b,18447
18444,e,18447
18443,e,18447
18447,a,18448
18449,c,18448
18447,f,18448
18445,c,18448
18448,a,18448
18448,c,18448
18448,f,18448
18449,f,18448
18445,a,18448
18444,a,18448
18447,c,18448
18446,a,18448
18445,f,18448
18444,f,18448
18444,c,18448
18446,c,18448
18449,a,18448
18446,f,18448
18446,b,18449
18450,e,18449
18449,b,18449
18449,d,18449
18449,e,18449
18448,e,18449
18448,d,18449
18448,b,18449
18445,b,18449
18445,d,18449
18445,e,18449
18450,d,18449
18446,d,18449
18450,b,18449
18447,e,18449
18447,d,18449
18447,b,18449
18446,e,18449
18449,d,18450
18449,c,18450
18449,f,18450
18451,c,18450
18451,d,18450
18450,d,18450
18450,f,18450
18447,c,18450
18450,c,18450
18446,d,18450
18448,f,18450
18448,c,18450
18448,d,18450
18446,c,18450
18446,f,18450
18447,f,18450
18451,f,18450
18447,d,18450
18450,f,18451
18451,d,18451
18452,e,18451
18452,f,18451
18451,e,18451
18451,f,18451
18450,e,18451
18452,d,18451
18449,f,18451
18449,e,18451
18447,d,18451
18449,d,18451
18447,f,18451
18448,e,18451
18448,f,18451
18448,d,18451
18447,e,18451
18450,d,18451
18449,f,18452
18452,f,18452
18453,f,18452
18451,f,18452
18448,f,18452
18450,f,18452
18453,a,18455
18455,f,18455
18454,a,18455
18456,a,18455
18456,b,18455
18456,f,18455
18453,f,18455
18453,b,18455
18454,f,18455
18454,b,18455
18455,a,18455
18455,b,18455
18451,a,18455
18452,f,18455
18452,b,18455
18451,b,18455
18452,a,18455
18451,f,18455
18457,b,18456
18457,f,18456
18455,b,18456
18455,d,18456
18455,f,18456
18457,c,18456
18456,b,18456
18456,d,18456
18456,c,18456
18456,f,18456
18457,d,18456
18455,c,18456
18453,f,18456
18453,b,18456
18452,f,18456
18453,d,18456
18454,b,18456
18454,d,18456
18453,c,18456
18454,f,18456
18452,c,18456
18452,d,18456
18452,b,18456
18454,c,18456
18458,c,18457
18458,f,18457
18456,e,18457
18456,f,18457
18456,c,18457
18457,c,18457
18454,e,18457
18457,e,18457
18453,c,18457
18453,f,18457
18458,e,18457
18455,e,18457
18455,f,18457
18455,c,18457
18457,f,18457
18454,f,18457
18453,e,18457
18454,c,18457
18459,f,18458
18457,d,18458
18459,d,18458
18457,e,18458
18458,e,18458
18458,f,18458
18458,d,18458
18457,f,18458
18454,d,18458
18456,d,18458
18456,e,18458
18456,f,18458
18459,e,18458
18455,e,18458
18455,f,18458
18455,d,18458
18454,e,18458
18454,f,18458
18456,f,18459
18457,f,18459
18455,f,18459
18458,f,18459
18460,f,18459
18459,f,18459
18460,d,18460
18461,d,18460
18456,d,18460
18458,d,18460
18457,d,18460
18459,d,18460
18466,d,18466
18467,d,18466
18465,d,18466
18462,d,18466
18463,d,18466
18464,d,18466
18464,f,18467
18463,f,18467
18465,f,18467
18466,f,18467
18467,f,18467
18468,f,18467
18471,f,18470
18469,f,18470
18467,f,18470
18466,f,18470
18468,f,18470
18470,f,18470
18471,b,18472
18470,b,18472
18472,b,18472
18469,b,18472
18473,b,18472
18468,b,18472
18473,e,18473
18472,e,18473
18472,f,18473
18472,c,18473
18474,f,18473
18474,e,18473
18474,c,18473
18471,e,18473
18470,e,18473
18471,c,18473
18473,c,18473
18470,f,18473
18470,c,18473
18469,e,18473
18469,f,18473
18469,c,18473
18471,f,18473
18473,f,18473
18474,f,18474
18474,e,18474
18475,f,18474
18473,e,18474
18473,f,18474
18475,e,18474
18472,e,18474
18472,f,18474
18471,e,18474
18471,f,18474
18470,e,18474
18470,f,18474
18472,f,18475
18473,f,18475
18476,f,18475
18471,f,18475
18474,f,18475
18475,f,18475
18476,c,18476
18472,c,18476
18475,c,18476
18477,c,18476
18474,c,18476
18473,c,18476
18478,e,18477
18474,e,18477
18475,e,18477
18473,e,18477
18476,e,18477
18477,e,18477
18478,f,18478
18479,f,18478
18477,f,18478
18477,d,18478
18478,d,18478
18475,f,18478
18476,f,18478
18476,d,18478
18475,d,18478
18474,f,18478
18474,d,18478
18479,d,18478
18476,f,18479
18475,f,18479
18477,f,18479
18479,f,18479
18478,f,18479
18480,f,18479
18479,d,18480
18480,d,18480
18481,d,18480
18478,d,18480
18476,d,18480
18477,d,18480
18478,c,18481
18481,c,18481
18481,f,18481
18480,f,18481
18480,c,18481
18480,a,18481
18481,a,18481
18482,a,18481
18482,c,18481
18478,a,18481
18482,f,18481
18477,f,18481
18478,f,18481
18479,f,18481
18479,c,18481
18479,a,18481
18477,a,18481
18477,c,18481
18483,f,18482
18481,b,18482
18481,d,18482
18481,f,18482
18482,d,18482
18483,d,18482
18482,f,18482
18482,e,18482
18481,e,18482
18482,b,18482
18483,e,18482
18483,b,18482
18480,b,18482
18479,f,18482
18479,b,18482
18478,e,18482
18479,e,18482
18478,f,18482
18480,d,18482
18479,d,18482
18480,e,18482
18478,d,18482
18478,b,18482
18480,f,18482
18484,f,18483
18484,e,18483
18482,e,18483
18482,f,18483
18482,c,18483
18483,c,18483
18484,c,18483
18483,e,18483
18479,c,18483
18480,e,18483
18480,f,18483
18480,c,18483
18479,e,18483
18481,c,18483
18483,f,18483
18481,f,18483
18479,f,18483
18481,e,18483
18484,f,18484
18484,e,18484
18485,e,18484
18485,f,18484
18480,e,18484
18483,e,18484
18483,f,18484
18480,f,18484
18481,e,18484
18482,e,18484
18482,f,18484
18481,f,18484
18483,f,18485
18486,f,18485
18482,f,18485
18484,f,18485
18485,f,18485
18481,f,18485
18486,d,18486
18486,b,18486
18485,d,18486
18485,b,18486
18487,d,18486
18487,b,18486
18484,d,18486
18484,b,18486
18482,b,18486
18482,d,18486
18483,b,18486
18483,d,18486
18484,c,18487
18487,c,18487
18486,c,18487
18483,c,18487
18488,c,18487
18485,c,18487
18489,d,18488
18488,d,18488
18488,e,18488
18487,d,18488
18487,e,18488
18489,e,18488
18484,e,18488
18486,e,18488
18486,d,18488
18484,d,18488
18485,d,18488
18485,e,18488
18488,f,18489
18489,f,18489
18489,a,18489
18490,a,18489
18488,a,18489
18485,a,18489
18490,f,18489
18487,a,18489
18487,f,18489
18486,f,18489
18486,a,18489
18485,f,18489
18490,b,18490
18490,d,18490
18489,d,18490
18489,b,18490
18486,d,18490
18491,d,18490
18488,d,18490
18488,b,18490
18486,b,18490
18487,b,18490
18487,d,18490
18491,b,18490
18492,c,18491
18491,c,18491
18490,f,18491
18490,c,18491
18492,f,18491
18491,f,18491
18489,f,18491
18489,c,18491
18488,f,18491
18488,c,18491
18487,c,18491
18487,f,18491
18489,e,18492
18490,e,18492
18493,e,18492
18488,e,18492
18491,e,18492
18492,e,18492
18493,f,18493
18492,f,18493
18494,f,18493
18491,f,18493
18489,f,18493
18490,f,18493
18491,d,18494
18492,d,18494
18495,d,18494
18490,d,18494
18493,d,18494
18494,d,18494
18496,f,18495
18495,f,18495
18494,f,18495
18494,c,18495
18496,c,18495
18495,c,18495
18492,c,18495
18493,f,18495
18493,c,18495
18491,c,18495
18491,f,18495
18492,f,18495
18496,e,18496
18495,e,18496
18493,e,18496
18494,e,18496
18492,e,18496
18497,e,18496
18496,f,18497
18493,f,18497
18495,f,18497
18497,f,18497
18498,f,18497
18494,f,18497
18497,e,18498
18498,e,18498
18496,e,18498
18495,e,18498
18494,e,18498
18499,e,18498
18500,f,18499
18498,f,18499
18499,f,18499
18497,f,18499
18496,f,18499
18495,f,18499
18498,a,18501
18500,a,18501
18502,a,18501
18497,a,18501
18499,a,18501
18501,a,18501
18502,e,18502
18503,d,18502
18502,d,18502
18502,b,18502
18503,f,18502
18501,e,18502
18501,b,18502
18503,e,18502
18501,f,18502
18501,d,18502
18503,b,18502
18502,f,18502
18498,b,18502
18499,e,18502
18498,e,18502
18499,b,18502
18499,d,18502
18499,f,18502
18498,f,18502
18498,d,18502
18500,e,18502
18500,b,18502
18500,d,18502
18500,f,18502
18503,c,18503
18500,c,18503
18503,f,18503
18502,f,18503
18502,c,18503
18501,c,18503
18499,c,18503
18504,c,18503
18504,f,18503
18501,f,18503
18499,f,18503
18500,f,18503
18503,e,18504
18504,e,18504
18505,e,18504
18502,e,18504
18501,e,18504
18500,e,18504
18502,f,18505
18503,f,18505
18506,f,18505
18505,f,18505
18501,f,18505
18504,f,18505
18507,a,18506
18506,c,18506
18506,a,18506
18505,c,18506
18505,a,18506
18507,c,18506
18504,c,18506
18504,a,18506
18503,a,18506
18502,c,18506
18502,a,18506
18503,c,18506
18506,b,18507
18506,d,18507
18506,f,18507
18506,e,18507
18504,b,18507
18507,d,18507
18507,f,18507
18507,e,18507
18508,b,18507
18508,d,18507
18508,e,18507
18507,b,18507
18503,b,18507
18508,f,18507
18503,e,18507
18503,f,18507
18505,e,18507
18505,f,18507
18505,d,18507
18505,b,18507
18503,d,18507
18504,e,18507
18504,f,18507
18504,d,18507
18505,e,18508
18507,d,18508
18507,c,18508
18507,f,18508
18509,e,18508
18508,c,18508
18504,d,18508
18508,f,18508
18508,e,18508
18505,f,18508
18509,d,18508
18509,c,18508
18509,f,18508
18508,d,18508
18504,c,18508
18507,e,18508
18504,e,18508
18505,c,18508
18505,d,18508
18506,d,18508
18506,c,18508
18504,f,18508
18506,e,18508
18506,f,18508
18508,b,18509
18505,b,18509
18505,f,18509
18505,e,18509
18509,f,18509
18509,e,18509
18508,e,18509
18508,f,18509
18507,e,18509
18506,e,18509
18509,b,18509
18507,f,18509
18510,b,18509
18506,b,18509
18506,f,18509
18510,f,18509
18510,e,18509
18507,b,18509
18511,f,18510
18511,c,18510
18511,d,18510
18509,f,18510
18509,c,18510
18509,d,18510
18510,d,18510
18510,c,18510
18510,f,18510
18508,d,18510
18506,f,18510
18508,f,18510
18508,c,18510
18506,d,18510
18506,c,18510
18507,f,18510
18507,c,18510
18507,d,18510
18512,e,18511
18512,f,18511
18511,e,18511
18511,f,18511
18510,e,18511
18510,f,18511
18508,e,18511
18507,e,18511
18508,f,18511
18509,f,18511
18507,f,18511
18509,e,18511
18509,f,18512
18511,f,18512
18510,f,18512
18512,f,18512
18508,f,18512
18513,f,18512
18514,d,18513
18509,d,18513
18512,d,18513
18511,d,18513
18513,d,18513
18510,d,18513
18513,e,18514
18514,e,18514
18512,e,18514
18511,e,18514
18510,e,18514
18515,e,18514
18516,f,18515
18515,f,18515
18514,f,18515
18512,f,18515
18511,f,18515
18513,f,18515
18518,b,18519
18520,b,18519
18517,b,18519
18516,b,18519
18515,b,18519
18519,b,18519
18521,d,18520
18520,f,18520
18519,d,18520
18520,c,18520
18520,d,18520
18519,f,18520
18519,c,18520
18521,f,18520
18521,c,18520
18518,c,18520
18518,d,18520
18518,f,18520
18516,d,18520
18516,c,18520
18517,f,18520
18517,c,18520
18517,d,18520
18516,f,18520
18518,f,18521
18522,e,18521
18522,f,18521
18521,e,18521
18520,e,18521
18520,f,18521
18521,f,18521
18518,e,18521
18517,e,18521
18519,e,18521
18519,f,18521
18517,f,18521
18519,f,18522
18523,f,18522
18522,f,18522
18521,f,18522
18518,f,18522
18520,f,18522
18521,b,18523
18519,b,18523
18523,b,18523
18520,b,18523
18522,b,18523
18524,b,18523
18525,f,18524
18524,c,18524
18524,f,18524
18523,f,18524
18523,c,18524
18522,f,18524
18522,c,18524
18520,c,18524
18520,f,18524
18525,c,18524
18521,f,18524
18521,c,18524
18526,b,18525
18524,e,18525
18524,b,18525
18525,e,18525
18526,e,18525
18521,e,18525
18523,e,18525
18523,b,18525
18522,e,18525
18522,b,18525
18521,b,18525
18525,b,18525
18526,f,18526
18527,c,18526
18527,f,18526
18525,f,18526
18525,c,18526
18526,c,18526
18522,f,18526
18524,f,18526
18522,c,18526
18524,c,18526
18523,c,18526
18523,f,18526
18524,e,18527
18527,e,18527
18528,e,18527
18526,e,18527
18525,e,18527
18523,e,18527
18527,f,18528
18526,f,18528
18529,f,18528
18528,f,18528
18525,f,18528
18524,f,18528
18528,b,18529
18529,b,18529
18527,b,18529
18530,b,18529
18525,b,18529
18526,b,18529
18527,f,18530
18530,f,18530
18529,f,18530
18529,c,18530
18527,c,18530
18531,c,18530
18528,f,18530
18528,c,18530
18526,c,18530
18526,f,18530
18531,f,18530
18530,c,18530
18532,e,18531
18531,e,18531
18530,e,18531
18529,e,18531
18528,e,18531
18527,e,18531
18530,f,18532
18528,f,18532
18531,f,18532
18533,f,18532
18529,f,18532
18532,f,18532
18533,b,18534
18535,b,18534
18532,b,18534
18534,b,18534
18531,b,18534
18530,b,18534
18535,f,18535
18534,c,18535
18534,f,18535
18536,c,18535
18536,f,18535
18535,c,18535
18531,f,18535
18531,c,18535
18533,f,18535
18533,c,18535
18532,f,18535
18532,c,18535
18532,e,18536
18534,e,18536
18533,e,18536
18536,e,18536
18535,e,18536
18537,e,18536
18536,f,18537
18533,d,18537
18538,d,18537
18538,f,18537
18537,d,18537
18537,f,18537
18536,d,18537
18534,f,18537
18535,f,18537
18535,d,18537
18533,f,18537
18534,d,18537
18537,e,18538
18538,e,18538
18537,f,18538
18534,f,18538
18539,f,18538
18539,e,18538
18536,e,18538
18536,f,18538
18535,f,18538
18535,e,18538
18534,e,18538
18538,f,18538
18538,f,18539
18540,f,18539
18537,f,18539
18535,f,18539
18539,f,18539
18536,f,18539
18540,d,18541
18541,d,18541
18542,d,18541
18538,d,18541
18539,d,18541
18537,d,18541
18538,f,18542
18540,f,18542
18539,f,18542
18542,f,18542
18541,f,18542
18543,f,18542
18539,c,18543
18543,e,18543
18542,e,18543
18542,c,18543
18544,c,18543
18544,e,18543
18541,e,18543
18541,c,18543
18540,e,18543
18540,c,18543
18539,e,18543
18543,c,18543
18544,e,18544
18545,f,18544
18545,e,18544
18543,f,18544
18544,f,18544
18543,e,18544
18542,e,18544
18540,f,18544
18541,f,18544
18541,e,18544
18540,e,18544
18542,f,18544
18545,f,18545
18541,f,18545
18543,f,18545
18544,f,18545
18546,f,18545
18542,f,18545
18546,d,18547
18546,b,18547
18548,b,18547
18548,d,18547
18545,d,18547
18547,d,18547
18543,d,18547
18544,d,18547
18544,b,18547
18543,b,18547
18545,b,18547
18547,b,18547
18548,c,18548
18548,f,18548
18549,c,18548
18549,f,18548
18547,c,18548
18547,f,18548
18546,f,18548
18546,c,18548
18545,f,18548
18545,c,18548
18544,f,18548
18544,c,18548
18546,e,18549
18547,e,18549
18550,e,18549
18545,e,18549
18548,e,18549
18549,e,18549
18550,f,18550
18549,f,18550
18546,f,18550
18551,f,18550
18548,f,18550
18547,f,18550
18548,c,18551
18549,c,18551
18552,c,18551
18547,c,18551
18550,c,18551
18551,c,18551
18553,e,18552
18552,f,18552
18551,e,18552
18551,f,18552
18552,e,18552
18553,f,18552
18549,e,18552
18548,e,18552
18549,f,18552
18548,f,18552
18550,e,18552
18550,f,18552
18549,e,18553
18549,f,18553
18551,f,18553
18551,e,18553
18550,f,18553
18553,f,18553
18554,f,18553
18552,f,18553
18552,e,18553
18554,e,18553
18553,e,18553
18550,e,18553
18555,f,18554
18553,f,18554
18554,f,18554
18552,f,18554
18551,f,18554
18550,f,18554
18556,c,18556
18556,e,18556
18555,e,18556
18555,c,18556
18555,b,18556
18554,e,18556
18556,b,18556
18557,e,18556
18554,c,18556
18557,b,18556
18557,c,18556
18552,e,18556
18553,b,18556
18553,c,18556
18553,e,18556
18552,c,18556
18552,b,18556
18554,b,18556
18556,c,18557
18558,f,18557
18556,e,18557
18557,e,18557
18557,f,18557
18557,c,18557
18558,c,18557
18556,f,18557
18553,e,18557
18555,e,18557
18555,f,18557
18555,c,18557
18553,c,18557
18554,e,18557
18554,f,18557
18554,c,18557
18553,f,18557
18558,e,18557
18557,e,18558
18557,f,18558
18558,f,18558
18558,e,18558
18559,e,18558
18557,b,18558
18558,b,18558
18554,b,18558
18559,b,18558
18555,e,18558
18555,f,18558
18555,b,18558
18554,e,18558
18554,f,18558
18556,f,18558
18556,b,18558
18559,f,18558
18556,e,18558
18555,a,18559
18558,c,18559
18558,a,18559
18558,f,18559
18559,f,18559
18559,c,18559
18559,a,18559
18560,c,18559
18560,a,18559
18557,a,18559
18556,f,18559
18556,c,18559
18556,a,18559
18557,f,18559
18557,c,18559
18560,f,18559
18555,c,18559
18555,f,18559
18560,e,18560
18561,d,18560
18559,a,18560
18561,b,18560
18560,b,18560
18560,a,18560
18559,b,18560
18559,d,18560
18559,e,18560
18560,d,18560
18561,a,18560
18556,a,18560
18561,e,18560
18556,b,18560
18556,d,18560
18557,e,18560
18557,d,18560
18557,b,18560
18558,e,18560
18558,d,18560
18558,b,18560
18558,a,18560
18557,a,18560
18556,e,18560
18558,f,18561
18557,b,18561
18557,a,18561
18560,a,18561
18560,f,18561
18560,d,18561
18560,c,18561
18562,b,18561
18562,a,18561
18561,f,18561
18561,c,18561
18561,d,18561
18561,b,18561
18560,b,18561
18558,c,18561
18562,d,18561
18562,f,18561
18558,d,18561
18558,b,18561
18562,c,18561
18557,f,18561
18557,c,18561
18557,d,18561
18559,a,18561
18558,a,18561
18559,d,18561
18559,b,18561
18561,a,18561
18559,c,18561
18559,f,18561
18562,e,18562
18562,f,18562
18561,e,18562
18561,f,18562
18561,c,18562
18561,d,18562
18562,c,18562
18562,b,18562
18563,b,18562
18563,d,18562
18563,c,18562
18563,f,18562
18563,e,18562
18561,b,18562
18562,d,18562
18559,e,18562
18559,c,18562
18559,d,18562
18559,b,18562
18560,b,18562
18558,b,18562
18558,e,18562
18559,f,18562
18560,c,18562
18560,f,18562
18560,e,18562
18558,f,18562
18558,c,18562
18558,d,18562
18560,d,18562
18563,f,18563
18564,f,18563
18562,e,18563
18562,f,18563
18562,c,18563
18564,c,18563
18563,e,18563
18559,c,18563
18560,e,18563
18560,f,18563
18560,c,18563
18561,c,18563
18561,f,18563
18564,e,18563
18563,c,18563
18559,e,18563
18559,f,18563
18561,e,18563
18565,e,18564
18563,f,18564
18565,f,18564
18564,e,18564
18564,f,18564
18563,e,18564
18560,f,18564
18561,e,18564
18561,f,18564
18562,e,18564
18562,f,18564
18560,e,18564
18566,f,18565
18565,e,18565
18565,f,18565
18566,e,18565
18564,f,18565
18564,e,18565
18561,e,18565
18563,e,18565
18563,f,18565
18562,f,18565
18562,e,18565
18561,f,18565
18563,f,18566
18564,f,18566
18567,f,18566
18565,f,18566
18562,f,18566
18566,f,18566
18567,d,18568
18569,d,18568
18565,d,18568
18564,d,18568
18566,d,18568
18568,d,18568
18569,f,18569
18568,f,18569
18570,f,18569
18566,f,18569
18565,f,18569
18567,f,18569
18573,b,18572
18572,c,18572
18572,b,18572
18571,c,18572
18571,b,18572
18570,c,18572
18570,b,18572
18573,c,18572
18569,b,18572
18569,c,18572
18568,b,18572
18568,c,18572
18572,d,18573
18572,c,18573
18572,f,18573
18572,e,18573
18574,f,18573
18569,f,18573
18573,c,18573
18573,f,18573
18573,e,18573
18574,d,18573
18574,c,18573
18573,d,18573
18569,e,18573
18574,e,18573
18569,d,18573
18569,c,18573
18570,d,18573
18570,f,18573
18570,c,18573
18571,e,18573
18571,f,18573
18571,c,18573
18571,d,18573
18570,e,18573
18573,a,18574
18573,f,18574
18575,f,18574
18575,a,18574
18574,e,18574
18574,f,18574
18574,a,18574
18573,e,18574
18570,a,18574
18572,a,18574
18570,f,18574
18575,e,18574
18571,f,18574
18570,e,18574
18572,e,18574
18571,a,18574
18571,e,18574
18572,f,18574
18576,d,18575
18576,b,18575
18574,d,18575
18574,f,18575
18575,f,18575
18575,d,18575
18575,b,18575
18574,b,18575
18576,f,18575
18573,f,18575
18571,b,18575
18573,d,18575
18571,d,18575
18571,f,18575
18572,b,18575
18572,d,18575
18572,f,18575
18573,b,18575
18575,f,18576
18576,f,18576
18576,c,18576
18575,c,18576
18572,c,18576
18577,c,18576
18573,f,18576
18573,c,18576
18577,f,18576
18574,c,18576
18574,f,18576
18572,f,18576
18573,b,18577
18578,b,18577
18576,b,18577
18578,e,18577
18574,b,18577
18575,e,18577
18575,b,18577
18573,e,18577
18574,e,18577
18577,e,18577
18577,b,18577
18576,e,18577
18577,c,18578
18579,f,18578
18579,c,18578
18578,f,18578
18578,c,18578
18577,f,18578
18575,c,18578
18574,c,18578
18576,f,18578
18576,c,18578
18574,f,18578
18575,f,18578
18579,a,18579
18579,d,18579
18579,e,18579
18580,a,18579
18578,e,18579
18578,d,18579
18578,a,18579
18575,a,18579
18575,d,18579
18580,d,18579
18576,a,18579
18576,e,18579
18576,d,18579
18577,e,18579
18577,d,18579
18577,a,18579
18575,e,18579
18580,e,18579
18581,f,18580
18579,b,18580
18581,d,18580
18579,f,18580
18580,f,18580
18580,d,18580
18580,b,18580
18579,d,18580
18576,d,18580
18581,b,18580
18577,b,18580
18576,f,18580
18577,f,18580
18578,f,18580
18578,d,18580
18578,b,18580
18576,b,18580
18577,d,18580
18577,c,18581
18577,f,18581
18580,c,18581
18580,f,18581
18582,f,18581
18581,f,18581
18581,c,18581
18579,f,18581
18579,c,18581
18578,c,18581
18578,f,18581
18582,c,18581
18583,e,18582
18581,f,18582
18581,e,18582
18582,d,18582
18582,f,18582
18583,f,18582
18581,d,18582
18582,e,18582
18583,d,18582
18579,f,18582
18579,d,18582
18578,e,18582
18580,e,18582
18580,f,18582
18580,d,18582
18579,e,18582
18578,d,18582
18578,f,18582
18580,e,18583
18582,a,18583
18582,b,18583
18582,f,18583
18580,f,18583
18583,a,18583
18583,b,18583
18583,f,18583
18583,e,18583
18584,a,18583
18584,b,18583
18584,f,18583
18579,a,18583
18582,e,18583
18579,f,18583
18580,b,18583
18580,a,18583
18579,e,18583
18579,b,18583
18581,a,18583
18581,b,18583
18584,e,18583
18581,e,18583
18581,f,18583
18580,b,18584
18580,d,18584
18584,b,18584
18584,d,18584
18584,c,18584
18584,f,18584
18585,b,18584
18583,f,18584
18583,c,18584
18583,d,18584
18583,b,18584
18580,c,18584
18581,f,18584
18580,f,18584
18581,b,18584
18581,d,18584
18585,d,18584
18585,c,18584
18585,f,18584
18582,b,18584
18582,d,18584
18582,c,18584
18581,c,18584
18582,f,18584
18586,e,18585
18584,f,18585
18584,c,18585
18584,e,18585
18585,f,18585
18585,c,18585
18586,f,18585
18585,e,18585
18586,c,18585
18583,c,18585
18581,e,18585
18581,c,18585
18583,e,18585
18583,f,18585
18582,c,18585
18582,f,18585
18582,e,18585
18581,f,18585
18586,b,18586
18586,c,18586
18586,e,18586
18585,e,18586
18585,b,18586
18582,b,18586
18582,c,18586
18585,c,18586
18587,b,18586
18587,c,18586
18584,e,18586
18584,c,18586
18584,b,18586
18583,b,18586
18583,c,18586
18583,e,18586
18587,e,18586
18582,e,18586
18586,e,18587
18587,e,18587
18586,c,18587
18583,c,18587
18588,e,18587
18585,e,18587
18585,c,18587
18583,e,18587
18584,e,18587
18584,c,18587
18588,c,18587
18587,c,18587
18588,f,18588
18588,e,18588
18587,e,18588
18587,f,18588
18589,f,18588
18589,e,18588
18586,e,18588
18586,f,18588
18585,e,18588
18585,f,18588
18584,e,18588
18584,f,18588
18587,f,18589
18585,f,18589
18588,f,18589
18586,f,18589
18589,f,18589
18590,f,18589
18593,d,18592
18591,d,18592
18590,d,18592
18592,d,18592
18588,d,18592
18589,d,18592
18589,f,18593
18594,e,18593
18594,f,18593
18589,e,18593
18593,f,18593
18592,e,18593
18592,f,18593
18593,e,18593
18590,e,18593
18591,e,18593
18591,f,18593
18590,f,18593
18592,f,18594
18592,e,18594
18594,e,18594
18590,e,18594
18593,f,18594
18593,e,18594
18595,e,18594
18590,f,18594
18591,e,18594
18594,f,18594
18591,f,18594
18595,f,18594
18596,f,18595
18595,f,18595
18591,f,18595
18593,f,18595
18592,f,18595
18594,f,18595
18595,f,18599
18596,f,18599
18597,f,18599
18599,f,18599
18598,f,18599
18600,f,18599
18602,f,18601
18600,f,18601
18601,f,18601
18599,f,18601
18598,f,18601
18597,f,18601
18599,c,18603
18602,c,18603
18602,b,18603
18604,b,18603
18604,c,18603
18603,c,18603
18601,c,18603
18599,b,18603
18600,c,18603
18600,b,18603
18601,b,18603
18603,b,18603
18605,c,18604
18604,f,18604
18604,c,18604
18605,f,18604
18605,e,18604
18603,e,18604
18603,f,18604
18603,c,18604
18604,e,18604
18601,e,18604
18602,e,18604
18602,f,18604
18602,c,18604
18600,c,18604
18600,f,18604
18600,e,18604
18601,c,18604
18601,f,18604
18605,f,18605
18602,e,18605
18604,e,18605
18604,f,18605
18606,e,18605
18601,f,18605
18601,e,18605
18603,e,18605
18603,f,18605
18602,f,18605
18605,e,18605
18606,f,18605
18606,f,18606
18607,f,18606
18602,f,18606
18605,f,18606
18604,f,18606
18603,f,18606
18605,d,18609
18609,d,18609
18608,d,18609
18610,d,18609
18606,d,18609
18607,d,18609
18607,f,18610
18608,f,18610
18606,f,18610
18609,f,18610
18610,f,18610
18611,f,18610
18612,b,18613
18609,b,18613
18610,b,18613
18613,b,18613
18611,b,18613
18614,b,18613
18613,c,18614
18615,c,18614
18614,c,18614
18615,f,18614
18613,f,18614
18612,f,18614
18614,f,18614
18612,c,18614
18610,c,18614
18610,f,18614
18611,c,18614
18611,f,18614
18612,d,18615
18615,e,18615
18616,d,18615
18614,e,18615
18614,f,18615
18614,d,18615
18615,d,18615
18616,f,18615
18613,e,18615
18613,f,18615
18613,d,18615
18611,d,18615
18611,f,18615
18611,e,18615
18612,e,18615
18612,f,18615
18616,e,18615
18615,f,18615
18616,f,18616
18617,c,18616
18615,f,18616
18615,c,18616
18617,f,18616
18616,c,18616
18614,f,18616
18612,c,18616
18614,c,18616
18612,f,18616
18613,f,18616
18613,c,18616
18614,e,18617
18618,e,18617
18616,e,18617
18617,e,18617
18615,e,18617
18613,e,18617
18614,f,18618
18618,f,18618
18616,f,18618
18615,f,18618
18617,f,18618
18619,f,18618
18622,b,18621
18620,f,18621
18620,c,18621
18621,f,18621
18619,c,18621
18620,b,18621
18622,c,18621
18622,f,18621
18619,f,18621
18618,f,18621
18617,f,18621
18621,c,18621
18617,b,18621
18617,c,18621
18619,b,18621
18618,b,18621
18621,b,18621
18618,c,18621
18623,e,18622
18622,c,18622
18622,f,18622
18622,e,18622
18621,e,18622
18621,f,18622
18621,c,18622
18623,f,18622
18623,c,18622
18619,f,18622
18620,e,18622
18620,f,18622
18620,c,18622
18618,c,18622
18618,f,18622
18619,e,18622
18618,e,18622
18619,c,18622
18620,e,18623
18624,e,18623
18624,f,18623
18623,e,18623
18623,f,18623
18622,e,18623
18619,f,18623
18619,e,18623
18621,e,18623
18621,f,18623
18620,f,18623
18622,f,18623
18622,f,18624
18621,f,18624
18623,f,18624
18620,f,18624
18624,f,18624
18625,f,18624
18625,b,18627
18627,b,18627
18626,b,18627
18623,b,18627
18624,b,18627
18628,b,18627
18624,c,18628
18625,c,18628
18625,f,18628
18626,c,18628
18626,f,18628
18629,f,18628
18629,c,18628
18628,c,18628
18627,c,18628
18627,f,18628
18628,f,18628
18624,f,18628
18629,e,18629
18628,e,18629
18630,e,18629
18627,e,18629
18625,e,18629
18626,e,18629
18627,f,18630
18631,d,18630
18629,f,18630
18629,d,18630
18630,f,18630
18626,d,18630
18628,f,18630
18628,d,18630
18626,f,18630
18627,d,18630
18631,f,18630
18630,d,18630
18631,f,18631
18630,f,18631
18632,f,18631
18627,f,18631
18629,f,18631
18628,f,18631
18631,d,18632
18630,d,18632
18633,d,18632
18632,d,18632
18628,d,18632
18629,d,18632
18633,f,18633
18634,f,18633
18632,f,18633
18629,f,18633
18631,f,18633
18630,f,18633
18631,e,18634
18635,e,18634
18635,b,18634
18634,e,18634
18631,b,18634
18633,e,18634
18633,b,18634
18630,b,18634
18634,b,18634
18632,b,18634
18632,e,18634
18630,e,18634
18635,c,18635
18635,f,18635
18634,f,18635
18634,c,18635
18631,c,18635
18632,f,18635
18636,f,18635
18633,f,18635
18633,c,18635
18632,c,18635
18636,c,18635
18631,f,18635
18636,e,18636
18635,e,18636
18637,e,18636
18634,e,18636
18633,e,18636
18632,e,18636
18634,f,18637
18635,f,18637
18638,f,18637
18636,f,18637
18637,f,18637
18633,f,18637
18639,b,18638
18638,b,18638
18637,b,18638
18636,b,18638
18634,b,18638
18635,b,18638
18636,f,18639
18640,f,18639
18639,f,18639
18639,c,18639
18640,c,18639
18638,c,18639
18638,f,18639
18636,c,18639
18637,f,18639
18637,c,18639
18635,c,18639
18635,f,18639
18636,a,18640
18639,e,18640
18639,a,18640
18636,e,18640
18640,a,18640
18640,e,18640
18641,a,18640
18641,e,18640
18638,e,18640
18638,a,18640
18637,a,18640
18637,e,18640
18640,f,18641
18640,d,18641
18640,b,18641
18641,b,18641
18641,d,18641
18641,f,18641
18642,f,18641
18642,b,18641
18637,b,18641
18638,f,18641
18638,d,18641
18639,f,18641
18638,b,18641
18639,d,18641
18639,b,18641
18642,d,18641
18637,f,18641
18637,d,18641
18639,c,18642
18643,c,18642
18643,a,18642
18641,f,18642
18641,c,18642
18643,f,18642
18641,e,18642
18642,e,18642
18642,f,18642
18642,c,18642
18642,a,18642
18641,a,18642
18639,a,18642
18643,e,18642
18639,f,18642
18639,e,18642
18640,e,18642
18640,f,18642
18640,c,18642
18640,a,18642
18638,a,18642
18638,c,18642
18638,f,18642
18638,e,18642
18643,b,18643
18644,f,18643
18644,d,18643
18644,b,18643
18642,a,18643
18642,b,18643
18643,e,18643
18642,f,18643
18642,e,18643
18643,a,18643
18643,f,18643
18643,d,18643
18644,e,18643
18642,d,18643
18644,a,18643
18640,d,18643
18640,e,18643
18640,b,18643
18639,a,18643
18639,b,18643
18639,d,18643
18639,f,18643
18641,e,18643
18641,f,18643
18641,d,18643
18641,b,18643
18641,a,18643
18640,f,18643
18640,a,18643
18639,e,18643
18643,b,18644
18643,d,18644
18640,b,18644
18643,f,18644
18645,c,18644
18645,d,18644
18645,b,18644
18644,c,18644
18643,c,18644
18644,f,18644
18644,d,18644
18640,d,18644
18641,f,18644
18641,c,18644
18641,d,18644
18641,b,18644
18642,b,18644
18644,b,18644
18642,c,18644
18642,d,18644
18645,f,18644
18640,f,18644
18640,c,18644
18642,f,18644
18646,c,18645
18645,e,18645
18644,e,18645
18644,f,18645
18644,c,18645
18645,f,18645
18645,c,18645
18646,e,18645
18641,f,18645
18646,f,18645
18641,e,18645
18642,c,18645
18642,f,18645
18642,e,18645
18643,c,18645
18643,f,18645
18641,c,18645
18643,e,18645
18647,e,18646
18645,e,18646
18645,f,18646
18642,f,18646
18642,e,18646
18647,f,18646
18646,f,18646
18646,e,18646
18644,e,18646
18644,f,18646
18643,f,18646
18643,e,18646
18646,a,18647
18646,c,18647
18647,c,18647
18647,a,18647
18648,a,18647
18648,c,18647
18643,c,18647
18645,a,18647
18643,a,18647
18644,a,18647
18644,c,18647
18645,c,18647
18647,a,18648
18649,e,18648
18649,c,18648
18649,d,18648
18648,b,18648
18649,a,18648
18647,d,18648
18647,c,18648
18647,e,18648
18648,e,18648
18648,c,18648
18648,a,18648
18648,d,18648
18649,b,18648
18647,b,18648
18645,e,18648
18644,d,18648
18644,b,18648
18644,a,18648
18645,c,18648
18646,a,18648
18646,b,18648
18644,c,18648
18646,d,18648
18646,e,18648
18645,a,18648
18645,b,18648
18645,d,18648
18646,c,18648
18644,e,18648
18648,c,18649
18646,b,18649
18648,f,18649
18648,e,18649
18648,b,18649
18646,d,18649
18649,c,18649
18649,f,18649
18649,e,18649
18650,b,18649
18650,d,18649
18650,c,18649
18650,f,18649
18649,d,18649
18649,b,18649
18648,d,18649
18645,d,18649
18646,c,18649
18646,f,18649
18646,e,18649
18650,e,18649
18645,e,18649
18645,f,18649
18645,b,18649
18647,b,18649
18647,d,18649
18647,c,18649
18647,f,18649
18645,c,18649
18647,e,18649
18649,c,18650
18646,c,18650
18650,f,18650
18650,e,18650
18651,c,18650
18649,e,18650
18649,f,18650
18646,f,18650
18646,e,18650
18650,c,18650
18647,f,18650
18647,c,18650
18648,c,18650
18648,f,18650
18648,e,18650
18647,e,18650
18651,e,18650
18651,f,18650
18652,c,18651
18652,f,18651
18652,e,18651
18650,c,18651
18650,f,18651
18650,e,18651
18651,f,18651
18651,e,18651
18651,c,18651
18647,c,18651
18649,e,18651
18649,f,18651
18647,f,18651
18647,e,18651
18649,c,18651
18648,e,18651
18648,f,18651
18648,c,18651
18649,e,18652
18653,e,18652
18653,f,18652
18652,f,18652
18651,e,18652
18651,f,18652
18652,e,18652
18648,e,18652
18650,e,18652
18648,f,18652
18649,f,18652
18650,f,18652
18651,f,18653
18654,f,18653
18650,f,18653
18649,f,18653
18652,f,18653
18653,f,18653
18655,c,18654
18654,c,18654
18653,c,18654
18652,c,18654
18651,c,18654
18650,c,18654
18652,e,18655
18655,e,18655
18651,e,18655
18654,e,18655
18653,e,18655
18656,e,18655
18653,f,18656
18652,f,18656
18654,f,18656
18657,f,18656
18656,f,18656
18655,f,18656
18657,b,18657
18656,f,18657
18656,b,18657
18657,f,18657
18653,f,18657
18658,b,18657
18655,b,18657
18654,f,18657
18658,f,18657
18653,b,18657
18654,b,18657
18655,f,18657
18658,c,18658
18658,f,18658
18657,f,18658
18657,c,18658
18655,c,18658
18656,f,18658
18656,c,18658
18654,c,18658
18654,f,18658
18655,f,18658
18659,c,18658
18659,f,18658
18659,e,18659
18658,e,18659
18660,e,18659
18656,e,18659
18655,e,18659
18657,e,18659
18656,c,18660
18656,f,18660
18661,f,18660
18660,c,18660
18659,f,18660
18661,c,18660
18659,c,18660
18658,f,18660
18658,c,18660
18657,c,18660
18657,f,18660
18660,f,18660
18660,e,18661
18660,a,18661
18660,f,18661
18657,f,18661
18662,a,18661
18662,f,18661
18662,e,18661
18657,e,18661
18661,f,18661
18661,a,18661
18661,e,18661
18658,a,18661
18658,f,18661
18659,e,18661
18659,f,18661
18659,a,18661
18658,e,18661
18657,a,18661
18662,d,18662
18662,b,18662
18663,b,18662
18663,d,18662
18663,f,18662
18661,f,18662
18661,d,18662
18661,b,18662
18658,b,18662
18658,d,18662
18658,f,18662
18660,f,18662
18660,d,18662
18660,b,18662
18659,b,18662
18659,d,18662
18659,f,18662
18662,f,18662
18663,c,18663
18663,f,18663
18664,c,18663
18664,f,18663
18662,f,18663
18662,c,18663
18659,f,18663
18661,f,18663
18661,c,18663
18660,c,18663
18660,f,18663
18659,c,18663
18662,e,18664
18661,e,18664
18663,e,18664
18665,e,18664
18660,e,18664
18664,e,18664
18661,f,18665
18666,f,18665
18665,f,18665
18664,f,18665
18663,f,18665
18662,f,18665
18665,b,18668
18666,b,18668
18669,b,18668
18667,b,18668
18664,b,18668
18668,b,18668
18670,f,18669
18668,c,18669
18669,f,18669
18669,c,18669
18668,f,18669
18670,c,18669
18667,f,18669
18667,c,18669
18665,f,18669
18666,c,18669
18666,f,18669
18665,c,18669
18671,e,18670
18669,e,18670
18670,e,18670
18667,e,18670
18668,e,18670
18666,e,18670
18670,f,18671
18671,f,18671
18672,a,18671
18670,a,18671
18672,f,18671
18667,a,18671
18669,f,18671
18671,a,18671
18668,f,18671
18668,a,18671
18667,f,18671
18669,a,18671
18672,b,18672
18673,b,18672
18673,d,18672
18671,d,18672
18672,d,18672
18671,b,18672
18668,d,18672
18670,d,18672
18670,b,18672
18669,b,18672
18669,d,18672
18668,b,18672
18669,c,18673
18669,f,18673
18673,f,18673
18672,f,18673
18674,c,18673
18671,f,18673
18671,c,18673
18674,f,18673
18670,c,18673
18670,f,18673
18673,c,18673
18672,c,18673
18673,e,18674
18674,e,18674
18674,b,18674
18673,b,18674
18675,b,18674
18670,e,18674
18672,e,18674
18670,b,18674
18671,e,18674
18671,b,18674
18675,e,18674
18672,b,18674
18675,d,18675
18674,f,18675
18675,c,18675
18676,f,18675
18675,f,18675
18676,d,18675
18674,c,18675
18676,c,18675
18674,d,18675
18673,c,18675
18671,c,18675
18673,f,18675
18673,d,18675
18671,f,18675
18672,d,18675
18672,c,18675
18672,f,18675
18671,d,18675
18676,f,18676
18676,e,18676
18675,e,18676
18675,f,18676
18672,f,18676
18677,e,18676
18674,e,18676
18674,f,18676
18672,e,18676
18673,f,18676
18673,e,18676
18677,f,18676
18677,b,18677
18677,f,18677
18678,b,18677
18676,f,18677
18676,b,18677
18678,f,18677
18673,f,18677
18673,b,18677
18674,b,18677
18675,f,18677
18675,b,18677
18674,f,18677
18679,c,18678
18678,c,18678
18678,f,18678
18679,b,18678
18677,f,18678
18677,c,18678
18677,b,18678
18674,b,18678
18674,c,18678
18674,f,18678
18678,b,18678
18679,f,18678
18676,f,18678
18676,c,18678
18676,b,18678
18675,b,18678
18675,c,18678
18675,f,18678
18679,c,18679
18679,f,18679
18679,e,18679
18678,e,18679
18678,c,18679
18680,e,18679
18680,c,18679
18680,f,18679
18678,f,18679
18676,c,18679
18677,e,18679
18677,f,18679
18677,c,18679
18675,c,18679
18675,f,18679
18676,e,18679
18676,f,18679
18675,e,18679
18681,f,18680
18680,e,18680
18680,f,18680
18679,e,18680
18677,f,18680
18681,e,18680
18676,f,18680
18676,e,18680
18678,e,18680
18678,f,18680
18677,e,18680
18679,f,18680
18684,b,18684
18683,b,18684
18682,b,18684
18685,b,18684
18680,b,18684
18681,b,18684
18685,c,18685
18685,f,18685
18686,a,18685
18684,f,18685
18684,c,18685
18684,a,18685
18686,c,18685
18686,f,18685
18681,a,18685
18681,c,18685
18683,c,18685
18683,a,18685
18682,f,18685
18682,c,18685
18682,a,18685
18685,a,18685
18681,f,18685
18683,f,18685
18686,e,18686
18686,b,18686
18687,b,18686
18687,d,18686
18687,e,18686
18685,e,18686
18685,d,18686
18686,d,18686
18685,b,18686
18682,b,18686
18682,d,18686
18684,e,18686
18684,d,18686
18682,e,18686
18684,b,18686
18683,b,18686
18683,d,18686
18683,e,18686
18684,f,18687
18688,c,18687
18686,f,18687
18686,c,18687
18683,c,18687
18683,f,18687
18688,f,18687
18685,f,18687
18685,c,18687
18684,c,18687
18687,c,18687
18687,f,18687
18684,e,18688
18687,e,18688
18689,e,18688
18688,e,18688
18686,e,18688
18685,e,18688
18687,f,18689
18685,f,18689
18688,f,18689
18686,f,18689
18690,f,18689
18689,f,18689
18692,c,18691
18690,c,18691
18691,c,18691
18689,c,18691
18687,c,18691
18688,c,18691
18689,e,18692
18693,e,18692
18691,e,18692
18692,e,18692
18690,e,18692
18688,e,18692
18693,f,18693
18690,f,18693
18692,f,18693
18689,f,18693
18691,f,18693
18694,f,18693
18692,f,18695
18691,f,18695
18693,f,18695
18696,f,18695
18695,f,18695
18694,f,18695
18697,b,18696
18696,b,18696
18695,b,18696
18693,b,18696
18694,b,18696
18692,b,18696
18698,f,18697
18698,c,18697
18698,a,18697
18697,f,18697
18697,c,18697
18697,a,18697
18696,f,18697
18696,c,18697
18696,a,18697
18693,a,18697
18694,a,18697
18693,c,18697
18695,f,18697
18695,c,18697
18695,a,18697
18693,f,18697
18694,c,18697
18694,f,18697
18695,e,18698
18695,d,18698
18697,e,18698
18694,b,18698
18698,b,18698
18698,e,18698
18699,e,18698
18699,d,18698
18698,d,18698
18697,b,18698
18697,d,18698
18694,e,18698
18695,b,18698
18696,b,18698
18694,d,18698
18696,e,18698
18696,d,18698
18699,b,18698
18699,f,18699
18696,c,18699
18697,f,18699
18697,c,18699
18700,f,18699
18698,c,18699
18698,f,18699
18699,c,18699
18695,f,18699
18695,c,18699
18700,c,18699
18696,f,18699
18699,e,18700
18700,e,18700
18697,e,18700
18701,e,18700
18698,e,18700
18696,e,18700
18701,f,18701
18700,f,18701
18700,a,18701
18701,a,18701
18702,f,18701
18698,f,18701
18699,f,18701
18699,a,18701
18697,a,18701
18697,f,18701
18698,a,18701
18702,a,18701
18702,d,18702
18703,b,18702
18703,d,18702
18701,d,18702
18701,b,18702
18702,b,18702
18698,d,18702
18700,d,18702
18700,b,18702
18698,b,18702
18699,b,18702
18699,d,18702
18700,f,18703
18703,f,18703
18703,c,18703
18704,f,18703
18702,f,18703
18702,c,18703
18699,f,18703
18700,c,18703
18701,c,18703
18701,f,18703
18699,c,18703
18704,c,18703
18705,e,18704
18702,e,18704
18701,e,18704
18700,e,18704
18703,e,18704
18704,e,18704
18704,f,18705
18706,b,18705
18705,f,18705
18706,f,18705
18704,b,18705
18705,b,18705
18702,f,18705
18701,b,18705
18703,f,18705
18703,b,18705
18701,f,18705
18702,b,18705
18707,c,18706
18707,f,18706
18705,f,18706
18705,c,18706
18703,f,18706
18704,f,18706
18704,c,18706
18702,c,18706
18702,f,18706
18703,c,18706
18706,c,18706
18706,f,18706
18707,e,18707
18708,e,18707
18706,e,18707
18703,e,18707
18705,e,18707
18704,e,18707
18706,f,18708
18705,f,18708
18704,f,18708
18707,f,18708
18708,f,18708
18709,f,18708
18712,d,18711
18712,a,18711
18711,d,18711
18711,a,18711
18710,d,18711
18709,d,18711
18709,a,18711
18710,a,18711
18707,a,18711
18707,d,18711
18708,a,18711
18708,d,18711
18708,d,18712
18713,f,18712
18712,f,18712
18712,d,18712
18712,b,18712
18708,f,18712
18711,f,18712
18713,d,18712
18711,b,18712
18711,d,18712
18708,b,18712
18709,b,18712
18709,d,18712
18709,f,18712
18710,b,18712
18713,b,18712
18710,f,18712
18710,d,18712
18711,c,18713
18710,f,18713
18713,c,18713
18712,f,18713
18712,c,18713
18710,c,18713
18709,c,18713
18714,f,18713
18714,c,18713
18713,f,18713
18711,f,18713
18709,f,18713
18713,c,18714
18713,e,18714
18715,c,18714
18714,e,18714
18712,e,18714
18712,c,18714
18711,e,18714
18711,c,18714
18710,e,18714
18710,c,18714
18714,c,18714
18715,e,18714
18715,f,18715
18715,e,18715
18716,e,18715
18714,e,18715
18714,f,18715
18716,f,18715
18711,e,18715
18713,e,18715
18712,f,18715
18712,e,18715
18711,f,18715
18713,f,18715
18714,f,18716
18715,f,18716
18716,f,18716
18717,f,18716
18712,f,18716
18713,f,18716
18715,e,18719
18718,e,18719
18716,e,18719
18720,e,18719
18717,e,18719
18719,e,18719
18720,f,18720
18719,f,18720
18718,f,18720
18717,f,18720
18716,f,18720
18721,f,18720
18717,f,18721
18722,f,18721
18718,f,18721
18720,f,18721
18721,f,18721
18719,f,18721
18724,a,18723
18724,b,18723
18722,b,18723
18722,a,18723
18721,b,18723
18721,a,18723
18723,b,18723
18723,a,18723
18720,b,18723
18719,a,18723
18720,a,18723
18719,b,18723
18725,c,18724
18725,d,18724
18723,a,18724
18723,b,18724
18723,d,18724
18725,f,18724
18720,c,18724
18725,b,18724
18725,a,18724
18720,f,18724
18724,f,18724
18724,c,18724
18724,d,18724
18724,b,18724
18723,f,18724
18723,c,18724
18724,a,18724
18720,a,18724
18721,c,18724
18721,d,18724
18720,d,18724
18720,b,18724
18722,a,18724
18721,f,18724
18722,d,18724
18722,c,18724
18722,f,18724
18721,b,18724
18721,a,18724
18722,b,18724
18724,c,18725
18724,b,18725
18724,d,18725
18725,f,18725
18726,c,18725
18726,e,18725
18726,f,18725
18725,e,18725
18726,d,18725
18726,b,18725
18725,d,18725
18725,c,18725
18724,f,18725
18725,b,18725
18724,e,18725
18721,f,18725
18723,b,18725
18723,d,18725
18722,f,18725
18722,c,18725
18721,b,18725
18723,e,18725
18723,f,18725
18723,c,18725
18721,d,18725
18721,c,18725
18722,e,18725
18721,e,18725
18722,d,18725
18722,b,18725
18725,e,18726
18725,f,18726
18727,f,18726
18726,c,18726
18726,f,18726
18726,e,18726
18727,e,18726
18725,c,18726
18722,c,18726
18727,c,18726
18722,e,18726
18724,e,18726
18724,f,18726
18724,c,18726
18723,c,18726
18723,f,18726
18723,e,18726
18722,f,18726
18724,a,18727
18726,f,18727
18726,e,18727
18727,e,18727
18727,f,18727
18727,a,18727
18723,f,18727
18726,a,18727
18723,a,18727
18723,e,18727
18724,f,18727
18728,f,18727
18728,e,18727
18725,e,18727
18725,f,18727
18725,a,18727
18728,a,18727
18724,e,18727
18729,a,18728
18729,b,18728
18729,d,18728
18729,f,18728
18727,a,18728
18727,b,18728
18727,e,18728
18729,e,18728
18728,e,18728
18728,f,18728
18728,b,18728
18728,a,18728
18727,d,18728
18727,f,18728
18728,d,18728
18724,f,18728
18725,f,18728
18725,d,18728
18725,b,18728
18725,a,18728
18725,e,18728
18726,a,18728
18726,b,18728
18724,e,18728
18726,f,18728
18726,e,18728
18724,a,18728
18724,b,18728
18724,d,18728
18726,d,18728
18729,d,18729
18729,f,18729
18728,f,18729
18728,c,18729
18728,d,18729
18728,b,18729
18729,b,18729
18730,b,18729
18729,c,18729
18725,d,18729
18730,d,18729
18730,c,18729
18730,f,18729
18726,f,18729
18726,c,18729
18727,f,18729
18727,c,18729
18727,d,18729
18727,b,18729
18725,b,18729
18726,d,18729
18726,b,18729
18725,c,18729
18725,f,18729
18731,e,18730
18729,e,18730
18729,c,18730
18730,e,18730
18730,c,18730
18730,b,18730
18729,b,18730
18726,c,18730
18731,b,18730
18731,c,18730
18726,e,18730
18727,b,18730
18727,c,18730
18727,e,18730
18728,b,18730
18728,c,18730
18726,b,18730
18728,e,18730
18728,a,18731
18731,a,18731
18731,c,18731
18731,e,18731
18730,e,18731
18730,c,18731
18730,a,18731
18728,e,18731
18727,a,18731
18727,c,18731
18727,e,18731
18728,c,18731
18732,a,18731
18732,c,18731
18732,e,18731
18729,a,18731
18729,c,18731
18729,e,18731
18733,f,18732
18731,b,18732
18731,d,18732
18731,e,18732
18733,b,18732
18732,e,18732
18732,f,18732
18732,d,18732
18733,e,18732
18732,b,18732
18731,f,18732
18733,d,18732
18729,b,18732
18728,f,18732
18729,d,18732
18728,e,18732
18729,f,18732
18730,b,18732
18730,d,18732
18729,e,18732
18730,e,18732
18728,d,18732
18728,b,18732
18730,f,18732
18734,c,18733
18732,e,18733
18732,f,18733
18732,c,18733
18733,f,18733
18733,c,18733
18729,c,18733
18733,e,18733
18729,f,18733
18729,e,18733
18734,f,18733
18734,e,18733
18731,e,18733
18731,f,18733
18731,c,18733
18730,c,18733
18730,f,18733
18730,e,18733
18734,f,18734
18733,e,18734
18733,f,18734
18735,f,18734
18735,e,18734
18734,e,18734
18732,e,18734
18730,f,18734
18731,f,18734
18731,e,18734
18730,e,18734
18732,f,18734
18731,f,18735
18736,f,18735
18734,f,18735
18732,f,18735
18735,f,18735
18733,f,18735
18736,c,18737
18736,a,18737
18738,a,18737
18738,c,18737
18735,c,18737
18735,a,18737
18734,c,18737
18734,a,18737
18733,a,18737
18733,c,18737
18737,c,18737
18737,a,18737
18738,f,18738
18738,e,18738
18739,e,18738
18738,d,18738
18738,b,18738
18737,e,18738
18737,f,18738
18739,f,18738
18737,d,18738
18737,b,18738
18736,f,18738
18739,b,18738
18735,d,18738
18735,b,18738
18734,e,18738
18734,f,18738
18735,e,18738
18734,d,18738
18736,d,18738
18739,d,18738
18736,e,18738
18734,b,18738
18736,b,18738
18735,f,18738
18739,f,18739
18738,f,18739
18738,c,18739
18739,c,18739
18736,f,18739
18740,c,18739
18740,f,18739
18737,f,18739
18737,c,18739
18735,c,18739
18735,f,18739
18736,c,18739
18740,b,18740
18740,e,18740
18741,b,18740
18741,e,18740
18739,e,18740
18739,b,18740
18738,e,18740
18738,b,18740
18736,b,18740
18736,e,18740
18737,b,18740
18737,e,18740
18740,f,18741
18741,f,18741
18741,c,18741
18742,c,18741
18740,c,18741
18737,c,18741
18742,f,18741
18737,f,18741
18739,f,18741
18739,c,18741
18738,f,18741
18738,c,18741
18742,b,18742
18742,e,18742
18738,e,18742
18741,e,18742
18741,b,18742
18743,b,18742
18738,b,18742
18743,e,18742
18740,e,18742
18740,b,18742
18739,b,18742
18739,e,18742
18743,c,18743
18743,f,18743
18742,f,18743
18744,c,18743
18744,f,18743
18742,c,18743
18741,f,18743
18741,c,18743
18739,c,18743
18739,f,18743
18740,c,18743
18740,f,18743
18741,e,18744
18744,e,18744
18743,e,18744
18745,e,18744
18742,e,18744
18740,e,18744
18745,f,18745
18743,f,18745
18742,f,18745
18744,f,18745
18741,f,18745
18746,f,18745
18743,f,18746
18742,f,18746
18744,f,18746
18747,f,18746
18745,f,18746
18746,f,18746
18747,e,18748
18746,e,18748
18748,e,18748
18745,e,18748
18744,e,18748
18749,e,18748
18748,f,18749
18748,e,18749
18748,d,18749
18749,f,18749
18749,e,18749
18750,d,18749
18750,e,18749
18749,d,18749
18750,f,18749
18745,d,18749
18745,e,18749
18747,e,18749
18747,f,18749
18747,d,18749
18745,f,18749
18746,e,18749
18746,f,18749
18746,d,18749
18751,f,18750
18750,f,18750
18749,f,18750
18747,f,18750
18748,f,18750
18746,f,18750
18752,e,18751
18751,e,18751
18750,e,18751
18749,e,18751
18747,e,18751
18748,e,18751
18750,f,18752
18748,f,18752
18751,f,18752
18749,f,18752
18752,f,18752
18753,f,18752
18755,b,18756
18756,b,18756
18754,b,18756
18753,b,18756
18757,b,18756
18752,b,18756
18757,c,18757
18757,f,18757
18756,f,18757
18756,c,18757
18756,d,18757
18753,c,18757
18755,f,18757
18755,c,18757
18753,f,18757
18757,d,18757
18758,d,18757
18758,c,18757
18758,f,18757
18754,f,18757
18754,c,18757
18754,d,18757
18753,d,18757
18755,d,18757
18759,b,18758
18759,f,18758
18757,e,18758
18757,f,18758
18757,b,18758
18758,e,18758
18754,f,18758
18756,e,18758
18756,f,18758
18756,b,18758
18755,e,18758
18755,f,18758
18755,b,18758
18754,e,18758
18758,b,18758
18754,b,18758
18759,e,18758
18758,f,18758
18759,c,18759
18759,f,18759
18760,c,18759
18760,f,18759
18758,f,18759
18758,c,18759
18757,f,18759
18757,c,18759
18756,f,18759
18756,c,18759
18755,f,18759
18755,c,18759
18757,e,18760
18758,e,18760
18756,e,18760
18759,e,18760
18761,e,18760
18760,e,18760
18757,f,18761
18762,f,18761
18760,f,18761
18761,f,18761
18759,f,18761
18758,f,18761
18762,d,18763
18764,d,18763
18764,c,18763
18761,c,18763
18762,c,18763
18763,c,18763
18760,c,18763
18763,d,18763
18760,d,18763
18759,c,18763
18759,d,18763
18761,d,18763
18764,f,18764
18764,b,18764
18764,e,18764
18765,e,18764
18763,e,18764
18763,f,18764
18763,b,18764
18765,f,18764
18762,e,18764
18765,b,18764
18760,b,18764
18761,e,18764
18761,f,18764
18761,b,18764
18762,f,18764
18762,b,18764
18760,e,18764
18760,f,18764
18764,c,18765
18766,a,18765
18764,f,18765
18765,f,18765
18765,c,18765
18765,a,18765
18764,a,18765
18762,a,18765
18762,c,18765
18761,f,18765
18762,f,18765
18766,f,18765
18761,c,18765
18761,a,18765
18766,c,18765
18763,c,18765
18763,f,18765
18763,a,18765
18766,e,18766
18765,e,18766
18765,d,18766
18765,b,18766
18767,b,18766
18767,e,18766
18767,d,18766
18766,d,18766
18766,b,18766
18762,d,18766
18762,b,18766
18763,e,18766
18763,d,18766
18763,b,18766
18764,b,18766
18764,d,18766
18762,e,18766
18764,e,18766
18768,b,18767
18763,c,18767
18766,f,18767
18766,c,18767
18766,b,18767
18767,f,18767
18767,c,18767
18767,b,18767
18763,b,18767
18768,c,18767
18763,f,18767
18764,b,18767
18764,f,18767
18764,c,18767
18765,f,18767
18765,c,18767
18765,b,18767
18768,f,18767
18769,e,18768
18767,c,18768
18764,e,18768
18768,c,18768
18769,f,18768
18769,c,18768
18768,e,18768
18768,f,18768
18767,e,18768
18764,f,18768
18767,f,18768
18764,c,18768
18765,c,18768
18765,f,18768
18766,e,18768
18765,e,18768
18766,f,18768
18766,c,18768
18765,e,18769
18769,e,18769
18770,c,18769
18768,e,18769
18768,f,18769
18768,c,18769
18765,c,18769
18765,f,18769
18769,f,18769
18770,f,18769
18770,e,18769
18767,e,18769
18767,f,18769
18767,c,18769
18766,c,18769
18766,f,18769
18766,e,18769
18769,c,18769
18770,f,18770
18769,e,18770
18769,f,18770
18770,e,18770
18766,e,18770
18768,e,18770
18771,f,18770
18768,f,18770
18767,e,18770
18767,f,18770
18766,f,18770
18771,e,18770
18768,f,18771
18769,f,18771
18767,f,18771
18770,f,18771
18772,f,18771
18771,f,18771
18773,d,18772
18771,d,18772
18772,d,18772
18769,d,18772
18770,d,18772
18768,d,18772
18770,d,18774
18774,c,18774
18773,c,18774
18773,d,18774
18770,c,18774
18775,d,18774
18774,d,18774
18775,c,18774
18772,d,18774
18771,c,18774
18771,d,18774
18772,c,18774
18774,e,18775
18774,f,18775
18775,f,18775
18775,e,18775
18776,e,18775
18776,f,18775
18771,f,18775
18772,f,18775
18772,e,18775
18773,e,18775
18773,f,18775
18771,e,18775
18775,b,18776
18775,f,18776
18773,f,18776
18777,f,18776
18777,b,18776
18774,f,18776
18774,b,18776
18772,b,18776
18772,f,18776
18773,b,18776
18776,b,18776
18776,f,18776
18776,a,18777
18778,f,18777
18776,f,18777
18777,a,18777
18777,c,18777
18778,c,18777
18776,c,18777
18777,f,18777
18778,a,18777
18773,a,18777
18774,a,18777
18773,f,18777
18773,c,18777
18774,f,18777
18775,a,18777
18774,c,18777
18775,f,18777
18775,c,18777
18778,b,18778
18778,d,18778
18775,e,18778
18777,e,18778
18777,d,18778
18779,d,18778
18778,e,18778
18779,e,18778
18777,b,18778
18779,b,18778
18776,b,18778
18776,e,18778
18776,d,18778
18775,d,18778
18775,b,18778
18774,b,18778
18774,d,18778
18774,e,18778
18775,f,18779
18779,c,18779
18779,f,18779
18778,f,18779
18778,c,18779
18775,c,18779
18780,c,18779
18780,f,18779
18777,f,18779
18777,c,18779
18776,c,18779
18776,f,18779
18779,e,18780
18781,e,18780
18780,e,18780
18776,e,18780
18778,e,18780
18777,e,18780
18781,f,18781
18780,f,18781
18780,c,18781
18777,c,18781
18781,c,18781
18778,f,18781
18782,f,18781
18779,f,18781
18779,c,18781
18778,c,18781
18782,c,18781
18777,f,18781
18782,e,18782
18781,e,18782
18783,e,18782
18780,e,18782
18779,e,18782
18778,e,18782
18780,f,18783
18781,f,18783
18784,f,18783
18783,f,18783
18779,f,18783
18782,f,18783
18785,a,18784
18784,a,18784
18783,d,18784
18783,a,18784
18785,d,18784
18784,d,18784
18782,a,18784
18781,d,18784
18780,a,18784
18782,d,18784
18780,d,18784
18781,a,18784
18785,b,18785
18785,d,18785
18786,b,18785
18786,d,18785
18784,f,18785
18784,d,18785
18784,b,18785
18782,b,18785
18782,d,18785
18783,f,18785
18783,d,18785
18783,b,18785
18781,b,18785
18781,d,18785
18781,f,18785
18782,f,18785
18786,f,18785
18785,f,18785
18786,c,18786
18786,f,18786
18785,f,18786
18785,c,18786
18787,c,18786
18787,f,18786
18782,f,18786
18784,f,18786
18784,c,18786
18783,f,18786
18783,c,18786
18782,c,18786
18784,e,18787
18785,e,18787
18783,e,18787
18786,e,18787
18788,e,18787
18787,e,18787
18784,f,18788
18788,f,18788
18787,f,18788
18789,f,18788
18785,f,18788
18786,f,18788
18786,c,18789
18787,c,18789
18785,c,18789
18788,c,18789
18789,c,18789
18790,c,18789
18786,e,18790
18787,e,18790
18788,e,18790
18791,e,18790
18790,e,18790
18789,e,18790
18791,f,18791
18790,f,18791
18792,f,18791
18787,f,18791
18789,f,18791
18788,f,18791
18789,f,18792
18792,f,18792
18791,f,18792
18791,a,18792
18788,a,18792
18793,a,18792
18789,a,18792
18793,f,18792
18790,f,18792
18790,a,18792
18788,f,18792
18792,a,18792
18793,d,18793
18792,f,18793
18794,f,18793
18794,b,18793
18792,d,18793
18792,b,18793
18794,d,18793
18793,b,18793
18793,f,18793
18791,b,18793
18789,f,18793
18791,f,18793
18791,d,18793
18789,b,18793
18789,d,18793
18790,f,18793
18790,d,18793
18790,b,18793
18794,f,18794
18794,c,18794
18793,f,18794
18793,c,18794
18795,f,18794
18791,f,18794
18792,f,18794
18792,c,18794
18790,f,18794
18791,c,18794
18790,c,18794
18795,c,18794
18792,e,18795
18793,e,18795
18796,e,18795
18791,e,18795
18794,e,18795
18795,e,18795
18796,f,18796
18795,f,18796
18797,f,18796
18794,f,18796
18793,f,18796
18792,f,18796
18794,e,18797
18793,e,18797
18795,e,18797
18798,e,18797
18796,e,18797
18797,e,18797
18799,f,18798
18798,f,18798
18798,c,18798
18797,f,18798
18797,c,18798
18799,c,18798
18794,c,18798
18794,f,18798
18796,f,18798
18796,c,18798
18795,f,18798
18795,c,18798
18796,e,18799
18797,e,18799
18799,e,18799
18800,e,18799
18798,e,18799
18795,e,18799
18799,b,18800
18799,f,18800
18800,b,18800
18800,f,18800
18801,f,18800
18796,f,18800
18796,b,18800
18801,b,18800
18798,f,18800
18798,b,18800
18797,b,18800
18797,f,18800
18801,c,18801
18801,f,18801
18800,f,18801
18800,c,18801
18797,c,18801
18802,c,18801
18802,f,18801
18799,f,18801
18799,c,18801
18797,f,18801
18798,c,18801
18798,f,18801
18802,c,18802
18802,e,18802
18801,c,18802
18803,c,18802
18803,e,18802
18801,e,18802
18799,c,18802
18800,e,18802
18800,c,18802
18798,e,18802
18798,c,18802
18799,e,18802
18803,e,18803
18803,f,18803
18804,e,18803
18802,e,18803
18802,f,18803
18804,f,18803
18800,e,18803
18799,e,18803
18801,e,18803
18801,f,18803
18800,f,18803
18799,f,18803
18805,f,18804
18802,f,18804
18801,f,18804
18804,f,18804
18803,f,18804
18800,f,18804
18804,a,18805
18805,a,18805
18806,a,18805
18803,a,18805
18801,a,18805
18802,a,18805
18807,d,18806
18806,d,18806
18805,d,18806
18805,b,18806
18806,b,18806
18807,b,18806
18803,d,18806
18803,b,18806
18804,d,18806
18804,b,18806
18802,b,18806
18802,d,18806
18807,c,18807
18806,f,18807
18808,f,18807
18807,f,18807
18806,c,18807
18806,b,18807
18808,b,18807
18807,b,18807
18808,c,18807
18803,f,18807
18803,c,18807
18805,f,18807
18805,c,18807
18805,b,18807
18804,b,18807
18804,c,18807
18804,f,18807
18803,b,18807
18808,c,18808
18808,f,18808
18808,e,18808
18805,e,18808
18807,f,18808
18807,c,18808
18804,c,18808
18804,f,18808
18807,e,18808
18809,c,18808
18809,f,18808
18806,e,18808
18806,f,18808
18806,c,18808
18804,e,18808
18805,c,18808
18805,f,18808
18809,e,18808
18808,e,18809
18808,f,18809
18808,c,18809
18809,c,18809
18810,c,18809
18810,f,18809
18805,c,18809
18807,e,18809
18807,f,18809
18807,c,18809
18809,f,18809
18806,e,18809
18806,f,18809
18806,c,18809
18805,e,18809
18805,f,18809
18810,e,18809
18809,e,18809
18811,e,18810
18810,f,18810
18810,e,18810
18811,f,18810
18809,e,18810
18806,e,18810
18808,e,18810
18808,f,18810
18807,e,18810
18807,f,18810
18806,f,18810
18809,f,18810
18808,f,18811
18809,f,18811
18807,f,18811
18810,f,18811
18811,f,18811
18812,f,18811
18814,d,18815
18813,d,18815
18815,d,18815
18811,d,18815
18816,d,18815
18812,d,18815
18816,f,18816
18817,f,18816
18812,f,18816
18814,f,18816
18813,f,18816
18815,f,18816
18821,f,18820
18819,e,18820
18821,e,18820
18820,e,18820
18820,f,18820
18819,f,18820
18816,e,18820
18818,f,18820
18816,f,18820
18817,e,18820
18817,f,18820
18818,e,18820
18818,f,18821
18821,f,18821
18822,f,18821
18820,f,18821
18819,f,18821
18817,f,18821
18825,d,18824
18824,d,18824
18824,a,18824
18823,d,18824
18823,a,18824
18822,d,18824
18825,a,18824
18820,a,18824
18820,d,18824
18821,a,18824
18821,d,18824
18822,a,18824
18821,f,18825
18825,b,18825
18825,f,18825
18826,b,18825
18824,f,18825
18824,d,18825
18824,b,18825
18826,f,18825
18826,d,18825
18823,f,18825
18823,d,18825
18823,b,18825
18821,b,18825
18821,d,18825
18822,f,18825
18822,d,18825
18822,b,18825
18825,d,18825
18826,f,18826
18827,c,18826
18825,f,18826
18825,c,18826
18827,f,18826
18826,c,18826
18822,c,18826
18824,f,18826
18824,c,18826
18823,f,18826
18823,c,18826
18822,f,18826
18828,e,18827
18827,e,18827
18826,e,18827
18824,e,18827
18825,e,18827
18823,e,18827
18826,f,18828
18824,f,18828
18825,f,18828
18827,f,18828
18828,f,18828
18829,f,18828
18832,c,18834
18833,c,18834
18833,b,18834
18835,b,18834
18835,c,18834
18832,b,18834
18830,b,18834
18831,c,18834
18831,b,18834
18830,c,18834
18834,c,18834
18834,b,18834
18836,c,18835
18836,f,18835
18835,f,18835
18835,c,18835
18834,e,18835
18834,f,18835
18834,c,18835
18835,e,18835
18836,e,18835
18831,f,18835
18833,e,18835
18833,f,18835
18833,c,18835
18831,e,18835
18832,c,18835
18832,f,18835
18831,c,18835
18832,e,18835
18836,f,18836
18836,e,18836
18835,e,18836
18835,f,18836
18833,e,18836
18837,e,18836
18834,e,18836
18834,f,18836
18832,e,18836
18833,f,18836
18837,f,18836
18832,f,18836
18837,f,18837
18836,f,18837
18833,f,18837
18838,f,18837
18835,f,18837
18834,f,18837
18839,f,18838
18835,f,18838
18835,a,18838
18836,a,18838
18836,f,18838
18839,a,18838
18838,a,18838
18837,f,18838
18838,f,18838
18834,f,18838
18834,a,18838
18837,a,18838
18838,b,18839
18838,d,18839
18839,b,18839
18839,d,18839
18836,d,18839
18840,b,18839
18837,d,18839
18837,b,18839
18840,d,18839
18835,b,18839
18835,d,18839
18836,b,18839
18840,c,18840
18840,f,18840
18839,f,18840
18839,c,18840
18837,c,18840
18841,f,18840
18838,f,18840
18838,c,18840
18836,c,18840
18836,f,18840
18837,f,18840
18841,c,18840
18842,e,18841
18841,e,18841
18840,e,18841
18837,e,18841
18839,e,18841
18838,e,18841
18839,f,18842
18842,f,18842
18842,c,18842
18843,f,18842
18841,c,18842
18838,c,18842
18841,f,18842
18840,f,18842
18840,c,18842
18839,c,18842
18838,f,18842
18843,c,18842
18840,e,18843
18839,e,18843
18841,e,18843
18844,e,18843
18843,e,18843
18842,e,18843
18845,f,18844
18844,f,18844
18843,f,18844
18840,f,18844
18842,f,18844
18841,f,18844
18842,f,18845
18846,f,18845
18846,b,18845
18846,a,18845
18842,b,18845
18845,f,18845
18845,b,18845
18844,f,18845
18844,b,18845
18844,a,18845
18841,a,18845
18845,a,18845
18843,a,18845
18841,f,18845
18842,a,18845
18843,f,18845
18843,b,18845
18841,b,18845
18845,b,18846
18845,d,18846
18845,c,18846
18845,f,18846
18843,c,18846
18843,d,18846
18846,d,18846
18846,b,18846
18842,b,18846
18842,d,18846
18846,c,18846
18846,f,18846
18842,c,18846
18842,f,18846
18847,b,18846
18844,f,18846
18844,c,18846
18844,d,18846
18844,b,18846
18843,b,18846
18847,d,18846
18847,c,18846
18847,f,18846
18843,f,18846
18846,c,18847
18848,c,18847
18847,e,18847
18846,f,18847
18846,e,18847
18845,c,18847
18848,e,18847
18843,c,18847
18843,f,18847
18843,e,18847
18844,c,18847
18844,f,18847
18848,f,18847
18844,e,18847
18847,c,18847
18845,f,18847
18845,e,18847
18847,f,18847
18849,f,18848
18849,e,18848
18848,e,18848
18847,e,18848
18847,f,18848
18847,d,18848
18848,f,18848
18848,d,18848
18849,d,18848
18845,e,18848
18846,e,18848
18846,f,18848
18844,d,18848
18844,f,18848
18846,d,18848
18844,e,18848
18845,f,18848
18845,d,18848
18846,f,18849
18849,f,18849
18850,e,18849
18848,e,18849
18849,e,18849
18846,e,18849
18845,f,18849
18845,e,18849
18847,e,18849
18847,f,18849
18848,f,18849
18850,f,18849
18851,b,18851
18850,b,18851
18852,b,18851
18849,b,18851
18848,b,18851
18847,b,18851
18849,f,18852
18852,f,18852
18851,f,18852
18851,c,18852
18853,c,18852
18853,f,18852
18850,c,18852
18848,c,18852
18848,f,18852
18849,c,18852
18850,f,18852
18852,c,18852
18853,f,18853
18853,e,18853
18854,e,18853
18852,e,18853
18852,f,18853
18854,f,18853
18851,e,18853
18849,e,18853
18850,f,18853
18850,e,18853
18849,f,18853
18851,f,18853
18852,f,18854
18853,f,18854
18851,f,18854
18854,f,18854
18850,f,18854
18855,f,18854
18852,f,18856
18856,f,18856
18855,f,18856
18854,f,18856
18853,f,18856
18857,f,18856
18856,f,18858
18859,f,18858
18857,a,18858
18856,a,18858
18854,f,18858
18855,f,18858
18855,a,18858
18859,a,18858
18854,a,18858
18858,a,18858
18858,f,18858
18857,f,18858
18858,a,18859
18858,b,18859
18860,e,18859
18858,e,18859
18859,a,18859
18859,b,18859
18859,d,18859
18859,e,18859
18860,a,18859
18858,d,18859
18857,e,18859
18860,d,18859
18857,d,18859
18855,a,18859
18856,e,18859
18856,d,18859
18856,b,18859
18856,a,18859
18855,b,18859
18857,b,18859
18857,a,18859
18855,e,18859
18855,d,18859
18860,b,18859
18859,b,18860
18857,b,18860
18861,b,18860
18859,f,18860
18860,f,18860
18860,c,18860
18860,d,18860
18860,b,18860
18859,d,18860
18859,c,18860
18861,d,18860
18861,f,18860
18857,d,18860
18857,c,18860
18857,f,18860
18861,c,18860
18856,f,18860
18856,c,18860
18856,d,18860
18858,b,18860
18858,d,18860
18858,c,18860
18858,f,18860
18856,b,18860
18860,f,18861
18861,e,18861
18862,c,18861
18862,f,18861
18861,f,18861
18861,c,18861
18862,e,18861
18860,e,18861
18860,c,18861
18858,e,18861
18857,c,18861
18857,f,18861
18859,e,18861
18859,f,18861
18859,c,18861
18857,e,18861
18858,c,18861
18858,f,18861
18862,b,18862
18863,b,18862
18863,f,18862
18861,e,18862
18861,f,18862
18861,b,18862
18862,f,18862
18862,e,18862
18858,f,18862
18858,e,18862
18863,e,18862
18860,e,18862
18860,f,18862
18860,b,18862
18859,b,18862
18859,f,18862
18859,e,18862
18858,b,18862
18863,c,18863
18863,f,18863
18859,f,18863
18862,f,18863
18862,c,18863
18859,c,18863
18861,c,18863
18861,f,18863
18864,c,18863
18860,f,18863
18860,c,18863
18864,f,18863
18865,e,18864
18862,e,18864
18861,e,18864
18860,e,18864
18863,e,18864
18864,e,18864
18864,f,18865
18866,f,18865
18861,f,18865
18863,f,18865
18862,f,18865
18865,f,18865
18868,f,18867
18867,f,18867
18866,f,18867
18865,f,18867
18864,f,18867
18863,f,18867
18865,c,18868
18868,c,18868
18867,c,18868
18869,c,18868
18866,c,18868
18864,c,18868
18866,e,18869
18869,e,18869
18870,e,18869
18865,e,18869
18868,e,18869
18867,e,18869
18871,f,18870
18871,c,18870
18870,e,18870
18870,f,18870
18870,c,18870
18869,e,18870
18869,c,18870
18871,e,18870
18869,f,18870
18868,e,18870
18868,f,18870
18868,c,18870
18866,c,18870
18866,f,18870
18866,e,18870
18867,c,18870
18867,f,18870
18867,e,18870
18868,e,18871
18871,e,18871
18871,f,18871
18870,e,18871
18868,f,18871
18870,f,18871
18872,f,18871
18872,e,18871
18867,e,18871
18869,e,18871
18869,f,18871
18867,f,18871
18868,f,18872
18871,f,18872
18873,d,18872
18873,f,18872
18872,f,18872
18870,f,18872
18870,d,18872
18869,d,18872
18869,f,18872
18872,d,18872
18868,d,18872
18871,d,18872
18874,a,18873
18873,a,18873
18874,f,18873
18872,f,18873
18872,a,18873
18873,f,18873
18869,f,18873
18870,a,18873
18870,f,18873
18871,f,18873
18871,a,18873
18869,a,18873
18871,d,18874
18870,a,18874
18875,b,18874
18875,d,18874
18873,d,18874
18875,a,18874
18873,a,18874
18872,d,18874
18872,a,18874
18870,b,18874
18870,d,18874
18871,a,18874
18871,b,18874
18874,d,18874
18874,b,18874
18874,a,18874
18872,b,18874
18873,b,18874
18874,c,18875
18874,f,18875
18874,e,18875
18874,d,18875
18871,b,18875
18875,c,18875
18875,f,18875
18875,e,18875
18876,b,18875
18876,d,18875
18876,c,18875
18876,f,18875
18876,e,18875
18875,d,18875
18875,b,18875
18874,b,18875
18871,c,18875
18872,c,18875
18872,d,18875
18873,b,18875
18872,b,18875
18871,e,18875
18871,f,18875
18872,f,18875
18871,d,18875
18872,e,18875
18873,c,18875
18873,f,18875
18873,e,18875
18873,d,18875
18876,c,18876
18875,e,18876
18875,f,18876
18876,f,18876
18876,e,18876
18877,e,18876
18875,c,18876
18877,c,18876
18872,f,18876
18873,e,18876
18873,f,18876
18873,c,18876
18877,f,18876
18874,c,18876
18872,c,18876
18874,e,18876
18874,f,18876
18872,e,18876
18878,f,18877
18877,f,18877
18877,e,18877
18876,e,18877
18876,f,18877
18878,e,18877
18873,e,18877
18875,f,18877
18875,e,18877
18874,f,18877
18874,e,18877
18873,f,18877
18879,f,18878
18877,f,18878
18877,c,18878
18878,c,18878
18879,c,18878
18878,f,18878
18876,f,18878
18876,c,18878
18874,f,18878
18875,c,18878
18875,f,18878
18874,c,18878
18880,e,18879
18876,e,18879
18877,e,18879
18878,e,18879
18879,e,18879
18875,e,18879
18881,b,18880
18879,b,18880
18879,c,18880
18879,f,18880
18880,f,18880
18880,c,18880
18881,c,18880
18881,f,18880
18876,c,18880
18877,f,18880
18876,b,18880
18877,b,18880
18877,c,18880
18876,f,18880
18878,c,18880
18878,b,18880
18880,b,18880
18878,f,18880
18882,f,18881
18881,e,18881
18881,f,18881
18880,e,18881
18880,f,18881
18880,c,18881
18882,c,18881
18881,c,18881
18882,e,18881
18879,e,18881
18879,f,18881
18879,c,18881
18877,c,18881
18877,f,18881
18877,e,18881
18878,e,18881
18878,f,18881
18878,c,18881
18879,e,18882
18882,e,18882
18882,f,18882
18883,e,18882
18881,e,18882
18883,f,18882
18879,f,18882
18878,f,18882
18878,e,18882
18880,e,18882
18880,f,18882
18881,f,18882
18883,f,18883
18879,f,18883
18884,f,18883
18881,f,18883
18880,f,18883
18882,f,18883
18884,c,18885
18884,e,18885
18883,e,18885
18883,c,18885
18885,c,18885
18885,e,18885
18886,e,18885
18881,c,18885
18881,e,18885
18882,c,18885
18882,e,18885
18886,c,18885
18882,f,18886
18887,f,18886
18887,c,18886
18887,b,18886
18885,a,18886
18885,b,18886
18885,c,18886
18885,f,18886
18885,e,18886
18887,a,18886
18886,e,18886
18886,f,18886
18886,c,18886
18886,b,18886
18886,a,18886
18887,e,18886
18882,e,18886
18883,e,18886
18882,a,18886
18882,c,18886
18884,e,18886
18884,f,18886
18884,c,18886
18884,b,18886
18884,a,18886
18882,b,18886
18883,a,18886
18883,b,18886
18883,c,18886
18883,f,18886
18886,b,18887
18886,d,18887
18886,c,18887
18887,d,18887
18886,e,18887
18887,c,18887
18888,f,18887
18888,c,18887
18888,e,18887
18888,b,18887
18887,e,18887
18887,f,18887
18886,f,18887
18887,b,18887
18888,d,18887
18884,e,18887
18883,b,18887
18883,d,18887
18883,c,18887
18883,f,18887
18885,e,18887
18885,f,18887
18885,c,18887
18885,d,18887
18884,c,18887
18884,f,18887
18884,d,18887
18885,b,18887
18884,b,18887
18883,e,18887
18884,c,18888
18887,f,18888
18887,e,18888
18889,f,18888
18888,e,18888
18887,c,18888
18889,c,18888
18888,c,18888
18884,f,18888
18884,e,18888
18889,e,18888
18885,e,18888
18885,f,18888
18885,c,18888
18886,e,18888
18886,f,18888
18888,f,18888
18886,c,18888
18890,f,18889
18888,e,18889
18888,f,18889
18890,b,18889
18889,e,18889
18889,f,18889
18889,b,18889
18888,b,18889
18885,f,18889
18890,e,18889
18887,e,18889
18885,b,18889
18886,b,18889
18885,e,18889
18887,f,18889
18887,b,18889
18886,f,18889
18886,e,18889
18889,c,18890
18890,f,18890
18890,c,18890
18889,f,18890
18891,f,18890
18891,c,18890
18886,f,18890
18887,f,18890
18887,c,18890
18888,c,18890
18888,f,18890
18886,c,18890
18890,b,18891
18891,b,18891
18887,b,18891
18892,b,18891
18888,b,18891
18889,b,18891
18892,c,18892
18893,c,18892
18893,d,18892
18891,c,18892
18891,d,18892
18892,d,18892
18888,c,18892
18890,c,18892
18890,d,18892
18889,d,18892
18889,c,18892
18888,d,18892
18890,f,18893
18893,f,18893
18893,e,18893
18890,d,18893
18892,e,18893
18892,f,18893
18892,d,18893
18894,d,18893
18894,f,18893
18891,e,18893
18891,f,18893
18891,d,18893
18889,f,18893
18889,e,18893
18894,e,18893
18890,e,18893
18889,d,18893
18893,d,18893
18893,f,18894
18894,f,18894
18895,f,18894
18892,f,18894
18891,f,18894
18890,f,18894
18895,a,18895
18893,a,18895
18896,a,18895
18891,a,18895
18894,a,18895
18892,a,18895
18896,d,18896
18895,d,18896
18895,b,18896
18897,b,18896
18896,b,18896
18893,b,18896
18897,d,18896
18894,d,18896
18894,b,18896
18892,b,18896
18892,d,18896
18893,d,18896
18894,f,18897
18897,f,18897
18896,f,18897
18896,c,18897
18898,c,18897
18898,f,18897
18895,f,18897
18895,c,18897
18893,c,18897
18893,f,18897
18894,c,18897
18897,c,18897
18897,e,18898
18898,e,18898
18899,e,18898
18896,e,18898
18895,e,18898
18894,e,18898
18897,f,18899
18895,f,18899
18898,f,18899
18899,f,18899
18900,f,18899
18896,f,18899
18904,d,18904
18903,d,18904
18902,d,18904
18905,d,18904
18901,d,18904
18900,d,18904
18902,f,18905
18903,f,18905
18904,f,18905
18906,f,18905
18905,f,18905
18901,f,18905
18906,f,18906
18907,f,18906
18905,f,18906
18902,f,18906
18904,f,18906
18903,f,18906
18907,a,18908
18908,a,18908
18904,a,18908
18909,a,18908
18905,a,18908
18906,a,18908
18906,b,18909
18909,d,18909
18908,d,18909
18908,b,18909
18910,b,18909
18910,d,18909
18909,b,18909
18907,d,18909
18907,b,18909
18905,b,18909
18905,d,18909
18906,d,18909
18911,f,18910
18911,c,18910
18909,f,18910
18910,f,18910
18910,c,18910
18909,c,18910
18906,f,18910
18907,c,18910
18907,f,18910
18908,f,18910
18908,c,18910
18906,c,18910
18907,c,18911
18907,e,18911
18911,e,18911
18912,c,18911
18912,e,18911
18911,c,18911
18909,e,18911
18909,c,18911
18908,c,18911
18908,e,18911
18910,c,18911
18910,e,18911
18908,f,18912
18908,e,18912
18912,f,18912
18912,e,18912
18911,f,18912
18911,e,18912
18913,f,18912
18913,e,18912
18909,f,18912
18909,e,18912
18910,e,18912
18910,f,18912
18914,c,18913
18909,d,18913
18912,f,18913
18914,d,18913
18910,f,18913
18914,f,18913
18912,d,18913
18913,f,18913
18911,c,18913
18911,d,18913
18909,c,18913
18909,f,18913
18910,d,18913
18910,c,18913
18913,c,18913
18913,d,18913
18911,f,18913
18912,c,18913
18913,a,18914
18913,d,18914
18913,f,18914
18915,f,18914
18914,a,18914
18914,d,18914
18914,f,18914
18914,e,18914
18915,a,18914
18915,d,18914
18913,e,18914
18915,e,18914
18910,a,18914
18910,e,18914
18911,d,18914
18911,a,18914
18911,f,18914
18910,f,18914
18912,a,18914
18912,d,18914
18911,e,18914
18912,e,18914
18910,d,18914
18912,f,18914
18915,f,18915
18916,b,18915
18916,d,18915
18914,e,18915
18914,f,18915
18914,d,18915
18914,b,18915
18915,b,18915
18915,d,18915
18911,b,18915
18915,e,18915
18911,d,18915
18911,f,18915
18916,f,18915
18916,e,18915
18912,e,18915
18913,e,18915
18913,f,18915
18913,d,18915
18912,f,18915
18913,b,18915
18911,e,18915
18912,b,18915
18912,d,18915
18917,f,18916
18916,c,18916
18917,c,18916
18916,f,18916
18915,f,18916
18914,f,18916
18914,c,18916
18913,f,18916
18913,c,18916
18912,f,18916
18912,c,18916
18915,c,18916
18914,e,18917
18915,e,18917
18913,e,18917
18916,e,18917
18918,e,18917
18917,e,18917
18920,e,18919
18919,e,18919
18918,e,18919
18915,e,18919
18917,e,18919
18916,e,18919
18917,f,18920
18920,f,18920
18916,f,18920
18918,f,18920
18921,f,18920
18919,f,18920
18921,c,18921
18922,c,18921
18919,c,18921
18918,c,18921
18920,c,18921
18917,c,18921
18922,a,18922
18922,e,18922
18921,e,18922
18921,c,18922
18921,a,18922
18923,a,18922
18923,c,18922
18922,c,18922
18920,e,18922
18923,e,18922
18920,a,18922
18918,a,18922
18919,c,18922
18919,a,18922
18918,e,18922
18919,e,18922
18918,c,18922
18920,c,18922
18924,d,18923
18924,b,18923
18922,a,18923
18922,d,18923
18922,f,18923
18922,e,18923
18924,a,18923
18923,e,18923
18923,f,18923
18923,d,18923
18923,b,18923
18923,a,18923
18922,b,18923
18924,e,18923
18924,f,18923
18920,d,18923
18920,e,18923
18920,f,18923
18919,e,18923
18920,b,18923
18919,f,18923
18919,d,18923
18919,b,18923
18921,a,18923
18921,b,18923
18921,d,18923
18921,f,18923
18921,e,18923
18920,a,18923
18919,a,18923
18925,f,18924
18923,b,18924
18924,d,18924
18923,c,18924
18923,f,18924
18925,c,18924
18924,b,18924
18925,b,18924
18924,c,18924
18923,d,18924
18925,d,18924
18924,f,18924
18920,d,18924
18921,c,18924
18922,b,18924
18921,d,18924
18921,b,18924
18921,f,18924
18922,d,18924
18920,c,18924
18922,f,18924
18920,b,18924
18920,f,18924
18922,c,18924
18925,e,18925
18924,e,18925
18924,f,18925
18924,c,18925
18926,f,18925
18925,f,18925
18925,c,18925
18926,c,18925
18921,c,18925
18921,e,18925
18926,e,18925
18922,e,18925
18922,f,18925
18922,c,18925
18923,e,18925
18923,f,18925
18921,f,18925
18923,c,18925
18927,f,18926
18925,e,18926
18925,f,18926
18927,e,18926
18926,e,18926
18926,f,18926
18926,d,18926
18925,d,18926
18922,f,18926
18922,e,18926
18923,f,18926
18927,d,18926
18924,e,18926
18924,f,18926
18924,d,18926
18923,e,18926
18922,d,18926
18923,d,18926
18923,b,18927
18923,f,18927
18926,b,18927
18926,f,18927
18927,f,18927
18928,f,18927
18925,f,18927
18925,b,18927
18924,b,18927
18924,f,18927
18927,b,18927
18928,b,18927
18928,c,18928
18928,b,18928
18927,b,18928
18927,c,18928
18927,f,18928
18929,f,18928
18928,f,18928
18929,b,18928
18925,c,18928
18924,f,18928
18924,c,18928
18924,b,18928
18926,f,18928
18926,c,18928
18926,b,18928
18925,b,18928
18929,c,18928
18925,f,18928
18928,b,18929
18930,b,18929
18929,e,18929
18929,c,18929
18929,b,18929
18928,e,18929
18928,c,18929
18925,b,18929
18925,c,18929
18930,c,18929
18930,e,18929
18926,c,18929
18927,e,18929
18927,c,18929
18927,b,18929
18926,e,18929
18925,e,18929
18926,b,18929
18931,e,18930
18930,c,18930
18929,e,18930
18930,d,18930
18929,c,18930
18929,d,18930
18930,e,18930
18926,c,18930
18931,d,18930
18931,c,18930
18927,e,18930
18927,c,18930
18927,d,18930
18928,e,18930
18928,c,18930
18928,d,18930
18926,e,18930
18926,d,18930
18930,e,18931
18930,f,18931
18927,b,18931
18931,e,18931
18931,f,18931
18931,b,18931
18930,b,18931
18932,b,18931
18932,f,18931
18932,e,18931
18928,e,18931
18928,f,18931
18928,b,18931
18927,f,18931
18929,b,18931
18927,e,18931
18929,e,18931
18929,f,18931
18933,f,18932
18931,f,18932
18931,c,18932
18932,e,18932
18932,f,18932
18932,c,18932
18933,e,18932
18933,c,18932
18931,e,18932
18929,f,18932
18928,c,18932
18928,f,18932
18928,e,18932
18930,e,18932
18930,f,18932
18930,c,18932
18929,e,18932
18929,c,18932
18929,f,18933
18932,c,18933
18932,f,18933
18934,c,18933
18934,e,18933
18934,f,18933
18933,c,18933
18932,e,18933
18929,c,18933
18933,e,18933
18929,e,18933
18930,e,18933
18930,f,18933
18930,c,18933
18931,e,18933
18931,f,18933
18931,c,18933
18933,f,18933
18930,e,18934
18933,f,18934
18935,e,18934
18935,c,18934
18934,e,18934
18934,f,18934
18934,c,18934
18933,e,18934
18930,f,18934
18935,f,18934
18930,c,18934
18933,c,18934
18932,e,18934
18932,f,18934
18932,c,18934
18931,e,18934
18931,f,18934
18931,c,18934
18932,f,18935
18933,f,18935
18931,f,18935
18934,f,18935
18936,f,18935
18935,f,18935
18937,f,18936
18936,f,18936
18932,f,18936
18934,f,18936
18933,f,18936
18935,f,18936
18939,e,18940
18936,e,18940
18937,e,18940
18938,e,18940
18941,e,18940
18940,e,18940
18942,f,18941
18941,f,18941
18940,f,18941
18939,f,18941
18938,f,18941
18937,f,18941
18938,d,18942
18940,d,18942
18939,d,18942
18941,d,18942
18943,d,18942
18942,d,18942
18939,f,18943
18944,f,18943
18942,f,18943
18943,f,18943
18940,f,18943
18941,f,18943
18945,f,18944
18944,f,18944
18943,f,18944
18941,f,18944
18942,f,18944
18940,f,18944
18943,a,18946
18942,a,18946
18944,a,18946
18947,a,18946
18945,a,18946
18946,a,18946
18948,d,18947
18946,b,18947
18947,e,18947
18948,e,18947
18947,d,18947
18947,b,18947
18946,e,18947
18946,d,18947
18948,b,18947
18943,d,18947
18945,e,18947
18945,d,18947
18945,b,18947
18943,e,18947
18944,b,18947
18943,b,18947
18944,e,18947
18944,d,18947
18948,c,18948
18948,f,18948
18949,c,18948
18947,f,18948
18947,c,18948
18945,c,18948
18946,f,18948
18946,c,18948
18944,c,18948
18944,f,18948
18945,f,18948
18949,f,18948
18950,e,18949
18949,e,18949
18948,e,18949
18945,e,18949
18946,e,18949
18947,e,18949
18951,f,18950
18951,d,18950
18950,d,18950
18949,d,18950
18946,d,18950
18950,f,18950
18948,f,18950
18948,d,18950
18947,d,18950
18947,f,18950
18946,f,18950
18949,f,18950
18948,f,18951
18952,f,18951
18949,f,18951
18947,f,18951
18950,f,18951
18951,f,18951
18955,c,18954
18952,c,18954
18954,c,18954
18951,c,18954
18950,c,18954
18953,c,18954
18955,c,18955
18954,e,18955
18954,c,18955
18955,e,18955
18956,e,18955
18956,c,18955
18953,c,18955
18951,c,18955
18953,e,18955
18952,e,18955
18952,c,18955
18951,e,18955
18953,f,18956
18957,f,18956
18956,e,18956
18956,f,18956
18955,e,18956
18957,e,18956
18955,f,18956
18954,e,18956
18954,f,18956
18952,f,18956
18952,e,18956
18953,e,18956
18955,f,18957
18953,f,18957
18956,f,18957
18958,f,18957
18954,f,18957
18957,f,18957
18959,f,18959
18958,f,18959
18960,f,18959
18955,f,18959
18957,f,18959
18956,f,18959
18957,e,18960
18960,e,18960
18959,e,18960
18961,e,18960
18958,e,18960
18956,e,18960
18958,f,18961
18961,f,18961
18960,f,18961
18960,a,18961
18957,a,18961
18957,f,18961
18958,a,18961
18962,a,18961
18959,f,18961
18961,a,18961
18962,f,18961
18959,a,18961
18962,b,18962
18962,d,18962
18963,b,18962
18961,b,18962
18963,d,18962
18961,d,18962
18958,b,18962
18960,d,18962
18960,b,18962
18958,d,18962
18959,d,18962
18959,b,18962
18964,f,18963
18964,c,18963
18963,f,18963
18963,c,18963
18962,f,18963
18962,c,18963
18960,f,18963
18959,c,18963
18959,f,18963
18961,c,18963
18961,f,18963
18960,c,18963
18960,e,18964
18962,e,18964
18963,e,18964
18964,e,18964
18961,e,18964
18965,e,18964
18962,f,18965
18963,f,18965
18961,f,18965
18966,f,18965
18964,f,18965
18965,f,18965
18967,b,18968
18967,e,18968
18969,b,18968
18968,b,18968
18968,e,18968
18969,e,18968
18966,e,18968
18965,e,18968
18964,b,18968
18964,e,18968
18965,b,18968
18966,b,18968
18969,c,18969
18969,f,18969
18968,f,18969
18968,c,18969
18966,c,18969
18967,f,18969
18967,c,18969
18965,c,18969
18965,f,18969
18966,f,18969
18970,f,18969
18970,c,18969
18969,e,18970
18971,e,18970
18970,e,18970
18966,e,18970
18968,e,18970
18967,e,18970
18968,f,18971
18970,f,18971
18970,c,18971
18972,c,18971
18971,c,18971
18967,c,18971
18969,f,18971
18969,c,18971
18967,f,18971
18968,c,18971
18972,f,18971
18971,f,18971
18972,e,18972
18968,e,18972
18971,e,18972
18973,e,18972
18970,e,18972
18969,e,18972
18971,f,18973
18969,f,18973
18972,f,18973
18974,f,18973
18973,f,18973
18970,f,18973
18974,a,18975
18976,a,18975
18973,a,18975
18971,a,18975
18972,a,18975
18975,a,18975
18977,d,18976
18976,e,18976
18976,d,18976
18976,b,18976
18977,e,18976
18975,e,18976
18975,d,18976
18977,b,18976
18975,b,18976
18972,e,18976
18972,b,18976
18974,d,18976
18974,b,18976
18973,b,18976
18973,d,18976
18973,e,18976
18972,d,18976
18974,e,18976
18977,c,18977
18976,f,18977
18976,c,18977
18973,c,18977
18977,f,18977
18974,c,18977
18978,f,18977
18975,f,18977
18975,c,18977
18973,f,18977
18974,f,18977
18978,c,18977
18978,a,18978
18978,e,18978
18979,a,18978
18979,e,18978
18977,e,18978
18977,a,18978
18975,e,18978
18976,e,18978
18976,a,18978
18974,e,18978
18974,a,18978
18975,a,18978
18978,b,18979
18976,f,18979
18978,f,18979
18978,e,18979
18976,e,18979
18979,f,18979
18979,e,18979
18980,b,18979
18980,d,18979
18980,f,18979
18980,e,18979
18979,b,18979
18979,d,18979
18978,d,18979
18975,d,18979
18976,d,18979
18977,e,18979
18976,b,18979
18977,f,18979
18977,d,18979
18977,b,18979
18975,b,18979
18975,f,18979
18975,e,18979
18976,c,18980
18976,f,18980
18981,c,18980
18979,f,18980
18979,c,18980
18980,c,18980
18978,f,18980
18978,c,18980
18977,c,18980
18977,f,18980
18981,f,18980
18980,f,18980
18981,e,18981
18980,e,18981
18982,e,18981
18977,e,18981
18979,e,18981
18978,e,18981
18980,f,18982
18979,f,18982
18978,f,18982
18981,f,18982
18983,f,18982
18982,f,18982
18983,d,18984
18985,d,18984
18982,d,18984
18981,d,18984
18980,d,18984
18984,d,18984
18982,f,18985
18985,f,18985
18981,f,18985
18983,f,18985
18986,f,18985
18984,f,18985
18986,e,18986
18987,e,18986
18983,e,18986
18985,e,18986
18982,e,18986
18984,e,18986
18987,a,18987
18986,f,18987
18986,b,18987
18986,a,18987
18987,b,18987
18987,f,18987
18988,f,18987
18985,f,18987
18988,a,18987
18985,a,18987
18984,a,18987
18983,f,18987
18983,b,18987
18984,b,18987
18984,f,18987
18983,a,18987
18985,b,18987
18988,b,18987
18987,d,18988
18989,d,18988
18987,f,18988
18988,f,18988
18988,c,18988
18988,d,18988
18988,b,18988
18989,b,18988
18987,c,18988
18987,b,18988
18989,c,18988
18985,d,18988
18985,b,18988
18986,f,18988
18986,c,18988
18986,d,18988
18986,b,18988
18984,b,18988
18984,d,18988
18984,c,18988
18984,f,18988
18989,f,18988
18985,c,18988
18985,f,18988
18990,f,18989
18989,c,18989
18988,f,18989
18988,e,18989
18990,e,18989
18989,f,18989
18988,c,18989
18990,c,18989
18989,e,18989
18985,f,18989
18986,e,18989
18986,f,18989
18986,c,18989
18985,e,18989
18987,c,18989
18985,c,18989
18987,e,18989
18987,f,18989
18991,f,18990
18986,f,18990
18989,f,18990
18989,c,18990
18991,c,18990
18990,e,18990
18990,f,18990
18990,c,18990
18986,c,18990
18989,e,18990
18986,e,18990
18988,c,18990
18987,e,18990
18987,f,18990
18988,e,18990
18988,f,18990
18991,e,18990
18987,c,18990
18992,e,18991
18990,a,18991
18990,f,18991
18991,a,18991
18992,a,18991
18987,e,18991
18991,e,18991
18991,f,18991
18992,f,18991
18987,f,18991
18990,e,18991
18988,f,18991
18988,e,18991
18989,f,18991
18988,a,18991
18987,a,18991
18989,e,18991
18989,a,18991
18992,b,18992
18992,d,18992
18992,f,18992
18993,f,18992
18993,d,18992
18991,f,18992
18991,b,18992
18991,a,18992
18988,a,18992
18988,b,18992
18988,d,18992
18988,f,18992
18992,a,18992
18991,d,18992
18993,a,18992
18990,a,18992
18990,d,18992
18989,a,18992
18989,b,18992
18989,d,18992
18989,f,18992
18990,b,18992
18993,b,18992
18990,f,18992
18992,b,18993
18993,c,18993
18993,d,18993
18993,b,18993
18994,d,18993
18989,b,18993
18992,c,18993
18992,d,18993
18994,c,18993
18991,c,18993
18991,d,18993
18991,b,18993
18989,c,18993
18990,b,18993
18990,d,18993
18990,c,18993
18994,b,18993
18989,d,18993
18993,c,18994
18993,e,18994
18995,d,18994
18994,e,18994
18993,d,18994
18994,c,18994
18990,c,18994
18995,e,18994
18990,d,18994
18990,e,18994
18991,d,18994
18995,c,18994
18991,e,18994
18991,c,18994
18992,d,18994
18992,c,18994
18992,e,18994
18994,d,18994
18994,e,18995
18994,f,18995
18995,e,18995
18995,f,18995
18996,e,18995
18996,f,18995
18991,e,18995
18991,f,18995
18993,e,18995
18992,f,18995
18992,e,18995
18993,f,18995
18996,e,18996
18995,e,18996
18995,f,18996
18992,f,18996
18993,e,18996
18997,f,18996
18997,e,18996
18994,e,18996
18994,f,18996
18993,f,18996
18996,f,18996
18992,e,18996
18997,f,18997
18996,f,18997
18998,f,18997
18995,f,18997
18994,f,18997
18993,f,18997
18994,e,18998
18998,e,18998
18999,f,18998
18997,e,18998
18997,f,18998
18994,f,18998
18998,f,18998
18996,e,18998
18996,f,18998
18995,f,18998
18995,e,18998
18999,e,18998
18999,f,18999
18998,f,18999
19000,f,18999
18995,f,18999
18996,f,18999
18997,f,18999
18997,b,19000
19000,b,19000
18999,b,19000
18996,b,19000
19001,b,19000
18998,b,19000
18997,c,19001
18998,c,19001
19001,c,19001
19002,c,19001
19000,c,19001
18999,c,19001
19003,d,19002
19002,e,19002
19001,e,19002
19001,d,19002
19003,e,19002
19002,d,19002
18998,e,19002
19000,e,19002
19000,d,19002
18998,d,19002
18999,d,19002
18999,e,19002
19004,f,19003
19003,f,19003
19002,f,19003
19000,f,19003
18999,f,19003
19001,f,19003
19004,a,19004
19003,a,19004
19001,a,19004
19000,a,19004
19005,a,19004
19002,a,19004
19006,b,19005
19001,b,19005
19005,d,19005
19002,d,19005
19002,b,19005
19003,b,19005
19003,d,19005
19005,b,19005
19006,d,19005
19004,d,19005
19004,b,19005
19001,d,19005
19005,a,19006
19007,f,19006
19006,f,19006
19005,f,19006
19007,a,19006
19006,a,19006
19007,c,19006
19005,c,19006
19006,c,19006
19004,a,19006
19003,f,19006
19002,a,19006
19002,c,19006
19004,f,19006
19004,c,19006
19002,f,19006
19003,a,19006
19003,c,19006
19007,e,19007
19004,e,19007
19008,b,19007
19006,e,19007
19006,d,19007
19006,b,19007
19007,d,19007
19007,b,19007
19008,d,19007
19008,e,19007
19005,e,19007
19005,d,19007
19005,b,19007
19003,d,19007
19003,e,19007
19004,b,19007
19004,d,19007
19003,b,19007
19008,c,19008
19007,f,19008
19007,c,19008
19008,f,19008
19004,c,19008
19009,c,19008
19006,f,19008
19004,f,19008
19005,c,19008
19005,f,19008
19006,c,19008
19009,f,19008
19005,e,19009
19009,e,19009
19008,e,19009
19006,e,19009
19007,e,19009
19010,e,19009
19010,d,19010
19010,f,19010
19009,f,19010
19009,d,19010
19011,d,19010
19011,f,19010
19006,f,19010
19008,f,19010
19008,d,19010
19007,f,19010
19007,d,19010
19006,d,19010
19008,f,19011
19009,f,19011
19012,f,19011
19007,f,19011
19010,f,19011
19011,f,19011
19012,a,19012
19011,a,19012
19008,a,19012
19013,a,19012
19010,a,19012
19009,a,19012
19013,d,19013
19012,d,19013
19010,b,19013
19013,b,19013
19009,d,19013
19011,b,19013
19011,d,19013
19012,b,19013
19010,d,19013
19014,d,19013
19014,b,19013
19009,b,19013
19015,f,19014
19013,c,19014
19014,c,19014
19014,f,19014
19015,a,19014
19015,c,19014
19013,a,19014
19014,a,19014
19013,f,19014
19010,a,19014
19010,c,19014
19010,f,19014
19011,f,19014
19011,c,19014
19012,f,19014
19012,c,19014
19012,a,19014
19011,a,19014
19014,b,19015
19014,d,19015
19012,d,19015
19014,e,19015
19011,b,19015
19015,e,19015
19015,f,19015
19015,d,19015
19014,f,19015
19012,b,19015
19011,d,19015
19016,d,19015
19012,f,19015
19012,e,19015
19011,e,19015
19011,f,19015
19016,b,19015
19015,b,19015
19013,b,19015
19013,d,19015
19013,f,19015
19013,e,19015
19016,f,19015
19016,e,19015
19015,f,19016
19016,c,19016
19016,f,19016
19015,c,19016
19017,c,19016
19014,f,19016
19014,c,19016
19012,c,19016
19012,f,19016
19017,f,19016
19013,c,19016
19013,f,19016
19013,e,19017
19017,e,19017
19016,e,19017
19014,e,19017
19018,e,19017
19015,e,19017
19017,d,19018
19017,f,19018
19018,b,19018
19018,f,19018
19017,b,19018
19019,f,19018
19019,b,19018
19019,d,19018
19018,d,19018
19015,b,19018
19014,d,19018
19016,f,19018
19016,d,19018
19016,b,19018
19014,b,19018
19014,f,19018
19015,d,19018
19015,f,19018
19018,f,19019
19018,c,19019
19020,c,19019
19019,c,19019
19016,f,19019
19017,f,19019
19017,c,19019
19015,c,19019
19015,f,19019
19016,c,19019
19019,f,19019
19020,f,19019
19019,e,19020
19016,e,19020
19021,e,19020
19018,e,19020
19017,e,19020
19020,e,19020
19020,a,19021
19020,f,19021
19021,a,19021
19021,f,19021
19022,f,19021
19022,a,19021
19019,f,19021
19017,a,19021
19019,a,19021
19018,f,19021
19017,f,19021
19018,a,19021
19019,d,19022
19022,b,19022
19022,d,19022
19022,c,19022
19021,c,19022
19021,d,19022
19021,b,19022
19023,b,19022
19023,d,19022
19019,b,19022
19023,c,19022
19018,d,19022
19018,c,19022
19018,b,19022
19020,b,19022
19020,d,19022
19019,c,19022
19020,c,19022
19024,e,19023
19022,e,19023
19023,b,19023
19023,f,19023
19022,c,19023
19022,b,19023
19023,e,19023
19024,b,19023
19024,c,19023
19024,f,19023
19022,f,19023
19023,c,19023
19021,f,19023
19020,e,19023
19020,c,19023
19020,b,19023
19019,e,19023
19021,e,19023
19021,c,19023
19021,b,19023
19020,f,19023
19019,b,19023
19019,c,19023
19019,f,19023
19023,d,19024
19023,f,19024
19023,e,19024
19023,c,19024
19024,c,19024
19024,f,19024
19024,e,19024
19025,d,19024
19025,c,19024
19024,d,19024
19025,f,19024
19025,e,19024
19020,c,19024
19021,e,19024
19021,f,19024
19021,c,19024
19021,d,19024
19020,e,19024
19020,f,19024
19020,d,19024
19022,c,19024
19022,f,19024
19022,d,19024
19022,e,19024
19021,f,19025
19025,e,19025
19021,e,19025
19024,e,19025
19024,f,19025
19024,c,19025
19023,e,19025
19022,e,19025
19022,f,19025
19021,c,19025
19022,c,19025
19023,c,19025
19023,f,19025
19026,c,19025
19026,f,19025
19026,e,19025
19025,f,19025
19025,c,19025
19027,f,19026
19026,f,19026
19025,e,19026
19025,f,19026
19027,e,19026
19026,e,19026
19024,e,19026
19024,f,19026
19022,f,19026
19022,e,19026
19023,f,19026
19023,e,19026
19024,e,19027
19027,e,19027
19027,f,19027
19026,e,19027
19028,e,19027
19026,f,19027
19023,e,19027
19025,e,19027
19025,f,19027
19024,f,19027
19023,f,19027
19028,f,19027
19024,f,19028
19026,f,19028
19029,f,19028
19025,f,19028
19027,f,19028
19028,f,19028
19030,b,19029
19029,b,19029
19028,b,19029
19027,b,19029
19025,b,19029
19026,b,19029
19027,c,19030
19030,c,19030
19029,c,19030
19026,c,19030
19031,c,19030
19028,c,19030
19028,e,19031
19027,e,19031
19032,e,19031
19031,e,19031
19030,e,19031
19029,e,19031
19033,f,19032
19032,f,19032
19032,b,19032
19031,f,19032
19031,b,19032
19033,b,19032
19029,b,19032
19030,f,19032
19030,b,19032
19028,b,19032
19028,f,19032
19029,f,19032
19032,f,19033
19033,f,19033
19033,c,19033
19030,f,19033
19032,c,19033
19034,f,19033
19034,c,19033
19031,f,19033
19030,c,19033
19029,f,19033
19031,c,19033
19029,c,19033
19034,e,19034
19033,e,19034
19030,e,19034
19035,e,19034
19032,e,19034
19031,e,19034
19035,d,19035
19035,f,19035
19034,d,19035
19036,f,19035
19034,f,19035
19036,d,19035
19033,d,19035
19033,f,19035
19031,d,19035
19031,f,19035
19032,d,19035
19032,f,19035
19033,f,19036
19037,f,19036
19037,c,19036
19036,c,19036
19035,f,19036
19035,c,19036
19036,f,19036
19034,f,19036
19034,c,19036
19032,f,19036
19033,c,19036
19032,c,19036
19034,e,19037
19035,e,19037
19038,e,19037
19033,e,19037
19036,e,19037
19037,e,19037
19034,f,19038
19038,f,19038
19037,f,19038
19039,f,19038
19036,f,19038
19035,f,19038
19036,b,19039
19037,b,19039
19040,b,19039
19039,b,19039
19035,b,19039
19038,b,19039
19041,e,19040
19040,e,19040
19039,e,19040
19039,f,19040
19039,c,19040
19040,f,19040
19040,c,19040
19041,c,19040
19041,f,19040
19038,f,19040
19038,c,19040
19037,e,19040
19037,f,19040
19036,c,19040
19036,f,19040
19036,e,19040
19038,e,19040
19037,c,19040
19038,f,19041
19041,f,19041
19041,e,19041
19040,e,19041
19040,f,19041
19042,e,19041
19039,e,19041
19039,f,19041
19037,e,19041
19038,e,19041
19042,f,19041
19037,f,19041
19042,f,19042
19042,e,19042
19041,e,19042
19041,f,19042
19043,e,19042
19043,f,19042
19038,e,19042
19038,f,19042
19039,e,19042
19040,e,19042
19040,f,19042
19039,f,19042
19039,b,19043
19039,f,19043
19043,b,19043
19042,f,19043
19044,f,19043
19042,b,19043
19041,f,19043
19041,b,19043
19040,b,19043
19040,f,19043
19043,f,19043
19044,b,19043
19043,a,19044
19043,f,19044
19040,c,19044
19044,f,19044
19040,f,19044
19045,a,19044
19045,c,19044
19045,f,19044
19044,c,19044
19044,a,19044
19043,c,19044
19042,f,19044
19040,a,19044
19041,a,19044
19041,c,19044
19041,f,19044
19042,c,19044
19042,a,19044
19044,d,19045
19046,e,19045
19045,e,19045
19045,d,19045
19045,b,19045
19044,e,19045
19044,b,19045
19041,b,19045
19046,b,19045
19041,e,19045
19042,e,19045
19042,d,19045
19042,b,19045
19046,d,19045
19043,b,19045
19041,d,19045
19043,e,19045
19043,d,19045
19047,c,19046
19043,c,19046
19044,c,19046
19042,c,19046
19045,c,19046
19046,c,19046
19047,c,19047
19048,c,19047
19046,c,19047
19047,e,19047
19046,e,19047
19048,e,19047
19044,e,19047
19043,c,19047
19045,e,19047
19045,c,19047
19043,e,19047
19044,c,19047
19048,e,19048
19049,f,19048
19047,e,19048
19047,f,19048
19045,e,19048
19049,e,19048
19046,e,19048
19046,f,19048
19044,e,19048
19045,f,19048
19048,f,19048
19044,f,19048
19049,f,19049
19048,f,19049
19050,f,19049
19045,f,19049
19047,f,19049
19046,f,19049
19047,b,19050
19048,b,19050
19051,b,19050
19046,b,19050
19049,b,19050
19050,b,19050
19052,f,19051
19051,f,19051
19051,c,19051
19050,f,19051
19050,c,19051
19052,c,19051
19047,c,19051
19047,f,19051
19049,f,19051
19049,c,19051
19048,c,19051
19048,f,19051
19053,e,19052
19052,e,19052
19051,e,19052
19049,e,19052
19050,e,19052
19048,e,19052
19054,f,19053
19051,f,19053
19053,f,19053
19049,f,19053
19050,f,19053
19052,f,19053
19053,b,19054
19055,b,19054
19050,b,19054
19051,b,19054
19054,b,19054
19052,b,19054
19055,f,19055
19055,c,19055
19055,a,19055
19056,a,19055
19054,f,19055
19054,c,19055
19056,c,19055
19056,f,19055
19054,a,19055
19051,c,19055
19052,c,19055
19052,a,19055
19053,f,19055
19051,a,19055
19053,c,19055
19053,a,19055
19052,f,19055
19051,f,19055
19055,d,19056
19053,b,19056
19056,b,19056
19056,d,19056
19056,e,19056
19057,e,19056
19055,e,19056
19052,b,19056
19055,b,19056
19057,b,19056
19053,e,19056
19057,d,19056
19054,b,19056
19054,d,19056
19052,d,19056
19053,d,19056
19054,e,19056
19052,e,19056
19057,f,19057
19057,c,19057
19057,b,19057
19056,f,19057
19056,c,19057
19056,b,19057
19053,b,19057
19053,c,19057
19053,f,19057
19058,f,19057
19058,b,19057
19055,f,19057
19055,c,19057
19055,b,19057
19054,b,19057
19054,c,19057
19054,f,19057
19058,c,19057
19058,c,19058
19057,e,19058
19059,c,19058
19057,c,19058
19057,f,19058
19054,c,19058
19059,e,19058
19058,f,19058
19054,f,19058
19054,e,19058
19055,c,19058
19059,f,19058
19055,e,19058
19055,f,19058
19056,c,19058
19056,f,19058
19056,e,19058
19058,e,19058
19059,e,19059
19058,e,19059
19058,f,19059
19059,f,19059
19060,f,19059
19060,e,19059
19057,e,19059
19057,f,19059
19056,e,19059
19056,f,19059
19055,e,19059
19055,f,19059
19058,f,19060
19056,f,19060
19059,f,19060
19057,f,19060
19060,f,19060
19061,f,19060
19064,e,19063
19063,e,19063
19061,e,19063
19062,e,19063
19059,e,19063
19060,e,19063
19065,e,19064
19065,f,19064
19064,e,19064
19064,f,19064
19060,e,19064
19063,e,19064
19063,f,19064
19060,f,19064
19062,e,19064
19062,f,19064
19061,e,19064
19061,f,19064
19063,f,19065
19061,f,19065
19064,f,19065
19065,f,19065
19066,f,19065
19062,f,19065
19069,c,19070
19071,c,19070
19070,f,19070
19070,c,19070
19069,f,19070
19068,f,19070
19071,f,19070
19067,f,19070
19068,c,19070
19067,c,19070
19066,f,19070
19066,c,19070
19068,e,19071
19067,e,19071
19069,e,19071
19072,e,19071
19070,e,19071
19071,e,19071
19072,f,19072
19072,c,19072
19071,f,19072
19071,c,19072
19073,f,19072
19073,c,19072
19070,f,19072
19070,c,19072
19068,c,19072
19069,f,19072
19069,c,19072
19068,f,19072
19070,e,19073
19073,e,19073
19069,e,19073
19071,e,19073
19072,e,19073
19074,e,19073
19073,f,19074
19074,b,19074
19074,f,19074
19075,f,19074
19075,b,19074
19073,b,19074
19070,f,19074
19072,f,19074
19072,b,19074
19071,b,19074
19071,f,19074
19070,b,19074
19075,c,19075
19075,f,19075
19074,f,19075
19074,c,19075
19076,f,19075
19073,f,19075
19073,c,19075
19071,c,19075
19071,f,19075
19072,c,19075
19076,c,19075
19072,f,19075
19076,e,19076
19075,e,19076
19072,e,19076
19077,e,19076
19074,e,19076
19073,e,19076
19077,e,19077
19076,e,19077
19076,f,19077
19073,f,19077
19073,e,19077
19078,e,19077
19078,f,19077
19075,e,19077
19075,f,19077
19077,f,19077
19074,f,19077
19074,e,19077
19078,c,19078
19079,b,19078
19077,f,19078
19077,c,19078
19077,b,19078
19079,f,19078
19079,c,19078
19078,b,19078
19078,f,19078
19076,c,19078
19074,b,19078
19074,c,19078
19074,f,19078
19075,b,19078
19075,c,19078
19075,f,19078
19076,b,19078
19076,f,19078
19075,e,19079
19079,c,19079
19076,e,19079
19080,c,19079
19080,f,19079
19080,e,19079
19078,e,19079
19078,f,19079
19078,c,19079
19076,f,19079
19079,f,19079
19075,c,19079
19077,e,19079
19077,f,19079
19077,c,19079
19075,f,19079
19076,c,19079
19079,e,19079
19080,f,19080
19080,e,19080
19081,f,19080
19079,e,19080
19081,e,19080
19079,f,19080
19076,f,19080
19078,e,19080
19078,f,19080
19077,e,19080
19076,e,19080
19077,f,19080
19079,f,19081
19082,f,19081
19078,f,19081
19077,f,19081
19080,f,19081
19081,f,19081
19078,e,19082
19081,e,19082
19083,e,19082
19080,e,19082
19079,e,19082
19082,e,19082
19085,e,19084
19084,e,19084
19084,b,19084
19083,e,19084
19083,b,19084
19085,b,19084
19082,e,19084
19080,e,19084
19082,b,19084
19081,b,19084
19081,e,19084
19080,b,19084
19085,c,19085
19085,f,19085
19084,f,19085
19084,c,19085
19086,c,19085
19086,f,19085
19082,c,19085
19083,f,19085
19083,c,19085
19081,c,19085
19081,f,19085
19082,f,19085
19087,c,19086
19085,c,19086
19087,e,19086
19086,e,19086
19086,c,19086
19085,e,19086
19082,c,19086
19084,e,19086
19084,c,19086
19082,e,19086
19083,e,19086
19083,c,19086
19088,e,19087
19088,f,19087
19087,e,19087
19087,f,19087
19086,e,19087
19086,f,19087
19084,e,19087
19083,e,19087
19083,f,19087
19085,f,19087
19085,e,19087
19084,f,19087
19085,f,19088
19087,f,19088
19086,f,19088
19088,f,19088
19089,f,19088
19084,f,19088
19087,f,19091
19088,f,19091
19089,f,19091
19090,f,19091
19091,f,19091
19092,f,19091
19093,c,19094
19095,c,19094
19094,c,19094
19090,c,19094
19092,c,19094
19091,c,19094
19092,e,19095
19096,e,19095
19094,e,19095
19095,e,19095
19093,e,19095
19091,e,19095
19093,f,19096
19094,f,19096
19096,f,19096
19092,f,19096
19097,f,19096
19095,f,19096
19096,a,19097
19097,a,19097
19093,a,19097
19098,a,19097
19094,a,19097
19095,a,19097
19099,d,19098
19097,c,19098
19097,d,19098
19097,b,19098
19098,b,19098
19098,d,19098
19098,c,19098
19099,c,19098
19096,c,19098
19099,b,19098
19094,b,19098
19095,d,19098
19095,b,19098
19096,b,19098
19094,c,19098
19094,d,19098
19095,c,19098
19096,d,19098
19096,b,19099
19098,b,19099
19098,f,19099
19098,e,19099
19099,e,19099
19099,f,19099
19099,c,19099
19099,b,19099
19098,c,19099
19100,c,19099
19100,b,19099
19100,e,19099
19096,c,19099
19096,f,19099
19096,e,19099
19095,e,19099
19100,f,19099
19095,c,19099
19095,f,19099
19097,b,19099
19097,c,19099
19097,f,19099
19097,e,19099
19095,b,19099
19101,e,19100
19099,f,19100
19099,c,19100
19100,c,19100
19100,f,19100
19099,e,19100
19100,e,19100
19101,f,19100
19097,e,19100
19101,c,19100
19098,e,19100
19098,f,19100
19098,c,19100
19096,c,19100
19096,f,19100
19096,e,19100
19097,c,19100
19097,f,19100
19101,d,19101
19101,f,19101
19101,e,19101
19100,e,19101
19100,f,19101
19100,d,19101
19097,e,19101
19097,d,19101
19102,d,19101
19102,f,19101
19102,e,19101
19099,e,19101
19099,f,19101
19099,d,19101
19097,f,19101
19098,d,19101
19098,f,19101
19098,e,19101
19102,b,19102
19101,f,19102
19101,b,19102
19103,b,19102
19103,f,19102
19102,f,19102
19098,f,19102
19100,f,19102
19100,b,19102
19099,b,19102
19099,f,19102
19098,b,19102
19103,f,19103
19104,c,19103
19104,f,19103
19102,f,19103
19102,c,19103
19099,c,19103
19101,f,19103
19101,c,19103
19100,c,19103
19100,f,19103
19099,f,19103
19103,c,19103
19104,e,19104
19105,d,19104
19104,d,19104
19105,e,19104
19103,e,19104
19103,d,19104
19100,d,19104
19101,d,19104
19101,e,19104
19102,e,19104
19102,d,19104
19100,e,19104
19106,c,19105
19102,c,19105
19103,c,19105
19105,c,19105
19101,c,19105
19104,c,19105
19105,e,19106
19107,e,19106
19102,e,19106
19106,e,19106
19103,e,19106
19104,e,19106
19107,b,19107
19106,e,19107
19106,f,19107
19106,b,19107
19108,b,19107
19108,f,19107
19108,e,19107
19107,f,19107
19107,e,19107
19103,b,19107
19104,b,19107
19103,e,19107
19103,f,19107
19104,f,19107
19105,b,19107
19104,e,19107
19105,e,19107
19105,f,19107
19108,d,19108
19108,c,19108
19108,f,19108
19107,f,19108
19107,c,19108
19109,d,19108
19109,f,19108
19105,d,19108
19107,d,19108
19104,c,19108
19105,c,19108
19105,f,19108
19104,f,19108
19104,d,19108
19106,d,19108
19109,c,19108
19106,c,19108
19106,f,19108
19110,e,19109
19110,f,19109
19107,f,19109
19105,e,19109
19105,f,19109
19108,f,19109
19108,e,19109
19106,f,19109
19109,e,19109
19109,f,19109
19107,e,19109
19106,e,19109
19111,f,19110
19110,f,19110
19109,f,19110
19108,f,19110
19107,f,19110
19106,f,19110
19108,d,19111
19109,d,19111
19112,d,19111
19107,d,19111
19111,d,19111
19110,d,19111
19108,b,19112
19112,f,19112
19112,b,19112
19111,f,19112
19108,f,19112
19111,b,19112
19113,f,19112
19110,b,19112
19113,b,19112
19109,b,19112
19109,f,19112
19110,f,19112
19113,b,19113
19113,c,19113
19113,f,19113
19114,b,19113
19112,f,19113
19112,c,19113
19112,b,19113
19109,b,19113
19114,c,19113
19110,b,19113
19114,f,19113
19110,c,19113
19111,f,19113
19111,c,19113
19111,b,19113
19109,c,19113
19109,f,19113
19110,f,19113
19115,e,19114
19113,c,19114
19114,f,19114
19113,e,19114
19114,c,19114
19115,c,19114
19114,e,19114
19113,f,19114
19115,f,19114
19111,e,19114
19112,e,19114
19112,f,19114
19110,c,19114
19110,f,19114
19110,e,19114
19111,c,19114
19112,c,19114
19111,f,19114
19114,e,19115
19115,e,19115
19115,f,19115
19116,e,19115
19114,f,19115
19116,f,19115
19111,e,19115
19112,e,19115
19112,f,19115
19113,f,19115
19113,e,19115
19111,f,19115
19112,f,19116
19116,b,19116
19116,f,19116
19115,f,19116
19115,b,19116
19113,b,19116
19117,b,19116
19117,f,19116
19114,f,19116
19114,b,19116
19113,f,19116
19112,b,19116
19117,c,19117
19116,c,19117
19118,f,19117
19118,c,19117
19116,f,19117
19117,f,19117
19113,c,19117
19113,f,19117
19115,f,19117
19115,c,19117
19114,c,19117
19114,f,19117
19114,c,19118
19119,c,19118
19119,e,19118
19117,e,19118
19117,c,19118
19118,e,19118
19116,e,19118
19116,c,19118
19114,e,19118
19115,c,19118
19115,e,19118
19118,c,19118
19119,e,19119
19115,e,19119
19119,d,19119
19120,e,19119
19118,e,19119
19115,d,19119
19120,d,19119
19117,e,19119
19117,d,19119
19116,e,19119
19116,d,19119
19118,d,19119
19117,f,19120
19118,f,19120
19116,f,19120
19119,f,19120
19120,f,19120
19121,f,19120
19122,d,19123
19124,d,19123
19121,d,19123
19120,d,19123
19119,d,19123
19123,d,19123
19125,f,19124
19124,f,19124
19123,e,19124
19123,f,19124
19125,e,19124
19124,e,19124
19122,f,19124
19121,f,19124
19122,e,19124
19120,f,19124
19120,e,19124
19121,e,19124
19125,d,19125
19126,d,19125
19124,f,19125
19124,d,19125
19122,f,19125
19126,f,19125
19123,f,19125
19123,d,19125
19121,d,19125
19121,f,19125
19122,d,19125
19125,f,19125
19125,f,19126
19127,f,19126
19126,f,19126
19124,f,19126
19123,f,19126
19122,f,19126
19125,a,19128
19124,a,19128
19126,a,19128
19129,a,19128
19127,a,19128
19128,a,19128
19130,d,19129
19130,b,19129
19129,b,19129
19128,d,19129
19128,b,19129
19129,d,19129
19127,b,19129
19127,d,19129
19125,b,19129
19125,d,19129
19126,d,19129
19126,b,19129
19127,c,19130
19131,f,19130
19131,c,19130
19130,f,19130
19129,f,19130
19129,c,19130
19130,c,19130
19128,f,19130
19128,c,19130
19126,c,19130
19126,f,19130
19127,f,19130
19128,e,19131
19129,e,19131
19130,e,19131
19127,e,19131
19131,e,19131
19132,e,19131
19128,f,19132
19133,f,19132
19132,f,19132
19131,f,19132
19130,f,19132
19129,f,19132
19138,e,19137
19138,f,19137
19138,d,19137
19137,e,19137
19137,f,19137
19137,d,19137
19136,e,19137
19136,f,19137
19136,d,19137
19135,e,19137
19133,f,19137
19133,d,19137
19135,d,19137
19133,e,19137
19135,f,19137
19134,d,19137
19134,f,19137
19134,e,19137
19135,d,19138
19138,f,19138
19138,d,19138
19139,f,19138
19137,f,19138
19137,d,19138
19139,d,19138
19134,f,19138
19136,f,19138
19136,d,19138
19135,f,19138
19134,d,19138
19139,f,19139
19139,e,19139
19138,e,19139
19138,f,19139
19135,f,19139
19135,e,19139
19137,f,19139
19140,f,19139
19140,e,19139
19137,e,19139
19136,f,19139
19136,e,19139
19140,f,19140
19140,e,19140
19139,e,19140
19139,f,19140
19141,f,19140
19141,e,19140
19137,e,19140
19136,e,19140
19138,e,19140
19138,f,19140
19137,f,19140
19136,f,19140
19137,a,19141
19141,f,19141
19142,a,19141
19142,f,19141
19140,f,19141
19140,a,19141
19137,f,19141
19141,a,19141
19139,f,19141
19139,a,19141
19138,a,19141
19138,f,19141
19142,f,19142
19142,b,19142
19143,b,19142
19143,d,19142
19138,f,19142
19141,d,19142
19141,b,19142
19143,f,19142
19142,d,19142
19138,d,19142
19141,f,19142
19138,b,19142
19139,d,19142
19140,f,19142
19139,f,19142
19139,b,19142
19140,b,19142
19140,d,19142
19142,c,19143
19139,c,19143
19144,c,19143
19143,c,19143
19141,c,19143
19140,c,19143
19143,a,19144
19143,e,19144
19144,e,19144
19145,a,19144
19145,e,19144
19140,a,19144
19140,e,19144
19142,a,19144
19144,a,19144
19141,e,19144
19141,a,19144
19142,e,19144
19145,b,19145
19145,f,19145
19146,f,19145
19146,b,19145
19146,d,19145
19144,f,19145
19144,d,19145
19144,b,19145
19145,d,19145
19141,f,19145
19141,b,19145
19143,f,19145
19143,d,19145
19143,b,19145
19142,b,19145
19142,d,19145
19141,d,19145
19142,f,19145
19146,c,19146
19146,f,19146
19147,c,19146
19145,f,19146
19145,c,19146
19143,f,19146
19147,f,19146
19144,f,19146
19144,c,19146
19143,c,19146
19142,f,19146
19142,c,19146
19147,e,19147
19148,e,19147
19143,e,19147
19146,e,19147
19145,e,19147
19144,e,19147
19149,c,19148
19148,c,19148
19147,f,19148
19147,c,19148
19144,c,19148
19144,f,19148
19148,f,19148
19149,f,19148
19146,f,19148
19146,c,19148
19145,c,19148
19145,f,19148
19149,e,19149
19148,e,19149
19150,e,19149
19145,e,19149
19146,e,19149
19147,e,19149
19149,e,19150
19149,f,19150
19149,a,19150
19150,f,19150
19151,e,19150
19150,e,19150
19151,a,19150
19151,f,19150
19150,a,19150
19148,e,19150
19146,a,19150
19147,a,19150
19146,e,19150
19146,f,19150
19147,f,19150
19148,a,19150
19147,e,19150
19148,f,19150
19152,d,19151
19151,b,19151
19151,d,19151
19148,d,19151
19150,d,19151
19150,b,19151
19151,f,19151
19152,f,19151
19148,f,19151
19150,f,19151
19147,b,19151
19148,b,19151
19147,f,19151
19147,d,19151
19149,b,19151
19152,b,19151
19149,f,19151
19149,d,19151
19148,c,19152
19152,c,19152
19152,f,19152
19152,e,19152
19151,e,19152
19151,f,19152
19151,c,19152
19148,f,19152
19148,e,19152
19149,e,19152
19149,c,19152
19153,c,19152
19153,f,19152
19153,e,19152
19150,e,19152
19150,f,19152
19150,c,19152
19149,f,19152
19154,f,19153
19153,f,19153
19152,e,19153
19152,f,19153
19153,e,19153
19154,e,19153
19149,f,19153
19151,e,19153
19151,f,19153
19149,e,19153
19150,f,19153
19150,e,19153
19153,f,19154
19155,f,19154
19154,f,19154
19154,c,19154
19154,b,19154
19155,c,19154
19153,c,19154
19153,b,19154
19150,b,19154
19150,c,19154
19155,b,19154
19152,b,19154
19152,f,19154
19152,c,19154
19151,f,19154
19151,c,19154
19151,b,19154
19150,f,19154
19151,c,19155
19155,c,19155
19155,f,19155
19155,e,19155
19154,e,19155
19154,f,19155
19154,c,19155
19151,e,19155
19151,f,19155
19156,f,19155
19156,e,19155
19153,e,19155
19153,f,19155
19153,c,19155
19152,c,19155
19152,f,19155
19152,e,19155
19156,c,19155
19156,a,19156
19155,e,19156
19155,a,19156
19157,e,19156
19157,a,19156
19156,e,19156
19152,e,19156
19154,e,19156
19154,a,19156
19153,a,19156
19153,e,19156
19152,a,19156
19157,b,19157
19157,d,19157
19156,d,19157
19156,b,19157
19158,b,19157
19153,b,19157
19153,d,19157
19158,d,19157
19155,d,19157
19155,b,19157
19154,b,19157
19154,d,19157
19158,c,19158
19158,f,19158
19159,b,19158
19159,c,19158
19154,f,19158
19157,f,19158
19157,b,19158
19159,f,19158
19158,b,19158
19154,c,19158
19157,c,19158
19156,f,19158
19156,c,19158
19154,b,19158
19155,b,19158
19155,c,19158
19156,b,19158
19155,f,19158
19158,f,19159
19160,e,19159
19159,e,19159
19159,f,19159
19159,c,19159
19158,e,19159
19158,c,19159
19155,c,19159
19155,f,19159
19160,c,19159
19157,e,19159
19156,e,19159
19156,f,19159
19156,c,19159
19160,f,19159
19157,c,19159
19157,f,19159
19155,e,19159
19160,f,19160
19160,e,19160
19159,e,19160
19159,f,19160
19161,e,19160
19158,e,19160
19158,f,19160
19157,f,19160
19156,e,19160
19157,e,19160
19161,f,19160
19156,f,19160
19160,f,19161
19162,b,19161
19161,f,19161
19160,b,19161
19157,b,19161
19159,f,19161
19159,b,19161
19158,f,19161
19158,b,19161
19157,f,19161
19162,f,19161
19161,b,19161
19162,c,19162
19162,f,19162
19163,c,19162
19163,f,19162
19161,f,19162
19161,c,19162
19158,c,19162
19158,f,19162
19160,f,19162
19159,c,19162
19160,c,19162
19159,f,19162
19164,e,19163
19163,e,19163
19162,e,19163
19160,e,19163
19161,e,19163
19159,e,19163
19165,a,19164
19162,a,19164
19160,a,19164
19164,a,19164
19161,a,19164
19163,a,19164
19165,d,19165
19164,d,19165
19164,b,19165
19166,b,19165
19166,d,19165
19161,d,19165
19163,b,19165
19165,b,19165
19162,d,19165
19162,b,19165
19161,b,19165
19163,d,19165
19166,f,19166
19167,c,19166
19167,f,19166
19165,f,19166
19166,c,19166
19165,c,19166
19164,f,19166
19164,c,19166
19163,f,19166
19163,c,19166
19162,c,19166
19162,f,19166
19164,e,19167
19165,e,19167
19163,e,19167
19168,e,19167
19166,e,19167
19167,e,19167
19169,f,19168
19168,f,19168
19164,f,19168
19167,f,19168
19166,f,19168
19165,f,19168
19170,b,19169
19166,b,19169
19167,b,19169
19169,b,19169
19165,b,19169
19168,b,19169
19170,f,19170
19169,f,19170
19169,c,19170
19171,c,19170
19166,c,19170
19168,f,19170
19166,f,19170
19170,c,19170
19167,f,19170
19167,c,19170
19171,f,19170
19168,c,19170
19170,e,19171
19172,e,19171
19171,e,19171
19169,e,19171
19168,e,19171
19167,e,19171
19173,c,19172
19169,f,19172
19169,c,19172
19168,f,19172
19170,c,19172
19170,f,19172
19172,c,19172
19173,f,19172
19171,f,19172
19171,c,19172
19172,f,19172
19168,c,19172
19172,a,19173
19172,e,19173
19173,e,19173
19173,a,19173
19169,a,19173
19174,a,19173
19169,e,19173
19171,e,19173
19170,e,19173
19170,a,19173
19174,e,19173
19171,a,19173
19174,b,19174
19173,f,19174
19174,d,19174
19174,f,19174
19175,b,19174
19175,d,19174
19173,d,19174
19173,b,19174
19172,b,19174
19171,f,19174
19170,b,19174
19172,f,19174
19172,d,19174
19175,f,19174
19170,d,19174
19170,f,19174
19171,b,19174
19171,d,19174
19175,f,19175
19176,c,19175
19174,f,19175
19174,c,19175
19172,f,19175
19171,c,19175
19176,f,19175
19173,f,19175
19173,c,19175
19171,f,19175
19172,c,19175
19175,c,19175
19176,e,19176
19175,e,19176
19177,e,19176
19174,e,19176
19172,e,19176
19173,e,19176
19174,f,19177
19177,f,19177
19178,f,19177
19173,f,19177
19176,f,19177
19175,f,19177
19177,e,19178
19176,e,19178
19178,e,19178
19175,e,19178
19179,e,19178
19174,e,19178
19179,a,19179
19178,f,19179
19178,a,19179
19179,f,19179
19180,a,19179
19177,a,19179
19175,a,19179
19176,f,19179
19176,a,19179
19175,f,19179
19180,f,19179
19177,f,19179
19177,b,19180
19180,b,19180
19180,d,19180
19179,d,19180
19179,b,19180
19181,b,19180
19181,d,19180
19178,d,19180
19178,b,19180
19176,b,19180
19176,d,19180
19177,d,19180
19181,c,19181
19182,f,19181
19180,c,19181
19181,f,19181
19180,a,19181
19182,c,19181
19181,a,19181
19182,a,19181
19180,f,19181
19177,c,19181
19178,f,19181
19178,c,19181
19178,a,19181
19177,f,19181
19179,a,19181
19177,a,19181
19179,f,19181
19179,c,19181
19183,d,19182
19181,d,19182
19181,b,19182
19183,b,19182
19182,e,19182
19182,d,19182
19182,b,19182
19178,b,19182
19181,e,19182
19183,e,19182
19179,b,19182
19179,e,19182
19180,e,19182
19180,d,19182
19180,b,19182
19178,d,19182
19178,e,19182
19179,d,19182
19184,f,19183
19184,c,19183
19182,b,19183
19183,c,19183
19182,f,19183
19183,b,19183
19183,f,19183
19182,c,19183
19179,b,19183
19184,b,19183
19180,b,19183
19179,c,19183
19179,f,19183
19181,f,19183
19181,c,19183
19180,c,19183
19181,b,19183
19180,f,19183
19184,c,19184
19185,c,19184
19185,f,19184
19185,e,19184
19183,e,19184
19183,f,19184
19183,c,19184
19180,c,19184
19180,f,19184
19180,e,19184
19182,e,19184
19182,f,19184
19182,c,19184
19181,c,19184
19181,f,19184
19181,e,19184
19184,f,19184
19184,e,19184
19185,f,19185
19185,e,19185
19186,f,19185
19184,e,19185
19184,f,19185
19181,e,19185
19186,e,19185
19183,e,19185
19183,f,19185
19182,e,19185
19182,f,19185
19181,f,19185
19187,f,19186
19184,f,19186
19183,f,19186
19182,f,19186
19185,f,19186
19186,f,19186
19188,f,19187
19186,f,19187
19183,f,19187
19187,f,19187
19184,f,19187
19185,f,19187
19188,e,19189
19187,e,19189
19189,e,19189
19190,e,19189
19185,e,19189
19186,e,19189
19186,d,19190
19190,b,19190
19190,d,19190
19190,f,19190
19189,f,19190
19189,d,19190
19189,b,19190
19189,a,19190
19191,a,19190
19191,b,19190
19191,d,19190
19191,f,19190
19186,f,19190
19190,a,19190
19187,f,19190
19186,b,19190
19188,d,19190
19188,b,19190
19188,a,19190
19186,a,19190
19187,a,19190
19187,b,19190
19188,f,19190
19187,d,19190
19190,b,19191
19190,d,19191
19190,c,19191
19191,c,19191
19192,f,19191
19192,c,19191
19192,d,19191
19191,f,19191
19191,d,19191
19190,f,19191
19191,b,19191
19192,b,19191
19188,f,19191
19187,b,19191
19187,d,19191
19187,c,19191
19188,d,19191
19189,f,19191
19189,c,19191
19189,d,19191
19189,b,19191
19188,c,19191
19188,b,19191
19187,f,19191
19191,c,19192
19188,c,19192
19191,e,19192
19193,e,19192
19193,f,19192
19192,e,19192
19191,f,19192
19193,c,19192
19192,f,19192
19188,f,19192
19189,e,19192
19189,f,19192
19189,c,19192
19192,c,19192
19190,f,19192
19190,e,19192
19190,c,19192
19188,e,19192
19194,b,19193
19193,e,19193
19192,e,19193
19192,f,19193
19192,b,19193
19193,f,19193
19193,b,19193
19194,e,19193
19194,f,19193
19189,f,19193
19189,e,19193
19189,b,19193
19190,b,19193
19190,f,19193
19191,e,19193
19191,f,19193
19191,b,19193
19190,e,19193
19193,c,19194
19194,f,19194
19194,c,19194
19193,f,19194
19195,f,19194
19195,c,19194
19190,f,19194
19192,f,19194
19192,c,19194
19191,c,19194
19191,f,19194
19190,c,19194
19193,e,19195
19196,e,19195
19192,e,19195
19194,e,19195
19195,e,19195
19191,e,19195
19197,c,19196
19196,c,19196
19195,c,19196
19194,c,19196
19193,c,19196
19192,c,19196
19194,e,19197
19195,e,19197
19193,e,19197
19196,e,19197
19198,e,19197
19197,e,19197
19194,f,19198
19199,e,19198
19199,f,19198
19194,e,19198
19198,e,19198
19198,f,19198
19197,f,19198
19197,e,19198
19196,e,19198
19195,f,19198
19195,e,19198
19196,f,19198
19196,e,19199
19199,e,19199
19199,f,19199
19198,e,19199
19195,f,19199
19198,f,19199
19197,e,19199
19197,f,19199
19200,e,19199
19196,f,19199
19195,e,19199
19200,f,19199
19201,f,19200
19196,f,19200
19197,f,19200
19198,f,19200
19200,f,19200
19199,f,19200
19200,b,19201
19201,b,19201
19198,b,19201
19202,b,19201
19199,b,19201
19197,b,19201
19202,f,19202
19201,f,19202
19201,c,19202
19202,c,19202
19203,c,19202
19199,f,19202
19203,f,19202
19200,f,19202
19200,c,19202
19198,c,19202
19198,f,19202
19199,c,19202
19203,e,19203
19202,e,19203
19202,b,19203
19204,b,19203
19203,b,19203
19204,e,19203
19201,e,19203
19201,b,19203
19199,b,19203
19199,e,19203
19200,b,19203
19200,e,19203
19201,f,19204
19205,f,19204
19204,f,19204
19204,c,19204
19203,f,19204
19203,c,19204
19205,c,19204
19200,f,19204
19200,c,19204
19202,f,19204
19202,c,19204
19201,c,19204
19203,e,19205
19201,e,19205
19205,e,19205
19202,e,19205
19204,e,19205
19206,e,19205
19206,f,19206
19205,f,19206
19205,b,19206
19207,b,19206
19207,f,19206
19204,f,19206
19204,b,19206
19203,f,19206
19203,b,19206
19202,b,19206
19202,f,19206
19206,b,19206
19207,f,19207
19208,c,19207
19208,f,19207
19206,f,19207
19206,c,19207
19207,c,19207
19205,f,19207
19205,c,19207
19203,c,19207
19204,f,19207
19204,c,19207
19203,f,19207
19205,e,19208
19206,e,19208
19209,e,19208
19204,e,19208
19207,e,19208
19208,e,19208
19210,f,19209
19208,f,19209
19207,f,19209
19205,f,19209
19206,f,19209
19209,f,19209
19211,f,19211
19210,f,19211
19212,f,19211
19209,f,19211
19207,f,19211
19208,f,19211
19209,d,19212
19211,c,19212
19211,d,19212
19213,d,19212
19213,c,19212
19212,c,19212
19212,d,19212
19210,d,19212
19208,d,19212
19208,c,19212
19209,c,19212
19210,c,19212
19213,e,19213
19212,e,19213
19212,f,19213
19213,f,19213
19214,e,19213
19211,e,19213
19211,f,19213
19210,e,19213
19210,f,19213
19209,e,19213
19209,f,19213
19214,f,19213
19211,f,19214
19212,f,19214
19210,f,19214
19213,f,19214
19215,f,19214
19214,f,19214
19215,b,19216
19214,b,19216
19216,b,19216
19217,b,19216
19213,b,19216
19212,b,19216
19213,f,19217
19217,f,19217
19217,e,19217
19218,c,19217
19216,e,19217
19216,f,19217
19216,c,19217
19217,c,19217
19218,f,19217
19218,e,19217
19213,c,19217
19215,e,19217
19215,f,19217
19215,c,19217
19214,e,19217
19214,f,19217
19214,c,19217
19213,e,19217
19218,e,19218
19219,f,19218
19219,e,19218
19217,e,19218
19217,f,19218
19218,f,19218
19215,f,19218
19214,f,19218
19216,e,19218
19215,e,19218
19216,f,19218
19214,e,19218
19219,d,19219
19219,f,19219
19220,d,19219
19218,f,19219
19218,d,19219
19220,f,19219
19215,d,19219
19217,f,19219
19217,d,19219
19216,d,19219
19216,f,19219
19215,f,19219
19220,f,19220
19221,c,19220
19221,f,19220
19219,f,19220
19219,c,19220
19216,c,19220
19220,c,19220
19217,f,19220
19218,f,19220
19216,f,19220
19218,c,19220
19217,c,19220
19220,e,19221
19217,e,19221
19221,e,19221
19219,e,19221
19218,e,19221
19222,e,19221
19222,f,19222
19223,a,19222
19223,f,19222
19221,f,19222
19221,a,19222
19218,f,19222
19222,a,19222
19218,a,19222
19219,a,19222
19219,f,19222
19220,f,19222
19220,a,19222
19219,f,19223
19223,b,19223
19224,b,19223
19224,d,19223
19222,f,19223
19222,d,19223
19222,b,19223
19219,b,19223
19219,d,19223
19223,f,19223
19224,f,19223
19221,f,19223
19221,d,19223
19221,b,19223
19223,d,19223
19220,b,19223
19220,d,19223
19220,f,19223
19224,c,19224
19224,f,19224
19223,f,19224
19223,c,19224
19225,c,19224
19225,f,19224
19221,f,19224
19220,c,19224
19220,f,19224
19222,f,19224
19222,c,19224
19221,c,19224
19226,e,19225
19225,e,19225
19224,e,19225
19222,e,19225
19221,e,19225
19223,e,19225
19226,f,19226
19225,f,19226
19223,f,19226
19222,f,19226
19227,f,19226
19224,f,19226
19228,b,19227
19227,c,19227
19226,c,19227
19226,b,19227
19223,c,19227
19228,c,19227
19225,c,19227
19227,b,19227
19225,b,19227
19224,b,19227
19224,c,19227
19223,b,19227
19228,c,19228
19229,c,19228
19227,e,19228
19229,f,19228
19229,e,19228
19227,c,19228
19228,f,19228
19228,e,19228
19227,f,19228
19224,e,19228
19226,e,19228
19226,f,19228
19226,c,19228
19224,c,19228
19224,f,19228
19225,e,19228
19225,f,19228
19225,c,19228
19229,e,19229
19229,f,19229
19228,e,19229
19228,f,19229
19230,e,19229
19226,e,19229
19227,e,19229
19227,f,19229
19225,e,19229
19226,f,19229
19225,f,19229
19230,f,19229
19227,f,19230
19228,f,19230
19226,f,19230
19231,f,19230
19230,f,19230
19229,f,19230
19232,a,19231
19230,a,19231
19231,a,19231
19228,a,19231
19229,a,19231
19227,a,19231
19231,d,19232
19231,b,19232
19229,d,19232
19228,b,19232
19232,d,19232
19233,b,19232
19232,b,19232
19230,d,19232
19230,b,19232
19228,d,19232
19229,b,19232
19233,d,19232
19232,f,19233
19232,c,19233
19232,a,19233
19233,c,19233
19233,f,19233
19234,f,19233
19233,a,19233
19229,a,19233
19234,a,19233
19230,c,19233
19230,a,19233
19229,f,19233
19230,f,19233
19231,a,19233
19234,c,19233
19229,c,19233
19231,c,19233
19231,f,19233
19233,e,19234
19234,e,19234
19234,d,19234
19233,d,19234
19233,b,19234
19233,a,19234
19234,b,19234
19235,e,19234
19234,a,19234
19231,a,19234
19230,d,19234
19231,b,19234
19231,d,19234
19231,e,19234
19235,d,19234
19232,e,19234
19232,d,19234
19232,b,19234
19232,a,19234
19230,a,19234
19230,b,19234
19235,b,19234
19230,e,19234
19235,a,19234
19234,b,19235
19235,f,19235
19235,c,19235
19234,c,19235
19234,f,19235
19236,d,19235
19235,d,19235
19234,d,19235
19236,b,19235
19231,c,19235
19236,f,19235
19231,b,19235
19231,d,19235
19231,f,19235
19232,b,19235
19232,d,19235
19232,c,19235
19232,f,19235
19236,c,19235
19235,b,19235
19233,b,19235
19233,d,19235
19233,c,19235
19233,f,19235
19237,c,19236
19235,e,19236
19235,f,19236
19236,e,19236
19236,f,19236
19236,c,19236
19237,f,19236
19237,e,19236
19235,c,19236
19232,c,19236
19234,e,19236
19232,f,19236
19232,e,19236
19233,c,19236
19233,f,19236
19234,f,19236
19234,c,19236
19233,e,19236
19236,f,19237
19237,e,19237
19237,f,19237
19236,e,19237
19238,e,19237
19238,f,19237
19233,e,19237
19234,e,19237
19234,f,19237
19235,f,19237
19233,f,19237
19235,e,19237
19236,e,19238
19238,f,19238
19238,e,19238
19237,e,19238
19237,f,19238
19236,f,19238
19234,e,19238
19235,f,19238
19239,f,19238
19239,e,19238
19235,e,19238
19234,f,19238
19240,f,19239
19240,c,19239
19238,f,19239
19238,c,19239
19239,f,19239
19239,c,19239
19236,c,19239
19237,f,19239
19237,c,19239
19235,c,19239
19235,f,19239
19236,f,19239
19240,e,19240
19240,f,19240
19239,e,19240
19239,f,19240
19241,e,19240
19237,e,19240
19236,f,19240
19238,e,19240
19238,f,19240
19236,e,19240
19237,f,19240
19241,f,19240
19238,b,19241
19239,b,19241
19242,b,19241
19237,b,19241
19240,b,19241
19241,b,19241
19243,c,19242
19242,c,19242
19241,c,19242
19238,c,19242
19240,c,19242
19239,c,19242
19240,e,19243
19239,e,19243
19241,e,19243
19244,e,19243
19242,e,19243
19243,e,19243
19244,f,19244
19244,d,19244
19243,f,19244
19243,d,19244
19240,f,19244
19240,d,19244
19245,d,19244
19242,f,19244
19242,d,19244
19245,f,19244
19241,d,19244
19241,f,19244
19245,d,19245
19245,f,19245
19244,f,19245
19244,d,19245
19242,f,19245
19242,d,19245
19246,f,19245
19243,f,19245
19243,d,19245
19241,f,19245
19241,d,19245
19246,d,19245
19245,f,19246
19247,f,19246
19246,f,19246
19242,f,19246
19243,f,19246
19244,f,19246
19246,c,19247
19243,c,19247
19247,c,19247
19248,c,19247
19245,c,19247
19244,c,19247
19248,c,19248
19248,e,19248
19247,e,19248
19247,f,19248
19249,e,19248
19247,c,19248
19248,f,19248
19249,c,19248
19244,f,19248
19249,f,19248
19244,c,19248
19246,e,19248
19246,f,19248
19246,c,19248
19244,e,19248
19245,c,19248
19245,f,19248
19245,e,19248
19249,f,19249
19249,e,19249
19248,e,19249
19248,f,19249
19246,e,19249
19250,f,19249
19250,e,19249
19247,e,19249
19247,f,19249
19245,e,19249
19246,f,19249
19245,f,19249
19249,f,19250
19250,f,19250
19251,f,19250
19248,f,19250
19247,f,19250
19246,f,19250
19251,a,19251
19248,a,19251
19249,a,19251
19252,a,19251
19247,a,19251
19250,a,19251
19248,d,19252
19252,d,19252
19252,b,19252
19251,d,19252
19251,b,19252
19253,d,19252
19248,b,19252
19253,b,19252
19249,b,19252
19250,d,19252
19250,b,19252
19249,d,19252
19253,c,19253
19253,f,19253
19253,e,19253
19252,e,19253
19252,f,19253
19252,c,19253
19249,c,19253
19249,f,19253
19250,c,19253
19250,f,19253
19251,e,19253
19251,f,19253
19251,c,19253
19249,e,19253
19254,c,19253
19254,f,19253
19254,e,19253
19250,e,19253
19253,f,19254
19253,b,19254
19255,b,19254
19254,b,19254
19255,f,19254
19253,e,19254
19254,e,19254
19251,b,19254
19252,e,19254
19252,f,19254
19252,b,19254
19250,b,19254
19254,f,19254
19251,e,19254
19251,f,19254
19255,e,19254
19250,f,19254
19250,e,19254
19255,c,19255
19254,c,19255
19254,f,19255
19255,f,19255
19256,f,19255
19256,c,19255
19252,c,19255
19251,c,19255
19251,f,19255
19252,f,19255
19253,f,19255
19253,c,19255
19253,e,19256
19256,e,19256
19255,e,19256
19254,e,19256
19252,e,19256
19257,e,19256
19253,f,19257
19255,f,19257
19258,f,19257
19254,f,19257
19257,f,19257
19256,f,19257
19258,f,19258
19259,f,19258
19258,c,19258
19257,f,19258
19257,c,19258
19259,c,19258
19256,f,19258
19256,c,19258
19254,c,19258
19255,f,19258
19255,c,19258
19254,f,19258
19256,e,19259
19256,f,19259
19259,e,19259
19259,f,19259
19258,e,19259
19260,f,19259
19258,f,19259
19257,e,19259
19257,f,19259
19255,f,19259
19255,e,19259
19260,e,19259
19258,f,19260
19261,f,19260
19259,f,19260
19256,f,19260
19260,f,19260
19257,f,19260
19262,f,19262
19260,f,19262
19261,f,19262
19259,f,19262
19258,f,19262
19263,f,19262
19263,a,19263
19262,e,19263
19262,a,19263
19264,e,19263
19261,a,19263
19263,e,19263
19261,e,19263
19264,a,19263
19260,a,19263
19260,e,19263
19259,e,19263
19259,a,19263
19260,f,19264
19265,a,19264
19265,d,19264
19263,a,19264
19263,d,19264
19263,f,19264
19264,f,19264
19264,d,19264
19264,b,19264
19264,a,19264
19263,b,19264
19265,f,19264
19260,d,19264
19262,f,19264
19261,a,19264
19261,b,19264
19261,d,19264
19261,f,19264
19260,b,19264
19265,b,19264
19262,a,19264
19262,b,19264
19262,d,19264
19260,a,19264
19266,b,19265
19265,d,19265
19265,c,19265
19265,b,19265
19266,f,19265
19264,c,19265
19264,d,19265
19264,b,19265
19264,f,19265
19265,f,19265
19266,c,19265
19262,f,19265
19262,d,19265
19262,b,19265
19261,f,19265
19261,c,19265
19261,d,19265
19262,c,19265
19263,b,19265
19266,d,19265
19263,c,19265
19263,f,19265
19261,b,19265
19263,d,19265
19265,f,19266
19265,c,19266
19266,e,19266
19266,f,19266
19266,c,19266
19265,e,19266
19262,c,19266
19267,c,19266
19267,f,19266
19267,e,19266
19262,f,19266
19264,e,19266
19264,f,19266
19264,c,19266
19262,e,19266
19263,e,19266
19263,f,19266
19263,c,19266
19268,e,19267
19268,f,19267
19266,e,19267
19266,f,19267
19267,e,19267
19267,f,19267
19266,c,19267
19268,c,19267
19267,c,19267
19264,e,19267
19263,c,19267
19263,f,19267
19265,e,19267
19265,f,19267
19265,c,19267
19263,e,19267
19264,c,19267
19264,f,19267
19269,f,19268
19269,e,19268
19267,e,19268
19267,f,19268
19268,e,19268
19264,f,19268
19264,e,19268
19266,e,19268
19266,f,19268
19265,f,19268
19265,e,19268
19268,f,19268
19269,f,19269
19270,b,19269
19270,f,19269
19269,b,19269
19268,f,19269
19268,b,19269
19265,b,19269
19265,f,19269
19266,b,19269
19267,f,19269
19267,b,19269
19266,f,19269
19271,c,19270
19268,c,19270
19270,c,19270
19267,c,19270
19266,c,19270
19269,c,19270
19270,e,19271
19272,e,19271
19267,e,19271
19271,e,19271
19268,e,19271
19269,e,19271
19272,f,19272
19273,d,19272
19273,f,19272
19271,f,19272
19271,d,19272
19272,d,19272
19269,f,19272
19268,f,19272
19270,f,19272
19270,d,19272
19268,d,19272
19269,d,19272
19274,f,19273
19273,f,19273
19272,f,19273
19270,f,19273
19269,f,19273
19271,f,19273
19274,b,19274
19273,b,19274
19271,b,19274
19270,b,19274
19275,b,19274
19272,b,19274
19271,c,19275
19272,f,19275
19272,c,19275
19273,c,19275
19275,c,19275
19276,f,19275
19276,c,19275
19271,f,19275
19274,c,19275
19274,f,19275
19275,f,19275
19273,f,19275
19277,e,19276
19275,e,19276
19276,e,19276
19273,e,19276
19274,e,19276
19272,e,19276
19278,f,19277
19278,c,19277
19276,f,19277
19276,c,19277
19273,c,19277
19277,f,19277
19273,f,19277
19275,f,19277
19275,c,19277
19274,c,19277
19274,f,19277
19277,c,19277
19278,b,19278
19279,b,19278
19279,e,19278
19274,e,19278
19277,e,19278
19277,b,19278
19278,e,19278
19274,b,19278
19275,b,19278
19275,e,19278
19276,e,19278
19276,b,19278
19275,f,19279
19280,c,19279
19280,f,19279
19278,f,19279
19278,c,19279
19275,c,19279
19279,f,19279
19277,f,19279
19277,c,19279
19276,c,19279
19276,f,19279
19279,c,19279
19280,e,19280
19281,e,19280
19276,e,19280
19279,e,19280
19277,e,19280
19278,e,19280
19282,f,19281
19281,f,19281
19280,f,19281
19279,f,19281
19278,f,19281
19277,f,19281
19280,b,19283
19282,b,19283
19281,b,19283
19284,b,19283
19279,b,19283
19283,b,19283
19285,c,19284
19285,f,19284
19284,f,19284
19284,c,19284
19283,f,19284
19283,c,19284
19280,f,19284
19280,c,19284
19282,c,19284
19281,c,19284
19281,f,19284
19282,f,19284
19285,a,19285
19285,c,19285
19285,e,19285
19284,e,19285
19284,c,19285
19284,a,19285
19281,a,19285
19286,a,19285
19286,c,19285
19282,a,19285
19286,e,19285
19282,c,19285
19283,e,19285
19283,c,19285
19282,e,19285
19283,a,19285
19281,c,19285
19281,e,19285
19287,e,19286
19285,b,19286
19285,d,19286
19286,b,19286
19287,f,19286
19286,d,19286
19286,e,19286
19285,e,19286
19286,f,19286
19285,f,19286
19287,d,19286
19287,b,19286
19283,f,19286
19283,b,19286
19282,e,19286
19283,d,19286
19284,b,19286
19284,d,19286
19282,f,19286
19284,e,19286
19282,d,19286
19282,b,19286
19284,f,19286
19283,e,19286
19288,d,19287
19288,f,19287
19286,f,19287
19286,c,19287
19286,d,19287
19287,d,19287
19288,c,19287
19283,d,19287
19284,f,19287
19284,c,19287
19284,d,19287
19283,f,19287
19285,d,19287
19287,c,19287
19287,f,19287
19285,f,19287
19283,c,19287
19285,c,19287
19288,f,19288
19287,e,19288
19287,f,19288
19289,e,19288
19289,f,19288
19288,e,19288
19284,e,19288
19284,f,19288
19286,e,19288
19286,f,19288
19285,f,19288
19285,e,19288
19287,f,19289
19290,f,19289
19289,f,19289
19286,f,19289
19285,f,19289
19288,f,19289
19286,c,19290
19291,c,19290
19291,b,19290
19290,c,19290
19290,b,19290
19289,b,19290
19289,c,19290
19286,b,19290
19287,b,19290
19287,c,19290
19288,c,19290
19288,b,19290
19287,f,19291
19287,c,19291
19287,a,19291
19290,a,19291
19290,c,19291
19290,f,19291
19288,c,19291
19292,f,19291
19292,c,19291
19292,a,19291
19291,e,19291
19291,f,19291
19290,e,19291
19288,a,19291
19292,e,19291
19291,c,19291
19288,f,19291
19288,e,19291
19289,e,19291
19289,f,19291
19289,c,19291
19289,a,19291
19291,a,19291
19287,e,19291
19293,e,19292
19293,f,19292
19291,b,19292
19291,d,19292
19292,d,19292
19291,e,19292
19292,b,19292
19293,b,19292
19292,e,19292
19292,f,19292
19291,f,19292
19293,d,19292
19289,e,19292
19288,f,19292
19288,b,19292
19288,d,19292
19290,e,19292
19290,f,19292
19288,e,19292
19290,d,19292
19290,b,19292
19289,b,19292
19289,d,19292
19289,f,19292
19294,c,19293
19294,f,19293
19292,f,19293
19292,c,19293
19293,f,19293
19289,c,19293
19289,f,19293
19291,f,19293
19291,c,19293
19290,c,19293
19290,f,19293
19293,c,19293
19295,d,19294
19295,e,19294
19294,d,19294
19290,e,19294
19293,e,19294
19294,e,19294
19290,d,19294
19292,e,19294
19292,d,19294
19291,e,19294
19293,d,19294
19291,d,19294
19295,f,19295
19293,f,19295
19292,f,19295
19294,f,19295
19291,f,19295
19296,f,19295
19300,e,19299
19298,e,19299
19297,e,19299
19299,e,19299
19295,e,19299
19296,e,19299
19300,f,19300
19301,f,19300
19299,f,19300
19296,f,19300
19298,f,19300
19297,f,19300
19298,a,19302
19302,d,19302
19302,a,19302
19298,d,19302
19301,d,19302
19301,a,19302
19303,d,19302
19303,a,19302
19300,a,19302
19299,a,19302
19299,d,19302
19300,d,19302
19300,b,19303
19303,b,19303
19303,d,19303
19303,f,19303
19304,b,19303
19302,f,19303
19302,d,19303
19302,b,19303
19304,d,19303
19304,f,19303
19301,f,19303
19301,d,19303
19299,b,19303
19299,d,19303
19299,f,19303
19300,f,19303
19300,d,19303
19301,b,19303
19304,f,19304
19305,c,19304
19303,c,19304
19305,f,19304
19304,c,19304
19303,f,19304
19300,f,19304
19302,f,19304
19301,c,19304
19301,f,19304
19302,c,19304
19300,c,19304
19301,e,19305
19305,e,19305
19306,d,19305
19304,e,19305
19304,d,19305
19301,d,19305
19305,d,19305
19303,e,19305
19303,d,19305
19302,d,19305
19302,e,19305
19306,e,19305
19306,c,19306
19306,f,19306
19307,c,19306
19305,f,19306
19305,c,19306
19302,c,19306
19304,f,19306
19307,f,19306
19304,c,19306
19303,f,19306
19303,c,19306
19302,f,19306
19304,e,19307
19305,e,19307
19308,e,19307
19303,e,19307
19306,e,19307
19307,e,19307
19307,f,19308
19308,f,19308
19309,f,19308
19305,f,19308
19304,f,19308
19306,f,19308
19307,a,19311
19310,c,19311
19310,a,19311
19312,a,19311
19312,c,19311
19311,c,19311
19309,a,19311
19309,c,19311
19308,c,19311
19308,a,19311
19307,c,19311
19311,a,19311
19313,b,19312
19312,d,19312
19312,b,19312
19313,d,19312
19313,e,19312
19311,d,19312
19311,b,19312
19312,e,19312
19311,e,19312
19309,e,19312
19308,b,19312
19310,e,19312
19310,d,19312
19310,b,19312
19308,d,19312
19308,e,19312
19309,b,19312
19309,d,19312
19310,f,19313
19312,f,19313
19312,c,19313
19314,c,19313
19313,f,19313
19309,c,19313
19314,f,19313
19311,f,19313
19311,c,19313
19309,f,19313
19310,c,19313
19313,c,19313
19314,e,19314
19313,e,19314
19310,e,19314
19312,e,19314
19315,e,19314
19311,e,19314
19313,f,19315
19311,f,19315
19314,f,19315
19316,f,19315
19312,f,19315
19315,f,19315
19317,e,19317
19316,e,19317
19318,e,19317
19315,e,19317
19314,e,19317
19313,e,19317
19315,f,19318
19318,f,19318
19317,f,19318
19316,f,19318
19314,f,19318
19319,f,19318
19319,b,19319
19317,b,19319
19320,b,19319
19315,b,19319
19318,b,19319
19316,b,19319
19321,f,19320
19321,c,19320
19320,f,19320
19320,c,19320
19319,f,19320
19319,c,19320
19318,f,19320
19318,c,19320
19316,c,19320
19316,f,19320
19317,c,19320
19317,f,19320
19318,e,19321
19322,e,19321
19322,b,19321
19321,e,19321
19321,b,19321
19318,b,19321
19320,b,19321
19320,e,19321
19317,e,19321
19319,e,19321
19319,b,19321
19317,b,19321
19318,c,19322
19318,f,19322
19323,c,19322
19321,f,19322
19321,c,19322
19322,c,19322
19322,f,19322
19320,f,19322
19320,c,19322
19319,c,19322
19319,f,19322
19323,f,19322
19323,e,19323
19322,e,19323
19324,e,19323
19320,e,19323
19321,e,19323
19319,e,19323
19322,f,19324
19325,f,19324
19321,f,19324
19324,f,19324
19320,f,19324
19323,f,19324
19323,b,19326
19322,b,19326
19326,b,19326
19325,b,19326
19324,b,19326
19327,b,19326
19325,f,19327
19326,a,19327
19326,b,19327
19326,c,19327
19327,a,19327
19327,b,19327
19328,c,19327
19327,c,19327
19327,f,19327
19328,f,19327
19326,f,19327
19325,c,19327
19323,f,19327
19325,a,19327
19328,b,19327
19323,a,19327
19323,b,19327
19323,c,19327
19324,a,19327
19324,b,19327
19324,c,19327
19325,b,19327
19324,f,19327
19328,a,19327
19324,c,19328
19325,c,19328
19325,d,19328
19327,b,19328
19327,d,19328
19327,c,19328
19327,f,19328
19324,f,19328
19327,e,19328
19328,f,19328
19328,c,19328
19328,d,19328
19328,b,19328
19325,b,19328
19324,e,19328
19328,e,19328
19325,e,19328
19325,f,19328
19329,b,19328
19324,d,19328
19324,b,19328
19326,b,19328
19326,d,19328
19326,c,19328
19326,f,19328
19329,c,19328
19329,e,19328
19329,f,19328
19329,d,19328
19326,e,19328
19328,e,19329
19330,f,19329
19328,c,19329
19329,f,19329
19330,e,19329
19329,e,19329
19330,c,19329
19328,f,19329
19329,c,19329
19327,c,19329
19325,c,19329
19325,f,19329
19326,e,19329
19326,f,19329
19326,c,19329
19327,e,19329
19327,f,19329
19325,e,19329
19326,b,19330
19326,a,19330
19329,a,19330
19326,e,19330
19329,f,19330
19326,f,19330
19329,e,19330
19331,b,19330
19331,a,19330
19330,e,19330
19330,f,19330
19329,b,19330
19330,b,19330
19330,a,19330
19331,e,19330
19327,e,19330
19327,f,19330
19331,f,19330
19327,a,19330
19328,a,19330
19328,b,19330
19328,f,19330
19327,b,19330
19328,e,19330
19332,d,19331
19332,b,19331
19331,e,19331
19331,f,19331
19331,c,19331
19330,e,19331
19330,f,19331
19330,c,19331
19330,d,19331
19330,b,19331
19331,d,19331
19332,c,19331
19332,f,19331
19332,e,19331
19327,f,19331
19331,b,19331
19328,d,19331
19328,f,19331
19328,e,19331
19327,c,19331
19329,e,19331
19329,f,19331
19329,c,19331
19327,d,19331
19327,b,19331
19328,b,19331
19328,c,19331
19329,d,19331
19329,b,19331
19327,e,19331
19331,e,19332
19328,c,19332
19333,f,19332
19332,c,19332
19332,f,19332
19333,e,19332
19331,f,19332
19333,c,19332
19332,e,19332
19328,f,19332
19328,e,19332
19330,e,19332
19330,f,19332
19330,c,19332
19329,c,19332
19329,f,19332
19329,e,19332
19331,c,19332
19334,e,19333
19329,e,19333
19333,e,19333
19330,e,19333
19332,e,19333
19331,e,19333
19332,c,19335
19335,c,19335
19334,c,19335
19336,c,19335
19333,c,19335
19331,c,19335
19336,e,19336
19334,e,19336
19337,e,19336
19335,e,19336
19333,e,19336
19332,e,19336
19338,d,19337
19337,f,19337
19337,d,19337
19336,f,19337
19338,f,19337
19336,d,19337
19335,f,19337
19335,d,19337
19334,f,19337
19334,d,19337
19333,f,19337
19333,d,19337
19335,f,19338
19338,f,19338
19339,f,19338
19336,f,19338
19334,f,19338
19337,f,19338
19340,e,19344
19341,e,19344
19342,e,19344
19345,e,19344
19343,e,19344
19344,e,19344
19344,f,19345
19346,e,19345
19346,f,19345
19345,e,19345
19345,f,19345
19344,e,19345
19341,e,19345
19343,e,19345
19343,f,19345
19341,f,19345
19342,e,19345
19342,f,19345
19343,e,19346
19343,f,19346
19347,e,19346
19347,f,19346
19346,e,19346
19345,e,19346
19346,f,19346
19342,f,19346
19345,f,19346
19342,e,19346
19344,e,19346
19344,f,19346
19343,f,19347
19348,f,19347
19347,f,19347
19346,f,19347
19344,f,19347
19345,f,19347
19347,e,19350
19351,e,19350
19348,e,19350
19350,e,19350
19346,e,19350
19349,e,19350
19349,f,19351
19351,a,19351
19351,f,19351
19350,f,19351
19350,a,19351
19349,a,19351
19352,a,19351
19347,a,19351
19347,f,19351
19348,a,19351
19348,f,19351
19352,f,19351
19352,b,19352
19352,d,19352
19352,c,19352
19351,c,19352
19351,d,19352
19351,b,19352
19353,b,19352
19353,c,19352
19348,c,19352
19350,c,19352
19349,b,19352
19349,d,19352
19349,c,19352
19348,d,19352
19353,d,19352
19350,b,19352
19350,d,19352
19348,b,19352
19352,f,19353
19353,c,19353
19354,f,19353
19353,b,19353
19353,e,19353
19354,e,19353
19352,c,19353
19352,b,19353
19352,e,19353
19353,f,19353
19354,b,19353
19351,b,19353
19350,c,19353
19350,b,19353
19349,e,19353
19349,f,19353
19349,c,19353
19350,f,19353
19351,c,19353
19350,e,19353
19351,e,19353
19349,b,19353
19354,c,19353
19351,f,19353
19353,e,19354
19353,f,19354
19353,c,19354
19354,e,19354
19354,f,19354
19354,c,19354
19355,c,19354
19350,e,19354
19350,c,19354
19355,f,19354
19355,e,19354
19351,e,19354
19351,f,19354
19352,e,19354
19352,f,19354
19352,c,19354
19351,c,19354
19350,f,19354
19356,a,19355
19355,e,19355
19354,a,19355
19356,e,19355
19356,f,19355
19355,f,19355
19355,b,19355
19355,a,19355
19354,f,19355
19354,b,19355
19356,b,19355
19354,e,19355
19351,a,19355
19351,b,19355
19351,f,19355
19352,e,19355
19352,f,19355
19353,e,19355
19353,f,19355
19353,b,19355
19353,a,19355
19352,b,19355
19352,a,19355
19351,e,19355
19352,b,19356
19355,d,19356
19355,c,19356
19352,d,19356
19356,f,19356
19356,c,19356
19356,d,19356
19355,b,19356
19355,f,19356
19356,b,19356
19357,d,19356
19353,f,19356
19353,c,19356
19353,d,19356
19353,b,19356
19357,b,19356
19352,c,19356
19352,f,19356
19354,b,19356
19354,d,19356
19354,c,19356
19354,f,19356
19357,f,19356
19357,c,19356
19356,e,19357
19356,f,19357
19356,c,19357
19357,c,19357
19358,f,19357
19358,c,19357
19353,e,19357
19358,e,19357
19355,e,19357
19355,f,19357
19355,c,19357
19357,f,19357
19354,e,19357
19354,f,19357
19354,c,19357
19353,c,19357
19353,f,19357
19357,e,19357
19358,f,19358
19358,e,19358
19359,f,19358
19357,e,19358
19359,e,19358
19356,e,19358
19354,f,19358
19356,f,19358
19357,f,19358
19355,e,19358
19355,f,19358
19354,e,19358
19360,e,19359
19359,e,19359
19356,e,19359
19355,e,19359
19357,e,19359
19358,e,19359
19359,d,19363
19360,d,19363
19361,d,19363
19364,d,19363
19362,d,19363
19363,d,19363
19365,f,19364
19364,f,19364
19363,f,19364
19361,f,19364
19360,f,19364
19362,f,19364
19367,f,19368
19367,b,19368
19369,b,19368
19369,f,19368
19366,f,19368
19366,b,19368
19365,f,19368
19365,b,19368
19368,f,19368
19364,f,19368
19364,b,19368
19368,b,19368
19370,c,19369
19369,c,19369
19368,f,19369
19368,c,19369
19369,f,19369
19370,f,19369
19365,f,19369
19366,f,19369
19367,f,19369
19367,c,19369
19365,c,19369
19366,c,19369
19366,a,19370
19369,a,19370
19367,e,19370
19369,e,19370
19371,a,19370
19368,e,19370
19368,a,19370
19366,e,19370
19367,a,19370
19370,a,19370
19371,e,19370
19370,e,19370
19372,d,19371
19370,d,19371
19370,f,19371
19372,b,19371
19371,f,19371
19371,d,19371
19371,b,19371
19370,b,19371
19372,f,19371
19367,b,19371
19369,f,19371
19369,d,19371
19368,f,19371
19368,d,19371
19368,b,19371
19367,f,19371
19367,d,19371
19369,b,19371
19372,f,19372
19372,e,19372
19373,c,19372
19373,f,19372
19373,e,19372
19371,f,19372
19371,c,19372
19372,c,19372
19371,e,19372
19368,f,19372
19369,c,19372
19370,e,19372
19370,f,19372
19368,c,19372
19369,f,19372
19369,e,19372
19370,c,19372
19368,e,19372
19373,e,19373
19372,e,19373
19372,f,19373
19369,f,19373
19369,e,19373
19373,f,19373
19371,e,19373
19371,f,19373
19370,f,19373
19370,e,19373
19374,e,19373
19374,f,19373
19374,b,19374
19374,f,19374
19375,b,19374
19375,f,19374
19373,f,19374
19373,b,19374
19370,f,19374
19370,b,19374
19372,f,19374
19371,b,19374
19372,b,19374
19371,f,19374
19372,f,19375
19375,f,19375
19375,c,19375
19376,f,19375
19374,c,19375
19371,c,19375
19374,f,19375
19376,c,19375
19372,c,19375
19373,c,19375
19373,f,19375
19371,f,19375
19376,e,19376
19375,e,19376
19373,e,19376
19377,e,19376
19374,e,19376
19372,e,19376
19377,d,19377
19377,e,19377
19376,d,19377
19378,d,19377
19376,e,19377
19378,e,19377
19373,e,19377
19373,d,19377
19375,e,19377
19375,d,19377
19374,d,19377
19374,e,19377
19378,a,19378
19378,f,19378
19377,f,19378
19377,a,19378
19374,a,19378
19379,a,19378
19379,f,19378
19376,f,19378
19376,a,19378
19374,f,19378
19375,a,19378
19375,f,19378
19375,b,19379
19379,d,19379
19378,c,19379
19379,c,19379
19378,d,19379
19378,b,19379
19380,c,19379
19379,b,19379
19375,d,19379
19380,d,19379
19380,b,19379
19375,c,19379
19377,c,19379
19377,d,19379
19377,b,19379
19376,b,19379
19376,d,19379
19376,c,19379
19380,c,19380
19380,f,19380
19380,e,19380
19379,e,19380
19379,f,19380
19379,c,19380
19376,c,19380
19376,f,19380
19381,c,19380
19378,c,19380
19381,f,19380
19381,e,19380
19377,e,19380
19377,f,19380
19378,e,19380
19378,f,19380
19377,c,19380
19376,e,19380
19382,c,19381
19380,e,19381
19382,e,19381
19381,e,19381
19381,f,19381
19380,f,19381
19380,c,19381
19382,f,19381
19381,c,19381
19377,e,19381
19378,e,19381
19378,f,19381
19378,c,19381
19379,c,19381
19379,e,19381
19379,f,19381
19377,c,19381
19377,f,19381
19382,e,19382
19378,c,19382
19382,f,19382
19381,c,19382
19381,b,19382
19382,c,19382
19382,b,19382
19378,b,19382
19381,e,19382
19381,f,19382
19383,b,19382
19383,e,19382
19383,f,19382
19379,e,19382
19379,f,19382
19379,c,19382
19379,b,19382
19378,e,19382
19378,f,19382
19380,c,19382
19380,f,19382
19380,e,19382
19383,c,19382
19380,b,19382
19383,f,19383
19382,d,19383
19382,c,19383
19382,f,19383
19382,e,19383
19383,e,19383
19379,c,19383
19384,e,19383
19379,f,19383
19379,e,19383
19380,d,19383
19380,c,19383
19380,f,19383
19380,e,19383
19384,f,19383
19383,c,19383
19383,d,19383
19381,d,19383
19381,c,19383
19381,f,19383
19381,e,19383
19384,c,19383
19384,d,19383
19379,d,19383
19385,e,19384
19383,e,19384
19383,f,19384
19385,f,19384
19381,f,19384
19382,e,19384
19382,f,19384
19381,e,19384
19384,f,19384
19380,e,19384
19380,f,19384
19384,e,19384
19385,f,19385
19386,d,19385
19386,f,19385
19384,f,19385
19385,d,19385
19382,f,19385
19383,f,19385
19383,d,19385
19382,d,19385
19381,f,19385
19381,d,19385
19384,d,19385
19383,b,19387
19384,b,19387
19388,b,19387
19385,b,19387
19387,b,19387
19386,b,19387
19388,f,19388
19388,c,19388
19387,f,19388
19387,c,19388
19389,c,19388
19386,c,19388
19384,c,19388
19385,f,19388
19385,c,19388
19384,f,19388
19389,f,19388
19386,f,19388
19389,e,19389
19388,e,19389
19390,e,19389
19387,e,19389
19385,e,19389
19386,e,19389
19390,f,19390
19391,c,19390
19389,c,19390
19391,f,19390
19389,f,19390
19390,c,19390
19387,c,19390
19388,f,19390
19388,c,19390
19386,c,19390
19386,f,19390
19387,f,19390
19391,e,19391
19392,e,19391
19390,e,19391
19388,e,19391
19389,e,19391
19387,e,19391
19393,f,19392
19390,f,19392
19392,f,19392
19389,f,19392
19391,f,19392
19388,f,19392
19392,a,19393
19393,a,19393
19394,a,19393
19391,a,19393
19390,a,19393
19389,a,19393
19391,d,19394
19394,d,19394
19393,d,19394
19393,b,19394
19395,b,19394
19394,b,19394
19395,d,19394
19392,d,19394
19392,b,19394
19390,b,19394
19390,d,19394
19391,b,19394
19394,f,19395
19396,f,19395
19394,c,19395
19395,f,19395
19395,c,19395
19396,c,19395
19392,f,19395
19391,c,19395
19393,f,19395
19393,c,19395
19391,f,19395
19392,c,19395
19397,c,19396
19397,e,19396
19395,e,19396
19395,c,19396
19396,c,19396
19396,e,19396
19394,e,19396
19394,c,19396
19392,e,19396
19393,c,19396
19393,e,19396
19392,c,19396
19397,e,19397
19398,f,19397
19393,f,19397
19397,f,19397
19396,e,19397
19396,f,19397
19393,e,19397
19398,e,19397
19395,e,19397
19395,f,19397
19394,f,19397
19394,e,19397
19399,f,19398
19396,f,19398
19395,f,19398
19394,f,19398
19397,f,19398
19398,f,19398
19400,f,19399
19399,f,19399
19398,f,19399
19395,f,19399
19397,f,19399
19396,f,19399
19401,b,19400
19399,b,19400
19397,b,19400
19398,b,19400
19396,b,19400
19400,b,19400
19402,f,19401
19402,c,19401
19402,b,19401
19400,b,19401
19397,c,19401
19400,c,19401
19400,f,19401
19402,a,19401
19401,f,19401
19401,c,19401
19401,b,19401
19400,a,19401
19399,f,19401
19397,f,19401
19399,b,19401
19397,b,19401
19397,a,19401
19398,a,19401
19399,a,19401
19401,a,19401
19398,b,19401
19399,c,19401
19398,f,19401
19398,c,19401
19401,d,19402
19401,c,19402
19401,f,19402
19401,e,19402
19403,e,19402
19403,c,19402
19403,d,19402
19403,b,19402
19402,b,19402
19402,d,19402
19402,c,19402
19402,f,19402
19403,f,19402
19402,e,19402
19401,b,19402
19398,c,19402
19399,c,19402
19399,d,19402
19400,b,19402
19399,b,19402
19398,e,19402
19398,f,19402
19399,f,19402
19398,d,19402
19399,e,19402
19400,c,19402
19400,f,19402
19400,e,19402
19398,b,19402
19400,d,19402
19402,e,19403
19402,f,19403
19404,f,19403
19403,c,19403
19403,f,19403
19403,e,19403
19404,c,19403
19402,c,19403
19404,e,19403
19399,f,19403
19400,e,19403
19400,f,19403
19400,c,19403
19401,c,19403
19399,c,19403
19401,e,19403
19401,f,19403
19399,e,19403
19402,e,19404
19400,c,19404
19404,c,19404
19404,f,19404
19404,e,19404
19403,e,19404
19403,f,19404
19403,c,19404
19402,f,19404
19405,f,19404
19400,e,19404
19401,e,19404
19401,f,19404
19402,c,19404
19401,c,19404
19405,c,19404
19405,e,19404
19400,f,19404
19404,f,19405
19404,e,19405
19406,e,19405
19406,f,19405
19402,f,19405
19403,e,19405
19403,f,19405
19402,e,19405
19405,f,19405
19401,e,19405
19401,f,19405
19405,e,19405
19406,e,19406
19407,f,19406
19407,e,19406
19405,e,19406
19406,f,19406
19403,f,19406
19405,f,19406
19402,f,19406
19404,e,19406
19404,f,19406
19403,e,19406
19402,e,19406
19404,a,19408
19408,a,19408
19407,a,19408
19409,a,19408
19405,a,19408
19406,a,19408
19409,d,19409
19408,d,19409
19408,b,19409
19410,b,19409
19410,d,19409
19407,d,19409
19406,b,19409
19405,b,19409
19405,d,19409
19409,b,19409
19406,d,19409
19407,b,19409
19410,c,19410
19411,f,19410
19409,f,19410
19409,c,19410
19409,a,19410
19410,f,19410
19411,a,19410
19411,c,19410
19410,a,19410
19406,f,19410
19407,f,19410
19407,a,19410
19408,f,19410
19408,c,19410
19408,a,19410
19407,c,19410
19406,a,19410
19406,c,19410
19412,c,19411
19410,b,19411
19410,d,19411
19408,b,19411
19410,f,19411
19410,e,19411
19408,d,19411
19411,c,19411
19411,f,19411
19411,e,19411
19412,e,19411
19412,b,19411
19412,d,19411
19411,d,19411
19411,b,19411
19410,c,19411
19407,d,19411
19408,c,19411
19408,f,19411
19408,e,19411
19407,e,19411
19407,f,19411
19407,b,19411
19407,c,19411
19409,b,19411
19412,f,19411
19409,d,19411
19409,c,19411
19409,f,19411
19409,e,19411
19410,f,19412
19409,e,19412
19409,f,19412
19412,c,19412
19412,f,19412
19412,e,19412
19413,c,19412
19411,e,19412
19411,f,19412
19411,c,19412
19408,c,19412
19408,f,19412
19408,e,19412
19409,c,19412
19413,f,19412
19413,e,19412
19410,e,19412
19410,c,19412
19412,e,19413
19412,f,19413
19413,f,19413
19413,e,19413
19414,f,19413
19414,e,19413
19409,e,19413
19409,f,19413
19411,e,19413
19410,f,19413
19410,e,19413
19411,f,19413
19410,b,19414
19415,b,19414
19415,f,19414
19413,f,19414
19413,b,19414
19414,b,19414
19410,f,19414
19414,f,19414
19412,f,19414
19412,b,19414
19411,b,19414
19411,f,19414
19415,f,19415
19411,f,19415
19416,c,19415
19415,d,19415
19414,f,19415
19414,c,19415
19416,f,19415
19414,d,19415
19415,c,19415
19411,c,19415
19416,d,19415
19413,f,19415
19413,c,19415
19413,d,19415
19412,f,19415
19411,d,19415
19412,c,19415
19412,d,19415
19413,e,19416
19414,e,19416
19417,e,19416
19412,e,19416
19415,e,19416
19416,e,19416
19413,c,19417
19417,c,19417
19416,c,19417
19418,c,19417
19415,c,19417
19414,c,19417
19415,e,19418
19416,e,19418
19414,e,19418
19417,e,19418
19419,e,19418
19418,e,19418
19419,f,19419
19420,f,19419
19418,f,19419
19417,f,19419
19416,f,19419
19415,f,19419
19420,e,19421
19418,e,19421
19417,e,19421
19419,e,19421
19422,e,19421
19421,e,19421
19421,f,19422
19422,f,19422
19419,f,19422
19418,f,19422
19420,f,19422
19423,f,19422
19423,e,19425
19425,e,19425
19424,e,19425
19426,e,19425
19422,e,19425
19421,e,19425
19423,f,19426
19424,f,19426
19427,f,19426
19425,f,19426
19422,f,19426
19426,f,19426
19428,a,19427
19427,a,19427
19426,a,19427
19423,a,19427
19425,a,19427
19424,a,19427
19429,b,19428
19425,b,19428
19424,d,19428
19426,b,19428
19426,d,19428
19427,d,19428
19427,b,19428
19429,d,19428
19428,d,19428
19428,b,19428
19425,d,19428
19424,b,19428
19430,c,19429
19430,a,19429
19428,a,19429
19428,f,19429
19429,f,19429
19429,c,19429
19429,a,19429
19428,c,19429
19430,f,19429
19425,a,19429
19426,c,19429
19425,c,19429
19425,f,19429
19426,a,19429
19426,f,19429
19427,f,19429
19427,a,19429
19427,c,19429
19431,f,19430
19431,e,19430
19430,e,19430
19430,d,19430
19429,e,19430
19429,f,19430
19429,d,19430
19429,b,19430
19430,f,19430
19431,d,19430
19430,b,19430
19431,b,19430
19426,f,19430
19426,b,19430
19428,e,19430
19428,f,19430
19428,d,19430
19428,b,19430
19426,e,19430
19427,b,19430
19427,d,19430
19427,f,19430
19426,d,19430
19427,e,19430
19431,c,19431
19431,f,19431
19430,f,19431
19430,c,19431
19427,f,19431
19432,c,19431
19432,f,19431
19429,f,19431
19429,c,19431
19428,c,19431
19428,f,19431
19427,c,19431
19432,a,19432
19432,e,19432
19428,e,19432
19431,e,19432
19431,a,19432
19428,a,19432
19433,a,19432
19433,e,19432
19429,a,19432
19430,e,19432
19430,a,19432
19429,e,19432
19433,b,19433
19433,d,19433
19433,f,19433
19432,f,19433
19432,d,19433
19432,b,19433
19429,b,19433
19429,d,19433
19429,f,19433
19434,d,19433
19434,f,19433
19431,f,19433
19431,d,19433
19431,b,19433
19430,b,19433
19430,d,19433
19430,f,19433
19434,b,19433
19434,f,19434
19434,c,19434
19433,f,19434
19433,c,19434
19435,f,19434
19435,c,19434
19432,c,19434
19430,c,19434
19431,f,19434
19432,f,19434
19430,f,19434
19431,c,19434
19431,a,19435
19431,e,19435
19434,a,19435
19434,e,19435
19435,e,19435
19436,e,19435
19433,e,19435
19433,a,19435
19432,a,19435
19432,e,19435
19436,a,19435
19435,a,19435
19432,d,19436
19435,b,19436
19435,d,19436
19435,f,19436
19437,b,19436
19436,f,19436
19436,d,19436
19437,d,19436
19437,f,19436
19434,d,19436
19433,f,19436
19432,b,19436
19433,b,19436
19433,d,19436
19436,b,19436
19432,f,19436
19434,f,19436
19434,b,19436
19438,c,19437
19438,f,19437
19438,e,19437
19437,c,19437
19436,e,19437
19436,f,19437
19436,c,19437
19437,e,19437
19437,f,19437
19433,c,19437
19433,f,19437
19435,e,19437
19435,f,19437
19435,c,19437
19433,e,19437
19434,e,19437
19434,f,19437
19434,c,19437
19439,e,19438
19439,f,19438
19438,e,19438
19438,f,19438
19437,e,19438
19435,e,19438
19434,f,19438
19434,e,19438
19435,f,19438
19436,f,19438
19436,e,19438
19437,f,19438
19435,f,19439
19439,f,19439
19440,f,19439
19438,f,19439
19436,f,19439
19437,f,19439
19441,c,19442
19442,a,19442
19440,a,19442
19441,a,19442
19442,c,19442
19440,c,19442
19440,b,19442
19442,b,19442
19441,b,19442
19439,a,19442
19443,a,19442
19443,b,19442
19439,c,19442
19443,c,19442
19438,a,19442
19438,b,19442
19438,c,19442
19439,b,19442
19443,f,19443
19444,c,19443
19444,d,19443
19444,f,19443
19442,b,19443
19442,d,19443
19442,c,19443
19442,f,19443
19442,e,19443
19444,b,19443
19443,c,19443
19443,e,19443
19444,e,19443
19440,b,19443
19440,c,19443
19443,b,19443
19439,b,19443
19439,d,19443
19439,c,19443
19439,f,19443
19439,e,19443
19440,d,19443
19440,f,19443
19443,d,19443
19441,b,19443
19441,d,19443
19441,c,19443
19441,f,19443
19441,e,19443
19440,e,19443
19445,f,19444
19444,c,19444
19445,c,19444
19443,e,19444
19443,f,19444
19445,e,19444
19444,e,19444
19444,f,19444
19443,c,19444
19441,e,19444
19440,c,19444
19440,f,19444
19442,e,19444
19442,f,19444
19442,c,19444
19440,e,19444
19441,c,19444
19441,f,19444
19445,e,19445
19446,d,19445
19446,f,19445
19444,e,19445
19444,f,19445
19444,d,19445
19442,e,19445
19441,d,19445
19441,f,19445
19441,e,19445
19446,e,19445
19443,e,19445
19443,f,19445
19443,d,19445
19442,d,19445
19442,f,19445
19445,f,19445
19445,d,19445
19446,f,19446
19445,f,19446
19447,f,19446
19444,f,19446
19443,f,19446
19442,f,19446
19445,d,19447
19448,d,19447
19447,d,19447
19443,d,19447
19446,d,19447
19444,d,19447
19449,d,19448
19449,f,19448
19448,f,19448
19448,d,19448
19447,f,19448
19447,d,19448
19445,f,19448
19446,f,19448
19444,d,19448
19445,d,19448
19444,f,19448
19446,d,19448
19445,f,19449
19450,f,19449
19446,f,19449
19449,f,19449
19448,f,19449
19447,f,19449
19447,c,19451
19449,c,19451
19452,c,19451
19450,c,19451
19448,c,19451
19451,c,19451
19453,e,19452
19453,c,19452
19452,e,19452
19452,c,19452
19451,e,19452
19451,c,19452
19449,c,19452
19449,e,19452
19448,e,19452
19450,e,19452
19450,c,19452
19448,c,19452
19453,e,19453
19454,f,19453
19452,e,19453
19452,f,19453
19454,e,19453
19450,e,19453
19450,f,19453
19451,e,19453
19451,f,19453
19449,e,19453
19449,f,19453
19453,f,19453
19453,f,19454
19455,f,19454
19454,f,19454
19452,f,19454
19450,f,19454
19451,f,19454
19452,d,19456
19456,e,19456
19455,e,19456
19455,d,19456
19457,d,19456
19454,e,19456
19454,d,19456
19457,e,19456
19453,e,19456
19453,d,19456
19456,d,19456
19452,e,19456
19456,f,19457
19457,f,19457
19458,f,19457
19455,f,19457
19454,f,19457
19453,f,19457
19455,b,19458
19454,b,19458
19456,b,19458
19459,b,19458
19458,b,19458
19457,b,19458
19459,c,19459
19458,f,19459
19460,f,19459
19458,c,19459
19459,f,19459
19460,c,19459
19457,c,19459
19457,f,19459
19456,f,19459
19456,c,19459
19455,f,19459
19455,c,19459
19461,e,19460
19457,e,19460
19456,e,19460
19458,e,19460
19460,e,19460
19459,e,19460
19461,f,19461
19460,f,19461
19460,a,19461
19462,a,19461
19462,f,19461
19457,a,19461
19457,f,19461
19459,f,19461
19461,a,19461
19458,f,19461
19458,a,19461
19459,a,19461
19462,b,19462
19461,b,19462
19463,b,19462
19463,d,19462
19462,d,19462
19461,d,19462
19459,d,19462
19460,d,19462
19460,b,19462
19459,b,19462
19458,d,19462
19458,b,19462
19460,f,19463
19462,b,19463
19462,c,19463
19460,c,19463
19463,b,19463
19463,c,19463
19463,f,19463
19464,b,19463
19464,c,19463
19464,f,19463
19459,b,19463
19459,c,19463
19462,f,19463
19461,f,19463
19461,c,19463
19461,b,19463
19459,f,19463
19460,b,19463
19464,f,19464
19464,c,19464
19460,c,19464
19460,f,19464
19460,e,19464
19465,c,19464
19465,f,19464
19463,e,19464
19463,f,19464
19463,c,19464
19464,e,19464
19465,e,19464
19462,e,19464
19462,f,19464
19462,c,19464
19461,c,19464
19461,f,19464
19461,e,19464
19465,f,19465
19464,e,19465
19466,f,19465
19466,e,19465
19465,e,19465
19462,e,19465
19463,e,19465
19463,f,19465
19462,f,19465
19461,e,19465
19464,f,19465
19461,f,19465
19463,f,19466
19464,f,19466
19462,f,19466
19465,f,19466
19467,f,19466
19466,f,19466
19468,e,19468
19467,e,19468
19469,e,19468
19466,e,19468
19465,e,19468
19464,e,19468
19466,d,19469
19466,f,19469
19465,f,19469
19465,d,19469
19467,d,19469
19467,f,19469
19470,d,19469
19468,d,19469
19468,f,19469
19469,f,19469
19470,f,19469
19469,d,19469
19469,f,19470
19466,f,19470
19468,f,19470
19467,f,19470
19470,f,19470
19471,f,19470
19472,f,19472
19473,f,19472
19471,f,19472
19470,f,19472
19468,f,19472
19469,f,19472
19474,a,19474
19475,a,19474
19472,a,19474
19473,a,19474
19470,a,19474
19471,a,19474
19472,b,19475
19476,d,19475
19474,d,19475
19474,b,19475
19476,b,19475
19475,b,19475
19475,d,19475
19473,d,19475
19473,b,19475
19471,b,19475
19472,d,19475
19471,d,19475
19476,c,19476
19475,c,19476
19475,f,19476
19476,f,19476
19477,f,19476
19474,f,19476
19474,c,19476
19477,c,19476
19473,f,19476
19473,c,19476
19472,f,19476
19472,c,19476
19476,e,19477
19477,b,19477
19476,b,19477
19477,e,19477
19478,e,19477
19478,b,19477
19473,b,19477
19473,e,19477
19474,b,19477
19474,e,19477
19475,e,19477
19475,b,19477
19478,a,19478
19479,f,19478
19479,c,19478
19478,e,19478
19477,a,19478
19477,c,19478
19477,f,19478
19477,e,19478
19479,a,19478
19479,e,19478
19475,e,19478
19475,f,19478
19474,a,19478
19474,c,19478
19474,f,19478
19474,e,19478
19475,a,19478
19475,c,19478
19478,c,19478
19478,f,19478
19476,a,19478
19476,c,19478
19476,f,19478
19476,e,19478
19480,f,19479
19480,e,19479
19480,b,19479
19479,e,19479
19478,e,19479
19478,f,19479
19478,d,19479
19478,b,19479
19479,b,19479
19479,d,19479
19480,d,19479
19479,f,19479
19476,d,19479
19476,b,19479
19477,e,19479
19477,f,19479
19475,b,19479
19475,d,19479
19475,f,19479
19477,d,19479
19477,b,19479
19475,e,19479
19476,e,19479
19476,f,19479
19480,f,19480
19480,c,19480
19479,f,19480
19479,c,19480
19477,f,19480
19481,f,19480
19476,c,19480
19476,f,19480
19478,f,19480
19478,c,19480
19477,c,19480
19481,c,19480
19479,e,19481
19482,e,19481
19478,e,19481
19480,e,19481
19481,e,19481
19477,e,19481
19481,f,19482
19483,f,19482
19482,f,19482
19480,f,19482
19479,f,19482
19478,f,19482
19480,d,19483
19479,d,19483
19481,d,19483
19484,d,19483
19482,d,19483
19483,d,19483
19480,b,19484
19480,f,19484
19485,b,19484
19484,f,19484
19484,b,19484
19483,f,19484
19483,b,19484
19485,f,19484
19482,f,19484
19482,b,19484
19481,b,19484
19481,f,19484
19482,f,19485
19486,c,19485
19485,f,19485
19485,c,19485
19484,f,19485
19484,c,19485
19486,f,19485
19481,f,19485
19481,c,19485
19483,f,19485
19483,c,19485
19482,c,19485
19484,e,19486
19487,e,19486
19483,e,19486
19485,e,19486
19486,e,19486
19482,e,19486
19488,f,19487
19486,f,19487
19487,f,19487
19485,f,19487
19483,f,19487
19484,f,19487
19485,d,19488
19488,d,19488
19487,d,19488
19489,d,19488
19486,d,19488
19484,d,19488
19486,f,19489
19487,f,19489
19488,f,19489
19485,f,19489
19489,f,19489
19490,f,19489
19491,e,19492
19493,e,19492
19490,e,19492
19492,e,19492
19489,e,19492
19488,e,19492
19493,b,19493
19492,f,19493
19492,b,19493
19494,f,19493
19493,f,19493
19494,b,19493
19491,b,19493
19491,f,19493
19489,b,19493
19489,f,19493
19490,b,19493
19490,f,19493
19491,f,19494
19491,c,19494
19495,c,19494
19494,f,19494
19494,c,19494
19493,f,19494
19493,c,19494
19495,f,19494
19492,f,19494
19490,f,19494
19490,c,19494
19492,c,19494
19496,f,19495
19491,f,19495
19491,e,19495
19496,e,19495
19494,e,19495
19494,f,19495
19495,e,19495
19493,e,19495
19493,f,19495
19492,f,19495
19492,e,19495
19495,f,19495
19496,e,19496
19497,f,19496
19497,e,19496
19492,e,19496
19495,e,19496
19496,f,19496
19492,f,19496
19494,e,19496
19494,f,19496
19493,e,19496
19493,f,19496
19495,f,19496
19494,f,19497
19495,f,19497
19493,f,19497
19496,f,19497
19497,f,19497
19498,f,19497
19500,f,19500
19499,f,19500
19498,f,19500
19497,f,19500
19496,f,19500
19501,f,19500
19498,a,19501
19499,a,19501
19502,a,19501
19501,a,19501
19500,a,19501
19497,a,19501
19503,b,19502
19502,d,19502
19502,b,19502
19503,d,19502
19501,d,19502
19501,b,19502
19499,d,19502
19498,b,19502
19500,d,19502
19500,b,19502
19498,d,19502
19499,b,19502
19500,f,19503
19504,c,19503
19504,f,19503
19502,f,19503
19502,c,19503
19499,c,19503
19501,f,19503
19501,c,19503
19499,f,19503
19500,c,19503
19503,f,19503
19503,c,19503
19504,e,19504
19505,e,19504
19503,e,19504
19500,e,19504
19502,e,19504
19501,e,19504
19506,f,19505
19503,f,19505
19505,f,19505
19502,f,19505
19501,f,19505
19504,f,19505
19505,d,19506
19507,d,19506
19502,d,19506
19506,d,19506
19503,d,19506
19504,d,19506
19508,f,19507
19506,f,19507
19507,f,19507
19505,f,19507
19504,f,19507
19503,f,19507
19506,f,19508
19504,f,19508
19507,f,19508
19508,f,19508
19509,f,19508
19505,f,19508
19510,f,19513
19509,f,19513
19511,f,19513
19512,f,19513
19513,f,19513
19514,f,19513
19520,b,19519
19518,b,19519
19519,f,19519
19520,f,19519
19518,f,19519
19517,f,19519
19515,f,19519
19516,f,19519
19516,b,19519
19515,b,19519
19517,b,19519
19519,b,19519
19521,c,19520
19520,f,19520
19520,c,19520
19521,f,19520
19519,f,19520
19519,c,19520
19518,c,19520
19516,f,19520
19517,f,19520
19517,c,19520
19518,f,19520
19516,c,19520
19522,b,19521
19521,c,19521
19521,b,19521
19517,b,19521
19518,c,19521
19520,e,19521
19520,c,19521
19520,b,19521
19522,c,19521
19522,e,19521
19521,e,19521
19517,c,19521
19518,e,19521
19519,c,19521
19519,e,19521
19518,b,19521
19517,e,19521
19519,b,19521
19518,c,19522
19522,c,19522
19522,f,19522
19522,e,19522
19521,e,19522
19521,f,19522
19521,c,19522
19523,c,19522
19518,f,19522
19523,f,19522
19520,e,19522
19520,f,19522
19520,c,19522
19519,c,19522
19519,f,19522
19519,e,19522
19523,e,19522
19518,e,19522
19522,e,19523
19523,e,19523
19523,f,19523
19523,b,19523
19522,b,19523
19522,f,19523
19519,f,19523
19524,f,19523
19519,b,19523
19520,b,19523
19520,f,19523
19520,e,19523
19524,b,19523
19521,f,19523
19519,e,19523
19521,e,19523
19524,e,19523
19521,b,19523
19524,f,19524
19523,f,19524
19523,c,19524
19524,c,19524
19525,f,19524
19525,c,19524
19521,f,19524
19521,c,19524
19522,f,19524
19522,c,19524
19520,c,19524
19520,f,19524
19525,e,19525
19525,f,19525
19525,d,19525
19526,e,19525
19524,e,19525
19524,f,19525
19524,d,19525
19522,e,19525
19521,d,19525
19521,f,19525
19521,e,19525
19523,e,19525
19523,f,19525
19523,d,19525
19522,d,19525
19522,f,19525
19526,f,19525
19526,d,19525
19522,f,19526
19526,f,19526
19527,f,19526
19523,f,19526
19524,f,19526
19525,f,19526
19531,c,19530
19529,c,19530
19528,c,19530
19530,c,19530
19527,c,19530
19526,c,19530
19528,e,19531
19529,e,19531
19531,e,19531
19532,e,19531
19530,e,19531
19527,e,19531
19532,f,19532
19533,f,19532
19531,f,19532
19531,d,19532
19533,d,19532
19532,d,19532
19530,f,19532
19530,d,19532
19529,f,19532
19529,d,19532
19528,f,19532
19528,d,19532
19533,e,19533
19534,f,19533
19532,e,19533
19532,f,19533
19533,f,19533
19534,e,19533
19530,e,19533
19531,e,19533
19529,f,19533
19531,f,19533
19529,e,19533
19530,f,19533
19531,f,19534
19534,f,19534
19533,f,19534
19535,f,19534
19530,f,19534
19532,f,19534
19533,e,19535
19532,e,19535
19534,e,19535
19536,e,19535
19531,e,19535
19535,e,19535
19532,f,19536
19537,f,19536
19536,f,19536
19534,f,19536
19533,f,19536
19535,f,19536
19536,b,19540
19537,b,19540
19538,b,19540
19541,b,19540
19540,b,19540
19539,b,19540
19542,f,19541
19542,c,19541
19541,f,19541
19541,c,19541
19540,f,19541
19540,c,19541
19539,f,19541
19538,f,19541
19537,f,19541
19537,c,19541
19539,c,19541
19538,c,19541
19541,a,19542
19541,d,19542
19541,e,19542
19538,e,19542
19542,f,19542
19542,e,19542
19543,a,19542
19543,d,19542
19543,f,19542
19543,e,19542
19542,d,19542
19542,a,19542
19541,f,19542
19538,d,19542
19538,a,19542
19539,e,19542
19540,d,19542
19540,f,19542
19540,a,19542
19539,f,19542
19539,d,19542
19539,a,19542
19540,e,19542
19538,f,19542
19539,d,19543
19543,f,19543
19544,b,19543
19542,f,19543
19542,d,19543
19542,b,19543
19539,b,19543
19543,d,19543
19540,f,19543
19544,d,19543
19544,f,19543
19541,f,19543
19541,d,19543
19541,b,19543
19543,b,19543
19540,b,19543
19540,d,19543
19539,f,19543
19544,c,19544
19543,f,19544
19543,c,19544
19544,f,19544
19545,c,19544
19545,f,19544
19540,c,19544
19542,f,19544
19542,c,19544
19540,f,19544
19541,f,19544
19541,c,19544
19546,e,19545
19545,e,19545
19544,e,19545
19542,e,19545
19543,e,19545
19541,e,19545
19544,f,19546
19546,f,19546
19547,f,19546
19543,f,19546
19545,f,19546
19542,f,19546
19543,a,19547
19544,a,19547
19546,a,19547
19547,a,19547
19545,a,19547
19548,a,19547
19547,a,19548
19548,b,19548
19548,a,19548
19548,d,19548
19549,a,19548
19549,b,19548
19549,d,19548
19547,d,19548
19546,d,19548
19547,b,19548
19545,d,19548
19545,a,19548
19546,b,19548
19544,d,19548
19546,a,19548
19544,b,19548
19545,b,19548
19544,a,19548
19548,b,19549
19548,d,19549
19548,f,19549
19546,b,19549
19549,c,19549
19549,f,19549
19550,b,19549
19550,d,19549
19550,c,19549
19550,f,19549
19549,d,19549
19549,b,19549
19548,c,19549
19545,d,19549
19545,b,19549
19547,b,19549
19545,c,19549
19547,d,19549
19547,c,19549
19545,f,19549
19546,f,19549
19546,c,19549
19546,d,19549
19547,f,19549
19546,c,19550
19551,f,19550
19549,e,19550
19549,f,19550
19549,c,19550
19550,c,19550
19546,f,19550
19551,c,19550
19550,e,19550
19551,e,19550
19548,e,19550
19548,f,19550
19548,c,19550
19547,c,19550
19550,f,19550
19547,f,19550
19547,e,19550
19546,e,19550
19552,f,19551
19551,f,19551
19551,e,19551
19550,e,19551
19552,e,19551
19548,e,19551
19548,f,19551
19547,f,19551
19547,e,19551
19549,e,19551
19549,f,19551
19550,f,19551
19553,f,19552
19551,f,19552
19549,f,19552
19548,f,19552
19550,f,19552
19552,f,19552
19553,f,19554
19553,b,19554
19554,b,19554
19555,f,19554
19554,f,19554
19552,f,19554
19555,b,19554
19551,f,19554
19551,b,19554
19550,b,19554
19550,f,19554
19552,b,19554
19552,c,19555
19555,c,19555
19555,f,19555
19554,f,19555
19554,c,19555
19556,c,19555
19556,f,19555
19553,f,19555
19553,c,19555
19551,c,19555
19551,f,19555
19552,f,19555
19555,e,19556
19557,e,19556
19556,e,19556
19557,a,19556
19556,a,19556
19555,a,19556
19554,e,19556
19554,a,19556
19552,a,19556
19552,e,19556
19553,a,19556
19553,e,19556
19556,b,19557
19558,f,19557
19557,f,19557
19557,d,19557
19557,b,19557
19554,f,19557
19556,f,19557
19556,d,19557
19558,d,19557
19558,b,19557
19555,b,19557
19555,f,19557
19555,d,19557
19554,d,19557
19554,b,19557
19553,b,19557
19553,d,19557
19553,f,19557
19554,f,19558
19558,c,19558
19558,f,19558
19557,f,19558
19557,c,19558
19554,c,19558
19559,c,19558
19559,f,19558
19556,f,19558
19556,c,19558
19555,c,19558
19555,f,19558
19558,e,19559
19559,e,19559
19560,e,19559
19557,e,19559
19555,e,19559
19556,e,19559
19557,f,19560
19560,f,19560
19559,f,19560
19559,c,19560
19556,c,19560
19561,f,19560
19558,f,19560
19558,c,19560
19556,f,19560
19557,c,19560
19561,c,19560
19560,c,19560
19561,e,19561
19562,e,19561
19560,e,19561
19559,e,19561
19557,e,19561
19558,e,19561
19562,f,19562
19559,f,19562
19563,f,19562
19561,f,19562
19560,f,19562
19558,f,19562
19565,b,19564
19565,d,19564
19565,e,19564
19564,e,19564
19564,d,19564
19564,b,19564
19563,e,19564
19563,b,19564
19562,e,19564
19563,d,19564
19562,b,19564
19560,b,19564
19560,d,19564
19560,e,19564
19561,b,19564
19562,d,19564
19561,d,19564
19561,e,19564
19562,c,19565
19565,f,19565
19565,c,19565
19564,f,19565
19564,c,19565
19566,c,19565
19563,f,19565
19563,c,19565
19561,c,19565
19561,f,19565
19566,f,19565
19562,f,19565
19566,e,19566
19563,e,19566
19564,e,19566
19567,e,19566
19565,e,19566
19562,e,19566
19567,a,19567
19566,f,19567
19567,f,19567
19568,a,19567
19566,a,19567
19564,a,19567
19565,f,19567
19565,a,19567
19563,a,19567
19563,f,19567
19568,f,19567
19564,f,19567
19569,d,19568
19568,d,19568
19569,b,19568
19567,d,19568
19567,b,19568
19568,b,19568
19566,d,19568
19566,b,19568
19564,b,19568
19564,d,19568
19565,b,19568
19565,d,19568
19569,c,19569
19568,f,19569
19568,c,19569
19569,f,19569
19570,f,19569
19570,c,19569
19566,f,19569
19567,f,19569
19567,c,19569
19566,c,19569
19565,f,19569
19565,c,19569
19567,e,19570
19568,e,19570
19566,e,19570
19569,e,19570
19571,e,19570
19570,e,19570
19567,f,19571
19571,f,19571
19570,f,19571
19572,f,19571
19569,f,19571
19568,f,19571
19572,c,19572
19569,c,19572
19570,c,19572
19573,c,19572
19568,c,19572
19571,c,19572
19572,e,19573
19573,e,19573
19574,e,19573
19571,e,19573
19569,e,19573
19570,e,19573
19571,f,19574
19574,f,19574
19573,f,19574
19575,f,19574
19572,f,19574
19570,f,19574
19572,d,19575
19571,d,19575
19576,d,19575
19574,d,19575
19575,d,19575
19573,d,19575
19577,b,19576
19577,f,19576
19576,b,19576
19575,f,19576
19575,b,19576
19576,f,19576
19574,f,19576
19572,b,19576
19574,b,19576
19572,f,19576
19573,b,19576
19573,f,19576
19576,f,19577
19578,c,19577
19576,c,19577
19577,c,19577
19577,f,19577
19574,f,19577
19575,f,19577
19575,c,19577
19573,c,19577
19573,f,19577
19574,c,19577
19578,f,19577
19577,a,19578
19577,e,19578
19579,a,19578
19578,a,19578
19578,e,19578
19574,a,19578
19576,e,19578
19576,a,19578
19579,e,19578
19575,e,19578
19575,a,19578
19574,e,19578
19578,f,19579
19578,c,19579
19578,d,19579
19578,b,19579
19579,c,19579
19579,d,19579
19579,b,19579
19579,f,19579
19577,f,19579
19580,b,19579
19580,f,19579
19575,b,19579
19575,d,19579
19575,c,19579
19575,f,19579
19576,b,19579
19576,d,19579
19577,d,19579
19577,b,19579
19580,d,19579
19580,c,19579
19577,c,19579
19576,c,19579
19576,f,19579
19580,e,19580
19579,b,19580
19579,c,19580
19579,f,19580
19579,e,19580
19581,c,19580
19581,b,19580
19580,b,19580
19581,f,19580
19577,e,19580
19577,c,19580
19576,b,19580
19576,c,19580
19576,f,19580
19576,e,19580
19577,b,19580
19581,e,19580
19577,f,19580
19580,c,19580
19580,f,19580
19578,b,19580
19578,c,19580
19578,f,19580
19578,e,19580
19582,c,19581
19581,e,19581
19580,e,19581
19580,f,19581
19580,c,19581
19582,e,19581
19581,f,19581
19582,f,19581
19581,c,19581
19578,f,19581
19578,e,19581
19577,c,19581
19579,e,19581
19577,f,19581
19579,f,19581
19579,c,19581
19577,e,19581
19578,c,19581
19582,e,19582
19581,e,19582
19581,f,19582
19579,e,19582
19578,f,19582
19578,e,19582
19583,f,19582
19580,e,19582
19580,f,19582
19579,f,19582
19583,e,19582
19582,f,19582
19584,f,19583
19582,f,19583
19583,f,19583
19579,f,19583
19581,f,19583
19580,f,19583
19585,d,19585
19584,c,19585
19584,d,19585
19586,c,19585
19583,d,19585
19585,c,19585
19586,d,19585
19583,c,19585
19581,d,19585
19581,c,19585
19582,d,19585
19582,c,19585
19586,a,19586
19586,b,19586
19586,f,19586
19586,e,19586
19585,e,19586
19585,f,19586
19585,b,19586
19585,a,19586
19587,a,19586
19587,b,19586
19587,f,19586
19582,e,19586
19582,f,19586
19587,e,19586
19583,a,19586
19584,e,19586
19584,f,19586
19584,b,19586
19584,a,19586
19583,b,19586
19582,a,19586
19582,b,19586
19583,f,19586
19583,e,19586
19586,b,19587
19586,d,19587
19587,d,19587
19588,f,19587
19588,c,19587
19587,c,19587
19588,b,19587
19586,f,19587
19587,b,19587
19586,c,19587
19588,d,19587
19587,f,19587
19584,f,19587
19584,d,19587
19584,b,19587
19583,b,19587
19583,d,19587
19583,c,19587
19585,f,19587
19585,c,19587
19585,d,19587
19585,b,19587
19583,f,19587
19584,c,19587
19589,e,19588
19587,b,19588
19587,c,19588
19584,b,19588
19587,e,19588
19589,f,19588
19589,c,19588
19588,b,19588
19588,c,19588
19587,f,19588
19589,b,19588
19588,e,19588
19584,c,19588
19585,e,19588
19585,f,19588
19585,c,19588
19585,b,19588
19584,e,19588
19588,f,19588
19586,c,19588
19586,b,19588
19586,e,19588
19584,f,19588
19586,f,19588
19590,f,19589
19588,e,19589
19585,f,19589
19588,c,19589
19590,c,19589
19589,e,19589
19589,f,19589
19589,c,19589
19590,e,19589
19585,e,19589
19588,f,19589
19585,c,19589
19586,c,19589
19586,f,19589
19587,e,19589
19587,f,19589
19587,c,19589
19586,e,19589
19587,e,19590
19590,f,19590
19591,e,19590
19589,e,19590
19589,f,19590
19586,f,19590
19586,e,19590
19588,e,19590
19588,f,19590
19587,f,19590
19590,e,19590
19591,f,19590
19587,f,19591
19592,f,19591
19591,f,19591
19590,f,19591
19589,f,19591
19588,f,19591
19590,e,19594
19594,e,19594
19595,e,19594
19593,e,19594
19591,e,19594
19592,e,19594
19592,f,19595
19591,f,19595
19593,f,19595
19596,f,19595
19594,f,19595
19595,f,19595
19596,b,19597
19598,b,19597
19595,b,19597
19594,b,19597
19593,b,19597
19597,b,19597
19598,f,19598
19598,c,19598
19599,f,19598
19597,c,19598
19597,f,19598
19599,c,19598
19594,c,19598
19594,f,19598
19595,c,19598
19596,f,19598
19596,c,19598
19595,f,19598
19598,e,19599
19595,e,19599
19599,e,19599
19600,e,19599
19597,e,19599
19596,e,19599
19600,e,19600
19601,f,19600
19601,e,19600
19596,c,19600
19600,c,19600
19599,e,19600
19599,f,19600
19599,c,19600
19601,c,19600
19600,f,19600
19596,f,19600
19596,e,19600
19598,e,19600
19598,f,19600
19597,c,19600
19597,f,19600
19597,e,19600
19598,c,19600
19601,f,19601
19601,e,19601
19602,f,19601
19600,f,19601
19600,e,19601
19597,e,19601
19599,e,19601
19599,f,19601
19598,f,19601
19598,e,19601
19597,f,19601
19602,e,19601
19600,f,19602
19603,f,19602
19599,f,19602
19598,f,19602
19601,f,19602
19602,f,19602
19603,d,19604
19605,d,19604
19602,d,19604
19604,d,19604
19601,d,19604
19600,d,19604
19606,a,19605
19605,c,19605
19605,a,19605
19606,c,19605
19604,f,19605
19604,c,19605
19604,a,19605
19605,f,19605
19606,f,19605
19602,f,19605
19601,a,19605
19601,c,19605
19603,f,19605
19603,c,19605
19603,a,19605
19601,f,19605
19602,a,19605
19602,c,19605
19603,b,19606
19606,e,19606
19605,e,19606
19605,d,19606
19605,b,19606
19602,b,19606
19607,b,19606
19607,d,19606
19607,e,19606
19604,e,19606
19604,d,19606
19604,b,19606
19602,d,19606
19602,e,19606
19603,e,19606
19603,d,19606
19606,d,19606
19606,b,19606
19606,f,19607
19607,c,19607
19606,c,19607
19607,f,19607
19605,f,19607
19605,c,19607
19604,f,19607
19604,c,19607
19603,f,19607
19603,c,19607
19608,f,19607
19608,c,19607
19605,e,19608
19606,e,19608
19609,e,19608
19604,e,19608
19607,e,19608
19608,e,19608
19610,f,19609
19609,f,19609
19608,f,19609
19606,f,19609
19605,f,19609
19607,f,19609
19611,d,19610
19611,e,19610
19609,e,19610
19609,d,19610
19606,d,19610
19610,d,19610
19610,e,19610
19608,e,19610
19608,d,19610
19606,e,19610
19607,d,19610
19607,e,19610
19612,f,19611
19611,d,19611
19610,f,19611
19610,d,19611
19612,d,19611
19611,f,19611
19607,f,19611
19609,f,19611
19609,d,19611
19607,d,19611
19608,f,19611
19608,d,19611
19609,f,19612
19610,f,19612
19608,f,19612
19611,f,19612
19612,f,19612
19613,f,19612
19617,e,19616
19616,e,19616
19615,e,19616
19614,e,19616
19612,e,19616
19613,e,19616
19614,f,19617
19613,f,19617
19615,f,19617
19617,f,19617
19616,f,19617
19618,f,19617
19618,c,19618
19618,f,19618
19619,a,19618
19617,f,19618
19617,c,19618
19617,a,19618
19619,c,19618
19619,f,19618
19618,a,19618
19616,c,19618
19614,a,19618
19614,c,19618
19614,f,19618
19615,a,19618
19616,f,19618
19615,f,19618
19615,c,19618
19616,a,19618
19620,d,19619
19620,b,19619
19618,e,19619
19618,d,19619
19618,b,19619
19619,b,19619
19619,d,19619
19620,e,19619
19619,e,19619
19617,b,19619
19616,e,19619
19615,b,19619
19617,e,19619
19617,d,19619
19615,d,19619
19615,e,19619
19616,b,19619
19616,d,19619
19621,c,19620
19619,f,19620
19619,c,19620
19617,f,19620
19616,c,19620
19616,f,19620
19621,f,19620
19618,f,19620
19618,c,19620
19617,c,19620
19620,c,19620
19620,f,19620
19617,e,19621
19622,e,19621
19620,e,19621
19621,e,19621
19619,e,19621
19618,e,19621
19620,f,19622
19618,f,19622
19621,f,19622
19622,f,19622
19623,f,19622
19619,f,19622
19626,a,19625
19621,a,19625
19622,a,19625
19624,a,19625
19625,a,19625
19623,a,19625
19626,d,19626
19625,d,19626
19627,b,19626
19625,b,19626
19627,d,19626
19626,b,19626
19624,b,19626
19623,d,19626
19623,b,19626
19622,d,19626
19622,b,19626
19624,d,19626
19627,f,19627
19627,c,19627
19628,c,19627
19626,f,19627
19626,c,19627
19628,f,19627
19623,c,19627
19625,f,19627
19625,c,19627
19624,f,19627
19624,c,19627
19623,f,19627
19625,e,19628
19626,e,19628
19624,e,19628
19627,e,19628
19629,e,19628
19628,e,19628
19625,f,19629
19630,f,19629
19629,f,19629
19627,f,19629
19628,f,19629
19626,f,19629
19632,a,19634
19633,a,19634
19630,a,19634
19631,a,19634
19634,a,19634
19635,a,19634
19634,b,19635
19634,d,19635
19636,c,19635
19635,b,19635
19635,d,19635
19635,c,19635
19634,c,19635
19636,d,19635
19633,c,19635
19633,b,19635
19631,b,19635
19631,d,19635
19631,c,19635
19632,b,19635
19633,d,19635
19632,d,19635
19632,c,19635
19636,b,19635
19632,c,19636
19636,c,19636
19636,f,19636
19636,e,19636
19635,e,19636
19635,f,19636
19635,c,19636
19633,c,19636
19632,f,19636
19633,e,19636
19633,f,19636
19637,c,19636
19637,e,19636
19634,e,19636
19634,f,19636
19634,c,19636
19632,e,19636
19637,f,19636
19636,e,19637
19637,f,19637
19637,d,19637
19636,f,19637
19636,d,19637
19638,e,19637
19637,e,19637
19634,d,19637
19638,d,19637
19638,f,19637
19635,e,19637
19635,f,19637
19635,d,19637
19633,d,19637
19633,f,19637
19633,e,19637
19634,f,19637
19634,e,19637
19638,a,19638
19638,f,19638
19637,f,19638
19637,a,19638
19634,a,19638
19639,a,19638
19639,f,19638
19636,f,19638
19636,a,19638
19634,f,19638
19635,a,19638
19635,f,19638
19638,d,19639
19639,d,19639
19638,b,19639
19640,b,19639
19640,d,19639
19639,b,19639
19637,d,19639
19637,b,19639
19635,b,19639
19635,d,19639
19636,b,19639
19636,d,19639
19639,f,19640
19640,f,19640
19640,c,19640
19641,f,19640
19639,c,19640
19636,c,19640
19641,c,19640
19637,f,19640
19637,c,19640
19636,f,19640
19638,f,19640
19638,c,19640
19637,c,19641
19641,e,19641
19642,c,19641
19642,e,19641
19641,c,19641
19639,e,19641
19639,c,19641
19638,c,19641
19638,e,19641
19637,e,19641
19640,c,19641
19640,e,19641
19643,e,19642
19643,f,19642
19642,e,19642
19641,f,19642
19641,e,19642
19642,f,19642
19640,e,19642
19640,f,19642
19638,f,19642
19638,e,19642
19639,f,19642
19639,e,19642
19642,f,19643
19643,f,19643
19643,d,19643
19644,f,19643
19642,d,19643
19639,d,19643
19644,d,19643
19640,d,19643
19639,f,19643
19641,d,19643
19641,f,19643
19640,f,19643
19640,f,19644
19643,e,19644
19644,e,19644
19645,f,19644
19645,e,19644
19642,e,19644
19642,f,19644
19641,f,19644
19641,e,19644
19644,f,19644
19640,e,19644
19643,f,19644
19646,f,19645
19644,f,19645
19645,b,19645
19645,f,19645
19646,b,19645
19644,b,19645
19643,f,19645
19642,f,19645
19641,b,19645
19641,f,19645
19643,b,19645
19642,b,19645
19646,c,19646
19647,c,19646
19647,f,19646
19645,e,19646
19645,f,19646
19645,c,19646
19646,f,19646
19642,c,19646
19646,e,19646
19644,e,19646
19644,f,19646
19644,c,19646
19642,f,19646
19642,e,19646
19643,c,19646
19643,f,19646
19643,e,19646
19647,e,19646
19648,e,19647
19647,f,19647
19647,e,19647
19646,e,19647
19646,f,19647
19648,f,19647
19643,e,19647
19643,f,19647
19644,f,19647
19644,e,19647
19645,e,19647
19645,f,19647
19645,e,19648
19649,e,19648
19647,e,19648
19648,e,19648
19646,e,19648
19644,e,19648
19650,e,19649
19647,e,19649
19649,e,19649
19646,e,19649
19645,e,19649
19648,e,19649
19650,c,19650
19650,f,19650
19651,b,19650
19649,f,19650
19649,c,19650
19649,b,19650
19651,c,19650
19651,f,19650
19646,f,19650
19648,c,19650
19646,c,19650
19646,b,19650
19647,b,19650
19647,c,19650
19648,f,19650
19647,f,19650
19650,b,19650
19648,b,19650
19652,e,19651
19652,c,19651
19650,e,19651
19650,f,19651
19650,c,19651
19651,c,19651
19651,f,19651
19652,f,19651
19651,e,19651
19647,f,19651
19647,c,19651
19647,e,19651
19649,e,19651
19649,f,19651
19648,c,19651
19648,f,19651
19649,c,19651
19648,e,19651
19652,e,19652
19653,f,19652
19653,e,19652
19651,e,19652
19651,f,19652
19648,f,19652
19648,e,19652
19650,e,19652
19650,f,19652
19649,f,19652
19649,e,19652
19652,f,19652
19653,b,19653
19653,f,19653
19654,b,19653
19649,f,19653
19652,f,19653
19652,b,19653
19649,b,19653
19654,f,19653
19650,b,19653
19651,f,19653
19651,b,19653
19650,f,19653
19654,c,19654
19654,f,19654
19655,c,19654
19653,f,19654
19653,c,19654
19650,c,19654
19650,f,19654
19652,f,19654
19652,c,19654
19651,c,19654
19651,f,19654
19655,f,19654
19655,e,19655
19654,e,19655
19651,e,19655
19656,e,19655
19653,e,19655
19652,e,19655
19653,c,19656
19654,c,19656
19657,c,19656
19652,c,19656
19655,c,19656
19656,c,19656
19658,e,19657
19657,e,19657
19657,f,19657
19656,e,19657
19656,f,19657
19658,f,19657
19655,e,19657
19653,e,19657
19653,f,19657
19654,f,19657
19654,e,19657
19655,f,19657
19654,f,19658
19656,d,19658
19656,f,19658
19654,d,19658
19658,f,19658
19657,d,19658
19657,f,19658
19659,f,19658
19655,f,19658
19655,d,19658
19658,d,19658
19659,d,19658
19659,f,19659
19660,f,19659
19655,f,19659
19657,f,19659
19656,f,19659
19658,f,19659
19664,b,19663
19663,d,19663
19661,d,19663
19663,b,19663
19664,d,19663
19662,b,19663
19661,b,19663
19662,d,19663
19659,b,19663
19660,d,19663
19659,d,19663
19660,b,19663
19664,a,19664
19664,c,19664
19664,f,19664
19665,f,19664
19663,f,19664
19663,c,19664
19663,a,19664
19660,f,19664
19660,c,19664
19662,f,19664
19662,c,19664
19662,a,19664
19660,a,19664
19665,a,19664
19665,c,19664
19661,f,19664
19661,c,19664
19661,a,19664
19666,b,19665
19666,d,19665
19664,d,19665
19665,d,19665
19664,b,19665
19665,e,19665
19664,e,19665
19663,b,19665
19663,e,19665
19663,d,19665
19662,e,19665
19662,d,19665
19662,b,19665
19661,e,19665
19661,d,19665
19661,b,19665
19666,e,19665
19665,b,19665
19666,f,19666
19667,c,19666
19667,f,19666
19665,f,19666
19665,c,19666
19666,c,19666
19663,c,19666
19664,f,19666
19663,f,19666
19662,f,19666
19662,c,19666
19664,c,19666
19667,e,19667
19666,e,19667
19663,e,19667
19665,e,19667
19664,e,19667
19668,e,19667
19668,c,19668
19669,c,19668
19668,f,19668
19669,f,19668
19667,f,19668
19667,c,19668
19664,c,19668
19664,f,19668
19666,f,19668
19666,c,19668
19665,f,19668
19665,c,19668
19668,e,19669
19666,e,19669
19667,e,19669
19669,e,19669
19665,e,19669
19670,e,19669
19669,b,19670
19670,b,19670
19670,f,19670
19669,f,19670
19668,b,19670
19671,f,19670
19671,b,19670
19667,f,19670
19667,b,19670
19666,f,19670
19666,b,19670
19668,f,19670
19671,b,19671
19671,c,19671
19671,f,19671
19670,f,19671
19670,c,19671
19670,b,19671
19672,b,19671
19672,c,19671
19668,b,19671
19672,f,19671
19669,f,19671
19669,c,19671
19669,b,19671
19667,b,19671
19668,c,19671
19667,c,19671
19667,f,19671
19668,f,19671
19673,f,19672
19671,c,19672
19672,f,19672
19671,e,19672
19672,c,19672
19673,e,19672
19671,f,19672
19673,c,19672
19672,e,19672
19670,e,19672
19670,f,19672
19670,c,19672
19668,c,19672
19668,f,19672
19669,e,19672
19669,f,19672
19669,c,19672
19668,e,19672
19670,e,19673
19674,e,19673
19674,f,19673
19673,e,19673
19672,e,19673
19672,f,19673
19673,f,19673
19669,e,19673
19669,f,19673
19670,f,19673
19671,f,19673
19671,e,19673
19675,f,19674
19673,f,19674
19674,f,19674
19670,f,19674
19671,f,19674
19672,f,19674
19675,b,19675
19672,b,19675
19674,b,19675
19673,b,19675
19671,b,19675
19676,b,19675
19672,c,19676
19676,c,19676
19674,c,19676
19677,c,19676
19673,c,19676
19675,c,19676
19678,e,19677
19676,e,19677
19677,e,19677
19675,e,19677
19674,e,19677
19673,e,19677
19678,f,19678
19679,f,19678
19675,f,19678
19676,f,19678
19674,f,19678
19677,f,19678
19678,f,19682
19679,d,19682
19679,f,19682
19682,f,19682
19680,f,19682
19683,f,19682
19681,d,19682
19681,f,19682
19683,d,19682
19682,d,19682
19678,d,19682
19680,d,19682
19684,f,19683
19683,f,19683
19682,f,19683
19681,f,19683
19680,f,19683
19679,f,19683
19683,a,19686
19685,a,19686
19684,a,19686
19687,a,19686
19682,a,19686
19686,a,19686
19688,b,19687
19688,d,19687
19687,d,19687
19687,b,19687
19686,d,19687
19686,b,19687
19683,d,19687
19685,d,19687
19685,b,19687
19684,b,19687
19684,d,19687
19683,b,19687
19688,a,19688
19688,c,19688
19688,f,19688
19687,f,19688
19687,c,19688
19687,a,19688
19684,a,19688
19689,c,19688
19685,a,19688
19689,a,19688
19686,f,19688
19686,c,19688
19686,a,19688
19684,c,19688
19684,f,19688
19685,c,19688
19689,f,19688
19685,f,19688
19690,d,19689
19690,e,19689
19689,b,19689
19688,d,19689
19689,d,19689
19688,e,19689
19688,b,19689
19689,e,19689
19690,b,19689
19685,e,19689
19686,b,19689
19687,e,19689
19687,d,19689
19687,b,19689
19686,d,19689
19686,e,19689
19685,b,19689
19685,d,19689
19691,f,19690
19686,c,19690
19689,f,19690
19690,f,19690
19689,c,19690
19691,c,19690
19688,f,19690
19688,c,19690
19686,f,19690
19687,c,19690
19687,f,19690
19690,c,19690
19692,e,19691
19692,c,19691
19690,c,19691
19692,a,19691
19690,e,19691
19691,a,19691
19691,c,19691
19690,a,19691
19691,e,19691
19689,e,19691
19687,c,19691
19688,e,19691
19688,c,19691
19688,a,19691
19687,e,19691
19689,a,19691
19689,c,19691
19687,a,19691
19692,e,19692
19691,e,19692
19693,f,19692
19691,d,19692
19691,b,19692
19692,f,19692
19692,d,19692
19692,b,19692
19689,e,19692
19688,b,19692
19693,d,19692
19693,b,19692
19691,f,19692
19693,e,19692
19688,e,19692
19690,e,19692
19690,f,19692
19690,d,19692
19690,b,19692
19688,d,19692
19688,f,19692
19689,f,19692
19689,b,19692
19689,d,19692
19694,f,19693
19694,c,19693
19694,d,19693
19692,d,19693
19693,d,19693
19692,f,19693
19693,a,19693
19694,a,19693
19693,f,19693
19693,c,19693
19692,c,19693
19689,a,19693
19692,a,19693
19691,a,19693
19690,a,19693
19689,d,19693
19690,d,19693
19690,c,19693
19690,f,19693
19689,f,19693
19691,d,19693
19689,c,19693
19691,f,19693
19691,c,19693
19691,e,19694
19694,b,19694
19694,d,19694
19694,f,19694
19694,e,19694
19693,e,19694
19693,f,19694
19693,b,19694
19691,f,19694
19691,d,19694
19690,b,19694
19691,b,19694
19690,f,19694
19692,b,19694
19692,d,19694
19692,f,19694
19692,e,19694
19695,f,19694
19690,d,19694
19693,d,19694
19695,b,19694
19695,e,19694
19690,e,19694
19695,d,19694
19694,f,19695
19696,c,19695
19694,e,19695
19695,c,19695
19694,c,19695
19691,f,19695
19696,e,19695
19691,c,19695
19695,f,19695
19692,c,19695
19692,f,19695
19692,e,19695
19696,f,19695
19695,e,19695
19691,e,19695
19693,c,19695
19693,f,19695
19693,e,19695
19696,e,19696
19695,f,19696
19696,f,19696
19697,f,19696
19695,e,19696
19697,e,19696
19694,e,19696
19692,f,19696
19693,f,19696
19693,e,19696
19692,e,19696
19694,f,19696
19693,f,19697
19694,f,19697
19697,f,19697
19696,f,19697
19695,f,19697
19698,f,19697
19700,e,19699
19699,e,19699
19699,b,19699
19698,e,19699
19698,b,19699
19697,e,19699
19700,b,19699
19695,b,19699
19697,b,19699
19695,e,19699
19696,b,19699
19696,e,19699
19697,c,19700
19701,f,19700
19700,f,19700
19700,c,19700
19699,f,19700
19699,c,19700
19701,c,19700
19698,f,19700
19698,c,19700
19696,f,19700
19696,c,19700
19697,f,19700
19700,e,19701
19697,b,19701
19701,b,19701
19701,e,19701
19702,e,19701
19700,b,19701
19697,e,19701
19702,b,19701
19699,e,19701
19699,b,19701
19698,b,19701
19698,e,19701
19702,f,19702
19701,c,19702
19698,c,19702
19701,f,19702
19698,f,19702
19700,f,19702
19700,c,19702
19703,f,19702
19699,f,19702
19699,c,19702
19703,c,19702
19702,c,19702
19703,e,19703
19704,e,19703
19702,e,19703
19701,e,19703
19699,e,19703
19700,e,19703
19701,f,19704
19704,f,19704
19703,f,19704
19705,f,19704
19700,f,19704
19702,f,19704
19705,d,19705
19701,d,19705
19706,d,19705
19702,d,19705
19704,d,19705
19703,d,19705
19707,f,19706
19706,f,19706
19706,a,19706
19705,f,19706
19705,a,19706
19707,a,19706
19702,a,19706
19702,f,19706
19704,f,19706
19704,a,19706
19703,a,19706
19703,f,19706
19708,f,19707
19708,d,19707
19708,b,19707
19707,f,19707
19707,d,19707
19707,b,19707
19704,b,19707
19706,f,19707
19706,d,19707
19706,b,19707
19704,d,19707
19703,f,19707
19705,f,19707
19704,f,19707
19703,b,19707
19705,d,19707
19705,b,19707
19703,d,19707
19708,f,19708
19708,c,19708
19704,c,19708
19704,f,19708
19707,f,19708
19707,c,19708
19709,c,19708
19706,f,19708
19706,c,19708
19705,c,19708
19705,f,19708
19709,f,19708
19707,e,19709
19710,e,19709
19706,e,19709
19708,e,19709
19709,e,19709
19705,e,19709
19709,f,19710
19707,f,19710
19708,f,19710
19710,f,19710
19706,f,19710
19711,f,19710
19712,c,19712
19711,c,19712
19713,c,19712
19708,c,19712
19710,c,19712
19709,c,19712
19709,e,19713
19711,e,19713
19712,e,19713
19714,e,19713
19710,e,19713
19713,e,19713
19710,f,19714
19715,f,19714
19713,f,19714
19714,f,19714
19712,f,19714
19711,f,19714
19713,d,19716
19717,d,19716
19714,d,19716
19715,d,19716
19716,d,19716
19712,d,19716
19718,f,19717
19716,f,19717
19717,f,19717
19715,f,19717
19714,f,19717
19713,f,19717
19720,b,19719
19720,f,19719
19717,f,19719
19718,b,19719
19718,f,19719
19715,b,19719
19716,f,19719
19716,b,19719
19715,f,19719
19719,f,19719
19717,b,19719
19719,b,19719
19721,c,19720
19720,f,19720
19720,c,19720
19721,f,19720
19719,f,19720
19719,c,19720
19716,f,19720
19717,f,19720
19717,c,19720
19718,f,19720
19718,c,19720
19716,c,19720
19720,a,19721
19722,d,19721
19720,e,19721
19718,d,19721
19717,a,19721
19721,a,19721
19721,d,19721
19721,e,19721
19722,e,19721
19718,a,19721
19717,d,19721
19720,d,19721
19717,e,19721
19718,e,19721
19719,a,19721
19719,d,19721
19722,a,19721
19719,e,19721
19719,b,19722
19719,f,19722
19722,b,19722
19722,d,19722
19722,f,19722
19721,f,19722
19721,d,19722
19721,b,19722
19718,b,19722
19718,d,19722
19718,f,19722
19723,b,19722
19719,d,19722
19720,f,19722
19720,d,19722
19720,b,19722
19723,f,19722
19723,d,19722
19722,c,19723
19722,f,19723
19723,f,19723
19723,c,19723
19724,f,19723
19721,f,19723
19721,c,19723
19720,f,19723
19720,c,19723
19719,f,19723
19719,c,19723
19724,c,19723
19725,e,19724
19724,e,19724
19723,e,19724
19723,f,19724
19725,f,19724
19724,f,19724
19722,e,19724
19722,f,19724
19721,e,19724
19721,f,19724
19720,e,19724
19720,f,19724
19725,f,19725
19722,f,19725
19726,f,19725
19721,f,19725
19723,f,19725
19724,f,19725
19730,c,19731
19727,c,19731
19728,c,19731
19729,c,19731
19732,c,19731
19731,c,19731
19732,e,19732
19732,a,19732
19731,e,19732
19731,a,19732
19733,e,19732
19730,e,19732
19733,a,19732
19729,e,19732
19728,a,19732
19728,e,19732
19729,a,19732
19730,a,19732
19730,b,19733
19733,b,19733
19733,d,19733
19733,f,19733
19732,f,19733
19732,d,19733
19732,b,19733
19734,b,19733
19734,d,19733
19731,f,19733
19731,d,19733
19731,b,19733
19729,b,19733
19729,d,19733
19730,f,19733
19729,f,19733
19734,f,19733
19730,d,19733
19734,c,19734
19734,f,19734
19733,f,19734
19735,f,19734
19735,c,19734
19733,c,19734
19732,f,19734
19732,c,19734
19730,f,19734
19731,c,19734
19731,f,19734
19730,c,19734
19731,c,19735
19735,e,19735
19736,c,19735
19734,e,19735
19734,c,19735
19735,c,19735
19736,e,19735
19733,e,19735
19733,c,19735
19732,c,19735
19732,e,19735
19731,e,19735
19736,f,19736
19736,e,19736
19732,e,19736
19735,e,19736
19735,f,19736
19732,f,19736
19737,f,19736
19737,e,19736
19734,e,19736
19734,f,19736
19733,e,19736
19733,f,19736
19735,f,19737
19733,f,19737
19736,f,19737
19737,f,19737
19738,f,19737
19734,f,19737
19738,f,19738
19738,e,19738
19737,e,19738
19737,f,19738
19735,e,19738
19739,f,19738
19736,e,19738
19736,f,19738
19734,f,19738
19735,f,19738
19734,e,19738
19739,e,19738
19739,f,19739
19738,f,19739
19740,f,19739
19737,f,19739
19735,f,19739
19736,f,19739
19741,d,19740
19739,e,19740
19739,d,19740
19739,a,19740
19741,e,19740
19740,e,19740
19740,a,19740
19741,a,19740
19740,d,19740
19736,a,19740
19737,e,19740
19737,d,19740
19737,a,19740
19736,e,19740
19738,a,19740
19736,d,19740
19738,e,19740
19738,d,19740
19742,d,19741
19740,f,19741
19740,d,19741
19740,b,19741
19741,f,19741
19741,d,19741
19741,b,19741
19738,b,19741
19742,b,19741
19738,d,19741
19739,f,19741
19739,d,19741
19739,b,19741
19737,b,19741
19737,d,19741
19737,f,19741
19738,f,19741
19742,f,19741
19742,c,19742
19742,f,19742
19741,c,19742
19741,d,19742
19743,d,19742
19743,c,19742
19743,f,19742
19742,d,19742
19741,f,19742
19740,f,19742
19740,c,19742
19738,d,19742
19738,c,19742
19738,f,19742
19739,d,19742
19739,c,19742
19740,d,19742
19739,f,19742
19742,f,19743
19743,e,19743
19743,f,19743
19742,e,19743
19744,f,19743
19744,e,19743
19739,e,19743
19740,e,19743
19740,f,19743
19741,f,19743
19739,f,19743
19741,e,19743
19742,f,19744
19740,f,19744
19741,b,19744
19741,f,19744
19745,f,19744
19745,b,19744
19743,b,19744
19743,f,19744
19744,f,19744
19744,b,19744
19742,b,19744
19740,b,19744
19746,f,19745
19744,f,19745
19745,c,19745
19744,c,19745
19742,f,19745
19743,f,19745
19743,c,19745
19742,c,19745
19741,f,19745
19741,c,19745
19745,f,19745
19746,c,19745
19747,e,19746
19746,e,19746
19742,e,19746
19744,e,19746
19745,e,19746
19743,e,19746
19749,e,19751
19751,e,19751
19750,e,19751
19750,b,19751
19752,b,19751
19751,b,19751
19749,b,19751
19748,e,19751
19748,b,19751
19747,e,19751
19747,b,19751
19752,e,19751
19752,c,19752
19751,f,19752
19751,c,19752
19752,f,19752
19753,c,19752
19750,f,19752
19750,c,19752
19749,f,19752
19753,f,19752
19748,c,19752
19748,f,19752
19749,c,19752
19754,e,19753
19753,e,19753
19752,e,19753
19750,e,19753
19751,e,19753
19749,e,19753
19755,f,19754
19754,d,19754
19754,f,19754
19753,d,19754
19755,d,19754
19753,f,19754
19752,f,19754
19752,d,19754
19750,d,19754
19750,f,19754
19751,d,19754
19751,f,19754
19754,f,19755
19755,f,19755
19755,b,19755
19756,f,19755
19754,b,19755
19751,b,19755
19756,b,19755
19751,f,19755
19752,f,19755
19753,f,19755
19753,b,19755
19752,b,19755
19752,c,19756
19755,c,19756
19755,f,19756
19757,c,19756
19757,f,19756
19756,f,19756
19754,f,19756
19754,c,19756
19753,c,19756
19753,f,19756
19756,c,19756
19752,f,19756
19756,b,19757
19757,e,19757
19758,b,19757
19757,b,19757
19757,c,19757
19758,c,19757
19756,c,19757
19756,e,19757
19758,e,19757
19753,c,19757
19753,b,19757
19755,e,19757
19755,c,19757
19755,b,19757
19753,e,19757
19754,b,19757
19754,c,19757
19754,e,19757
19758,c,19758
19759,c,19758
19759,f,19758
19759,e,19758
19757,e,19758
19757,f,19758
19757,c,19758
19754,c,19758
19756,e,19758
19756,f,19758
19756,c,19758
19754,f,19758
19754,e,19758
19755,c,19758
19755,f,19758
19755,e,19758
19758,f,19758
19758,e,19758
19759,e,19759
19760,f,19759
19760,e,19759
19759,f,19759
19758,e,19759
19755,f,19759
19755,e,19759
19756,f,19759
19756,e,19759
19757,e,19759
19757,f,19759
19758,f,19759
19759,f,19760
19760,f,19760
19761,f,19760
19756,f,19760
19757,f,19760
19758,f,19760
19759,d,19762
19761,d,19762
19758,d,19762
19760,d,19762
19763,d,19762
19762,d,19762
19764,f,19763
19762,f,19763
19763,f,19763
19760,f,19763
19761,f,19763
19759,f,19763
19761,e,19764
19762,e,19764
19765,e,19764
19760,e,19764
19763,e,19764
19764,e,19764
19761,f,19765
19761,c,19765
19764,f,19765
19764,c,19765
19766,c,19765
19766,f,19765
19763,f,19765
19765,c,19765
19763,c,19765
19762,f,19765
19762,c,19765
19765,f,19765
19766,e,19766
19767,d,19766
19767,e,19766
19765,e,19766
19765,d,19766
19766,d,19766
19764,d,19766
19764,e,19766
19763,e,19766
19763,d,19766
19762,e,19766
19762,d,19766
19765,f,19767
19763,f,19767
19766,f,19767
19767,f,19767
19764,f,19767
19768,f,19767
19768,e,19770
19771,e,19770
19770,e,19770
19769,e,19770
19766,e,19770
19767,e,19770
19768,f,19771
19772,f,19771
19771,e,19771
19771,f,19771
19767,e,19771
19770,e,19771
19770,f,19771
19772,e,19771
19769,e,19771
19768,e,19771
19769,f,19771
19767,f,19771
19769,f,19772
19772,f,19772
19773,f,19772
19768,f,19772
19771,f,19772
19770,f,19772
19772,a,19773
19771,a,19773
19774,a,19773
19773,a,19773
19770,a,19773
19769,a,19773
19773,d,19774
19773,b,19774
19774,d,19774
19774,b,19774
19772,d,19774
19775,d,19774
19775,b,19774
19771,d,19774
19770,b,19774
19770,d,19774
19771,b,19774
19772,b,19774
19775,c,19775
19775,f,19775
19774,f,19775
19774,c,19775
19772,c,19775
19773,f,19775
19773,c,19775
19771,c,19775
19771,f,19775
19772,f,19775
19776,f,19775
19776,c,19775
19775,e,19776
19776,e,19776
19777,e,19776
19774,e,19776
19772,e,19776
19773,e,19776
19774,f,19777
19777,f,19777
19776,f,19777
19775,f,19777
19773,f,19777
19778,f,19777
19774,d,19778
19775,d,19778
19778,d,19778
19776,d,19778
19779,d,19778
19777,d,19778
19779,f,19779
19778,f,19779
19780,f,19779
19775,f,19779
19776,f,19779
19777,f,19779
19779,b,19780
19776,b,19780
19780,b,19780
19781,b,19780
19778,b,19780
19777,b,19780
19781,e,19781
19781,f,19781
19777,c,19781
19782,f,19781
19782,e,19781
19780,e,19781
19780,f,19781
19780,c,19781
19782,c,19781
19781,c,19781
19777,f,19781
19777,e,19781
19778,c,19781
19779,e,19781
19779,f,19781
19779,c,19781
19778,f,19781
19778,e,19781
19782,e,19782
19783,f,19782
19781,e,19782
19781,f,19782
19779,e,19782
19778,e,19782
19783,e,19782
19780,e,19782
19780,f,19782
19779,f,19782
19782,f,19782
19778,f,19782
19783,f,19783
19782,f,19783
19781,f,19783
19780,f,19783
19779,f,19783
19784,f,19783
19785,f,19784
19781,f,19784
19782,f,19784
19784,f,19784
19780,f,19784
19783,f,19784
19784,f,19785
19785,f,19785
19783,f,19785
19782,f,19785
19781,f,19785
19786,f,19785
19787,d,19787
19786,d,19787
19788,d,19787
19783,d,19787
19785,d,19787
19784,d,19787
19784,f,19788
19786,f,19788
19785,f,19788
19787,f,19788
19788,f,19788
19789,f,19788
19791,f,19790
19790,e,19790
19790,f,19790
19789,e,19790
19789,f,19790
19791,e,19790
19788,e,19790
19786,e,19790
19788,f,19790
19786,f,19790
19787,f,19790
19787,e,19790
19791,f,19791
19792,f,19791
19788,f,19791
19790,f,19791
19789,f,19791
19787,f,19791
19793,e,19792
19789,c,19792
19790,c,19792
19790,e,19792
19793,c,19792
19791,e,19792
19789,e,19792
19791,c,19792
19792,e,19792
19788,e,19792
19792,c,19792
19788,c,19792
19793,f,19793
19793,e,19793
19792,f,19793
19792,e,19793
19794,e,19793
19791,e,19793
19791,f,19793
19794,f,19793
19789,f,19793
19789,e,19793
19790,f,19793
19790,e,19793
19794,d,19794
19794,c,19794
19794,f,19794
19795,d,19794
19793,f,19794
19793,c,19794
19793,d,19794
19791,d,19794
19795,c,19794
19792,f,19794
19792,c,19794
19792,d,19794
19790,d,19794
19790,c,19794
19790,f,19794
19791,f,19794
19795,f,19794
19791,c,19794
19795,f,19795
19796,e,19795
19794,e,19795
19794,f,19795
19795,e,19795
19796,f,19795
19792,e,19795
19793,f,19795
19791,f,19795
19793,e,19795
19791,e,19795
19792,f,19795
19797,f,19796
19796,a,19796
19795,f,19796
19795,a,19796
19792,a,19796
19792,f,19796
19797,a,19796
19796,f,19796
19794,f,19796
19794,a,19796
19793,a,19796
19793,f,19796
19796,b,19797
19796,d,19797
19797,d,19797
19797,b,19797
19798,b,19797
19798,d,19797
19793,b,19797
19795,d,19797
19793,d,19797
19794,d,19797
19794,b,19797
19795,b,19797
19798,c,19798
19797,f,19798
19798,f,19798
19799,a,19798
19799,c,19798
19799,f,19798
19797,c,19798
19797,a,19798
19798,a,19798
19795,c,19798
19795,f,19798
19794,c,19798
19794,f,19798
19795,a,19798
19796,f,19798
19796,c,19798
19796,a,19798
19794,a,19798
19798,b,19799
19798,d,19799
19798,e,19799
19795,b,19799
19800,d,19799
19799,e,19799
19799,d,19799
19800,e,19799
19800,b,19799
19799,b,19799
19795,d,19799
19797,e,19799
19797,d,19799
19797,b,19799
19795,e,19799
19796,b,19799
19796,d,19799
19796,e,19799
19800,f,19800
19801,c,19800
19801,f,19800
19799,f,19800
19800,c,19800
19796,f,19800
19799,c,19800
19797,f,19800
19796,c,19800
19798,c,19800
19798,f,19800
19797,c,19800
19800,e,19801
19797,e,19801
19798,e,19801
19802,e,19801
19799,e,19801
19801,e,19801
19803,d,19802
19801,b,19802
19801,d,19802
19801,f,19802
19802,f,19802
19802,d,19802
19803,b,19802
19803,f,19802
19798,d,19802
19800,f,19802
19798,f,19802
19800,b,19802
19799,f,19802
19799,d,19802
19799,b,19802
19798,b,19802
19802,b,19802
19800,d,19802
19802,f,19803
19802,c,19803
19803,c,19803
19803,f,19803
19804,f,19803
19802,a,19803
19803,a,19803
19800,f,19803
19804,a,19803
19799,a,19803
19804,c,19803
19800,c,19803
19800,a,19803
19801,f,19803
19801,c,19803
19801,a,19803
19799,f,19803
19799,c,19803
19800,b,19804
19803,d,19804
19805,b,19804
19803,e,19804
19804,e,19804
19804,d,19804
19804,b,19804
19803,b,19804
19801,e,19804
19805,d,19804
19800,d,19804
19801,d,19804
19802,e,19804
19802,d,19804
19802,b,19804
19805,e,19804
19800,e,19804
19801,b,19804
19806,c,19805
19806,b,19805
19806,a,19805
19804,a,19805
19805,a,19805
19805,c,19805
19805,b,19805
19804,b,19805
19804,c,19805
19805,f,19805
19806,f,19805
19804,f,19805
19801,a,19805
19801,b,19805
19803,a,19805
19803,b,19805
19803,c,19805
19803,f,19805
19801,c,19805
19801,f,19805
19802,a,19805
19802,b,19805
19802,c,19805
19802,f,19805
19805,b,19806
19805,f,19806
19807,f,19806
19802,b,19806
19805,d,19806
19805,c,19806
19803,e,19806
19806,b,19806
19806,d,19806
19806,c,19806
19806,f,19806
19806,e,19806
19803,f,19806
19807,b,19806
19807,d,19806
19807,c,19806
19802,d,19806
19802,c,19806
19805,e,19806
19807,e,19806
19804,d,19806
19804,b,19806
19802,f,19806
19802,e,19806
19803,b,19806
19803,d,19806
19803,c,19806
19804,f,19806
19804,c,19806
19804,e,19806
19808,b,19807
19803,e,19807
19806,b,19807
19806,d,19807
19806,c,19807
19806,f,19807
19806,e,19807
19807,c,19807
19807,f,19807
19803,f,19807
19808,d,19807
19808,f,19807
19807,e,19807
19803,b,19807
19803,d,19807
19804,e,19807
19804,f,19807
19804,c,19807
19804,d,19807
19804,b,19807
19808,c,19807
19805,b,19807
19805,c,19807
19805,f,19807
19805,e,19807
19803,c,19807
19807,b,19807
19807,d,19807
19808,e,19807
19805,d,19807
19807,a,19808
19809,a,19808
19807,f,19808
19807,e,19808
19808,e,19808
19808,a,19808
19808,c,19808
19808,f,19808
19809,f,19808
19809,c,19808
19807,c,19808
19809,e,19808
19806,c,19808
19805,e,19808
19805,c,19808
19805,a,19808
19804,e,19808
19806,e,19808
19806,f,19808
19806,a,19808
19805,f,19808
19804,a,19808
19804,c,19808
19804,f,19808
19808,b,19809
19808,f,19809
19808,e,19809
19808,d,19809
19809,d,19809
19809,f,19809
19809,e,19809
19810,e,19809
19810,f,19809
19809,b,19809
19810,b,19809
19810,d,19809
19805,d,19809
19806,e,19809
19806,f,19809
19806,d,19809
19806,b,19809
19807,b,19809
19807,d,19809
19807,f,19809
19805,b,19809
19807,e,19809
19805,f,19809
19805,e,19809
19806,c,19810
19811,f,19810
19811,c,19810
19807,f,19810
19807,c,19810
19808,f,19810
19808,c,19810
19810,c,19810
19806,f,19810
19810,f,19810
19809,c,19810
19809,f,19810
19810,d,19811
19811,c,19811
19810,e,19811
19811,e,19811
19812,c,19811
19812,e,19811
19811,d,19811
19810,c,19811
19812,d,19811
19809,c,19811
19807,e,19811
19807,c,19811
19809,e,19811
19807,d,19811
19809,d,19811
19808,d,19811
19808,c,19811
19808,e,19811
19811,b,19812
19811,e,19812
19813,b,19812
19808,b,19812
19812,b,19812
19812,e,19812
19810,e,19812
19810,b,19812
19813,e,19812
19809,b,19812
19809,e,19812
19808,e,19812
19813,c,19813
19812,c,19813
19812,f,19813
19813,f,19813
19809,c,19813
19814,c,19813
19811,f,19813
19811,c,19813
19814,f,19813
19810,f,19813
19810,c,19813
19809,f,19813
19813,e,19814
19814,a,19814
19814,e,19814
19813,a,19814
19812,e,19814
19815,a,19814
19815,e,19814
19812,a,19814
19811,e,19814
19810,a,19814
19810,e,19814
19811,a,19814
19815,b,19815
19815,d,19815
19815,f,19815
19814,f,19815
19814,d,19815
19814,b,19815
19816,b,19815
19812,d,19815
19812,f,19815
19813,f,19815
19813,d,19815
19813,b,19815
19811,b,19815
19811,d,19815
19811,f,19815
19812,b,19815
19816,f,19815
19816,d,19815
19816,d,19816
19815,f,19816
19815,c,19816
19817,f,19816
19815,d,19816
19816,c,19816
19816,f,19816
19817,d,19816
19814,d,19816
19813,c,19816
19813,d,19816
19812,f,19816
19812,d,19816
19812,c,19816
19814,f,19816
19814,c,19816
19813,f,19816
19817,c,19816
19816,a,19817
19818,a,19817
19816,e,19817
19817,e,19817
19817,f,19817
19817,a,19817
19816,f,19817
19813,a,19817
19813,f,19817
19813,e,19817
19818,e,19817
19814,e,19817
19815,e,19817
19815,f,19817
19815,a,19817
19818,f,19817
19814,a,19817
19814,f,19817
19819,f,19818
19819,b,19818
19818,f,19818
19817,b,19818
19819,c,19818
19818,c,19818
19818,d,19818
19818,b,19818
19817,f,19818
19817,d,19818
19819,d,19818
19817,c,19818
19815,c,19818
19815,b,19818
19814,f,19818
19815,f,19818
19814,c,19818
19816,b,19818
19815,d,19818
19816,c,19818
19816,f,19818
19814,d,19818
19814,b,19818
19816,d,19818
19820,f,19819
19820,e,19819
19818,e,19819
19818,f,19819
19818,c,19819
19819,e,19819
19820,c,19819
19819,f,19819
19815,c,19819
19816,e,19819
19816,f,19819
19816,c,19819
19815,e,19819
19819,c,19819
19817,f,19819
19817,c,19819
19815,f,19819
19817,e,19819
19820,f,19820
19819,e,19820
19819,f,19820
19816,e,19820
19821,f,19820
19820,e,19820
19816,f,19820
19821,e,19820
19817,e,19820
19818,f,19820
19818,e,19820
19817,f,19820
19820,a,19821
19817,a,19821
19818,a,19821
19821,a,19821
19822,a,19821
19819,a,19821
19821,b,19822
19822,b,19822
19822,d,19822
19822,c,19822
19823,b,19822
19823,d,19822
19821,c,19822
19821,d,19822
19818,c,19822
19823,c,19822
19818,d,19822
19819,d,19822
19819,b,19822
19820,c,19822
19820,d,19822
19820,b,19822
19818,b,19822
19819,c,19822
19822,c,19823
19822,f,19823
19823,e,19823
19824,c,19823
19823,f,19823
19823,c,19823
19822,e,19823
19819,c,19823
19820,f,19823
19824,e,19823
19821,e,19823
19821,f,19823
19821,c,19823
19819,f,19823
19819,e,19823
19820,e,19823
19820,c,19823
19824,f,19823
19824,f,19824
19824,e,19824
19823,e,19824
19823,f,19824
19825,f,19824
19825,e,19824
19822,f,19824
19820,f,19824
19822,e,19824
19821,f,19824
19821,e,19824
19820,e,19824
19826,b,19825
19825,b,19825
19825,f,19825
19824,f,19825
19824,b,19825
19821,b,19825
19826,f,19825
19823,f,19825
19823,b,19825
19822,b,19825
19822,f,19825
19821,f,19825
19825,c,19826
19825,f,19826
19826,f,19826
19826,c,19826
19827,c,19826
19822,c,19826
19824,f,19826
19822,f,19826
19823,f,19826
19823,c,19826
19827,f,19826
19824,c,19826
19827,c,19827
19827,e,19827
19828,c,19827
19828,e,19827
19826,e,19827
19826,c,19827
19823,e,19827
19823,c,19827
19825,e,19827
19825,c,19827
19824,c,19827
19824,e,19827
19824,f,19828
19829,f,19828
19829,e,19828
19827,e,19828
19827,f,19828
19828,f,19828
19828,e,19828
19826,e,19828
19826,f,19828
19825,f,19828
19825,e,19828
19824,e,19828
19829,f,19829
19830,d,19829
19830,f,19829
19829,d,19829
19828,f,19829
19828,d,19829
19825,d,19829
19825,f,19829
19826,d,19829
19827,f,19829
19827,d,19829
19826,f,19829
19828,f,19830
19831,f,19830
19830,f,19830
19827,f,19830
19826,f,19830
19829,f,19830
19831,a,19831
19830,a,19831
19827,a,19831
19832,a,19831
19829,a,19831
19828,a,19831
19832,d,19832
19832,f,19832
19831,f,19832
19831,d,19832
19831,b,19832
19828,b,19832
19833,b,19832
19829,b,19832
19829,d,19832
19830,f,19832
19830,d,19832
19830,b,19832
19828,d,19832
19828,f,19832
19832,b,19832
19829,f,19832
19833,f,19832
19833,d,19832
19832,f,19833
19833,c,19833
19832,c,19833
19833,f,19833
19831,f,19833
19834,c,19833
19834,f,19833
19831,c,19833
19829,c,19833
19829,f,19833
19830,c,19833
19830,f,19833
19834,a,19834
19834,e,19834
19833,e,19834
19833,a,19834
19830,a,19834
19835,a,19834
19835,e,19834
19832,e,19834
19832,a,19834
19830,e,19834
19831,a,19834
19831,e,19834
19836,d,19835
19835,b,19835
19834,f,19835
19834,d,19835
19834,a,19835
19835,d,19835
19835,f,19835
19836,f,19835
19836,a,19835
19835,a,19835
19836,b,19835
19834,b,19835
19831,a,19835
19832,f,19835
19832,d,19835
19832,b,19835
19832,a,19835
19833,a,19835
19833,b,19835
19833,d,19835
19831,b,19835
19831,d,19835
19831,f,19835
19833,f,19835
19836,e,19836
19832,d,19836
19832,b,19836
19836,b,19836
19836,d,19836
19835,b,19836
19835,d,19836
19835,f,19836
19835,e,19836
19837,d,19836
19833,b,19836
19836,c,19836
19836,f,19836
19835,c,19836
19837,b,19836
19833,d,19836
19837,e,19836
19833,c,19836
19833,f,19836
19833,e,19836
19837,f,19836
19832,f,19836
19832,c,19836
19834,b,19836
19832,e,19836
19834,c,19836
19834,f,19836
19834,e,19836
19834,d,19836
19837,c,19836
19837,e,19837
19836,f,19837
19836,c,19837
19836,d,19837
19838,d,19837
19838,c,19837
19838,f,19837
19838,e,19837
19837,f,19837
19837,c,19837
19837,d,19837
19836,e,19837
19833,e,19837
19834,c,19837
19834,d,19837
19835,d,19837
19833,f,19837
19833,c,19837
19834,f,19837
19833,d,19837
19835,f,19837
19835,e,19837
19835,c,19837
19834,e,19837
19838,f,19838
19838,d,19838
19838,e,19838
19837,e,19838
19837,f,19838
19837,d,19838
19839,d,19838
19839,f,19838
19839,e,19838
19834,f,19838
19836,e,19838
19834,e,19838
19835,e,19838
19835,f,19838
19834,d,19838
19835,d,19838
19836,d,19838
19836,f,19838
19839,b,19839
19835,b,19839
19840,b,19839
19838,f,19839
19838,d,19839
19838,b,19839
19839,d,19839
19835,d,19839
19836,d,19839
19835,f,19839
19840,d,19839
19840,f,19839
19837,f,19839
19837,d,19839
19837,b,19839
19836,f,19839
19836,b,19839
19839,f,19839
19840,c,19840
19839,f,19840
19840,f,19840
19841,c,19840
19841,f,19840
19838,f,19840
19838,c,19840
19837,f,19840
19837,c,19840
19836,c,19840
19836,f,19840
19839,c,19840
19838,e,19841
19839,e,19841
19837,e,19841
19840,e,19841
19842,e,19841
19841,e,19841
19843,d,19843
19842,d,19843
19844,d,19843
19841,d,19843
19840,d,19843
19839,d,19843
19845,f,19844
19840,f,19844
19842,f,19844
19844,f,19844
19843,f,19844
19841,f,19844
19841,c,19845
19846,c,19845
19844,e,19845
19844,c,19845
19846,e,19845
19843,e,19845
19845,c,19845
19843,c,19845
19842,e,19845
19842,c,19845
19841,e,19845
19845,e,19845
19846,f,19846
19847,f,19846
19847,e,19846
19845,e,19846
19845,f,19846
19846,e,19846
19844,f,19846
19844,e,19846
19843,e,19846
19843,f,19846
19842,e,19846
19842,f,19846
19845,f,19847
19843,f,19847
19846,f,19847
19847,f,19847
19848,f,19847
19844,f,19847
19850,e,19851
19851,e,19851
19849,e,19851
19852,e,19851
19848,e,19851
19847,e,19851
19849,f,19852
19848,f,19852
19850,f,19852
19853,f,19852
19851,f,19852
19852,f,19852
19853,e,19853
19852,e,19853
19854,e,19853
19851,e,19853
19850,e,19853
19849,e,19853
19851,f,19854
19852,f,19854
19850,f,19854
19853,f,19854
19854,f,19854
19855,f,19854
19856,c,19857
19856,b,19857
19858,b,19857
19858,c,19857
19855,c,19857
19855,b,19857
19857,b,19857
19854,c,19857
19854,b,19857
19857,c,19857
19853,c,19857
19853,b,19857
19859,c,19858
19858,e,19858
19857,e,19858
19857,f,19858
19857,c,19858
19858,c,19858
19858,f,19858
19855,e,19858
19855,f,19858
19859,f,19858
19854,c,19858
19854,f,19858
19854,e,19858
19855,c,19858
19859,e,19858
19856,e,19858
19856,c,19858
19856,f,19858
19859,f,19859
19859,e,19859
19858,e,19859
19858,f,19859
19855,f,19859
19857,f,19859
19856,f,19859
19860,f,19859
19860,e,19859
19857,e,19859
19855,e,19859
19856,e,19859
19861,f,19860
19860,f,19860
19859,f,19860
19858,f,19860
19857,f,19860
19856,f,19860
19858,c,19861
19859,c,19861
19857,c,19861
19860,c,19861
19862,c,19861
19861,c,19861
19863,e,19862
19858,e,19862
19861,e,19862
19862,e,19862
19859,e,19862
19860,e,19862
19860,f,19863
19861,f,19863
19864,f,19863
19863,f,19863
19862,f,19863
19859,f,19863
19864,e,19864
19863,e,19864
19860,e,19864
19865,e,19864
19862,e,19864
19861,e,19864
19865,e,19865
19864,e,19865
19864,f,19865
19861,f,19865
19862,f,19865
19862,e,19865
19863,e,19865
19863,f,19865
19861,e,19865
19865,f,19865
19866,e,19865
19866,f,19865
19865,f,19866
19867,f,19866
19866,f,19866
19864,f,19866
19863,f,19866
19862,f,19866
19864,b,19867
19865,b,19867
19867,b,19867
19863,b,19867
19866,b,19867
19868,b,19867
19864,c,19868
19868,c,19868
19868,f,19868
19867,f,19868
19867,c,19868
19869,c,19868
19869,f,19868
19866,f,19868
19866,c,19868
19865,f,19868
19865,c,19868
19864,f,19868
19869,b,19869
19869,f,19869
19868,e,19869
19868,f,19869
19868,c,19869
19868,b,19869
19869,e,19869
19870,b,19869
19870,c,19869
19869,c,19869
19870,e,19869
19866,f,19869
19867,e,19869
19865,b,19869
19865,c,19869
19867,f,19869
19867,c,19869
19867,b,19869
19870,f,19869
19866,c,19869
19866,e,19869
19866,b,19869
19865,e,19869
19865,f,19869
19867,f,19870
19869,f,19870
19869,e,19870
19870,e,19870
19870,c,19870
19869,c,19870
19870,f,19870
19871,c,19870
19871,f,19870
19871,e,19870
19868,e,19870
19868,f,19870
19868,c,19870
19866,c,19870
19866,f,19870
19866,e,19870
19867,c,19870
19867,e,19870
19871,f,19871
19870,e,19871
19870,f,19871
19871,e,19871
19872,f,19871
19872,e,19871
19868,e,19871
19869,e,19871
19869,f,19871
19867,f,19871
19867,e,19871
19868,f,19871
19873,f,19872
19873,e,19872
19871,e,19872
19871,f,19872
19869,e,19872
19868,f,19872
19868,e,19872
19870,e,19872
19870,f,19872
19869,f,19872
19872,f,19872
19872,e,19872
19874,f,19873
19873,f,19873
19869,f,19873
19872,f,19873
19870,f,19873
19871,f,19873
19872,d,19875
19876,d,19875
19874,d,19875
19875,d,19875
19871,d,19875
19873,d,19875
19873,d,19876
19876,f,19876
19876,d,19876
19872,d,19876
19875,f,19876
19875,d,19876
19877,f,19876
19877,d,19876
19874,f,19876
19874,d,19876
19872,f,19876
19873,f,19876
19878,b,19877
19877,b,19877
19877,f,19877
19876,f,19877
19876,b,19877
19873,b,19877
19873,f,19877
19875,b,19877
19878,f,19877
19875,f,19877
19874,b,19877
19874,f,19877
19877,f,19878
19877,c,19878
19878,b,19878
19878,c,19878
19877,b,19878
19878,f,19878
19879,c,19878
19879,f,19878
19879,b,19878
19874,c,19878
19876,f,19878
19876,c,19878
19876,b,19878
19874,f,19878
19875,b,19878
19875,c,19878
19875,f,19878
19874,b,19878
19879,c,19879
19879,f,19879
19879,e,19879
19878,e,19879
19880,e,19879
19878,c,19879
19875,c,19879
19878,f,19879
19877,e,19879
19877,f,19879
19877,c,19879
19875,f,19879
19875,e,19879
19876,c,19879
19876,f,19879
19880,c,19879
19880,f,19879
19876,e,19879
19879,e,19880
19880,e,19880
19880,f,19880
19879,f,19880
19879,d,19880
19881,d,19880
19876,d,19880
19881,e,19880
19878,e,19880
19878,f,19880
19878,d,19880
19877,e,19880
19877,f,19880
19877,d,19880
19876,e,19880
19876,f,19880
19881,f,19880
19880,d,19880
19881,c,19881
19881,f,19881
19882,c,19881
19882,f,19881
19880,c,19881
19880,f,19881
19877,f,19881
19879,f,19881
19878,c,19881
19878,f,19881
19879,c,19881
19877,c,19881
19879,e,19882
19880,e,19882
19883,e,19882
19878,e,19882
19881,e,19882
19882,e,19882
19879,a,19883
19883,a,19883
19883,d,19883
19882,d,19883
19879,d,19883
19882,a,19883
19884,d,19883
19880,d,19883
19880,a,19883
19881,a,19883
19884,a,19883
19881,d,19883
19885,b,19884
19883,f,19884
19884,c,19884
19885,c,19884
19883,c,19884
19883,d,19884
19883,b,19884
19884,d,19884
19884,b,19884
19880,b,19884
19885,d,19884
19884,f,19884
19881,b,19884
19885,f,19884
19881,d,19884
19882,f,19884
19882,c,19884
19882,d,19884
19882,b,19884
19880,d,19884
19880,c,19884
19880,f,19884
19881,c,19884
19881,f,19884
19886,e,19885
19884,c,19885
19885,f,19885
19884,e,19885
19886,f,19885
19885,c,19885
19885,e,19885
19884,f,19885
19886,c,19885
19881,f,19885
19881,c,19885
19881,e,19885
19883,e,19885
19883,f,19885
19883,c,19885
19882,c,19885
19882,f,19885
19882,e,19885
19882,c,19886
19886,c,19886
19887,c,19886
19887,f,19886
19887,e,19886
19885,e,19886
19885,f,19886
19885,c,19886
19886,e,19886
19882,f,19886
19882,e,19886
19884,e,19886
19884,f,19886
19884,c,19886
19883,c,19886
19883,f,19886
19883,e,19886
19886,f,19886
19887,e,19887
19888,f,19887
19888,e,19887
19883,e,19887
19886,e,19887
19883,f,19887
19887,f,19887
19886,f,19887
19884,f,19887
19884,e,19887
19885,f,19887
19885,e,19887
19888,f,19888
19889,f,19888
19884,f,19888
19887,f,19888
19886,f,19888
19885,f,19888
19885,a,19889
19887,a,19889
19890,a,19889
19889,a,19889
19886,a,19889
19888,a,19889
19890,b,19890
19889,d,19890
19889,b,19890
19890,d,19890
19891,d,19890
19891,b,19890
19888,d,19890
19888,b,19890
19887,d,19890
19886,b,19890
19886,d,19890
19887,b,19890
19888,f,19891
19891,c,19891
19891,f,19891
19890,f,19891
19890,c,19891
19888,c,19891
19892,c,19891
19889,f,19891
19889,c,19891
19887,c,19891
19887,f,19891
19892,f,19891
19892,a,19892
19891,e,19892
19891,c,19892
19891,a,19892
19892,c,19892
19893,e,19892
19892,e,19892
19893,a,19892
19893,c,19892
19890,a,19892
19889,c,19892
19888,e,19892
19888,c,19892
19888,a,19892
19889,e,19892
19890,c,19892
19889,a,19892
19890,e,19892
19894,b,19893
19893,e,19893
19893,f,19893
19894,d,19893
19893,b,19893
19894,f,19893
19894,e,19893
19892,e,19893
19892,f,19893
19892,d,19893
19892,b,19893
19890,f,19893
19893,d,19893
19890,e,19893
19889,b,19893
19891,d,19893
19889,f,19893
19891,f,19893
19891,e,19893
19891,b,19893
19890,b,19893
19889,e,19893
19890,d,19893
19889,d,19893
19890,f,19894
19893,f,19894
19893,c,19894
19894,c,19894
19894,f,19894
19895,c,19894
19895,f,19894
19890,c,19894
19892,c,19894
19891,f,19894
19891,c,19894
19892,f,19894
19891,c,19895
19895,e,19895
19896,c,19895
19894,e,19895
19894,c,19895
19891,e,19895
19895,c,19895
19892,e,19895
19896,e,19895
19893,e,19895
19893,c,19895
19892,c,19895
19896,f,19896
19896,e,19896
19895,e,19896
19895,f,19896
19897,e,19896
19892,e,19896
19897,f,19896
19894,e,19896
19894,f,19896
19893,e,19896
19893,f,19896
19892,f,19896
19894,f,19897
19895,f,19897
19893,f,19897
19896,f,19897
19898,f,19897
19897,f,19897
19894,e,19898
19899,e,19898
19898,e,19898
19897,e,19898
19895,e,19898
19896,e,19898
19897,f,19899
19896,f,19899
19898,f,19899
19895,f,19899
19899,f,19899
19900,f,19899
19902,f,19901
19901,f,19901
19900,f,19901
19899,f,19901
19898,f,19901
19897,f,19901
19902,f,19903
19904,f,19903
19903,f,19903
19899,f,19903
19901,f,19903
19900,f,19903
19901,e,19904
19900,e,19904
19902,f,19904
19902,e,19904
19905,e,19904
19900,f,19904
19903,f,19904
19903,e,19904
19905,f,19904
19904,f,19904
19901,f,19904
19904,e,19904
19905,f,19905
19906,f,19905
19904,f,19905
19902,f,19905
19901,f,19905
19903,f,19905
19907,b,19911
19908,b,19911
19909,b,19911
19912,b,19911
19910,b,19911
19911,b,19911
19913,f,19912
19913,c,19912
19912,f,19912
19912,c,19912
19911,f,19912
19911,c,19912
19909,f,19912
19910,f,19912
19910,c,19912
19908,c,19912
19908,f,19912
19909,c,19912
19910,e,19913
19913,e,19913
19912,e,19913
19911,e,19913
19909,e,19913
19914,e,19913
19910,f,19914
19914,f,19914
19912,f,19914
19915,f,19914
19911,f,19914
19913,f,19914
19915,f,19915
19915,b,19915
19914,f,19915
19914,b,19915
19916,f,19915
19916,b,19915
19913,f,19915
19913,b,19915
19911,b,19915
19911,f,19915
19912,b,19915
19912,f,19915
19913,f,19916
19917,f,19916
19913,c,19916
19916,f,19916
19916,c,19916
19915,f,19916
19917,c,19916
19915,c,19916
19912,f,19916
19912,c,19916
19914,c,19916
19914,f,19916
19915,c,19917
19917,c,19917
19917,e,19917
19916,e,19917
19916,c,19917
19914,c,19917
19914,e,19917
19918,c,19917
19918,e,19917
19915,e,19917
19913,e,19917
19913,c,19917
19919,f,19918
19919,e,19918
19918,f,19918
19914,e,19918
19917,e,19918
19917,f,19918
19918,e,19918
19914,f,19918
19916,e,19918
19916,f,19918
19915,e,19918
19915,f,19918
19916,f,19919
19920,f,19919
19920,c,19919
19919,f,19919
19919,c,19919
19918,f,19919
19918,c,19919
19917,f,19919
19915,f,19919
19916,c,19919
19917,c,19919
19915,c,19919
19918,e,19920
19920,e,19920
19916,e,19920
19921,e,19920
19917,e,19920
19919,e,19920
19921,f,19921
19922,f,19921
19919,f,19921
19917,f,19921
19920,f,19921
19918,f,19921
19921,c,19922
19921,b,19922
19923,c,19922
19923,b,19922
19922,b,19922
19922,c,19922
19920,c,19922
19918,b,19922
19918,c,19922
19919,b,19922
19919,c,19922
19920,b,19922
19923,a,19923
19923,c,19923
19923,f,19923
19923,e,19923
19922,e,19923
19922,f,19923
19922,c,19923
19922,a,19923
19924,a,19923
19924,c,19923
19924,f,19923
19920,a,19923
19924,e,19923
19920,c,19923
19921,e,19923
19921,f,19923
19921,c,19923
19921,a,19923
19919,a,19923
19919,c,19923
19919,f,19923
19919,e,19923
19920,f,19923
19920,e,19923
19925,e,19924
19923,b,19924
19923,d,19924
19924,d,19924
19923,e,19924
19925,f,19924
19924,f,19924
19924,e,19924
19924,b,19924
19923,f,19924
19925,b,19924
19925,d,19924
19920,d,19924
19921,f,19924
19921,d,19924
19921,b,19924
19920,e,19924
19920,f,19924
19922,b,19924
19921,e,19924
19922,f,19924
19922,e,19924
19920,b,19924
19922,d,19924
19925,f,19925
19926,c,19925
19924,f,19925
19924,c,19925
19924,d,19925
19925,c,19925
19925,d,19925
19926,d,19925
19921,d,19925
19921,f,19925
19926,f,19925
19923,f,19925
19923,c,19925
19923,d,19925
19922,d,19925
19922,c,19925
19922,f,19925
19921,c,19925
19926,f,19926
19922,e,19926
19927,f,19926
19927,e,19926
19925,e,19926
19925,f,19926
19922,f,19926
19926,e,19926
19924,f,19926
19923,f,19926
19924,e,19926
19923,e,19926
19924,d,19927
19927,a,19927
19927,d,19927
19927,f,19927
19928,a,19927
19928,d,19927
19926,f,19927
19926,d,19927
19926,a,19927
19923,a,19927
19924,f,19927
19923,f,19927
19923,d,19927
19928,f,19927
19925,f,19927
19925,d,19927
19925,a,19927
19924,a,19927
19929,d,19928
19928,b,19928
19928,d,19928
19928,f,19928
19929,b,19928
19927,d,19928
19927,b,19928
19929,f,19928
19924,f,19928
19927,f,19928
19926,d,19928
19924,d,19928
19925,d,19928
19925,f,19928
19926,b,19928
19924,b,19928
19925,b,19928
19926,f,19928
19927,c,19929
19930,c,19929
19929,a,19929
19929,c,19929
19928,c,19929
19928,a,19929
19926,c,19929
19926,a,19929
19925,a,19929
19925,c,19929
19930,a,19929
19927,a,19929
19929,d,19930
19929,e,19930
19929,b,19930
19931,d,19930
19931,b,19930
19930,e,19930
19926,d,19930
19928,b,19930
19928,e,19930
19928,d,19930
19926,e,19930
19927,e,19930
19927,d,19930
19927,b,19930
19930,b,19930
19926,b,19930
19931,e,19930
19930,d,19930
19931,c,19931
19931,f,19931
19932,c,19931
19932,f,19931
19930,f,19931
19930,c,19931
19927,c,19931
19927,f,19931
19928,c,19931
19928,f,19931
19929,f,19931
19929,c,19931
19933,e,19932
19932,e,19932
19928,e,19932
19930,e,19932
19929,e,19932
19931,e,19932
19933,a,19933
19929,f,19933
19932,f,19933
19932,a,19933
19933,f,19933
19934,f,19933
19929,a,19933
19934,a,19933
19930,a,19933
19931,f,19933
19931,a,19933
19930,f,19933
19934,b,19934
19934,d,19934
19933,d,19934
19933,b,19934
19930,b,19934
19930,d,19934
19935,b,19934
19935,d,19934
19932,d,19934
19932,b,19934
19931,b,19934
19931,d,19934
19936,f,19935
19935,c,19935
19935,f,19935
19934,f,19935
19936,c,19935
19934,c,19935
19933,f,19935
19933,c,19935
19931,c,19935
19931,f,19935
19932,f,19935
19932,c,19935
19933,e,19936
19937,d,19936
19936,e,19936
19936,d,19936
19937,e,19936
19935,d,19936
19935,e,19936
19932,d,19936
19934,e,19936
19934,d,19936
19932,e,19936
19933,d,19936
19935,f,19937
19934,f,19937
19936,f,19937
19938,f,19937
19933,f,19937
19937,f,19937
19938,b,19939
19937,b,19939
19939,b,19939
19940,b,19939
19936,b,19939
19935,b,19939
19937,c,19940
19940,f,19940
19939,f,19940
19939,c,19940
19940,c,19940
19941,c,19940
19936,c,19940
19941,f,19940
19938,f,19940
19938,c,19940
19937,f,19940
19936,f,19940
19940,e,19941
19941,e,19941
19942,d,19941
19942,e,19941
19940,d,19941
19941,d,19941
19939,d,19941
19938,d,19941
19937,d,19941
19939,e,19941
19937,e,19941
19938,e,19941
19938,b,19942
19942,f,19942
19941,b,19942
19941,f,19942
19943,b,19942
19940,f,19942
19940,b,19942
19938,f,19942
19939,b,19942
19939,f,19942
19943,f,19942
19942,b,19942
19942,a,19943
19942,c,19943
19942,f,19943
19943,f,19943
19943,c,19943
19943,a,19943
19939,c,19943
19944,a,19943
19939,f,19943
19944,f,19943
19941,f,19943
19941,c,19943
19940,f,19943
19940,c,19943
19940,a,19943
19939,a,19943
19944,c,19943
19941,a,19943
19944,b,19944
19943,e,19944
19943,d,19944
19944,d,19944
19944,e,19944
19945,e,19944
19943,b,19944
19945,b,19944
19942,b,19944
19940,b,19944
19941,d,19944
19941,b,19944
19945,d,19944
19940,e,19944
19942,e,19944
19942,d,19944
19941,e,19944
19940,d,19944
19944,a,19945
19946,a,19945
19944,f,19945
19945,f,19945
19945,c,19945
19945,a,19945
19944,c,19945
19941,a,19945
19942,c,19945
19943,c,19945
19942,f,19945
19946,f,19945
19942,a,19945
19941,c,19945
19943,f,19945
19946,c,19945
19943,a,19945
19941,f,19945
19947,b,19946
19946,e,19946
19945,b,19946
19947,c,19946
19946,c,19946
19946,b,19946
19945,d,19946
19945,c,19946
19945,e,19946
19947,e,19946
19947,d,19946
19946,d,19946
19942,b,19946
19944,b,19946
19944,d,19946
19944,c,19946
19944,e,19946
19942,d,19946
19942,c,19946
19942,e,19946
19943,b,19946
19943,d,19946
19943,c,19946
19943,e,19946
19946,b,19947
19948,b,19947
19946,e,19947
19946,a,19947
19946,c,19947
19944,e,19947
19947,a,19947
19947,b,19947
19947,c,19947
19947,f,19947
19947,e,19947
19944,f,19947
19948,e,19947
19948,f,19947
19948,a,19947
19943,a,19947
19943,b,19947
19946,f,19947
19945,a,19947
19944,c,19947
19944,b,19947
19944,a,19947
19943,e,19947
19943,f,19947
19943,c,19947
19945,b,19947
19945,c,19947
19948,c,19947
19945,e,19947
19945,f,19947
19944,e,19948
19947,b,19948
19947,d,19948
19947,c,19948
19947,f,19948
19947,e,19948
19948,e,19948
19948,f,19948
19948,d,19948
19948,b,19948
19944,f,19948
19944,c,19948
19944,d,19948
19944,b,19948
19948,c,19948
19945,f,19948
19945,e,19948
19945,c,19948
19945,b,19948
19946,b,19948
19946,d,19948
19946,c,19948
19946,f,19948
19946,e,19948
19949,c,19948
19949,d,19948
19949,b,19948
19949,e,19948
19949,f,19948
19945,d,19948
19950,a,19949
19950,c,19949
19950,f,19949
19948,e,19949
19948,f,19949
19949,a,19949
19949,c,19949
19948,c,19949
19948,a,19949
19949,e,19949
19946,e,19949
19945,a,19949
19945,c,19949
19947,e,19949
19947,f,19949
19947,c,19949
19947,a,19949
19945,f,19949
19945,e,19949
19949,f,19949
19946,a,19949
19946,c,19949
19950,e,19949
19946,f,19949
19949,d,19950
19950,b,19950
19949,e,19950
19951,e,19950
19951,f,19950
19951,b,19950
19950,e,19950
19950,f,19950
19950,d,19950
19949,f,19950
19951,d,19950
19947,f,19950
19946,d,19950
19949,b,19950
19946,b,19950
19947,b,19950
19947,d,19950
19946,e,19950
19948,b,19950
19947,e,19950
19948,f,19950
19948,e,19950
19948,d,19950
19946,f,19950
19947,f,19951
19949,f,19951
19952,f,19951
19950,f,19951
19951,f,19951
19948,f,19951
19952,d,19952
19953,d,19952
19951,d,19952
19948,d,19952
19950,d,19952
19949,d,19952
19950,b,19953
19951,b,19953
19954,b,19953
19949,b,19953
19952,b,19953
19953,b,19953
19950,c,19954
19954,f,19954
19953,f,19954
19953,c,19954
19955,c,19954
19952,c,19954
19952,f,19954
19950,f,19954
19951,f,19954
19951,c,19954
19955,f,19954
19954,c,19954
19956,e,19955
19954,e,19955
19955,e,19955
19953,e,19955
19951,e,19955
19952,e,19955
19957,f,19956
19955,f,19956
19956,f,19956
19952,f,19956
19954,f,19956
19953,f,19956
19955,f,19958
19954,f,19958
19956,f,19958
19958,f,19958
19959,f,19958
19957,f,19958
19955,d,19959
19960,d,19959
19956,d,19959
19958,d,19959
19957,d,19959
19959,d,19959
19959,a,19960
19960,f,19960
19959,f,19960
19960,a,19960
19960,b,19960
19961,b,19960
19961,f,19960
19959,b,19960
19958,f,19960
19961,a,19960
19956,a,19960
19957,b,19960
19958,a,19960
19957,a,19960
19956,f,19960
19957,f,19960
19958,b,19960
19956,b,19960
19958,b,19961
19962,d,19961
19962,b,19961
19960,d,19961
19960,c,19961
19960,f,19961
19961,f,19961
19961,c,19961
19961,d,19961
19961,b,19961
19960,b,19961
19962,f,19961
19962,c,19961
19957,f,19961
19958,d,19961
19959,f,19961
19958,c,19961
19959,c,19961
19959,d,19961
19959,b,19961
19957,b,19961
19957,d,19961
19957,c,19961
19958,f,19961
19963,e,19962
19963,c,19962
19961,a,19962
19962,c,19962
19961,f,19962
19962,e,19962
19962,a,19962
19961,e,19962
19962,f,19962
19961,c,19962
19963,f,19962
19963,a,19962
19959,e,19962
19959,a,19962
19958,e,19962
19959,c,19962
19958,f,19962
19960,a,19962
19960,c,19962
19959,f,19962
19960,e,19962
19958,c,19962
19958,a,19962
19960,f,19962
19964,d,19963
19964,f,19963
19962,e,19963
19962,f,19963
19962,d,19963
19962,b,19963
19963,b,19963
19963,d,19963
19964,b,19963
19963,e,19963
19959,b,19963
19960,e,19963
19960,f,19963
19960,d,19963
19960,b,19963
19959,e,19963
19963,f,19963
19961,d,19963
19961,b,19963
19961,e,19963
19964,e,19963
19959,f,19963
19959,d,19963
19961,f,19963
19965,c,19964
19960,f,19964
19963,f,19964
19963,c,19964
19964,f,19964
19964,c,19964
19960,c,19964
19962,c,19964
19961,c,19964
19962,f,19964
19965,f,19964
19961,f,19964
19966,f,19965
19965,e,19965
19964,e,19965
19964,f,19965
19961,f,19965
19961,e,19965
19962,f,19965
19962,e,19965
19963,e,19965
19963,f,19965
19966,e,19965
19965,f,19965
19967,e,19966
19965,e,19966
19966,e,19966
19964,e,19966
19963,e,19966
19962,e,19966
19969,a,19968
19968,a,19968
19967,e,19968
19967,a,19968
19968,e,19968
19969,e,19968
19966,e,19968
19966,a,19968
19964,a,19968
19965,e,19968
19964,e,19968
19965,a,19968
19965,f,19969
19970,f,19969
19970,d,19969
19970,b,19969
19969,f,19969
19969,b,19969
19968,f,19969
19968,d,19969
19968,b,19969
19969,d,19969
19967,f,19969
19967,d,19969
19967,b,19969
19966,b,19969
19966,d,19969
19965,b,19969
19966,f,19969
19965,d,19969
19967,f,19970
19971,f,19970
19971,c,19970
19970,f,19970
19970,c,19970
19969,f,19970
19969,c,19970
19966,c,19970
19967,c,19970
19968,c,19970
19968,f,19970
19966,f,19970
19972,e,19971
19969,e,19971
19967,e,19971
19971,e,19971
19968,e,19971
19970,e,19971
19972,b,19972
19971,f,19972
19971,b,19972
19972,f,19972
19970,f,19972
19970,b,19972
19968,b,19972
19968,f,19972
19973,f,19972
19973,b,19972
19969,f,19972
19969,b,19972
19974,c,19973
19972,f,19973
19972,c,19973
19973,f,19973
19974,f,19973
19969,f,19973
19971,f,19973
19971,c,19973
19970,f,19973
19970,c,19973
19969,c,19973
19973,c,19973
19974,d,19974
19974,e,19974
19975,d,19974
19975,f,19974
19975,e,19974
19973,e,19974
19973,f,19974
19973,d,19974
19974,f,19974
19972,f,19974
19971,f,19974
19970,e,19974
19971,d,19974
19970,f,19974
19971,e,19974
19970,d,19974
19972,e,19974
19972,d,19974
19971,f,19975
19973,f,19975
19974,f,19975
19976,f,19975
19975,f,19975
19972,f,19975
19976,f,19976
19977,f,19976
19972,f,19976
19975,f,19976
19974,f,19976
19973,f,19976
19978,d,19978
19979,b,19978
19977,d,19978
19977,b,19978
19979,d,19978
19974,d,19978
19978,b,19978
19976,b,19978
19974,b,19978
19975,d,19978
19975,b,19978
19976,d,19978
19979,c,19979
19980,f,19979
19980,c,19979
19978,f,19979
19979,f,19979
19978,c,19979
19975,c,19979
19976,c,19979
19976,f,19979
19977,c,19979
19975,f,19979
19977,f,19979
19981,e,19980
19976,e,19980
19977,e,19980
19979,e,19980
19980,e,19980
19978,e,19980
19981,a,19981
19980,f,19981
19977,f,19981
19981,f,19981
19980,a,19981
19977,a,19981
19982,a,19981
19979,f,19981
19979,a,19981
19982,f,19981
19978,a,19981
19978,f,19981
19982,b,19982
19982,d,19982
19981,d,19982
19981,b,19982
19983,b,19982
19979,d,19982
19983,d,19982
19980,d,19982
19980,b,19982
19978,b,19982
19978,d,19982
19979,b,19982
19983,f,19983
19982,e,19983
19982,f,19983
19984,e,19983
19982,c,19983
19984,c,19983
19983,c,19983
19984,f,19983
19983,e,19983
19979,c,19983
19979,f,19983
19981,e,19983
19981,f,19983
19981,c,19983
19979,e,19983
19980,c,19983
19980,f,19983
19980,e,19983
19984,e,19984
19985,b,19984
19985,f,19984
19985,e,19984
19983,e,19984
19983,f,19984
19983,b,19984
19980,b,19984
19982,e,19984
19982,f,19984
19982,b,19984
19980,f,19984
19980,e,19984
19981,b,19984
19981,f,19984
19981,e,19984
19984,f,19984
19984,b,19984
19985,c,19985
19985,f,19985
19986,c,19985
19986,f,19985
19984,f,19985
19984,c,19985
19981,c,19985
19981,f,19985
19982,c,19985
19982,f,19985
19983,f,19985
19983,c,19985
19986,e,19986
19987,e,19986
19987,f,19986
19986,f,19986
19985,f,19986
19985,e,19986
19982,e,19986
19983,f,19986
19984,e,19986
19984,f,19986
19983,e,19986
19982,f,19986
19985,f,19987
19984,f,19987
19986,f,19987
19987,f,19987
19983,f,19987
19988,f,19987
19988,c,19990
19990,c,19990
19991,c,19990
19989,c,19990
19987,c,19990
19986,c,19990
19992,a,19991
19991,a,19991
19990,e,19991
19990,a,19991
19992,e,19991
19991,e,19991
19989,e,19991
19988,a,19991
19987,a,19991
19989,a,19991
19987,e,19991
19988,e,19991
19989,b,19992
19993,c,19992
19993,f,19992
19992,f,19992
19992,c,19992
19992,d,19992
19992,b,19992
19993,d,19992
19991,c,19992
19991,d,19992
19991,b,19992
19988,b,19992
19991,f,19992
19993,b,19992
19988,c,19992
19988,f,19992
19988,d,19992
19990,d,19992
19990,c,19992
19990,b,19992
19989,f,19992
19989,c,19992
19989,d,19992
19990,f,19992
19993,e,19993
19992,c,19993
19989,c,19993
19989,f,19993
19989,e,19993
19990,e,19993
19993,f,19993
19994,f,19993
19994,e,19993
19992,f,19993
19993,c,19993
19991,e,19993
19991,f,19993
19991,c,19993
19990,c,19993
19990,f,19993
19994,c,19993
19992,e,19993
19995,e,19994
19993,f,19994
19994,b,19994
19994,f,19994
19995,b,19994
19995,f,19994
19993,b,19994
19993,e,19994
19994,e,19994
19992,b,19994
19990,f,19994
19990,e,19994
19991,e,19994
19991,f,19994
19992,e,19994
19992,f,19994
19990,b,19994
19991,b,19994
19991,c,19995
19991,a,19995
19994,f,19995
19994,c,19995
19994,e,19995
19995,e,19995
19995,f,19995
19995,c,19995
19994,a,19995
19996,a,19995
19995,a,19995
19996,f,19995
19992,e,19995
19992,f,19995
19992,c,19995
19996,c,19995
19991,e,19995
19991,f,19995
19992,a,19995
19993,a,19995
19993,c,19995
19993,f,19995
19993,e,19995
19996,e,19995
19997,f,19996
19995,e,19996
19995,f,19996
19995,d,19996
19995,b,19996
19996,b,19996
19996,d,19996
19996,f,19996
19997,d,19996
19997,b,19996
19992,f,19996
19992,e,19996
19994,e,19996
19994,f,19996
19994,d,19996
19994,b,19996
19996,e,19996
19992,d,19996
19997,e,19996
19992,b,19996
19993,e,19996
19993,f,19996
19993,d,19996
19993,b,19996
19997,c,19997
19998,c,19997
19997,f,19997
19998,f,19997
19996,f,19997
19996,c,19997
19993,c,19997
19993,f,19997
19995,f,19997
19995,c,19997
19994,f,19997
19994,c,19997
19996,e,19998
19998,e,19998
19997,e,19998
19999,e,19998
19994,e,19998
19995,e,19998
19997,b,20000
20000,d,20000
20000,b,20000
19999,d,20000
19999,b,20000
20001,d,20000
19998,d,20000
20001,b,20000
19996,b,20000
19997,d,20000
19996,d,20000
19998,b,20000
20001,b,20001
20001,d,20001
20001,c,20001
20001,f,20001
20000,f,20001
20000,c,20001
20000,d,20001
20000,b,20001
19997,b,20001
20002,b,20001
20002,d,20001
20002,c,20001
20002,f,20001
19999,c,20001
19998,b,20001
19998,d,20001
19997,d,20001
19999,d,20001
19999,b,20001
19997,c,20001
19998,c,20001
19998,f,20001
19997,f,20001
19999,f,20001
20001,b,20002
20001,d,20002
20003,c,20002
20002,c,20002
20003,e,20002
20002,e,20002
20001,c,20002
20001,f,20002
20001,e,20002
20002,b,20002
20002,d,20002
20003,f,20002
20002,f,20002
19998,e,20002
20003,b,20002
20003,d,20002
19999,b,20002
20000,b,20002
20000,d,20002
20000,c,20002
20000,f,20002
20000,e,20002
19999,d,20002
19999,c,20002
19999,f,20002
19999,e,20002
19998,c,20002
19998,d,20002
19998,b,20002
19998,f,20002
19999,b,20003
20002,b,20003
20002,e,20003
20002,c,20003
20002,f,20003
19999,d,20003
20003,e,20003
20003,f,20003
20003,c,20003
20003,d,20003
20003,b,20003
20002,d,20003
20004,b,20003
20000,e,20003
20004,c,20003
20000,c,20003
20000,d,20003
20000,b,20003
19999,e,20003
20000,f,20003
19999,c,20003
20001,b,20003
20001,d,20003
20001,c,20003
19999,f,20003
20001,e,20003
20004,f,20003
20001,f,20003
20004,e,20003
20004,d,20003
20004,b,20004
20003,f,20004
20003,c,20004
20003,d,20004
20003,b,20004
20004,c,20004
20004,f,20004
20003,e,20004
20004,e,20004
20005,b,20004
20005,d,20004
20005,c,20004
20005,f,20004
20004,d,20004
20005,e,20004
20001,c,20004
20000,b,20004
20000,d,20004
20000,c,20004
20000,f,20004
20001,b,20004
20001,e,20004
20001,f,20004
20000,e,20004
20002,e,20004
20002,f,20004
20002,c,20004
20002,d,20004
20002,b,20004
20001,d,20004
20001,c,20005
20001,b,20005
20004,b,20005
20006,d,20005
20004,c,20005
20004,f,20005
20004,e,20005
20001,d,20005
20006,b,20005
20005,e,20005
20005,f,20005
20005,c,20005
20004,d,20005
20005,d,20005
20005,b,20005
20006,c,20005
20002,e,20005
20002,f,20005
20002,c,20005
20002,d,20005
20001,f,20005
20001,e,20005
20003,b,20005
20003,d,20005
20003,c,20005
20002,b,20005
20003,e,20005
20006,f,20005
20006,e,20005
20003,f,20005
20007,c,20006
20007,f,20006
20007,e,20006
20006,b,20006
20006,d,20006
20005,b,20006
20005,c,20006
20005,f,20006
20005,e,20006
20006,c,20006
20006,f,20006
20006,e,20006
20005,d,20006
20002,f,20006
20007,b,20006
20004,b,20006
20003,c,20006
20004,d,20006
20003,d,20006
20003,b,20006
20003,f,20006
20002,b,20006
20003,e,20006
20004,f,20006
20004,e,20006
20007,d,20006
20002,d,20006
20002,c,20006
20002,e,20006
20004,c,20006
20007,b,20007
20007,e,20007
20006,e,20007
20006,d,20007
20006,b,20007
20007,d,20007
20004,b,20007
20003,d,20007
20003,e,20007
20008,b,20007
20008,d,20007
20008,e,20007
20005,e,20007
20005,d,20007
20005,b,20007
20004,d,20007
20004,e,20007
20003,b,20007
20008,d,20008
20007,b,20008
20007,d,20008
20008,b,20008
20009,b,20008
20009,d,20008
20004,d,20008
20005,b,20008
20005,d,20008
20006,d,20008
20006,b,20008
20004,b,20008
20008,d,20009
20008,b,20009
20010,b,20009
20005,b,20009
20005,d,20009
20010,d,20009
20010,c,20009
20010,f,20009
20008,c,20009
20009,f,20009
20008,f,20009
20007,c,20009
20009,b,20009
20009,d,20009
20009,c,20009
20006,f,20009
20006,c,20009
20006,d,20009
20006,b,20009
20005,f,20009
20005,c,20009
20007,b,20009
20007,d,20009
20007,f,20009
20009,e,20010
20009,f,20010
20009,c,20010
20009,d,20010
20009,b,20010
20006,f,20010
20010,f,20010
20010,e,20010
20006,c,20010
20011,b,20010
20011,d,20010
20011,c,20010
20011,f,20010
20011,e,20010
20010,c,20010
20010,b,20010
20010,d,20010
20007,d,20010
20007,e,20010
20007,f,20010
20008,d,20010
20008,c,20010
20008,f,20010
20008,e,20010
20008,b,20010
20007,b,20010
20006,e,20010
20006,d,20010
20007,c,20010
20006,b,20010
20007,f,20011
20007,c,20011
20007,d,20011
20007,b,20011
20010,b,20011
20011,f,20011
20011,c,20011
20010,f,20011
20010,e,20011
20011,e,20011
20007,e,20011
20011,b,20011
20011,d,20011
20010,d,20011
20010,c,20011
20012,b,20011
20009,d,20011
20008,d,20011
20012,d,20011
20009,c,20011
20009,f,20011
20009,e,20011
20008,c,20011
20008,b,20011
20008,f,20011
20012,e,20011
20012,f,20011
20012,c,20011
20008,e,20011
20009,b,20011
20013,b,20012
20013,d,20012
20013,c,20012
20011,e,20012
20011,d,20012
20011,c,20012
20012,e,20012
20012,f,20012
20012,c,20012
20012,d,20012
20011,f,20012
20012,b,20012
20011,b,20012
20008,c,20012
20013,e,20012
20013,f,20012
20009,b,20012
20009,f,20012
20008,b,20012
20008,d,20012
20010,b,20012
20010,d,20012
20010,c,20012
20009,d,20012
20010,f,20012
20009,e,20012
20008,e,20012
20008,f,20012
20010,e,20012
20009,c,20012
20009,b,20013
20009,d,20013
20009,c,20013
20009,f,20013
20009,e,20013
20012,d,20013
20012,c,20013
20012,f,20013
20012,e,20013
20013,f,20013
20012,b,20013
20014,b,20013
20013,c,20013
20014,c,20013
20010,e,20013
20010,f,20013
20010,c,20013
20010,d,20013
20010,b,20013
20011,b,20013
20011,d,20013
20011,c,20013
20011,f,20013
20011,e,20013
20013,b,20013
20013,d,20013
20013,e,20013
20014,e,20013
20014,f,20013
20014,d,20013
20013,b,20014
20014,e,20014
20013,c,20014
20013,f,20014
20013,e,20014
20014,b,20014
20014,d,20014
20014,c,20014
20015,c,20014
20015,f,20014
20015,e,20014
20013,d,20014
20014,f,20014
20010,d,20014
20015,b,20014
20011,c,20014
20011,d,20014
20011,b,20014
20010,e,20014
20010,f,20014
20011,f,20014
20012,b,20014
20011,e,20014
20012,c,20014
20012,f,20014
20012,e,20014
20010,c,20014
20010,b,20014
20015,d,20014
20012,d,20014
20015,b,20015
20015,e,20015
20014,e,20015
20014,d,20015
20014,b,20015
20015,d,20015
20011,d,20015
20011,e,20015
20016,b,20015
20016,d,20015
20016,e,20015
20013,e,20015
20013,d,20015
20013,b,20015
20012,b,20015
20012,d,20015
20012,e,20015
20011,b,20015
20016,d,20016
20015,b,20016
20015,d,20016
20017,d,20016
20017,b,20016
20016,b,20016
20012,b,20016
20013,d,20016
20013,b,20016
20012,d,20016
20014,d,20016
20014,b,20016
20016,c,20017
20016,d,20017
20017,f,20017
20018,d,20017
20016,b,20017
20017,c,20017
20017,d,20017
20017,b,20017
20013,b,20017
20013,d,20017
20018,b,20017
20016,f,20017
20018,f,20017
20018,c,20017
20014,b,20017
20014,f,20017
20015,f,20017
20015,c,20017
20015,d,20017
20015,b,20017
20013,c,20017
20013,f,20017
20014,d,20017
20014,c,20017
20019,c,20018
20019,f,20018
20019,e,20018
20017,b,20018
20017,d,20018
20017,c,20018
20018,b,20018
20018,d,20018
20017,e,20018
20018,e,20018
20018,f,20018
20019,d,20018
20018,c,20018
20017,f,20018
20014,f,20018
20014,c,20018
20019,b,20018
20015,e,20018
20015,f,20018
20015,c,20018
20015,d,20018
20015,b,20018
20016,d,20018
20016,c,20018
20016,f,20018
20016,b,20018
20014,e,20018
20014,d,20018
20014,b,20018
20016,e,20018
20019,e,20019
20015,d,20019
20015,b,20019
20019,b,20019
20019,d,20019
20018,b,20019
20018,c,20019
20018,f,20019
20018,e,20019
20015,c,20019
20019,c,20019
20019,f,20019
20018,d,20019
20015,f,20019
20020,b,20019
20015,e,20019
20016,c,20019
20016,f,20019
20017,b,20019
20017,d,20019
20017,c,20019
20017,f,20019
20017,e,20019
20016,e,20019
20020,e,20019
20020,f,20019
20020,c,20019
20020,d,20019
20016,d,20019
20016,b,20019
20021,b,20020
20021,d,20020
20021,c,20020
20019,e,20020
20019,d,20020
20019,c,20020
20019,f,20020
20021,e,20020
20020,e,20020
20020,f,20020
20020,c,20020
20020,b,20020
20019,b,20020
20021,f,20020
20020,d,20020
20018,e,20020
20017,e,20020
20016,b,20020
20016,d,20020
20016,c,20020
20016,f,20020
20016,e,20020
20017,f,20020
20017,b,20020
20017,d,20020
20018,f,20020
20018,c,20020
20018,d,20020
20018,b,20020
20017,c,20020
20017,d,20021
20022,f,20021
20020,b,20021
20020,d,20021
20022,b,20021
20020,f,20021
20020,e,20021
20022,c,20021
20022,d,20021
20017,b,20021
20021,e,20021
20021,f,20021
20021,b,20021
20020,c,20021
20021,d,20021
20021,c,20021
20017,f,20021
20018,e,20021
20018,f,20021
20018,c,20021
20018,d,20021
20018,b,20021
20017,c,20021
20019,b,20021
20019,d,20021
20019,c,20021
20017,e,20021
20019,e,20021
20022,e,20021
20019,f,20021
20023,e,20022
20023,f,20022
20023,c,20022
20022,b,20022
20022,d,20022
20022,c,20022
20022,f,20022
20021,d,20022
20021,c,20022
20021,f,20022
20021,e,20022
20018,e,20022
20023,b,20022
20023,d,20022
20021,b,20022
20018,f,20022
20022,e,20022
20020,b,20022
20019,d,20022
20019,b,20022
20018,b,20022
20020,e,20022
20020,f,20022
20018,d,20022
20018,c,20022
20020,d,20022
20020,c,20022
20019,c,20022
20019,f,20022
20019,e,20022
20019,b,20023
20024,b,20023
20019,d,20023
20022,e,20023
20022,b,20023
20019,e,20023
20022,d,20023
20023,d,20023
20023,e,20023
20024,e,20023
20024,d,20023
20021,e,20023
20021,d,20023
20021,b,20023
20020,b,20023
20020,d,20023
20020,e,20023
20023,b,20023
20024,b,20024
20023,b,20024
20023,d,20024
20024,d,20024
20020,b,20024
20020,d,20024
20021,b,20024
20021,d,20024
20025,b,20024
20025,d,20024
20022,d,20024
20022,b,20024
20026,c,20025
20026,f,20025
20025,f,20025
20024,b,20025
20024,d,20025
20025,b,20025
20024,f,20025
20024,c,20025
20025,c,20025
20025,d,20025
20026,b,20025
20023,f,20025
20021,b,20025
20021,d,20025
20022,c,20025
20022,d,20025
20022,b,20025
20023,c,20025
20023,d,20025
20023,b,20025
20026,d,20025
20021,f,20025
20021,c,20025
20022,f,20025
20023,d,20026
20027,d,20026
20027,b,20026
20025,f,20026
20025,d,20026
20025,c,20026
20027,c,20026
20025,e,20026
20026,e,20026
20026,f,20026
20026,c,20026
20026,d,20026
20026,b,20026
20025,b,20026
20027,f,20026
20027,e,20026
20022,e,20026
20023,f,20026
20023,e,20026
20023,b,20026
20022,f,20026
20022,c,20026
20022,d,20026
20022,b,20026
20024,b,20026
20023,c,20026
20024,c,20026
20024,f,20026
20024,e,20026
20024,d,20026
20027,d,20027
20027,c,20027
20028,e,20027
20028,f,20027
20028,c,20027
20028,d,20027
20026,b,20027
20026,d,20027
20026,c,20027
20026,f,20027
20026,e,20027
20027,f,20027
20027,e,20027
20028,b,20027
20027,b,20027
20023,b,20027
20023,c,20027
20024,e,20027
20024,f,20027
20024,c,20027
20024,d,20027
20024,b,20027
20025,b,20027
20025,d,20027
20025,c,20027
20025,f,20027
20023,f,20027
20023,e,20027
20023,d,20027
20025,e,20027
20029,b,20028
20024,c,20028
20024,d,20028
20024,b,20028
20028,b,20028
20028,d,20028
20028,c,20028
20027,d,20028
20027,c,20028
20027,f,20028
20027,e,20028
20024,f,20028
20028,f,20028
20028,e,20028
20027,b,20028
20029,d,20028
20029,f,20028
20025,b,20028
20025,e,20028
20025,f,20028
20025,c,20028
20025,d,20028
20029,c,20028
20026,b,20028
20026,d,20028
20026,c,20028
20026,f,20028
20024,e,20028
20029,e,20028
20026,e,20028
20030,d,20029
20030,e,20029
20030,f,20029
20030,c,20029
20029,b,20029
20029,d,20029
20029,c,20029
20028,b,20029
20028,c,20029
20028,f,20029
20028,e,20029
20029,f,20029
20029,e,20029
20030,b,20029
20028,d,20029
20025,e,20029
20025,f,20029
20025,d,20029
20026,c,20029
20027,b,20029
20027,d,20029
20026,d,20029
20026,b,20029
20025,b,20029
20026,f,20029
20025,c,20029
20027,c,20029
20026,e,20029
20027,e,20029
20027,f,20029
20030,b,20030
20030,d,20030
20030,c,20030
20030,f,20030
20030,e,20030
20029,e,20030
20029,f,20030
20029,c,20030
20031,d,20030
20031,e,20030
20031,f,20030
20029,b,20030
20031,c,20030
20029,d,20030
20031,b,20030
20026,d,20030
20027,e,20030
20027,f,20030
20027,c,20030
20027,d,20030
20027,b,20030
20028,b,20030
20028,d,20030
20028,c,20030
20028,f,20030
20026,b,20030
20028,e,20030
20026,c,20030
20026,f,20030
20026,e,20030
20032,d,20031
20027,d,20031
20027,b,20031
20031,b,20031
20031,d,20031
20030,e,20031
20030,d,20031
20027,e,20031
20032,e,20031
20030,b,20031
20028,e,20031
20028,d,20031
20029,b,20031
20029,d,20031
20029,e,20031
20028,b,20031
20031,e,20031
20032,b,20031
20031,b,20032
20031,d,20032
20032,d,20032
20032,b,20032
20033,d,20032
20033,b,20032
20029,d,20032
20029,b,20032
20028,d,20032
20028,b,20032
20030,d,20032
20030,b,20032
20032,d,20033
20032,f,20033
20034,d,20033
20032,b,20033
20033,f,20033
20033,c,20033
20033,d,20033
20033,b,20033
20029,b,20033
20034,b,20033
20032,c,20033
20034,f,20033
20034,c,20033
20029,f,20033
20031,f,20033
20030,f,20033
20031,c,20033
20031,d,20033
20031,b,20033
20029,d,20033
20029,c,20033
20030,b,20033
20030,d,20033
20030,c,20033
20035,b,20034
20034,e,20034
20035,f,20034
20033,b,20034
20033,d,20034
20034,b,20034
20035,e,20034
20033,f,20034
20033,e,20034
20034,f,20034
20035,c,20034
20034,c,20034
20033,c,20034
20035,d,20034
20034,d,20034
20031,c,20034
20030,f,20034
20030,c,20034
20030,d,20034
20030,b,20034
20031,b,20034
20031,e,20034
20031,f,20034
20030,e,20034
20032,e,20034
20032,f,20034
20032,c,20034
20032,d,20034
20032,b,20034
20031,d,20034
20034,c,20035
20031,b,20035
20034,b,20035
20035,e,20035
20036,b,20035
20034,f,20035
20034,e,20035
20031,d,20035
20035,f,20035
20035,c,20035
20035,d,20035
20035,b,20035
20034,d,20035
20031,c,20035
20032,e,20035
20033,d,20035
20036,d,20035
20036,c,20035
20036,f,20035
20036,e,20035
20032,f,20035
20032,c,20035
20032,d,20035
20032,b,20035
20033,e,20035
20033,f,20035
20033,c,20035
20031,e,20035
20033,b,20035
20031,f,20035
20035,b,20036
20036,b,20036
20036,d,20036
20036,c,20036
20036,f,20036
20036,e,20036
20035,e,20036
20037,e,20036
20035,c,20036
20035,d,20036
20035,f,20036
20032,b,20036
20037,b,20036
20037,d,20036
20033,e,20036
20033,f,20036
20034,b,20036
20034,d,20036
20034,c,20036
20034,f,20036
20034,e,20036
20033,c,20036
20033,d,20036
20033,b,20036
20032,e,20036
20032,f,20036
20032,c,20036
20032,d,20036
20037,c,20036
20037,f,20036
20036,c,20037
20037,d,20037
20036,b,20037
20037,c,20037
20037,f,20037
20037,e,20037
20038,b,20037
20036,e,20037
20036,d,20037
20036,f,20037
20038,d,20037
20037,b,20037
20038,f,20037
20033,b,20037
20033,d,20037
20033,c,20037
20033,f,20037
20033,e,20037
20034,b,20037
20034,d,20037
20034,c,20037
20034,f,20037
20038,c,20037
20034,e,20037
20038,e,20037
20035,b,20037
20035,d,20037
20035,e,20037
20035,f,20037
20035,c,20037
20039,c,20038
20038,b,20038
20038,d,20038
20038,c,20038
20038,f,20038
20037,b,20038
20037,d,20038
20037,c,20038
20037,f,20038
20037,e,20038
20039,e,20038
20039,f,20038
20038,e,20038
20039,d,20038
20039,b,20038
20034,b,20038
20036,b,20038
20035,c,20038
20035,d,20038
20035,b,20038
20035,f,20038
20034,d,20038
20035,e,20038
20036,c,20038
20036,f,20038
20036,e,20038
20034,c,20038
20034,f,20038
20034,e,20038
20036,d,20038
20038,e,20039
20038,d,20039
20040,b,20039
20039,d,20039
20039,b,20039
20038,b,20039
20035,d,20039
20039,e,20039
20040,e,20039
20040,d,20039
20037,e,20039
20037,d,20039
20037,b,20039
20036,b,20039
20036,d,20039
20036,e,20039
20035,b,20039
20035,e,20039
20040,d,20040
20039,b,20040
20039,d,20040
20040,b,20040
20036,b,20040
20038,b,20040
20037,b,20040
20037,d,20040
20041,b,20040
20041,d,20040
20038,d,20040
20036,d,20040
20042,c,20041
20042,f,20041
20041,f,20041
20040,c,20041
20040,f,20041
20041,d,20041
20041,b,20041
20040,b,20041
20040,d,20041
20041,c,20041
20042,d,20041
20042,b,20041
20037,b,20041
20037,d,20041
20038,f,20041
20038,c,20041
20038,d,20041
20039,f,20041
20039,c,20041
20039,d,20041
20039,b,20041
20037,c,20041
20038,b,20041
20037,f,20041
20039,c,20042
20043,b,20042
20038,b,20042
20041,b,20042
20041,e,20042
20041,c,20042
20041,f,20042
20039,b,20042
20042,e,20042
20042,f,20042
20042,c,20042
20042,d,20042
20042,b,20042
20041,d,20042
20043,c,20042
20043,d,20042
20043,e,20042
20039,f,20042
20039,e,20042
20043,f,20042
20038,f,20042
20038,c,20042
20038,d,20042
20040,b,20042
20040,d,20042
20038,e,20042
20040,c,20042
20040,e,20042
20039,d,20042
20040,f,20042
20043,c,20043
20042,e,20043
20042,f,20043
20044,f,20043
20042,c,20043
20042,d,20043
20044,e,20043
20043,f,20043
20043,e,20043
20044,b,20043
20044,d,20043
20044,c,20043
20043,d,20043
20043,b,20043
20042,b,20043
20041,d,20043
20039,c,20043
20039,f,20043
20039,e,20043
20040,b,20043
20040,d,20043
20040,c,20043
20040,f,20043
20040,e,20043
20039,d,20043
20041,b,20043
20041,c,20043
20039,b,20043
20041,e,20043
20041,f,20043
20043,c,20044
20043,d,20044
20043,b,20044
20045,e,20044
20045,f,20044
20045,c,20044
20041,e,20044
20041,f,20044
20041,c,20044
20041,d,20044
20040,b,20044
20040,d,20044
20040,c,20044
20040,f,20044
20041,b,20044
20044,c,20044
20044,d,20044
20044,b,20044
20044,e,20044
20043,f,20044
20045,b,20044
20045,d,20044
20042,e,20044
20042,f,20044
20042,c,20044
20042,d,20044
20042,b,20044
20040,e,20044
20044,f,20044
20043,e,20044
20045,b,20045
20044,b,20045
20041,f,20045
20044,c,20045
20044,e,20045
20046,d,20045
20046,b,20045
20045,e,20045
20045,f,20045
20045,c,20045
20044,d,20045
20044,f,20045
20043,b,20045
20046,f,20045
20041,c,20045
20041,d,20045
20041,b,20045
20042,b,20045
20042,d,20045
20042,c,20045
20042,f,20045
20042,e,20045
20046,c,20045
20041,e,20045
20045,d,20045
20043,c,20045
20046,e,20045
20043,f,20045
20043,d,20045
20043,e,20045
20046,b,20046
20046,d,20046
20047,e,20046
20046,c,20046
20046,f,20046
20046,e,20046
20045,b,20046
20045,c,20046
20045,f,20046
20045,e,20046
20047,f,20046
20047,d,20046
20047,b,20046
20045,d,20046
20047,c,20046
20042,e,20046
20044,b,20046
20042,d,20046
20042,b,20046
20043,b,20046
20043,d,20046
20043,c,20046
20043,f,20046
20043,e,20046
20042,c,20046
20044,d,20046
20042,f,20046
20044,f,20046
20044,e,20046
20044,c,20046
20044,e,20047
20044,d,20047
20047,b,20047
20047,d,20047
20046,e,20047
20048,b,20047
20046,b,20047
20044,b,20047
20048,d,20047
20048,e,20047
20043,b,20047
20043,d,20047
20043,e,20047
20045,d,20047
20045,e,20047
20047,e,20047
20045,b,20047
20046,d,20047
20047,b,20048
20048,d,20048
20047,d,20048
20048,b,20048
20044,b,20048
20046,d,20048
20045,b,20048
20045,d,20048
20049,b,20048
20049,d,20048
20044,d,20048
20046,b,20048
20050,c,20049
20050,f,20049
20049,f,20049
20048,c,20049
20049,c,20049
20049,d,20049
20049,b,20049
20048,b,20049
20048,d,20049
20048,f,20049
20050,d,20049
20050,b,20049
20045,b,20049
20045,d,20049
20046,f,20049
20046,c,20049
20046,d,20049
20047,f,20049
20047,c,20049
20047,d,20049
20047,b,20049
20045,c,20049
20046,b,20049
20045,f,20049
20047,b,20050
20051,b,20050
20046,b,20050
20049,b,20050
20049,e,20050
20049,c,20050
20049,f,20050
20051,d,20050
20050,e,20050
20050,f,20050
20050,c,20050
20050,d,20050
20050,b,20050
20049,d,20050
20047,d,20050
20051,c,20050
20051,e,20050
20047,f,20050
20047,e,20050
20051,f,20050
20046,f,20050
20046,c,20050
20046,d,20050
20048,b,20050
20048,d,20050
20046,e,20050
20048,f,20050
20048,c,20050
20047,c,20050
20048,e,20050
20051,c,20051
20050,e,20051
20050,f,20051
20052,e,20051
20050,c,20051
20050,d,20051
20051,e,20051
20052,b,20051
20052,d,20051
20052,c,20051
20052,f,20051
20051,d,20051
20051,b,20051
20051,f,20051
20050,b,20051
20049,d,20051
20047,d,20051
20047,c,20051
20047,f,20051
20048,e,20051
20049,b,20051
20047,b,20051
20049,f,20051
20049,e,20051
20049,c,20051
20048,c,20051
20048,d,20051
20048,b,20051
20047,e,20051
20048,f,20051
20051,b,20052
20048,b,20052
20048,d,20052
20048,c,20052
20048,f,20052
20052,f,20052
20051,d,20052
20051,c,20052
20052,c,20052
20052,d,20052
20051,e,20052
20053,e,20052
20053,f,20052
20053,c,20052
20053,d,20052
20049,e,20052
20049,f,20052
20049,c,20052
20049,d,20052
20052,b,20052
20049,b,20052
20050,b,20052
20050,d,20052
20050,c,20052
20050,f,20052
20050,e,20052
20053,b,20052
20051,f,20052
20048,e,20052
20052,e,20052
20052,c,20053
20052,d,20053
20052,f,20053
20052,e,20053
20054,b,20053
20053,e,20053
20053,f,20053
20053,c,20053
20053,d,20053
20052,b,20053
20054,d,20053
20049,f,20053
20054,f,20053
20049,c,20053
20049,d,20053
20049,b,20053
20050,b,20053
20050,d,20053
20050,c,20053
20050,f,20053
20050,e,20053
20054,c,20053
20049,e,20053
20053,b,20053
20054,e,20053
20051,d,20053
20051,e,20053
20051,f,20053
20051,b,20053
20051,c,20053
20054,e,20054
20054,b,20054
20054,d,20054
20054,c,20054
20054,f,20054
20053,b,20054
20053,c,20054
20053,f,20054
20053,e,20054
20055,f,20054
20055,e,20054
20055,b,20054
20053,d,20054
20055,c,20054
20055,d,20054
20050,c,20054
20051,c,20054
20051,d,20054
20051,b,20054
20052,b,20054
20050,e,20054
20050,f,20054
20051,e,20054
20050,d,20054
20051,f,20054
20052,d,20054
20052,c,20054
20052,f,20054
20052,e,20054
20050,b,20054
20055,b,20055
20054,e,20055
20054,d,20055
20056,d,20055
20055,d,20055
20055,e,20055
20056,e,20055
20054,b,20055
20056,b,20055
20051,d,20055
20051,e,20055
20052,e,20055
20052,d,20055
20052,b,20055
20053,b,20055
20053,d,20055
20053,e,20055
20051,b,20055
20056,b,20056
20055,d,20056
20055,b,20056
20052,d,20056
20053,b,20056
20053,d,20056
20056,d,20056
20052,b,20056
20057,b,20056
20057,d,20056
20054,d,20056
20054,b,20056
20056,c,20057
20056,f,20057
20057,b,20057
20057,d,20057
20058,c,20057
20058,f,20057
20057,f,20057
20057,c,20057
20056,d,20057
20056,b,20057
20058,b,20057
20058,d,20057
20053,b,20057
20053,d,20057
20054,f,20057
20054,c,20057
20054,d,20057
20054,b,20057
20055,f,20057
20055,c,20057
20055,d,20057
20055,b,20057
20053,f,20057
20053,c,20057
20059,d,20058
20059,b,20058
20057,b,20058
20055,d,20058
20057,c,20058
20059,c,20058
20057,e,20058
20058,e,20058
20058,f,20058
20058,c,20058
20058,d,20058
20058,b,20058
20057,d,20058
20057,f,20058
20059,f,20058
20054,f,20058
20055,c,20058
20055,f,20058
20055,e,20058
20054,e,20058
20059,e,20058
20054,c,20058
20054,d,20058
20054,b,20058
20055,b,20058
20056,d,20058
20056,c,20058
20056,f,20058
20056,e,20058
20056,b,20058
20059,d,20059
20059,c,20059
20058,e,20059
20060,c,20059
20060,f,20059
20058,b,20059
20059,e,20059
20058,d,20059
20058,c,20059
20059,f,20059
20058,f,20059
20060,e,20059
20059,b,20059
20060,b,20059
20060,d,20059
20055,e,20059
20056,b,20059
20057,b,20059
20057,d,20059
20057,c,20059
20057,f,20059
20057,e,20059
20056,d,20059
20056,c,20059
20056,f,20059
20056,e,20059
20055,c,20059
20055,d,20059
20055,b,20059
20055,f,20059
20056,b,20060
20059,b,20060
20061,b,20060
20059,c,20060
20059,f,20060
20056,d,20060
20060,e,20060
20060,f,20060
20060,c,20060
20060,d,20060
20060,b,20060
20059,d,20060
20059,e,20060
20056,c,20060
20056,f,20060
20057,c,20060
20056,e,20060
20057,f,20060
20058,b,20060
20058,d,20060
20058,c,20060
20058,f,20060
20057,d,20060
20058,e,20060
20061,e,20060
20061,f,20060
20061,c,20060
20061,d,20060
20057,e,20060
20057,b,20060
20062,f,20061
20062,c,20061
20061,e,20061
20060,e,20061
20060,d,20061
20060,c,20061
20060,f,20061
20062,d,20061
20061,f,20061
20061,c,20061
20061,d,20061
20061,b,20061
20060,b,20061
20062,b,20061
20057,f,20061
20058,e,20061
20057,e,20061
20058,f,20061
20058,b,20061
20059,b,20061
20059,d,20061
20059,c,20061
20059,f,20061
20058,d,20061
20058,c,20061
20062,e,20061
20057,c,20061
20057,d,20061
20057,b,20061
20059,e,20061
20061,d,20062
20061,b,20062
20061,c,20062
20058,b,20062
20061,e,20062
20063,c,20062
20063,d,20062
20063,b,20062
20062,f,20062
20062,c,20062
20062,d,20062
20061,f,20062
20062,e,20062
20062,b,20062
20058,d,20062
20059,e,20062
20059,f,20062
20059,c,20062
20059,d,20062
20059,b,20062
20058,e,20062
20060,b,20062
20060,c,20062
20060,d,20062
20060,e,20062
20063,e,20062
20063,f,20062
20058,f,20062
20058,c,20062
20060,f,20062
20064,b,20063
20062,e,20063
20062,d,20063
20063,e,20063
20063,d,20063
20063,b,20063
20064,e,20063
20064,d,20063
20062,b,20063
20059,d,20063
20059,e,20063
20060,b,20063
20060,d,20063
20060,e,20063
20061,b,20063
20061,d,20063
20061,e,20063
20059,b,20063
20065,d,20064
20063,d,20064
20063,b,20064
20060,b,20064
20060,d,20064
20065,b,20064
20064,d,20064
20061,d,20064
20061,b,20064
20064,b,20064
20062,d,20064
20062,b,20064
20065,f,20065
20064,c,20065
20064,d,20065
20064,b,20065
20066,c,20065
20065,c,20065
20065,d,20065
20066,b,20065
20065,b,20065
20066,d,20065
20064,f,20065
20066,f,20065
20061,c,20065
20063,c,20065
20061,d,20065
20061,b,20065
20063,f,20065
20063,d,20065
20062,b,20065
20063,b,20065
20061,f,20065
20062,d,20065
20062,f,20065
20062,c,20065
20067,e,20066
20065,b,20066
20065,c,20066
20065,f,20066
20066,d,20066
20067,c,20066
20067,d,20066
20067,b,20066
20065,e,20066
20066,e,20066
20066,f,20066
20066,b,20066
20066,c,20066
20067,f,20066
20065,d,20066
20062,e,20066
20063,e,20066
20063,f,20066
20063,c,20066
20063,d,20066
20063,b,20066
20062,f,20066
20064,d,20066
20064,c,20066
20064,f,20066
20064,b,20066
20062,c,20066
20062,d,20066
20062,b,20066
20064,e,20066
20067,e,20067
20063,c,20067
20063,d,20067
20063,b,20067
20067,b,20067
20067,d,20067
20066,d,20067
20064,e,20067
20066,f,20067
20067,c,20067
20067,f,20067
20066,e,20067
20066,b,20067
20063,f,20067
20066,c,20067
20065,b,20067
20068,d,20067
20068,c,20067
20068,f,20067
20068,e,20067
20064,f,20067
20064,c,20067
20065,e,20067
20065,f,20067
20065,c,20067
20065,d,20067
20064,d,20067
20063,e,20067
20068,b,20067
20064,b,20067
20069,e,20068
20067,b,20068
20068,b,20068
20068,d,20068
20068,c,20068
20068,f,20068
20068,e,20068
20067,e,20068
20067,c,20068
20067,d,20068
20067,f,20068
20064,b,20068
20069,b,20068
20069,d,20068
20065,e,20068
20065,f,20068
20066,b,20068
20066,d,20068
20066,c,20068
20066,f,20068
20066,e,20068
20065,c,20068
20065,d,20068
20065,b,20068
20064,e,20068
20064,f,20068
20064,c,20068
20064,d,20068
20069,c,20068
20069,f,20068
20068,f,20069
20069,c,20069
20069,f,20069
20069,e,20069
20070,b,20069
20070,d,20069
20068,e,20069
20068,b,20069
20068,d,20069
20068,c,20069
20070,c,20069
20065,f,20069
20070,e,20069
20065,b,20069
20065,d,20069
20065,c,20069
20069,b,20069
20065,e,20069
20066,b,20069
20066,d,20069
20066,c,20069
20070,f,20069
20066,e,20069
20066,f,20069
20069,d,20069
20067,b,20069
20067,d,20069
20067,c,20069
20067,e,20069
20067,f,20069
20071,e,20070
20070,b,20070
20070,d,20070
20070,c,20070
20070,f,20070
20070,e,20070
20071,d,20070
20069,d,20070
20069,c,20070
20069,f,20070
20069,e,20070
20071,f,20070
20071,c,20070
20071,b,20070
20069,b,20070
20066,c,20070
20066,d,20070
20067,c,20070
20067,d,20070
20068,b,20070
20068,d,20070
20067,b,20070
20066,e,20070
20066,f,20070
20067,f,20070
20067,e,20070
20068,c,20070
20068,f,20070
20068,e,20070
20066,b,20070
20072,d,20071
20071,b,20071
20070,e,20071
20070,b,20071
20071,d,20071
20071,e,20071
20072,e,20071
20070,d,20071
20072,b,20071
20067,d,20071
20067,e,20071
20068,e,20071
20068,d,20071
20068,b,20071
20069,b,20071
20069,d,20071
20069,e,20071
20067,b,20071
20072,b,20072
20072,d,20072
20071,d,20072
20071,b,20072
20069,b,20072
20069,d,20072
20068,b,20072
20073,b,20072
20073,d,20072
20070,d,20072
20070,b,20072
20068,d,20072
20072,b,20073
20074,f,20073
20073,b,20073
20073,d,20073
20073,c,20073
20073,f,20073
20074,c,20073
20074,d,20073
20074,b,20073
20072,f,20073
20072,c,20073
20072,d,20073
20069,f,20073
20070,f,20073
20070,c,20073
20070,d,20073
20070,b,20073
20071,b,20073
20071,d,20073
20071,c,20073
20071,f,20073
20069,c,20073
20069,d,20073
20069,b,20073
20074,e,20074
20075,c,20074
20075,d,20074
20075,b,20074
20070,d,20074
20070,b,20074
20074,b,20074
20074,d,20074
20073,b,20074
20073,d,20074
20073,c,20074
20075,f,20074
20074,c,20074
20074,f,20074
20073,e,20074
20073,f,20074
20071,c,20074
20071,b,20074
20071,f,20074
20071,e,20074
20070,e,20074
20071,d,20074
20070,f,20074
20070,c,20074
20072,b,20074
20075,e,20074
20072,c,20074
20072,f,20074
20072,e,20074
20072,d,20074
20075,c,20075
20075,f,20075
20076,e,20075
20076,f,20075
20076,c,20075
20076,d,20075
20074,b,20075
20074,d,20075
20074,c,20075
20074,f,20075
20075,b,20075
20075,e,20075
20076,b,20075
20075,d,20075
20074,e,20075
20071,d,20075
20071,c,20075
20071,b,20075
20073,b,20075
20073,d,20075
20073,c,20075
20073,f,20075
20071,f,20075
20073,e,20075
20072,b,20075
20072,d,20075
20072,c,20075
20072,f,20075
20072,e,20075
20071,e,20075
20075,b,20076
20075,f,20076
20072,b,20076
20075,d,20076
20075,c,20076
20072,d,20076
20076,b,20076
20076,d,20076
20076,c,20076
20076,f,20076
20076,e,20076
20077,e,20076
20077,f,20076
20077,b,20076
20075,e,20076
20072,c,20076
20077,c,20076
20072,e,20076
20073,e,20076
20073,f,20076
20073,c,20076
20073,d,20076
20073,b,20076
20077,d,20076
20074,b,20076
20074,d,20076
20074,c,20076
20072,f,20076
20074,e,20076
20074,f,20076
20075,b,20077
20074,b,20077
20078,b,20077
20076,b,20077
20076,d,20077
20076,c,20077
20076,f,20077
20076,e,20077
20077,e,20077
20077,f,20077
20077,c,20077
20077,d,20077
20077,b,20077
20073,b,20077
20073,d,20077
20073,c,20077
20078,c,20077
20078,f,20077
20078,d,20077
20074,f,20077
20075,d,20077
20075,c,20077
20075,f,20077
20075,e,20077
20074,e,20077
20073,e,20077
20078,e,20077
20073,f,20077
20074,d,20077
20074,c,20077
20077,e,20078
20079,c,20078
20077,c,20078
20077,b,20078
20079,d,20078
20079,b,20078
20078,e,20078
20078,f,20078
20078,c,20078
20077,f,20078
20077,d,20078
20074,f,20078
20079,e,20078
20074,b,20078
20074,d,20078
20074,c,20078
20078,b,20078
20074,e,20078
20075,b,20078
20075,d,20078
20079,f,20078
20075,f,20078
20075,e,20078
20075,c,20078
20076,b,20078
20076,d,20078
20076,c,20078
20076,f,20078
20076,e,20078
20078,d,20078
20080,b,20079
20078,e,20079
20078,d,20079
20078,b,20079
20079,e,20079
20079,d,20079
20079,b,20079
20080,e,20079
20080,d,20079
20075,e,20079
20075,b,20079
20075,d,20079
20076,b,20079
20076,d,20079
20076,e,20079
20077,b,20079
20077,d,20079
20077,e,20079
20081,d,20080
20079,d,20080
20079,b,20080
20076,b,20080
20076,d,20080
20080,b,20080
20081,b,20080
20078,b,20080
20077,d,20080
20077,b,20080
20078,d,20080
20080,d,20080
20082,d,20081
20082,b,20081
20081,b,20081
20081,d,20081
20082,c,20081
20081,f,20081
20080,f,20081
20080,c,20081
20080,d,20081
20080,b,20081
20081,c,20081
20082,f,20081
20077,c,20081
20079,c,20081
20077,d,20081
20077,b,20081
20079,f,20081
20077,f,20081
20079,d,20081
20078,b,20081
20079,b,20081
20078,d,20081
20078,c,20081
20078,f,20081
20081,b,20082
20081,d,20082
20081,c,20082
20082,b,20082
20082,d,20082
20083,d,20082
20083,b,20082
20083,e,20082
20082,e,20082
20081,f,20082
20082,f,20082
20082,c,20082
20083,f,20082
20083,c,20082
20081,e,20082
20078,d,20082
20078,c,20082
20078,b,20082
20080,b,20082
20080,d,20082
20080,c,20082
20080,f,20082
20078,f,20082
20080,e,20082
20078,e,20082
20079,b,20082
20079,d,20082
20079,c,20082
20079,f,20082
20079,e,20082
20082,b,20083
20082,c,20083
20082,d,20083
20082,f,20083
20082,e,20083
20080,e,20083
20079,b,20083
20083,b,20083
20083,d,20083
20083,c,20083
20083,f,20083
20083,e,20083
20084,e,20083
20084,f,20083
20084,c,20083
20084,b,20083
20079,d,20083
20084,d,20083
20081,b,20083
20079,f,20083
20079,e,20083
20080,b,20083
20080,d,20083
20080,c,20083
20080,f,20083
20081,c,20083
20079,c,20083
20081,f,20083
20081,d,20083
20081,e,20083
20083,e,20084
20083,f,20084
20084,e,20084
20083,d,20084
20083,b,20084
20080,e,20084
20084,f,20084
20084,c,20084
20084,d,20084
20084,b,20084
20080,f,20084
20085,b,20084
20080,c,20084
20080,d,20084
20083,c,20084
20080,b,20084
20085,c,20084
20081,f,20084
20085,d,20084
20081,b,20084
20082,b,20084
20082,d,20084
20082,c,20084
20082,f,20084
20082,e,20084
20081,e,20084
20085,e,20084
20085,f,20084
20081,c,20084
20081,d,20084
20086,e,20085
20086,f,20085
20086,c,20085
20086,d,20085
20084,e,20085
20084,d,20085
20084,c,20085
20084,f,20085
20085,e,20085
20085,f,20085
20085,c,20085
20085,d,20085
20085,b,20085
20084,b,20085
20086,b,20085
20083,e,20085
20081,b,20085
20082,c,20085
20082,d,20085
20082,b,20085
20081,e,20085
20081,f,20085
20081,c,20085
20081,d,20085
20082,f,20085
20083,b,20085
20082,e,20085
20083,c,20085
20083,f,20085
20083,d,20085
20086,b,20086
20086,d,20086
20086,c,20086
20086,f,20086
20086,e,20086
20087,e,20086
20085,e,20086
20085,f,20086
20085,c,20086
20085,b,20086
20087,f,20086
20087,c,20086
20085,d,20086
20087,b,20086
20082,d,20086
20083,e,20086
20083,f,20086
20083,c,20086
20083,d,20086
20083,b,20086
20087,d,20086
20084,b,20086
20084,d,20086
20084,c,20086
20084,f,20086
20082,b,20086
20084,e,20086
20082,c,20086
20082,e,20086
20082,f,20086
20087,b,20087
20086,e,20087
20086,d,20087
20086,b,20087
20084,d,20087
20083,e,20087
20087,e,20087
20083,d,20087
20085,b,20087
20085,d,20087
20085,e,20087
20084,b,20087
20083,b,20087
20088,b,20087
20088,d,20087
20088,e,20087
20084,e,20087
20087,d,20087
20088,b,20088
20088,d,20088
20089,b,20088
20087,d,20088
20087,b,20088
20089,d,20088
20085,b,20088
20084,b,20088
20085,d,20088
20084,d,20088
20086,b,20088
20086,d,20088
20088,c,20089
20088,d,20089
20088,b,20089
20090,d,20089
20089,f,20089
20089,c,20089
20089,d,20089
20085,b,20089
20085,d,20089
20085,c,20089
20090,b,20089
20088,f,20089
20090,f,20089
20089,b,20089
20086,d,20089
20086,f,20089
20086,c,20089
20086,b,20089
20085,f,20089
20087,b,20089
20087,d,20089
20090,c,20089
20087,f,20089
20087,c,20089
20086,f,20090
20091,c,20090
20091,f,20090
20091,e,20090
20089,b,20090
20089,d,20090
20089,c,20090
20090,c,20090
20091,d,20090
20090,d,20090
20090,f,20090
20090,e,20090
20089,e,20090
20089,f,20090
20090,b,20090
20086,e,20090
20091,b,20090
20087,d,20090
20087,c,20090
20088,b,20090
20088,d,20090
20088,c,20090
20088,f,20090
20088,e,20090
20087,f,20090
20087,e,20090
20086,b,20090
20086,d,20090
20086,c,20090
20087,b,20090
20087,b,20091
20087,d,20091
20087,c,20091
20090,b,20091
20090,e,20091
20090,c,20091
20090,f,20091
20087,f,20091
20091,e,20091
20091,f,20091
20091,c,20091
20091,d,20091
20091,b,20091
20090,d,20091
20092,b,20091
20092,d,20091
20092,c,20091
20088,e,20091
20088,f,20091
20088,c,20091
20088,d,20091
20088,b,20091
20089,b,20091
20089,d,20091
20089,c,20091
20087,e,20091
20089,e,20091
20092,f,20091
20092,e,20091
20089,f,20091
20093,c,20092
20093,d,20092
20093,b,20092
20092,b,20092
20092,d,20092
20092,c,20092
20091,d,20092
20091,c,20092
20091,f,20092
20093,e,20092
20092,f,20092
20092,e,20092
20091,b,20092
20093,f,20092
20091,e,20092
20090,e,20092
20088,b,20092
20088,d,20092
20088,c,20092
20088,f,20092
20088,e,20092
20089,b,20092
20089,e,20092
20089,f,20092
20089,d,20092
20090,f,20092
20090,c,20092
20090,d,20092
20090,b,20092
20089,c,20092
20089,f,20093
20089,b,20093
20092,b,20093
20092,d,20093
20094,b,20093
20092,f,20093
20092,e,20093
20094,d,20093
20089,d,20093
20093,e,20093
20093,f,20093
20093,c,20093
20092,c,20093
20089,c,20093
20093,d,20093
20089,e,20093
20090,d,20093
20090,c,20093
20093,b,20093
20091,b,20093
20091,d,20093
20091,c,20093
20091,f,20093
20090,b,20093
20091,e,20093
20090,e,20093
20094,e,20093
20094,f,20093
20094,c,20093
20090,f,20093
20095,c,20094
20095,f,20094
20095,e,20094
20093,b,20094
20095,d,20094
20093,c,20094
20093,f,20094
20093,e,20094
20095,b,20094
20094,f,20094
20094,c,20094
20094,d,20094
20094,b,20094
20093,d,20094
20090,f,20094
20094,e,20094
20092,b,20094
20091,b,20094
20090,e,20094
20090,b,20094
20092,e,20094
20092,f,20094
20092,c,20094
20090,d,20094
20090,c,20094
20091,e,20094
20092,d,20094
20091,f,20094
20091,c,20094
20091,d,20094
20094,e,20095
20096,b,20095
20094,d,20095
20095,b,20095
20091,b,20095
20094,b,20095
20091,e,20095
20095,d,20095
20095,e,20095
20096,e,20095
20096,d,20095
20093,e,20095
20093,d,20095
20093,b,20095
20092,b,20095
20092,d,20095
20092,e,20095
20091,d,20095
20096,b,20096
20095,b,20096
20095,d,20096
20096,d,20096
20092,b,20096
20092,d,20096
20093,b,20096
20093,d,20096
20097,b,20096
20097,d,20096
20094,d,20096
20094,b,20096
20098,c,20097
20098,f,20097
20097,f,20097
20096,b,20097
20096,d,20097
20097,b,20097
20096,f,20097
20096,c,20097
20097,c,20097
20097,d,20097
20098,b,20097
20095,f,20097
20093,b,20097
20093,d,20097
20094,c,20097
20094,d,20097
20094,b,20097
20098,d,20097
20095,c,20097
20095,d,20097
20095,b,20097
20093,f,20097
20094,f,20097
20093,c,20097
20099,d,20098
20099,b,20098
20097,c,20098
20097,d,20098
20099,c,20098
20097,f,20098
20097,e,20098
20098,e,20098
20098,f,20098
20098,c,20098
20098,d,20098
20098,b,20098
20097,b,20098
20095,b,20098
20099,f,20098
20094,e,20098
20095,c,20098
20095,f,20098
20095,e,20098
20099,e,20098
20094,f,20098
20094,c,20098
20094,d,20098
20094,b,20098
20095,d,20098
20096,d,20098
20096,c,20098
20096,f,20098
20096,e,20098
20096,b,20098
20099,d,20099
20099,c,20099
20099,f,20099
20100,e,20099
20100,f,20099
20100,c,20099
20098,b,20099
20098,d,20099
20098,c,20099
20098,f,20099
20099,e,20099
20098,e,20099
20100,b,20099
20099,b,20099
20100,d,20099
20095,c,20099
20096,e,20099
20096,f,20099
20096,c,20099
20096,d,20099
20096,b,20099
20095,e,20099
20097,b,20099
20097,d,20099
20097,c,20099
20095,d,20099
20097,e,20099
20095,f,20099
20095,b,20099
20097,f,20099
20096,d,20100
20096,b,20100
20100,b,20100
20100,d,20100
20100,c,20100
20100,f,20100
20099,d,20100
20099,c,20100
20099,f,20100
20099,e,20100
20096,c,20100
20100,e,20100
20101,b,20100
20099,b,20100
20101,d,20100
20101,f,20100
20101,e,20100
20097,e,20100
20097,f,20100
20097,c,20100
20097,d,20100
20097,b,20100
20101,c,20100
20098,b,20100
20098,d,20100
20098,c,20100
20096,e,20100
20098,e,20100
20098,f,20100
20096,f,20100
20102,b,20101
20101,e,20101
20100,e,20101
20100,f,20101
20100,c,20101
20100,d,20101
20102,c,20101
20101,f,20101
20101,c,20101
20101,d,20101
20101,b,20101
20102,f,20101
20102,e,20101
20097,f,20101
20102,d,20101
20100,b,20101
20097,e,20101
20099,e,20101
20098,e,20101
20099,d,20101
20099,b,20101
20099,c,20101
20099,f,20101
20097,c,20101
20098,c,20101
20098,d,20101
20098,b,20101
20097,b,20101
20097,d,20101
20098,f,20101
20101,b,20102
20101,f,20102
20101,d,20102
20101,c,20102
20098,f,20102
20103,d,20102
20103,f,20102
20103,c,20102
20103,b,20102
20102,e,20102
20102,f,20102
20102,c,20102
20101,e,20102
20098,b,20102
20102,d,20102
20098,c,20102
20099,e,20102
20099,f,20102
20099,c,20102
20099,d,20102
20099,b,20102
20100,b,20102
20098,d,20102
20100,c,20102
20100,d,20102
20100,e,20102
20098,e,20102
20103,e,20102
20102,b,20102
20100,f,20102
20104,b,20103
20102,e,20103
20102,d,20103
20103,e,20103
20103,d,20103
20103,b,20103
20104,d,20103
20104,e,20103
20099,e,20103
20102,b,20103
20099,b,20103
20100,b,20103
20100,e,20103
20101,b,20103
20101,d,20103
20101,e,20103
20099,d,20103
20100,d,20103
20105,b,20104
20104,d,20104
20104,b,20104
20102,d,20104
20101,b,20104
20102,b,20104
20101,d,20104
20103,d,20104
20105,d,20104
20100,d,20104
20100,b,20104
20103,b,20104
20106,c,20105
20106,d,20105
20106,b,20105
20105,b,20105
20104,f,20105
20105,f,20105
20106,f,20105
20104,b,20105
20104,d,20105
20104,c,20105
20105,d,20105
20105,c,20105
20101,c,20105
20103,f,20105
20101,d,20105
20101,f,20105
20103,c,20105
20103,d,20105
20101,b,20105
20103,b,20105
20102,b,20105
20102,f,20105
20102,c,20105
20102,d,20105
20107,e,20106
20105,b,20106
20105,d,20106
20105,c,20106
20105,f,20106
20106,d,20106
20107,c,20106
20107,d,20106
20107,b,20106
20106,e,20106
20105,e,20106
20106,f,20106
20106,b,20106
20106,c,20106
20107,f,20106
20103,d,20106
20102,d,20106
20102,f,20106
20102,c,20106
20103,e,20106
20104,b,20106
20102,b,20106
20104,c,20106
20104,f,20106
20104,e,20106
20104,d,20106
20103,c,20106
20103,b,20106
20102,e,20106
20103,f,20106
20106,b,20107
20106,d,20107
20103,b,20107
20103,d,20107
20103,c,20107
20103,f,20107
20107,f,20107
20107,c,20107
20106,c,20107
20108,b,20107
20107,d,20107
20106,f,20107
20104,b,20107
20108,d,20107
20108,c,20107
20108,f,20107
20104,e,20107
20104,f,20107
20104,c,20107
20104,d,20107
20107,b,20107
20107,e,20107
20105,b,20107
20105,d,20107
20105,c,20107
20105,f,20107
20105,e,20107
20108,e,20107
20106,e,20107
20103,e,20107
20109,e,20108
20107,f,20108
20107,d,20108
20107,c,20108
20107,e,20108
20108,e,20108
20108,f,20108
20108,c,20108
20108,d,20108
20108,b,20108
20107,b,20108
20104,b,20108
20104,d,20108
20106,e,20108
20109,d,20108
20109,b,20108
20105,e,20108
20106,b,20108
20106,d,20108
20106,c,20108
20106,f,20108
20109,f,20108
20105,f,20108
20105,c,20108
20105,d,20108
20105,b,20108
20104,e,20108
20104,f,20108
20104,c,20108
20109,c,20108
20108,b,20109
20109,d,20109
20109,c,20109
20109,f,20109
20109,e,20109
20110,b,20109
20108,e,20109
20108,f,20109
20108,c,20109
20108,d,20109
20110,d,20109
20109,b,20109
20110,f,20109
20105,b,20109
20105,d,20109
20105,c,20109
20105,f,20109
20105,e,20109
20106,b,20109
20106,d,20109
20106,c,20109
20106,f,20109
20110,c,20109
20106,e,20109
20110,e,20109
20107,b,20109
20107,d,20109
20107,e,20109
20107,f,20109
20107,c,20109
20111,d,20110
20110,b,20110
20110,d,20110
20110,c,20110
20110,f,20110
20109,b,20110
20109,d,20110
20109,c,20110
20109,f,20110
20109,e,20110
20111,f,20110
20111,c,20110
20111,b,20110
20111,e,20110
20110,e,20110
20107,e,20110
20106,c,20110
20106,d,20110
20106,b,20110
20108,e,20110
20108,f,20110
20108,c,20110
20108,d,20110
20106,f,20110
20108,b,20110
20107,f,20110
20107,c,20110
20107,d,20110
20106,e,20110
20107,b,20110
20110,b,20111
20110,d,20111
20111,d,20111
20111,b,20111
20112,b,20111
20110,e,20111
20107,e,20111
20107,d,20111
20111,e,20111
20112,e,20111
20112,d,20111
20109,e,20111
20109,d,20111
20109,b,20111
20108,b,20111
20108,d,20111
20108,e,20111
20107,b,20111
20111,b,20112
20111,d,20112
20112,b,20112
20108,d,20112
20112,d,20112
20108,b,20112
20110,b,20112
20109,b,20112
20109,d,20112
20113,b,20112
20113,d,20112
20110,d,20112
20114,c,20113
20114,f,20113
20113,f,20113
20112,b,20113
20112,d,20113
20113,d,20113
20113,b,20113
20112,f,20113
20112,c,20113
20113,c,20113
20114,d,20113
20114,b,20113
20109,b,20113
20109,d,20113
20110,f,20113
20110,c,20113
20110,d,20113
20111,f,20113
20111,c,20113
20111,d,20113
20111,b,20113
20110,b,20113
20109,f,20113
20109,c,20113
20111,c,20114
20115,d,20114
20115,b,20114
20113,b,20114
20113,f,20114
20113,c,20114
20115,c,20114
20113,e,20114
20114,e,20114
20114,f,20114
20114,c,20114
20114,d,20114
20114,b,20114
20113,d,20114
20111,b,20114
20115,f,20114
20110,e,20114
20111,f,20114
20111,e,20114
20115,e,20114
20110,f,20114
20110,c,20114
20110,d,20114
20110,b,20114
20112,b,20114
20111,d,20114
20112,c,20114
20112,f,20114
20112,e,20114
20112,d,20114
20115,d,20115
20115,c,20115
20116,e,20115
20116,f,20115
20116,c,20115
20116,d,20115
20114,b,20115
20114,d,20115
20114,c,20115
20114,f,20115
20114,e,20115
20115,f,20115
20115,e,20115
20116,b,20115
20115,b,20115
20113,d,20115
20111,d,20115
20111,e,20115
20111,c,20115
20111,f,20115
20113,b,20115
20111,b,20115
20113,c,20115
20113,f,20115
20113,e,20115
20112,e,20115
20112,c,20115
20112,d,20115
20112,b,20115
20112,f,20115
20115,b,20116
20112,b,20116
20112,d,20116
20112,c,20116
20112,f,20116
20112,e,20116
20116,f,20116
20115,d,20116
20115,c,20116
20115,f,20116
20116,c,20116
20116,e,20116
20116,b,20116
20117,e,20116
20117,f,20116
20117,c,20116
20113,e,20116
20113,f,20116
20113,c,20116
20113,d,20116
20116,d,20116
20113,b,20116
20114,b,20116
20114,d,20116
20114,c,20116
20114,f,20116
20114,e,20116
20117,b,20116
20115,e,20116
20117,d,20116
20113,f,20117
20116,c,20117
20116,d,20117
20116,f,20117
20116,e,20117
20118,d,20117
20118,b,20117
20117,e,20117
20117,f,20117
20117,c,20117
20116,b,20117
20118,c,20117
20115,b,20117
20118,e,20117
20113,c,20117
20113,d,20117
20113,b,20117
20117,b,20117
20114,b,20117
20114,d,20117
20114,c,20117
20114,f,20117
20114,e,20117
20118,f,20117
20117,d,20117
20113,e,20117
20115,d,20117
20115,e,20117
20115,f,20117
20115,c,20117
20119,d,20118
20118,b,20118
20118,d,20118
20118,c,20118
20118,f,20118
20118,e,20118
20117,b,20118
20117,d,20118
20117,c,20118
20117,f,20118
20117,e,20118
20119,f,20118
20119,c,20118
20119,b,20118
20119,e,20118
20114,e,20118
20114,f,20118
20116,b,20118
20116,d,20118
20115,c,20118
20115,d,20118
20115,b,20118
20115,f,20118
20115,e,20118
20116,c,20118
20116,f,20118
20116,e,20118
20114,b,20118
20114,d,20118
20114,c,20118
20119,d,20119
20118,e,20119
20118,d,20119
20118,b,20119
20119,b,20119
20119,e,20119
20115,e,20119
20115,d,20119
20116,e,20119
20116,d,20119
20120,b,20119
20120,d,20119
20120,e,20119
20116,b,20119
20117,b,20119
20115,b,20119
20117,e,20119
20117,d,20119
20119,b,20120
20120,b,20120
20119,d,20120
20116,d,20120
20120,d,20120
20121,d,20120
20116,b,20120
20121,b,20120
20117,d,20120
20117,b,20120
20118,d,20120
20118,b,20120
20120,f,20121
20120,c,20121
20120,d,20121
20121,c,20121
20122,d,20121
20120,b,20121
20121,d,20121
20121,b,20121
20117,b,20121
20117,d,20121
20117,c,20121
20122,b,20121
20121,f,20121
20122,f,20121
20122,c,20121
20118,b,20121
20118,f,20121
20119,f,20121
20119,c,20121
20119,d,20121
20119,b,20121
20117,f,20121
20118,d,20121
20118,c,20121
20123,d,20122
20123,c,20122
20123,f,20122
20121,b,20122
20121,d,20122
20121,c,20122
20122,d,20122
20122,b,20122
20122,f,20122
20121,e,20122
20123,e,20122
20122,c,20122
20123,b,20122
20121,f,20122
20122,e,20122
20119,d,20122
20118,f,20122
20119,e,20122
20119,f,20122
20119,c,20122
20119,b,20122
20118,e,20122
20120,b,20122
20120,d,20122
20120,c,20122
20120,f,20122
20118,c,20122
20118,d,20122
20118,b,20122
20120,e,20122
20124,b,20123
20119,c,20123
20119,d,20123
20119,b,20123
20123,b,20123
20123,d,20123
20123,c,20123
20122,d,20123
20122,c,20123
20122,f,20123
20122,e,20123
20119,f,20123
20123,f,20123
20123,e,20123
20122,b,20123
20124,d,20123
20124,c,20123
20124,e,20123
20120,e,20123
20120,f,20123
20120,c,20123
20120,d,20123
20124,f,20123
20119,e,20123
20121,b,20123
20121,d,20123
20121,c,20123
20120,b,20123
20121,e,20123
20121,f,20123
20120,b,20124
20125,f,20124
20125,c,20124
20124,b,20124
20124,d,20124
20124,c,20124
20124,f,20124
20123,b,20124
20123,c,20124
20123,f,20124
20123,e,20124
20124,e,20124
20125,b,20124
20125,d,20124
20123,d,20124
20120,d,20124
20125,e,20124
20122,b,20124
20121,b,20124
20121,d,20124
20120,c,20124
20121,c,20124
20121,f,20124
20121,e,20124
20120,e,20124
20122,d,20124
20122,c,20124
20122,f,20124
20120,f,20124
20122,e,20124
20122,b,20125
20122,e,20125
20126,b,20125
20124,b,20125
20124,d,20125
20124,c,20125
20124,f,20125
20121,b,20125
20126,e,20125
20125,f,20125
20125,c,20125
20125,d,20125
20125,b,20125
20126,d,20125
20126,c,20125
20126,f,20125
20125,e,20125
20121,d,20125
20122,f,20125
20121,f,20125
20123,b,20125
20123,d,20125
20123,c,20125
20123,f,20125
20123,e,20125
20121,c,20125
20124,e,20125
20122,d,20125
20122,c,20125
20121,e,20125
20126,e,20126
20125,f,20126
20125,c,20126
20127,b,20126
20125,b,20126
20126,f,20126
20126,c,20126
20126,d,20126
20127,d,20126
20125,e,20126
20122,e,20126
20125,d,20126
20122,f,20126
20127,f,20126
20122,c,20126
20122,d,20126
20122,b,20126
20123,b,20126
20123,d,20126
20123,c,20126
20123,f,20126
20123,e,20126
20127,c,20126
20126,b,20126
20124,b,20126
20124,d,20126
20124,c,20126
20124,f,20126
20124,e,20126
20127,e,20126
20128,d,20127
20127,e,20127
20126,d,20127
20127,d,20127
20127,b,20127
20128,e,20127
20128,b,20127
20126,e,20127
20126,b,20127
20123,d,20127
20123,e,20127
20125,e,20127
20124,b,20127
20124,d,20127
20124,e,20127
20125,b,20127
20125,d,20127
20123,b,20127
20128,d,20128
20127,d,20128
20127,b,20128
20124,b,20128
20124,d,20128
20128,b,20128
20126,b,20128
20129,b,20128
20129,d,20128
20126,d,20128
20125,b,20128
20125,d,20128
20130,d,20129
20125,f,20129
20130,c,20129
20128,b,20129
20130,f,20129
20128,c,20129
20129,f,20129
20129,c,20129
20129,d,20129
20129,b,20129
20128,f,20129
20128,d,20129
20125,c,20129
20130,b,20129
20126,f,20129
20126,c,20129
20126,d,20129
20126,b,20129
20127,d,20129
20127,c,20129
20127,f,20129
20127,b,20129
20125,d,20129
20125,b,20129
20130,e,20130
20131,b,20130
20126,d,20130
20126,b,20130
20130,b,20130
20129,e,20130
20130,d,20130
20129,d,20130
20129,c,20130
20129,f,20130
20131,d,20130
20130,c,20130
20130,f,20130
20129,b,20130
20127,c,20130
20127,f,20130
20131,e,20130
20127,e,20130
20127,d,20130
20131,f,20130
20126,e,20130
20126,f,20130
20126,c,20130
20128,b,20130
20128,d,20130
20127,b,20130
20128,f,20130
20128,c,20130
20131,c,20130
20128,e,20130
20131,c,20131
20130,e,20131
20130,f,20131
20132,e,20131
20130,c,20131
20130,d,20131
20131,d,20131
20131,e,20131
20132,b,20131
20132,d,20131
20132,c,20131
20132,f,20131
20131,b,20131
20131,f,20131
20130,b,20131
20129,d,20131
20127,d,20131
20128,e,20131
20128,f,20131
20128,c,20131
20128,d,20131
20128,b,20131
20127,e,20131
20129,b,20131
20129,c,20131
20129,f,20131
20127,c,20131
20127,f,20131
20127,b,20131
20129,e,20131
20133,d,20132
20128,d,20132
20128,b,20132
20132,b,20132
20132,c,20132
20132,f,20132
20131,b,20132
20131,d,20132
20131,c,20132
20131,f,20132
20128,c,20132
20133,b,20132
20132,e,20132
20131,e,20132
20132,d,20132
20133,f,20132
20129,e,20132
20129,f,20132
20129,c,20132
20129,d,20132
20133,c,20132
20128,e,20132
20130,b,20132
20130,d,20132
20130,c,20132
20129,b,20132
20130,e,20132
20133,e,20132
20130,f,20132
20128,f,20132
20133,f,20133
20133,c,20133
20132,e,20133
20132,f,20133
20132,c,20133
20134,b,20133
20132,b,20133
20133,d,20133
20133,b,20133
20134,d,20133
20134,c,20133
20129,e,20133
20134,f,20133
20134,e,20133
20133,e,20133
20132,d,20133
20129,f,20133
20129,d,20133
20129,b,20133
20130,e,20133
20129,c,20133
20131,c,20133
20131,f,20133
20130,b,20133
20131,e,20133
20131,d,20133
20131,b,20133
20130,c,20133
20130,f,20133
20130,d,20133
20133,d,20134
20133,b,20134
20133,e,20134
20133,f,20134
20133,c,20134
20134,d,20134
20134,c,20134
20134,f,20134
20134,e,20134
20135,e,20134
20135,f,20134
20135,c,20134
20134,b,20134
20130,b,20134
20135,b,20134
20130,c,20134
20135,d,20134
20131,e,20134
20131,f,20134
20131,c,20134
20131,d,20134
20131,b,20134
20132,b,20134
20132,d,20134
20132,c,20134
20130,d,20134
20132,e,20134
20132,f,20134
20130,f,20134
20130,e,20134
20136,e,20135
20131,b,20135
20135,b,20135
20135,d,20135
20135,e,20135
20134,e,20135
20134,d,20135
20134,b,20135
20131,e,20135
20131,d,20135
20132,d,20135
20133,b,20135
20133,d,20135
20133,e,20135
20132,b,20135
20136,b,20135
20136,d,20135
20132,e,20135
20136,b,20136
20137,b,20136
20135,b,20136
20136,d,20136
20135,d,20136
20137,d,20136
20133,b,20136
20133,d,20136
20134,d,20136
20134,b,20136
20132,b,20136
20132,d,20136
20138,b,20137
20138,d,20137
20133,b,20137
20133,d,20137
20133,c,20137
20137,f,20137
20136,c,20137
20136,f,20137
20137,c,20137
20137,d,20137
20137,b,20137
20136,d,20137
20136,b,20137
20135,f,20137
20135,c,20137
20135,d,20137
20135,b,20137
20133,f,20137
20134,b,20137
20134,d,20137
20134,c,20137
20134,f,20137
20138,f,20137
20138,c,20137
20139,c,20138
20139,b,20138
20139,d,20138
20137,c,20138
20137,d,20138
20139,f,20138
20137,f,20138
20137,e,20138
20138,e,20138
20138,f,20138
20138,c,20138
20138,d,20138
20138,b,20138
20137,b,20138
20139,e,20138
20134,e,20138
20136,c,20138
20134,c,20138
20134,d,20138
20134,b,20138
20136,e,20138
20136,f,20138
20134,f,20138
20136,d,20138
20136,b,20138
20135,b,20138
20135,d,20138
20135,c,20138
20135,f,20138
20135,e,20138
20138,b,20139
20138,d,20139
20139,d,20139
20138,f,20139
20139,b,20139
20140,f,20139
20140,c,20139
20140,d,20139
20140,b,20139
20139,e,20139
20139,f,20139
20139,c,20139
20138,c,20139
20140,e,20139
20138,e,20139
20135,d,20139
20135,b,20139
20135,c,20139
20135,f,20139
20137,b,20139
20135,e,20139
20137,c,20139
20137,f,20139
20137,e,20139
20137,d,20139
20136,f,20139
20136,c,20139
20136,d,20139
20136,b,20139
20136,e,20139
20136,b,20140
20136,d,20140
20136,c,20140
20136,f,20140
20136,e,20140
20140,e,20140
20139,b,20140
20139,d,20140
20140,f,20140
20139,c,20140
20140,c,20140
20139,e,20140
20140,b,20140
20141,f,20140
20141,c,20140
20141,d,20140
20137,e,20140
20137,f,20140
20137,c,20140
20137,d,20140
20137,b,20140
20141,b,20140
20138,b,20140
20138,d,20140
20138,c,20140
20138,f,20140
20138,e,20140
20139,f,20140
20140,d,20140
20141,e,20140
20140,c,20141
20140,d,20141
20140,f,20141
20140,e,20141
20142,b,20141
20141,e,20141
20141,f,20141
20141,c,20141
20141,d,20141
20140,b,20141
20142,d,20141
20137,e,20141
20142,f,20141
20137,c,20141
20137,d,20141
20137,b,20141
20138,b,20141
20138,d,20141
20138,c,20141
20138,f,20141
20138,e,20141
20142,c,20141
20137,f,20141
20141,b,20141
20142,e,20141
20139,d,20141
20139,c,20141
20139,b,20141
20139,f,20141
20139,e,20141
20143,b,20142
20142,b,20142
20142,d,20142
20143,e,20142
20142,c,20142
20142,f,20142
20141,b,20142
20141,c,20142
20141,f,20142
20141,e,20142
20143,c,20142
20143,d,20142
20141,d,20142
20143,f,20142
20142,e,20142
20138,c,20142
20139,c,20142
20139,d,20142
20139,b,20142
20140,b,20142
20138,e,20142
20138,f,20142
20139,e,20142
20138,d,20142
20139,f,20142
20140,d,20142
20140,c,20142
20140,f,20142
20140,e,20142
20138,b,20142
20143,b,20143
20142,e,20143
20142,d,20143
20144,d,20143
20143,d,20143
20143,e,20143
20144,e,20143
20142,b,20143
20144,b,20143
20139,d,20143
20139,e,20143
20140,e,20143
20140,d,20143
20140,b,20143
20141,b,20143
20141,d,20143
20141,e,20143
20139,b,20143
20144,b,20144
20144,d,20144
20143,d,20144
20143,b,20144
20141,b,20144
20141,d,20144
20140,d,20144
20140,b,20144
20145,b,20144
20145,d,20144
20142,d,20144
20142,b,20144
20145,b,20145
20145,d,20145
20144,b,20145
20145,c,20145
20145,f,20145
20146,f,20145
20146,c,20145
20146,d,20145
20146,b,20145
20144,f,20145
20144,c,20145
20144,d,20145
20141,b,20145
20141,d,20145
20143,b,20145
20143,d,20145
20143,c,20145
20143,f,20145
20141,c,20145
20141,f,20145
20142,b,20145
20142,d,20145
20142,c,20145
20142,f,20145
20145,d,20146
20145,b,20146
20143,d,20146
20145,c,20146
20145,f,20146
20143,c,20146
20146,b,20146
20146,d,20146
20146,c,20146
20146,f,20146
20146,e,20146
20147,e,20146
20147,f,20146
20147,c,20146
20142,b,20146
20142,d,20146
20145,e,20146
20147,b,20146
20142,c,20146
20142,f,20146
20142,e,20146
20147,d,20146
20143,b,20146
20144,b,20146
20144,c,20146
20144,f,20146
20144,d,20146
20143,e,20146
20143,f,20146
20144,e,20146
20143,d,20147
20146,b,20147
20148,b,20147
20146,d,20147
20143,c,20147
20143,f,20147
20143,e,20147
20146,c,20147
20146,f,20147
20146,e,20147
20147,e,20147
20148,d,20147
20147,f,20147
20148,f,20147
20143,b,20147
20144,e,20147
20144,f,20147
20144,c,20147
20144,d,20147
20144,b,20147
20145,b,20147
20148,c,20147
20145,d,20147
20145,f,20147
20145,e,20147
20147,b,20147
20147,d,20147
20147,c,20147
20148,e,20147
20145,c,20147
20147,b,20148
20147,d,20148
20149,d,20148
20147,f,20148
20149,c,20148
20148,b,20148
20148,d,20148
20148,c,20148
20148,f,20148
20149,f,20148
20148,e,20148
20149,b,20148
20147,c,20148
20147,e,20148
20149,e,20148
20146,e,20148
20145,e,20148
20145,f,20148
20144,b,20148
20144,d,20148
20144,c,20148
20144,f,20148
20145,c,20148
20145,d,20148
20146,f,20148
20146,c,20148
20146,d,20148
20146,b,20148
20145,b,20148
20144,e,20148
20148,b,20149
20145,d,20149
20148,d,20149
20148,c,20149
20150,d,20149
20148,e,20149
20150,f,20149
20150,c,20149
20145,b,20149
20150,b,20149
20149,e,20149
20149,f,20149
20149,b,20149
20148,f,20149
20149,d,20149
20149,c,20149
20145,f,20149
20146,e,20149
20146,f,20149
20146,c,20149
20146,d,20149
20146,b,20149
20145,c,20149
20147,b,20149
20147,d,20149
20147,c,20149
20145,e,20149
20147,e,20149
20150,e,20149
20147,f,20149
20151,e,20150
20151,f,20150
20151,c,20150
20150,b,20150
20150,d,20150
20150,c,20150
20149,b,20150
20149,c,20150
20149,f,20150
20149,e,20150
20150,f,20150
20150,e,20150
20151,b,20150
20151,d,20150
20149,d,20150
20146,f,20150
20146,e,20150
20147,d,20150
20148,b,20150
20148,d,20150
20148,c,20150
20148,f,20150
20147,c,20150
20147,f,20150
20147,b,20150
20147,e,20150
20146,d,20150
20146,c,20150
20148,e,20150
20146,b,20150
20150,e,20151
20152,d,20151
20150,b,20151
20151,b,20151
20151,d,20151
20151,e,20151
20152,e,20151
20150,d,20151
20152,b,20151
20147,d,20151
20147,e,20151
20148,e,20151
20148,d,20151
20148,b,20151
20149,b,20151
20149,d,20151
20149,e,20151
20147,b,20151
20148,b,20152
20152,b,20152
20152,d,20152
20151,d,20152
20151,b,20152
20149,b,20152
20149,d,20152
20148,d,20152
20153,b,20152
20153,d,20152
20150,d,20152
20150,b,20152
20152,c,20153
20152,f,20153
20153,d,20153
20153,c,20153
20153,f,20153
20154,f,20153
20154,c,20153
20154,d,20153
20154,b,20153
20152,b,20153
20152,d,20153
20153,b,20153
20149,f,20153
20150,f,20153
20150,c,20153
20150,d,20153
20150,b,20153
20151,b,20153
20151,d,20153
20151,c,20153
20151,f,20153
20149,c,20153
20149,d,20153
20149,b,20153
20154,e,20154
20155,c,20154
20155,d,20154
20155,b,20154
20150,b,20154
20153,e,20154
20154,b,20154
20153,b,20154
20153,d,20154
20153,c,20154
20155,f,20154
20154,c,20154
20154,f,20154
20154,d,20154
20153,f,20154
20151,c,20154
20150,e,20154
20151,f,20154
20151,e,20154
20151,b,20154
20151,d,20154
20150,f,20154
20150,c,20154
20150,d,20154
20152,b,20154
20155,e,20154
20152,c,20154
20152,f,20154
20152,e,20154
20152,d,20154
20155,c,20155
20155,f,20155
20156,e,20155
20156,f,20155
20156,c,20155
20156,d,20155
20154,b,20155
20154,d,20155
20154,c,20155
20154,f,20155
20155,e,20155
20154,e,20155
20156,b,20155
20155,d,20155
20155,b,20155
20151,c,20155
20152,e,20155
20152,f,20155
20152,c,20155
20152,d,20155
20152,b,20155
20153,b,20155
20153,d,20155
20153,c,20155
20153,f,20155
20151,f,20155
20151,e,20155
20151,d,20155
20151,b,20155
20153,e,20155
20157,b,20156
20152,c,20156
20152,d,20156
20152,b,20156
20156,b,20156
20156,c,20156
20155,d,20156
20155,c,20156
20155,f,20156
20152,f,20156
20156,f,20156
20156,e,20156
20155,b,20156
20155,e,20156
20156,d,20156
20157,c,20156
20153,e,20156
20153,f,20156
20153,c,20156
20153,d,20156
20157,d,20156
20154,b,20156
20154,d,20156
20154,c,20156
20154,f,20156
20153,b,20156
20152,e,20156
20157,f,20156
20157,e,20156
20154,e,20156
20158,e,20157
20158,f,20157
20158,c,20157
20153,f,20157
20157,b,20157
20157,d,20157
20158,b,20157
20156,c,20157
20156,f,20157
20156,e,20157
20157,c,20157
20158,d,20157
20157,f,20157
20157,e,20157
20156,d,20157
20156,b,20157
20153,e,20157
20153,c,20157
20154,c,20157
20154,d,20157
20155,b,20157
20154,b,20157
20153,b,20157
20153,d,20157
20154,f,20157
20155,d,20157
20154,e,20157
20155,f,20157
20155,e,20157
20155,c,20157
20159,c,20158
20159,f,20158
20157,b,20158
20159,e,20158
20157,d,20158
20157,f,20158
20157,e,20158
20159,d,20158
20158,f,20158
20158,c,20158
20158,b,20158
20158,d,20158
20158,e,20158
20157,c,20158
20159,b,20158
20154,d,20158
20155,e,20158
20155,f,20158
20155,c,20158
20155,d,20158
20155,b,20158
20156,b,20158
20156,d,20158
20156,c,20158
20156,f,20158
20154,b,20158
20156,e,20158
20154,e,20158
20154,f,20158
20154,c,20158
20155,d,20159
20159,b,20159
20158,e,20159
20158,d,20159
20158,b,20159
20155,e,20159
20159,e,20159
20156,e,20159
20157,d,20159
20157,e,20159
20156,b,20159
20156,d,20159
20155,b,20159
20160,b,20159
20160,d,20159
20160,e,20159
20157,b,20159
20159,d,20159
20160,b,20160
20161,d,20160
20161,b,20160
20159,d,20160
20159,b,20160
20160,d,20160
20157,b,20160
20158,d,20160
20158,b,20160
20156,d,20160
20156,b,20160
20157,d,20160
20157,c,20161
20161,f,20161
20160,d,20161
20160,c,20161
20157,b,20161
20160,f,20161
20161,c,20161
20162,d,20161
20161,d,20161
20161,b,20161
20157,d,20161
20162,b,20161
20160,b,20161
20159,c,20161
20159,d,20161
20159,b,20161
20157,f,20161
20158,b,20161
20158,d,20161
20158,c,20161
20158,f,20161
20162,f,20161
20162,c,20161
20159,f,20161
20163,d,20162
20163,b,20162
20161,c,20162
20161,d,20162
20163,c,20162
20161,f,20162
20161,e,20162
20162,e,20162
20162,f,20162
20162,c,20162
20162,d,20162
20162,b,20162
20161,b,20162
20163,f,20162
20158,e,20162
20160,d,20162
20163,e,20162
20159,f,20162
20158,f,20162
20159,c,20162
20160,b,20162
20159,e,20162
20160,c,20162
20159,d,20162
20160,e,20162
20159,b,20162
20158,b,20162
20158,d,20162
20158,c,20162
20160,f,20162
20162,b,20163
20162,d,20163
20163,b,20163
20164,c,20163
20164,e,20163
20163,e,20163
20162,f,20163
20162,e,20163
20163,f,20163
20163,c,20163
20163,d,20163
20162,c,20163
20164,f,20163
20164,d,20163
20161,b,20163
20160,d,20163
20160,b,20163
20159,e,20163
20160,e,20163
20161,d,20163
20161,c,20163
20161,f,20163
20160,c,20163
20161,e,20163
20164,b,20163
20159,f,20163
20159,c,20163
20159,d,20163
20159,b,20163
20160,f,20163
20160,c,20164
20160,f,20164
20160,b,20164
20160,d,20164
20161,d,20164
20165,b,20164
20163,d,20164
20163,c,20164
20163,f,20164
20163,e,20164
20163,b,20164
20165,d,20164
20164,f,20164
20165,f,20164
20161,e,20164
20161,f,20164
20161,c,20164
20161,b,20164
20164,b,20164
20160,e,20164
20162,b,20164
20165,c,20164
20162,d,20164
20162,f,20164
20162,e,20164
20164,d,20164
20164,c,20164
20164,e,20164
20165,e,20164
20162,c,20164
20164,b,20165
20164,d,20165
20166,b,20165
20164,f,20165
20166,d,20165
20165,b,20165
20165,d,20165
20165,c,20165
20165,f,20165
20166,e,20165
20166,f,20165
20166,c,20165
20165,e,20165
20164,c,20165
20164,e,20165
20163,e,20165
20162,e,20165
20162,d,20165
20162,b,20165
20161,e,20165
20162,c,20165
20163,b,20165
20163,d,20165
20163,c,20165
20162,f,20165
20161,f,20165
20161,c,20165
20161,d,20165
20161,b,20165
20163,f,20165
20166,b,20166
20166,f,20166
20165,b,20166
20165,d,20166
20165,c,20166
20165,e,20166
20167,e,20166
20167,f,20166
20167,c,20166
20167,b,20166
20166,e,20166
20165,f,20166
20167,d,20166
20166,c,20166
20162,b,20166
20163,e,20166
20163,f,20166
20163,c,20166
20163,d,20166
20163,b,20166
20162,e,20166
20164,b,20166
20166,d,20166
20164,c,20166
20164,d,20166
20164,e,20166
20162,f,20166
20162,c,20166
20162,d,20166
20164,f,20166
20168,d,20167
20168,b,20167
20166,e,20167
20166,d,20167
20163,e,20167
20167,e,20167
20167,d,20167
20167,b,20167
20168,e,20167
20163,d,20167
20166,b,20167
20164,d,20167
20164,e,20167
20165,b,20167
20165,d,20167
20165,e,20167
20164,b,20167
20163,b,20167
20169,b,20168
20169,d,20168
20167,d,20168
20167,b,20168
20164,b,20168
20164,d,20168
20165,b,20168
20165,d,20168
20168,d,20168
20166,d,20168
20166,b,20168
20168,b,20168
20170,c,20169
20168,b,20169
20168,d,20169
20168,c,20169
20168,f,20169
20169,f,20169
20169,c,20169
20169,d,20169
20170,b,20169
20170,d,20169
20169,b,20169
20170,f,20169
20165,f,20169
20167,f,20169
20165,c,20169
20165,d,20169
20165,b,20169
20167,c,20169
20167,d,20169
20166,b,20169
20167,b,20169
20166,d,20169
20166,f,20169
20166,c,20169
20169,b,20170
20169,d,20170
20169,c,20170
20169,f,20170
20170,d,20170
20171,c,20170
20171,d,20170
20171,b,20170
20170,e,20170
20169,e,20170
20170,f,20170
20170,c,20170
20170,b,20170
20171,e,20170
20171,f,20170
20167,c,20170
20166,f,20170
20167,e,20170
20167,f,20170
20167,d,20170
20167,b,20170
20166,e,20170
20168,b,20170
20168,d,20170
20168,c,20170
20168,f,20170
20166,c,20170
20166,d,20170
20166,b,20170
20168,e,20170
20172,b,20171
20167,c,20171
20167,d,20171
20167,b,20171
20171,b,20171
20171,d,20171
20171,c,20171
20170,d,20171
20170,c,20171
20170,f,20171
20167,f,20171
20171,f,20171
20171,e,20171
20170,b,20171
20170,e,20171
20172,d,20171
20172,f,20171
20168,e,20171
20168,f,20171
20168,c,20171
20168,d,20171
20172,c,20171
20167,e,20171
20169,b,20171
20169,d,20171
20169,c,20171
20168,b,20171
20169,e,20171
20172,e,20171
20169,f,20171
20173,f,20172
20173,c,20172
20168,b,20172
20173,d,20172
20172,b,20172
20172,d,20172
20172,c,20172
20171,d,20172
20171,c,20172
20171,f,20172
20171,e,20172
20172,f,20172
20172,e,20172
20173,b,20172
20171,b,20172
20168,d,20172
20173,e,20172
20168,c,20172
20169,e,20172
20169,f,20172
20169,c,20172
20169,d,20172
20168,f,20172
20170,d,20172
20170,c,20172
20170,f,20172
20170,b,20172
20168,e,20172
20169,b,20172
20170,e,20172
20174,e,20173
20169,f,20173
20169,c,20173
20169,d,20173
20169,b,20173
20173,b,20173
20172,b,20173
20172,d,20173
20172,c,20173
20173,c,20173
20173,f,20173
20173,e,20173
20173,d,20173
20172,f,20173
20172,e,20173
20169,e,20173
20174,f,20173
20174,c,20173
20174,d,20173
20170,e,20173
20170,f,20173
20174,b,20173
20171,e,20173
20171,f,20173
20171,c,20173
20171,d,20173
20171,b,20173
20170,b,20173
20170,c,20173
20170,d,20173
20173,b,20174
20175,b,20174
20173,c,20174
20173,f,20174
20175,d,20174
20174,d,20174
20174,c,20174
20174,f,20174
20174,e,20174
20170,e,20174
20173,d,20174
20173,e,20174
20170,f,20174
20175,f,20174
20170,c,20174
20170,d,20174
20170,b,20174
20171,b,20174
20171,d,20174
20171,c,20174
20171,f,20174
20171,e,20174
20175,c,20174
20174,b,20174
20172,b,20174
20172,d,20174
20172,c,20174
20172,f,20174
20172,e,20174
20175,e,20174
20176,d,20175
20174,d,20175
20176,e,20175
20175,e,20175
20175,d,20175
20175,b,20175
20176,b,20175
20174,e,20175
20174,b,20175
20171,e,20175
20171,b,20175
20173,e,20175
20172,b,20175
20172,d,20175
20172,e,20175
20173,b,20175
20173,d,20175
20171,d,20175
20176,d,20176
20175,d,20176
20175,b,20176
20172,b,20176
20172,d,20176
20176,b,20176
20177,b,20176
20173,d,20176
20173,b,20176
20174,b,20176
20174,d,20176
20177,d,20176
20177,d,20177
20177,c,20177
20177,f,20177
20176,f,20177
20177,b,20177
20176,d,20177
20178,f,20177
20173,f,20177
20178,c,20177
20176,b,20177
20176,c,20177
20173,c,20177
20178,b,20177
20174,f,20177
20174,c,20177
20174,d,20177
20174,b,20177
20175,b,20177
20175,d,20177
20175,c,20177
20175,f,20177
20178,d,20177
20173,d,20177
20173,b,20177
20178,e,20178
20179,d,20178
20179,b,20178
20174,d,20178
20174,b,20178
20178,b,20178
20178,d,20178
20177,b,20178
20177,d,20178
20177,c,20178
20177,f,20178
20179,c,20178
20178,c,20178
20178,f,20178
20177,e,20178
20175,d,20178
20175,c,20178
20175,b,20178
20175,f,20178
20175,e,20178
20179,e,20178
20174,e,20178
20174,f,20178
20174,c,20178
20176,b,20178
20179,f,20178
20176,c,20178
20176,f,20178
20176,e,20178
20176,d,20178
20179,d,20179
20179,c,20179
20180,e,20179
20180,f,20179
20180,c,20179
20180,d,20179
20178,b,20179
20178,d,20179
20178,c,20179
20178,f,20179
20178,e,20179
20179,f,20179
20179,e,20179
20180,b,20179
20179,b,20179
20176,e,20179
20175,c,20179
20176,f,20179
20176,c,20179
20176,d,20179
20176,b,20179
20177,b,20179
20177,d,20179
20177,c,20179
20177,f,20179
20175,f,20179
20175,e,20179
20175,d,20179
20175,b,20179
20177,e,20179
20180,e,20180
20176,c,20180
20176,d,20180
20176,b,20180
20181,d,20180
20180,b,20180
20179,b,20180
20179,c,20180
20179,f,20180
20179,e,20180
20176,f,20180
20180,d,20180
20180,c,20180
20180,f,20180
20179,d,20180
20181,b,20180
20181,f,20180
20176,e,20180
20181,c,20180
20178,b,20180
20178,d,20180
20178,c,20180
20178,f,20180
20178,e,20180
20177,b,20180
20177,d,20180
20177,f,20180
20177,e,20180
20181,e,20180
20177,c,20180
20182,c,20181
20182,f,20181
20182,e,20181
20180,b,20181
20177,e,20181
20180,c,20181
20180,f,20181
20182,d,20181
20182,b,20181
20181,e,20181
20181,f,20181
20181,c,20181
20181,d,20181
20181,b,20181
20180,d,20181
20180,e,20181
20177,f,20181
20179,f,20181
20178,f,20181
20177,c,20181
20177,d,20181
20177,b,20181
20178,b,20181
20178,d,20181
20179,e,20181
20179,c,20181
20179,d,20181
20178,c,20181
20179,b,20181
20178,e,20181
20181,d,20182
20178,d,20182
20181,c,20182
20181,b,20182
20181,f,20182
20183,b,20182
20183,f,20182
20183,c,20182
20183,d,20182
20182,e,20182
20182,f,20182
20182,b,20182
20181,e,20182
20178,b,20182
20182,c,20182
20178,c,20182
20178,f,20182
20178,e,20182
20183,e,20182
20179,e,20182
20179,f,20182
20179,c,20182
20179,d,20182
20180,e,20182
20180,f,20182
20180,c,20182
20182,d,20182
20179,b,20182
20180,b,20182
20180,d,20182
20184,e,20183
20182,e,20183
20182,d,20183
20184,d,20183
20184,b,20183
20183,e,20183
20183,d,20183
20183,b,20183
20179,e,20183
20179,d,20183
20182,b,20183
20180,d,20183
20180,b,20183
20180,e,20183
20181,b,20183
20181,d,20183
20181,e,20183
20179,b,20183
20185,b,20184
20183,d,20184
20183,b,20184
20180,b,20184
20180,d,20184
20185,d,20184
20181,b,20184
20184,d,20184
20181,d,20184
20182,b,20184
20184,b,20184
20182,d,20184
20184,f,20185
20185,f,20185
20185,c,20185
20184,d,20185
20184,b,20185
20186,c,20185
20185,d,20185
20185,b,20185
20186,b,20185
20186,d,20185
20184,c,20185
20186,f,20185
20181,c,20185
20183,f,20185
20181,d,20185
20181,b,20185
20181,f,20185
20183,c,20185
20182,b,20185
20182,d,20185
20183,d,20185
20183,b,20185
20182,c,20185
20182,f,20185
20185,b,20186
20185,d,20186
20185,c,20186
20186,b,20186
20186,d,20186
20187,d,20186
20187,e,20186
20186,e,20186
20185,f,20186
20185,e,20186
20186,f,20186
20186,c,20186
20187,f,20186
20187,c,20186
20187,b,20186
20183,c,20186
20182,f,20186
20182,c,20186
20182,d,20186
20182,b,20186
20183,b,20186
20183,e,20186
20183,f,20186
20182,e,20186
20184,e,20186
20184,f,20186
20184,c,20186
20184,d,20186
20184,b,20186
20183,d,20186
20186,c,20187
20183,b,20187
20186,b,20187
20187,e,20187
20188,b,20187
20186,f,20187
20186,e,20187
20183,d,20187
20187,f,20187
20187,c,20187
20187,d,20187
20187,b,20187
20186,d,20187
20183,c,20187
20184,e,20187
20185,d,20187
20188,d,20187
20188,c,20187
20188,f,20187
20188,e,20187
20184,f,20187
20184,c,20187
20184,d,20187
20184,b,20187
20185,e,20187
20185,f,20187
20185,c,20187
20183,e,20187
20185,b,20187
20183,f,20187
20187,b,20188
20188,b,20188
20188,d,20188
20188,c,20188
20188,f,20188
20188,e,20188
20187,e,20188
20189,e,20188
20187,c,20188
20187,d,20188
20187,f,20188
20184,b,20188
20189,b,20188
20189,d,20188
20185,e,20188
20185,f,20188
20186,b,20188
20186,d,20188
20186,c,20188
20186,f,20188
20186,e,20188
20185,c,20188
20185,d,20188
20185,b,20188
20184,e,20188
20184,f,20188
20184,c,20188
20184,d,20188
20189,c,20188
20189,f,20188
20188,c,20189
20189,d,20189
20188,b,20189
20189,c,20189
20189,f,20189
20189,e,20189
20190,b,20189
20188,e,20189
20188,d,20189
20188,f,20189
20190,d,20189
20189,b,20189
20190,f,20189
20185,b,20189
20185,d,20189
20185,c,20189
20185,f,20189
20185,e,20189
20186,b,20189
20186,d,20189
20186,c,20189
20186,f,20189
20190,c,20189
20186,e,20189
20190,e,20189
20187,b,20189
20187,d,20189
20187,e,20189
20187,f,20189
20187,c,20189
20191,c,20190
20190,b,20190
20190,d,20190
20190,c,20190
20190,f,20190
20189,b,20190
20189,d,20190
20189,c,20190
20189,f,20190
20189,e,20190
20191,e,20190
20191,f,20190
20190,e,20190
20191,d,20190
20191,b,20190
20186,b,20190
20188,b,20190
20187,c,20190
20187,d,20190
20187,b,20190
20187,f,20190
20186,d,20190
20187,e,20190
20188,c,20190
20188,f,20190
20188,e,20190
20186,c,20190
20186,f,20190
20186,e,20190
20188,d,20190
20190,e,20191
20190,d,20191
20192,b,20191
20191,d,20191
20191,b,20191
20190,b,20191
20187,d,20191
20191,e,20191
20192,e,20191
20192,d,20191
20189,e,20191
20189,d,20191
20189,b,20191
20188,b,20191
20188,d,20191
20188,e,20191
20187,b,20191
20187,e,20191
20192,d,20192
20191,b,20192
20191,d,20192
20192,b,20192
20188,b,20192
20190,b,20192
20189,b,20192
20189,d,20192
20193,b,20192
20193,d,20192
20190,d,20192
20188,d,20192
20194,c,20193
20194,f,20193
20193,f,20193
20192,c,20193
20192,f,20193
20193,d,20193
20193,b,20193
20192,b,20193
20192,d,20193
20193,c,20193
20194,d,20193
20194,b,20193
20189,b,20193
20189,d,20193
20190,f,20193
20190,c,20193
20190,d,20193
20191,f,20193
20191,c,20193
20191,d,20193
20191,b,20193
20189,c,20193
20190,b,20193
20189,f,20193
20191,c,20194
20195,b,20194
20190,b,20194
20193,b,20194
20193,e,20194
20193,c,20194
20193,f,20194
20191,b,20194
20194,e,20194
20194,f,20194
20194,c,20194
20194,d,20194
20194,b,20194
20193,d,20194
20195,c,20194
20195,d,20194
20195,e,20194
20191,f,20194
20191,e,20194
20195,f,20194
20190,f,20194
20190,c,20194
20190,d,20194
20192,b,20194
20192,d,20194
20190,e,20194
20192,c,20194
20192,e,20194
20191,d,20194
20192,f,20194
20195,c,20195
20194,e,20195
20194,f,20195
20196,f,20195
20194,c,20195
20194,d,20195
20196,e,20195
20195,f,20195
20195,e,20195
20196,b,20195
20196,d,20195
20196,c,20195
20195,d,20195
20195,b,20195
20194,b,20195
20193,d,20195
20191,c,20195
20191,f,20195
20191,e,20195
20192,b,20195
20192,d,20195
20192,c,20195
20192,f,20195
20192,e,20195
20191,d,20195
20193,b,20195
20193,c,20195
20191,b,20195
20193,e,20195
20193,f,20195
20195,c,20196
20195,d,20196
20195,b,20196
20197,e,20196
20197,f,20196
20197,c,20196
20193,e,20196
20193,f,20196
20193,c,20196
20193,d,20196
20192,b,20196
20192,d,20196
20192,c,20196
20192,f,20196
20193,b,20196
20196,c,20196
20196,d,20196
20196,b,20196
20196,e,20196
20195,f,20196
20197,b,20196
20197,d,20196
20194,e,20196
20194,f,20196
20194,c,20196
20194,d,20196
20194,b,20196
20192,e,20196
20196,f,20196
20195,e,20196
20197,b,20197
20196,b,20197
20193,f,20197
20196,c,20197
20196,e,20197
20198,d,20197
20198,b,20197
20197,e,20197
20197,f,20197
20197,c,20197
20196,d,20197
20196,f,20197
20195,b,20197
20198,f,20197
20193,c,20197
20193,d,20197
20193,b,20197
20194,b,20197
20194,d,20197
20194,c,20197
20194,f,20197
20194,e,20197
20198,c,20197
20193,e,20197
20197,d,20197
20195,c,20197
20198,e,20197
20195,f,20197
20195,d,20197
20195,e,20197
20198,b,20198
20198,d,20198
20199,e,20198
20198,c,20198
20198,f,20198
20198,e,20198
20197,b,20198
20197,c,20198
20197,f,20198
20197,e,20198
20199,f,20198
20199,d,20198
20199,b,20198
20197,d,20198
20199,c,20198
20194,e,20198
20196,b,20198
20194,d,20198
20194,b,20198
20195,b,20198
20195,d,20198
20195,c,20198
20195,f,20198
20195,e,20198
20194,c,20198
20196,d,20198
20194,f,20198
20196,f,20198
20196,e,20198
20196,c,20198
20196,e,20199
20196,d,20199
20199,b,20199
20199,d,20199
20198,e,20199
20200,b,20199
20198,b,20199
20196,b,20199
20200,d,20199
20200,e,20199
20195,b,20199
20195,d,20199
20195,e,20199
20197,d,20199
20197,e,20199
20199,e,20199
20197,b,20199
20198,d,20199
20199,b,20200
20200,d,20200
20199,d,20200
20200,b,20200
20196,b,20200
20198,d,20200
20197,b,20200
20197,d,20200
20201,b,20200
20201,d,20200
20196,d,20200
20198,b,20200
20202,c,20201
20202,f,20201
20201,f,20201
20200,c,20201
20201,c,20201
20201,d,20201
20201,b,20201
20200,b,20201
20200,d,20201
20200,f,20201
20202,d,20201
20202,b,20201
20197,b,20201
20197,d,20201
20198,f,20201
20198,c,20201
20198,d,20201
20199,f,20201
20199,c,20201
20199,d,20201
20199,b,20201
20197,c,20201
20198,b,20201
20197,f,20201
20199,b,20202
20203,b,20202
20198,b,20202
20201,b,20202
20201,e,20202
20201,c,20202
20201,f,20202
20203,d,20202
20202,e,20202
20202,f,20202
20202,c,20202
20202,d,20202
20202,b,20202
20201,d,20202
20199,d,20202
20203,c,20202
20203,e,20202
20199,f,20202
20199,e,20202
20203,f,20202
20198,f,20202
20198,c,20202
20198,d,20202
20200,b,20202
20200,d,20202
20198,e,20202
20200,f,20202
20200,c,20202
20199,c,20202
20200,e,20202
20203,c,20203
20202,e,20203
20202,f,20203
20202,c,20203
20204,e,20203
20202,d,20203
20203,e,20203
20204,b,20203
20204,d,20203
20204,c,20203
20204,f,20203
20203,d,20203
20203,b,20203
20203,f,20203
20202,b,20203
20201,c,20203
20199,f,20203
20199,e,20203
20200,b,20203
20200,d,20203
20200,c,20203
20200,f,20203
20200,e,20203
20199,c,20203
20199,d,20203
20201,b,20203
20201,d,20203
20199,b,20203
20201,e,20203
20201,f,20203
20203,f,20204
20203,c,20204
20203,d,20204
20203,b,20204
20205,e,20204
20205,f,20204
20205,c,20204
20201,e,20204
20201,f,20204
20201,c,20204
20200,b,20204
20200,d,20204
20200,c,20204
20200,f,20204
20204,f,20204
20204,c,20204
20204,d,20204
20204,b,20204
20203,e,20204
20201,b,20204
20205,b,20204
20205,d,20204
20202,e,20204
20202,f,20204
20202,c,20204
20202,d,20204
20202,b,20204
20200,e,20204
20201,d,20204
20204,e,20204
20205,b,20205
20201,f,20205
20204,d,20205
20204,c,20205
20204,e,20205
20206,d,20205
20206,b,20205
20205,e,20205
20205,f,20205
20205,c,20205
20204,b,20205
20204,f,20205
20203,b,20205
20206,f,20205
20201,c,20205
20201,d,20205
20201,b,20205
20202,b,20205
20202,d,20205
20202,c,20205
20202,f,20205
20202,e,20205
20206,c,20205
20201,e,20205
20205,d,20205
20206,e,20205
20203,c,20205
20203,e,20205
20203,d,20205
20203,f,20205
20207,b,20206
20206,b,20206
20206,d,20206
20206,c,20206
20206,f,20206
20206,e,20206
20205,b,20206
20205,c,20206
20205,f,20206
20205,e,20206
20207,e,20206
20207,c,20206
20207,d,20206
20205,d,20206
20207,f,20206
20202,b,20206
20203,e,20206
20202,f,20206
20202,c,20206
20202,d,20206
20204,e,20206
20204,f,20206
20204,c,20206
20204,b,20206
20204,d,20206
20202,e,20206
20203,f,20206
20203,c,20206
20203,b,20206
20203,d,20206
20206,d,20207
20208,b,20207
20207,d,20207
20207,b,20207
20206,b,20207
20206,e,20207
20203,e,20207
20203,d,20207
20207,e,20207
20208,e,20207
20208,d,20207
20205,e,20207
20205,d,20207
20205,b,20207
20204,b,20207
20204,d,20207
20204,e,20207
20203,b,20207
20207,b,20208
20207,d,20208
20208,b,20208
20204,d,20208
20208,d,20208
20204,b,20208
20206,b,20208
20205,b,20208
20205,d,20208
20209,b,20208
20209,d,20208
20206,d,20208
20210,c,20209
20210,f,20209
20209,f,20209
20208,b,20209
20208,d,20209
20209,d,20209
20209,b,20209
20208,f,20209
20208,c,20209
20209,c,20209
20210,d,20209
20210,b,20209
20205,b,20209
20205,d,20209
20206,f,20209
20206,c,20209
20206,d,20209
20206,b,20209
20207,f,20209
20207,c,20209
20207,d,20209
20207,b,20209
20205,f,20209
20205,c,20209
20207,c,20210
20211,b,20210
20209,b,20210
20209,e,20210
20209,c,20210
20209,f,20210
20211,d,20210
20210,e,20210
20210,f,20210
20210,c,20210
20210,d,20210
20210,b,20210
20209,d,20210
20207,b,20210
20211,c,20210
20211,e,20210
20207,f,20210
20207,e,20210
20206,e,20210
20206,f,20210
20211,f,20210
20206,d,20210
20206,b,20210
20208,b,20210
20206,c,20210
20208,c,20210
20208,d,20210
20207,d,20210
20208,f,20210
20208,e,20210
20211,c,20211
20210,f,20211
20210,e,20211
20210,c,20211
20210,d,20211
20211,f,20211
20211,e,20211
20212,e,20211
20212,f,20211
20212,c,20211
20211,d,20211
20211,b,20211
20210,b,20211
20212,b,20211
20212,d,20211
20207,e,20211
20208,b,20211
20209,b,20211
20209,d,20211
20209,c,20211
20209,f,20211
20209,e,20211
20208,d,20211
20208,c,20211
20208,f,20211
20208,e,20211
20207,c,20211
20207,d,20211
20207,b,20211
20207,f,20211
20208,b,20212
20211,b,20212
20213,b,20212
20211,c,20212
20211,f,20212
20208,d,20212
20212,e,20212
20212,f,20212
20212,c,20212
20212,d,20212
20212,b,20212
20211,d,20212
20211,e,20212
20208,c,20212
20208,f,20212
20209,c,20212
20208,e,20212
20209,f,20212
20210,b,20212
20210,d,20212
20210,c,20212
20210,f,20212
20209,d,20212
20210,e,20212
20213,e,20212
20213,f,20212
20213,c,20212
20213,d,20212
20209,e,20212
20209,b,20212
20214,f,20213
20214,c,20213
20213,e,20213
20212,e,20213
20212,d,20213
20212,c,20213
20212,f,20213
20214,d,20213
20213,f,20213
20213,c,20213
20213,d,20213
20213,b,20213
20212,b,20213
20214,b,20213
20209,f,20213
20210,e,20213
20209,e,20213
20210,f,20213
20210,b,20213
20211,b,20213
20211,d,20213
20211,c,20213
20211,f,20213
20210,d,20213
20210,c,20213
20214,e,20213
20209,c,20213
20209,d,20213
20209,b,20213
20211,e,20213
20213,d,20214
20213,b,20214
20213,c,20214
20210,b,20214
20213,e,20214
20215,c,20214
20215,d,20214
20215,b,20214
20214,f,20214
20214,c,20214
20214,d,20214
20213,f,20214
20214,e,20214
20214,b,20214
20210,d,20214
20211,e,20214
20211,f,20214
20211,c,20214
20211,d,20214
20211,b,20214
20210,e,20214
20212,b,20214
20212,c,20214
20212,d,20214
20212,e,20214
20215,e,20214
20215,f,20214
20210,f,20214
20210,c,20214
20212,f,20214
20216,b,20215
20214,e,20215
20214,b,20215
20215,e,20215
20215,d,20215
20215,b,20215
20216,e,20215
20216,d,20215
20214,d,20215
20211,d,20215
20211,e,20215
20212,b,20215
20212,d,20215
20212,e,20215
20213,b,20215
20213,d,20215
20213,e,20215
20211,b,20215
20217,d,20216
20215,d,20216
20215,b,20216
20212,b,20216
20212,d,20216
20217,b,20216
20216,d,20216
20213,d,20216
20213,b,20216
20216,b,20216
20214,d,20216
20214,b,20216
20217,f,20217
20216,c,20217
20216,d,20217
20216,b,20217
20217,c,20217
20218,c,20217
20217,d,20217
20218,b,20217
20217,b,20217
20218,d,20217
20216,f,20217
20218,f,20217
20213,c,20217
20215,c,20217
20213,d,20217
20213,b,20217
20215,f,20217
20215,d,20217
20214,b,20217
20215,b,20217
20213,f,20217
20214,d,20217
20214,f,20217
20214,c,20217
20219,e,20218
20217,b,20218
20217,c,20218
20217,f,20218
20218,d,20218
20219,c,20218
20219,d,20218
20219,b,20218
20217,e,20218
20218,e,20218
20218,f,20218
20218,b,20218
20218,c,20218
20219,f,20218
20217,d,20218
20214,e,20218
20215,e,20218
20215,f,20218
20215,c,20218
20215,d,20218
20215,b,20218
20214,f,20218
20216,d,20218
20216,c,20218
20216,f,20218
20216,b,20218
20214,c,20218
20214,d,20218
20214,b,20218
20216,e,20218
20219,e,20219
20215,c,20219
20215,d,20219
20215,b,20219
20219,b,20219
20219,d,20219
20218,d,20219
20216,e,20219
20218,f,20219
20219,c,20219
20219,f,20219
20218,e,20219
20218,b,20219
20215,f,20219
20218,c,20219
20217,b,20219
20220,d,20219
20220,c,20219
20220,f,20219
20220,e,20219
20216,f,20219
20216,c,20219
20217,e,20219
20217,f,20219
20217,c,20219
20217,d,20219
20216,d,20219
20215,e,20219
20220,b,20219
20216,b,20219
20221,e,20220
20219,b,20220
20220,b,20220
20220,d,20220
20220,c,20220
20220,f,20220
20220,e,20220
20219,e,20220
20219,c,20220
20219,d,20220
20219,f,20220
20216,b,20220
20221,b,20220
20221,d,20220
20217,e,20220
20217,f,20220
20218,b,20220
20218,d,20220
20218,c,20220
20218,f,20220
20218,e,20220
20217,c,20220
20217,d,20220
20217,b,20220
20216,e,20220
20216,f,20220
20216,c,20220
20216,d,20220
20221,c,20220
20221,f,20220
20220,f,20221
20221,c,20221
20221,f,20221
20221,e,20221
20222,b,20221
20222,d,20221
20220,e,20221
20220,b,20221
20220,d,20221
20220,c,20221
20222,c,20221
20217,f,20221
20222,e,20221
20217,b,20221
20217,d,20221
20217,c,20221
20221,b,20221
20217,e,20221
20218,b,20221
20218,d,20221
20218,c,20221
20222,f,20221
20218,e,20221
20218,f,20221
20221,d,20221
20219,b,20221
20219,d,20221
20219,c,20221
20219,e,20221
20219,f,20221
20223,e,20222
20222,b,20222
20222,d,20222
20222,c,20222
20222,f,20222
20222,e,20222
20223,d,20222
20221,d,20222
20221,c,20222
20221,f,20222
20221,e,20222
20223,f,20222
20223,c,20222
20223,b,20222
20221,b,20222
20218,c,20222
20218,d,20222
20219,c,20222
20219,d,20222
20220,b,20222
20220,d,20222
20219,b,20222
20218,e,20222
20218,f,20222
20219,f,20222
20219,e,20222
20220,c,20222
20220,f,20222
20220,e,20222
20218,b,20222
20224,d,20223
20223,b,20223
20222,e,20223
20222,b,20223
20223,d,20223
20223,e,20223
20224,e,20223
20222,d,20223
20224,b,20223
20219,d,20223
20219,e,20223
20220,e,20223
20220,d,20223
20220,b,20223
20221,b,20223
20221,d,20223
20221,e,20223
20219,b,20223
20224,b,20224
20224,d,20224
20223,d,20224
20223,b,20224
20221,b,20224
20221,d,20224
20220,b,20224
20225,b,20224
20225,d,20224
20222,d,20224
20222,b,20224
20220,d,20224
20224,b,20225
20226,f,20225
20225,b,20225
20225,d,20225
20225,c,20225
20225,f,20225
20226,c,20225
20226,d,20225
20226,b,20225
20224,f,20225
20224,d,20225
20224,c,20225
20221,d,20225
20221,b,20225
20223,b,20225
20223,d,20225
20223,c,20225
20223,f,20225
20221,c,20225
20221,f,20225
20222,b,20225
20222,d,20225
20222,c,20225
20222,f,20225
20225,d,20226
20225,b,20226
20225,e,20226
20225,c,20226
20225,f,20226
20223,c,20226
20222,b,20226
20226,b,20226
20226,d,20226
20226,c,20226
20226,f,20226
20226,e,20226
20227,e,20226
20227,f,20226
20227,c,20226
20227,d,20226
20222,d,20226
20227,b,20226
20222,c,20226
20222,e,20226
20223,b,20226
20222,f,20226
20224,d,20226
20224,c,20226
20224,f,20226
20224,e,20226
20224,b,20226
20223,d,20226
20223,f,20226
20223,e,20226
20223,e,20227
20223,f,20227
20223,c,20227
20223,d,20227
20226,b,20227
20227,f,20227
20226,c,20227
20226,f,20227
20226,e,20227
20223,b,20227
20227,b,20227
20227,d,20227
20227,c,20227
20227,e,20227
20226,d,20227
20225,b,20227
20224,e,20227
20224,c,20227
20228,b,20227
20225,d,20227
20225,c,20227
20225,f,20227
20225,e,20227
20224,f,20227
20224,b,20227
20228,e,20227
20228,f,20227
20228,c,20227
20228,d,20227
20224,d,20227
20229,e,20228
20229,f,20228
20229,b,20228
20229,c,20228
20227,e,20228
20227,d,20228
20227,c,20228
20227,f,20228
20228,e,20228
20228,f,20228
20228,c,20228
20228,d,20228
20228,b,20228
20227,b,20228
20229,d,20228
20226,d,20228
20226,b,20228
20225,b,20228
20225,d,20228
20225,c,20228
20226,c,20228
20226,f,20228
20226,e,20228
20225,f,20228
20224,e,20228
20224,f,20228
20224,c,20228
20224,d,20228
20224,b,20228
20225,e,20228
20228,b,20229
20225,b,20229
20228,d,20229
20225,c,20229
20228,f,20229
20228,e,20229
20230,d,20229
20225,d,20229
20230,b,20229
20229,e,20229
20229,f,20229
20229,c,20229
20228,c,20229
20225,f,20229
20229,d,20229
20229,b,20229
20226,d,20229
20226,c,20229
20225,e,20229
20227,b,20229
20227,d,20229
20227,c,20229
20227,f,20229
20226,b,20229
20227,e,20229
20226,e,20229
20230,e,20229
20230,f,20229
20230,c,20229
20226,f,20229
20231,e,20230
20231,f,20230
20231,c,20230
20229,b,20230
20231,b,20230
20229,c,20230
20229,f,20230
20229,e,20230
20230,e,20230
20230,f,20230
20230,c,20230
20230,d,20230
20230,b,20230
20229,d,20230
20231,d,20230
20228,b,20230
20226,e,20230
20226,f,20230
20226,c,20230
20228,e,20230
20228,f,20230
20228,c,20230
20226,d,20230
20226,b,20230
20227,e,20230
20228,d,20230
20227,f,20230
20227,b,20230
20227,d,20230
20227,c,20230
20230,b,20231
20230,e,20231
20230,d,20231
20232,b,20231
20227,b,20231
20231,b,20231
20227,e,20231
20231,d,20231
20231,e,20231
20232,e,20231
20232,d,20231
20229,e,20231
20229,d,20231
20229,b,20231
20228,b,20231
20228,d,20231
20228,e,20231
20227,d,20231
20232,b,20232
20231,b,20232
20231,d,20232
20232,d,20232
20228,b,20232
20228,d,20232
20229,b,20232
20229,d,20232
20233,b,20232
20233,d,20232
20230,d,20232
20230,b,20232
20234,c,20233
20234,f,20233
20233,f,20233
20232,b,20233
20232,d,20233
20233,b,20233
20232,f,20233
20232,c,20233
20233,c,20233
20233,d,20233
20234,b,20233
20231,f,20233
20229,b,20233
20229,d,20233
20230,c,20233
20230,d,20233
20230,b,20233
20231,c,20233
20231,d,20233
20231,b,20233
20234,d,20233
20229,f,20233
20229,c,20233
20230,f,20233
20231,d,20234
20235,d,20234
20235,b,20234
20233,f,20234
20233,d,20234
20233,c,20234
20235,c,20234
20233,e,20234
20234,e,20234
20234,f,20234
20234,c,20234
20234,d,20234
20234,b,20234
20233,b,20234
20231,b,20234
20235,f,20234
20230,e,20234
20231,f,20234
20231,e,20234
20235,e,20234
20230,f,20234
20230,c,20234
20230,d,20234
20230,b,20234
20232,b,20234
20231,c,20234
20232,c,20234
20232,f,20234
20232,e,20234
20232,d,20234
20235,d,20235
20235,c,20235
20236,f,20235
20236,c,20235
20236,d,20235
20236,b,20235
20234,b,20235
20234,d,20235
20234,c,20235
20234,f,20235
20236,e,20235
20234,e,20235
20235,f,20235
20235,e,20235
20235,b,20235
20233,b,20235
20231,d,20235
20232,e,20235
20232,f,20235
20232,c,20235
20232,d,20235
20232,b,20235
20231,e,20235
20231,c,20235
20231,f,20235
20233,e,20235
20233,f,20235
20233,c,20235
20233,d,20235
20231,b,20235
20235,d,20236
20235,b,20236
20235,c,20236
20237,d,20236
20235,f,20236
20232,b,20236
20236,b,20236
20236,d,20236
20236,c,20236
20236,f,20236
20236,e,20236
20237,e,20236
20237,f,20236
20237,b,20236
20235,e,20236
20232,d,20236
20237,c,20236
20232,f,20236
20233,e,20236
20233,f,20236
20233,c,20236
20233,d,20236
20233,b,20236
20232,e,20236
20234,b,20236
20234,d,20236
20232,c,20236
20234,f,20236
20234,c,20236
20234,e,20236
20234,b,20237
20238,d,20237
20238,b,20237
20236,b,20237
20236,d,20237
20236,c,20237
20236,f,20237
20236,e,20237
20237,e,20237
20237,c,20237
20237,d,20237
20237,b,20237
20233,b,20237
20233,d,20237
20233,c,20237
20237,f,20237
20238,f,20237
20238,c,20237
20234,e,20237
20235,b,20237
20235,d,20237
20235,c,20237
20235,f,20237
20235,e,20237
20233,e,20237
20233,f,20237
20238,e,20237
20234,d,20237
20234,c,20237
20234,f,20237
20239,b,20238
20237,c,20238
20237,f,20238
20237,b,20238
20238,e,20238
20238,f,20238
20238,c,20238
20237,e,20238
20238,d,20238
20239,d,20238
20237,d,20238
20238,b,20238
20239,f,20238
20234,b,20238
20234,d,20238
20234,c,20238
20234,f,20238
20234,e,20238
20235,b,20238
20235,d,20238
20235,c,20238
20235,f,20238
20239,c,20238
20235,e,20238
20236,b,20238
20236,d,20238
20236,c,20238
20236,f,20238
20236,e,20238
20239,e,20238
20240,b,20239
20238,e,20239
20238,d,20239
20239,e,20239
20239,d,20239
20239,b,20239
20240,e,20239
20240,d,20239
20238,b,20239
20235,d,20239
20237,b,20239
20237,d,20239
20236,d,20239
20236,b,20239
20235,b,20239
20235,e,20239
20236,e,20239
20237,e,20239
20238,b,20240
20241,b,20240
20236,b,20240
20239,d,20240
20239,b,20240
20237,b,20240
20240,d,20240
20237,d,20240
20241,d,20240
20236,d,20240
20238,d,20240
20240,b,20240
20242,b,20241
20237,c,20241
20240,b,20241
20240,d,20241
20240,c,20241
20240,f,20241
20241,f,20241
20241,c,20241
20241,d,20241
20241,b,20241
20242,d,20241
20242,c,20241
20239,d,20241
20237,f,20241
20237,d,20241
20239,f,20241
20237,b,20241
20238,b,20241
20238,d,20241
20238,c,20241
20239,c,20241
20239,b,20241
20238,f,20241
20242,f,20241
20241,b,20242
20243,c,20242
20242,b,20242
20243,e,20242
20242,f,20242
20242,c,20242
20241,d,20242
20241,c,20242
20241,f,20242
20241,e,20242
20242,d,20242
20243,f,20242
20242,e,20242
20243,b,20242
20240,e,20242
20243,d,20242
20239,b,20242
20239,d,20242
20240,b,20242
20240,d,20242
20240,c,20242
20240,f,20242
20238,f,20242
20239,c,20242
20239,f,20242
20239,e,20242
20238,c,20242
20238,d,20242
20238,b,20242
20238,e,20242
20239,b,20243
20240,c,20243
20242,e,20243
20242,d,20243
20242,c,20243
20242,f,20243
20244,b,20243
20243,e,20243
20243,f,20243
20243,c,20243
20243,d,20243
20243,b,20243
20242,b,20243
20240,f,20243
20244,d,20243
20244,f,20243
20240,d,20243
20240,b,20243
20239,e,20243
20244,c,20243
20239,c,20243
20239,d,20243
20241,b,20243
20241,d,20243
20239,f,20243
20241,f,20243
20244,e,20243
20241,c,20243
20240,e,20243
20241,e,20243
20244,c,20244
20243,e,20244
20243,f,20244
20243,c,20244
20243,d,20244
20244,e,20244
20244,d,20244
20244,b,20244
20245,b,20244
20245,d,20244
20245,c,20244
20245,f,20244
20245,e,20244
20244,f,20244
20243,b,20244
20242,d,20244
20242,b,20244
20241,b,20244
20241,d,20244
20241,c,20244
20242,c,20244
20242,f,20244
20242,e,20244
20241,f,20244
20240,e,20244
20240,f,20244
20240,c,20244
20240,d,20244
20240,b,20244
20241,e,20244
20244,b,20245
20241,b,20245
20244,d,20245
20241,c,20245
20244,f,20245
20244,e,20245
20246,d,20245
20241,d,20245
20246,b,20245
20245,e,20245
20245,f,20245
20245,c,20245
20244,c,20245
20245,b,20245
20245,d,20245
20241,e,20245
20242,d,20245
20242,c,20245
20241,f,20245
20243,b,20245
20243,d,20245
20243,c,20245
20243,f,20245
20242,b,20245
20243,e,20245
20242,e,20245
20246,e,20245
20246,f,20245
20246,c,20245
20242,f,20245
20247,c,20246
20247,f,20246
20247,e,20246
20245,b,20246
20247,d,20246
20245,c,20246
20245,f,20246
20245,e,20246
20246,e,20246
20246,f,20246
20246,c,20246
20246,d,20246
20246,b,20246
20245,d,20246
20242,f,20246
20247,b,20246
20242,b,20246
20243,c,20246
20243,d,20246
20244,b,20246
20244,d,20246
20243,b,20246
20242,e,20246
20243,f,20246
20242,d,20246
20243,e,20246
20244,c,20246
20244,f,20246
20244,e,20246
20242,c,20246
20247,b,20247
20246,e,20247
20248,d,20247
20246,b,20247
20247,d,20247
20247,e,20247
20248,e,20247
20246,d,20247
20248,b,20247
20243,d,20247
20243,e,20247
20244,e,20247
20244,d,20247
20244,b,20247
20245,b,20247
20245,d,20247
20245,e,20247
20243,b,20247
20248,b,20248
20248,d,20248
20247,d,20248
20247,b,20248
20245,b,20248
20245,d,20248
20244,d,20248
20244,b,20248
20249,b,20248
20249,d,20248
20246,d,20248
20246,b,20248
20248,b,20249
20249,b,20249
20249,d,20249
20249,c,20249
20249,f,20249
20250,f,20249
20250,c,20249
20250,d,20249
20250,b,20249
20248,f,20249
20248,c,20249
20248,d,20249
20245,b,20249
20245,d,20249
20247,b,20249
20247,d,20249
20247,c,20249
20247,f,20249
20245,c,20249
20245,f,20249
20246,b,20249
20246,d,20249
20246,c,20249
20246,f,20249
20249,d,20250
20249,b,20250
20247,d,20250
20249,c,20250
20249,f,20250
20247,c,20250
20250,b,20250
20250,d,20250
20250,c,20250
20250,f,20250
20250,e,20250
20251,e,20250
20251,f,20250
20251,c,20250
20246,b,20250
20246,d,20250
20249,e,20250
20251,b,20250
20246,e,20250
20251,d,20250
20247,b,20250
20246,f,20250
20248,d,20250
20248,c,20250
20248,f,20250
20248,e,20250
20248,b,20250
20246,c,20250
20247,f,20250
20247,e,20250
20247,b,20251
20247,e,20251
20247,f,20251
20247,c,20251
20247,d,20251
20251,f,20251
20250,d,20251
20250,c,20251
20250,f,20251
20250,e,20251
20251,b,20251
20251,d,20251
20251,c,20251
20251,e,20251
20250,b,20251
20252,b,20251
20252,d,20251
20248,e,20251
20248,f,20251
20248,c,20251
20248,d,20251
20248,b,20251
20249,d,20251
20249,c,20251
20249,f,20251
20249,b,20251
20252,c,20251
20252,f,20251
20252,e,20251
20249,e,20251
20252,e,20252
20253,d,20252
20253,b,20252
20253,e,20252
20252,b,20252
20252,d,20252
20251,d,20252
20251,c,20252
20251,f,20252
20253,f,20252
20252,c,20252
20252,f,20252
20251,b,20252
20253,c,20252
20251,e,20252
20250,e,20252
20248,b,20252
20248,d,20252
20248,c,20252
20248,f,20252
20248,e,20252
20249,d,20252
20249,c,20252
20249,e,20252
20249,b,20252
20250,f,20252
20250,c,20252
20250,d,20252
20250,b,20252
20249,f,20252
20249,f,20253
20249,d,20253
20249,b,20253
20252,b,20253
20254,b,20253
20252,c,20253
20252,f,20253
20252,e,20253
20249,c,20253
20253,e,20253
20253,f,20253
20253,c,20253
20252,d,20253
20253,b,20253
20253,d,20253
20254,d,20253
20250,d,20253
20250,c,20253
20249,e,20253
20250,f,20253
20251,b,20253
20251,d,20253
20251,c,20253
20250,b,20253
20251,f,20253
20250,e,20253
20254,e,20253
20254,f,20253
20254,c,20253
20251,e,20253
20255,e,20254
20255,f,20254
20255,c,20254
20253,b,20254
20250,e,20254
20253,c,20254
20253,f,20254
20253,e,20254
20254,e,20254
20254,f,20254
20254,c,20254
20254,d,20254
20254,b,20254
20253,d,20254
20250,f,20254
20255,b,20254
20251,e,20254
20250,c,20254
20250,d,20254
20255,d,20254
20252,e,20254
20252,f,20254
20252,c,20254
20250,b,20254
20251,c,20254
20251,f,20254
20252,b,20254
20251,d,20254
20252,d,20254
20251,b,20254
20251,e,20255
20254,d,20255
20254,e,20255
20255,b,20255
20254,b,20255
20255,d,20255
20252,b,20255
20251,d,20255
20256,e,20255
20255,e,20255
20256,b,20255
20256,d,20255
20253,e,20255
20253,d,20255
20253,b,20255
20252,d,20255
20252,e,20255
20251,b,20255
20255,b,20256
20256,d,20256
20255,d,20256
20256,b,20256
20253,b,20256
20257,b,20256
20253,d,20256
20257,d,20256
20252,d,20256
20252,b,20256
20254,b,20256
20254,d,20256
20256,d,20257
20258,d,20257
20256,f,20257
20256,b,20257
20257,f,20257
20257,c,20257
20257,d,20257
20257,b,20257
20258,b,20257
20256,c,20257
20258,c,20257
20258,f,20257
20253,f,20257
20254,d,20257
20254,b,20257
20253,b,20257
20253,c,20257
20253,d,20257
20255,b,20257
20254,c,20257
20255,d,20257
20255,c,20257
20255,f,20257
20254,f,20257
20257,d,20258
20259,f,20258
20258,e,20258
20259,b,20258
20257,b,20258
20257,c,20258
20258,c,20258
20259,e,20258
20257,e,20258
20258,f,20258
20259,c,20258
20258,b,20258
20258,d,20258
20257,f,20258
20259,d,20258
20255,d,20258
20254,b,20258
20254,d,20258
20256,b,20258
20256,d,20258
20256,c,20258
20256,f,20258
20254,c,20258
20256,e,20258
20254,e,20258
20255,b,20258
20255,c,20258
20255,f,20258
20255,e,20258
20254,f,20258
20258,d,20259
20258,c,20259
20258,f,20259
20255,b,20259
20258,b,20259
20258,e,20259
20260,d,20259
20259,b,20259
20259,d,20259
20259,c,20259
20259,f,20259
20259,e,20259
20260,e,20259
20260,f,20259
20260,c,20259
20255,d,20259
20255,c,20259
20260,b,20259
20257,f,20259
20257,d,20259
20257,b,20259
20255,e,20259
20256,b,20259
20256,d,20259
20256,c,20259
20256,f,20259
20256,e,20259
20257,c,20259
20255,f,20259
20257,e,20259
20259,f,20260
20259,e,20260
20259,d,20260
20259,b,20260
20260,e,20260
20260,f,20260
20260,c,20260
20260,d,20260
20260,b,20260
20256,e,20260
20256,f,20260
20256,c,20260
20259,c,20260
20256,d,20260
20256,b,20260
20257,f,20260
20257,e,20260
20257,b,20260
20261,b,20260
20258,b,20260
20258,d,20260
20258,c,20260
20258,f,20260
20258,e,20260
20261,e,20260
20261,f,20260
20261,c,20260
20261,d,20260
20257,c,20260
20257,d,20260
20262,f,20261
20262,c,20261
20262,d,20261
20262,b,20261
20260,e,20261
20260,d,20261
20260,c,20261
20260,f,20261
20261,f,20261
20261,c,20261
20261,d,20261
20262,e,20261
20260,b,20261
20261,e,20261
20261,b,20261
20258,e,20261
20257,e,20261
20258,f,20261
20258,b,20261
20259,b,20261
20259,d,20261
20259,c,20261
20259,f,20261
20258,d,20261
20257,f,20261
20257,c,20261
20257,d,20261
20257,b,20261
20258,c,20261
20259,e,20261
20261,d,20262
20261,b,20262
20261,c,20262
20262,f,20262
20261,e,20262
20263,e,20262
20263,f,20262
20263,c,20262
20263,b,20262
20262,e,20262
20262,c,20262
20261,f,20262
20263,d,20262
20258,b,20262
20258,d,20262
20259,e,20262
20259,f,20262
20259,c,20262
20259,d,20262
20259,b,20262
20258,e,20262
20262,b,20262
20260,d,20262
20260,c,20262
20260,b,20262
20260,e,20262
20258,f,20262
20258,c,20262
20260,f,20262
20262,d,20262
20264,d,20263
20264,b,20263
20262,e,20263
20262,d,20263
20262,b,20263
20263,e,20263
20263,d,20263
20263,b,20263
20264,e,20263
20259,d,20263
20259,b,20263
20260,b,20263
20260,d,20263
20259,e,20263
20260,e,20263
20261,b,20263
20261,d,20263
20261,e,20263
20265,d,20264
20264,d,20264
20264,b,20264
20263,d,20264
20263,b,20264
20260,b,20264
20260,d,20264
20261,b,20264
20265,b,20264
20262,b,20264
20262,d,20264
20261,d,20264
20266,b,20265
20261,b,20265
20261,d,20265
20261,c,20265
20261,f,20265
20264,b,20265
20264,c,20265
20264,f,20265
20265,f,20265
20265,c,20265
20265,d,20265
20265,b,20265
20264,d,20265
20266,d,20265
20263,c,20265
20266,f,20265
20262,f,20265
20262,c,20265
20262,d,20265
20266,c,20265
20263,b,20265
20263,d,20265
20262,b,20265
20263,f,20265
20266,c,20266
20266,d,20266
20265,c,20266
20265,f,20266
20265,e,20266
20266,b,20266
20265,d,20266
20265,b,20266
20267,c,20266
20267,f,20266
20267,e,20266
20266,e,20266
20266,f,20266
20263,d,20266
20267,b,20266
20263,b,20266
20267,d,20266
20264,b,20266
20264,d,20266
20264,c,20266
20264,f,20266
20264,e,20266
20263,c,20266
20263,f,20266
20263,e,20266
20262,c,20266
20262,d,20266
20262,b,20266
20262,e,20266
20262,f,20266
20263,b,20267
20263,d,20267
20266,e,20267
20266,d,20267
20266,c,20267
20266,f,20267
20268,b,20267
20267,e,20267
20267,f,20267
20267,c,20267
20267,d,20267
20267,b,20267
20266,b,20267
20264,f,20267
20264,e,20267
20268,f,20267
20264,c,20267
20264,d,20267
20264,b,20267
20268,c,20267
20263,f,20267
20263,c,20267
20265,b,20267
20265,d,20267
20263,e,20267
20265,f,20267
20268,e,20267
20265,c,20267
20268,d,20267
20265,e,20267
20268,c,20268
20267,e,20268
20267,f,20268
20267,c,20268
20267,d,20268
20268,e,20268
20268,d,20268
20268,b,20268
20269,b,20268
20269,d,20268
20269,c,20268
20269,f,20268
20269,e,20268
20268,f,20268
20267,b,20268
20265,d,20268
20264,b,20268
20265,c,20268
20266,b,20268
20266,d,20268
20266,c,20268
20266,f,20268
20266,e,20268
20265,b,20268
20265,f,20268
20264,e,20268
20264,f,20268
20264,c,20268
20264,d,20268
20265,e,20268
20265,b,20269
20265,d,20269
20270,d,20269
20268,b,20269
20265,f,20269
20268,c,20269
20268,f,20269
20268,e,20269
20265,c,20269
20269,e,20269
20269,f,20269
20269,c,20269
20269,d,20269
20268,d,20269
20270,b,20269
20269,b,20269
20270,c,20269
20266,c,20269
20265,e,20269
20267,b,20269
20267,d,20269
20267,c,20269
20267,f,20269
20266,d,20269
20267,e,20269
20266,e,20269
20270,e,20269
20270,f,20269
20266,f,20269
20266,b,20269
20271,e,20270
20271,f,20270
20271,c,20270
20269,e,20270
20269,d,20270
20269,c,20270
20269,f,20270
20270,e,20270
20270,f,20270
20270,c,20270
20270,d,20270
20270,b,20270
20269,b,20270
20266,f,20270
20271,b,20270
20267,e,20270
20266,c,20270
20266,e,20270
20266,d,20270
20268,e,20270
20268,f,20270
20268,c,20270
20268,d,20270
20266,b,20270
20267,c,20270
20267,f,20270
20271,d,20270
20268,b,20270
20267,d,20270
20267,b,20270
20267,e,20271
20270,d,20271
20270,e,20271
20271,e,20271
20271,b,20271
20270,b,20271
20271,d,20271
20268,d,20271
20267,d,20271
20272,b,20271
20272,d,20271
20272,e,20271
20269,e,20271
20269,d,20271
20269,b,20271
20268,b,20271
20268,e,20271
20267,b,20271
20272,d,20272
20271,d,20272
20273,d,20272
20271,b,20272
20272,b,20272
20273,b,20272
20269,d,20272
20268,d,20272
20269,b,20272
20270,d,20272
20270,b,20272
20268,b,20272
20274,b,20273
20269,b,20273
20269,d,20273
20269,c,20273
20273,f,20273
20272,c,20273
20272,f,20273
20273,c,20273
20273,d,20273
20274,d,20273
20273,b,20273
20272,d,20273
20272,b,20273
20271,f,20273
20271,c,20273
20271,d,20273
20271,b,20273
20269,f,20273
20270,b,20273
20270,d,20273
20270,c,20273
20270,f,20273
20274,f,20273
20274,c,20273
20275,c,20274
20275,b,20274
20275,d,20274
20273,c,20274
20273,d,20274
20275,f,20274
20273,f,20274
20273,e,20274
20274,e,20274
20274,f,20274
20274,c,20274
20274,d,20274
20274,b,20274
20273,b,20274
20275,e,20274
20270,e,20274
20272,c,20274
20270,c,20274
20270,d,20274
20270,b,20274
20272,e,20274
20271,b,20274
20272,f,20274
20272,d,20274
20272,b,20274
20271,d,20274
20271,c,20274
20271,f,20274
20270,f,20274
20271,e,20274
20274,b,20275
20274,d,20275
20275,d,20275
20274,f,20275
20276,f,20275
20276,c,20275
20276,d,20275
20276,b,20275
20274,e,20275
20275,e,20275
20275,f,20275
20275,c,20275
20274,c,20275
20276,e,20275
20275,b,20275
20271,c,20275
20272,e,20275
20272,f,20275
20272,c,20275
20272,d,20275
20272,b,20275
20273,b,20275
20273,d,20275
20273,c,20275
20273,f,20275
20271,f,20275
20271,e,20275
20271,d,20275
20271,b,20275
20273,e,20275
20276,e,20276
20272,c,20276
20272,d,20276
20272,b,20276
20276,b,20276
20276,d,20276
20275,d,20276
20275,c,20276
20275,f,20276
20275,e,20276
20272,f,20276
20276,c,20276
20276,f,20276
20275,b,20276
20277,b,20276
20272,e,20276
20277,c,20276
20273,d,20276
20277,d,20276
20274,b,20276
20274,d,20276
20274,c,20276
20274,f,20276
20274,e,20276
20273,c,20276
20273,f,20276
20273,e,20276
20277,e,20276
20277,f,20276
20273,b,20276
20278,c,20277
20278,f,20277
20278,e,20277
20276,b,20277
20278,d,20277
20276,c,20277
20276,f,20277
20273,f,20277
20278,b,20277
20277,e,20277
20277,f,20277
20277,c,20277
20277,d,20277
20277,b,20277
20276,d,20277
20273,e,20277
20276,e,20277
20273,c,20277
20273,d,20277
20273,b,20277
20274,f,20277
20274,b,20277
20274,c,20277
20275,b,20277
20275,e,20277
20275,f,20277
20275,c,20277
20275,d,20277
20274,d,20277
20274,e,20277
20277,b,20278
20277,d,20278
20277,c,20278
20274,d,20278
20277,e,20278
20279,c,20278
20279,d,20278
20278,e,20278
20278,f,20278
20278,c,20278
20278,d,20278
20277,f,20278
20279,b,20278
20278,b,20278
20274,c,20278
20275,e,20278
20275,f,20278
20275,c,20278
20275,d,20278
20275,b,20278
20276,b,20278
20274,b,20278
20276,c,20278
20276,d,20278
20276,e,20278
20279,e,20278
20279,f,20278
20274,e,20278
20274,f,20278
20276,f,20278
20279,e,20279
20278,e,20279
20278,d,20279
20278,b,20279
20279,d,20279
20279,b,20279
20280,e,20279
20275,d,20279
20280,b,20279
20275,b,20279
20277,b,20279
20275,e,20279
20277,d,20279
20277,e,20279
20276,e,20279
20280,d,20279
20276,d,20279
20276,b,20279
20279,b,20280
20281,b,20280
20281,d,20280
20276,b,20280
20279,d,20280
20280,d,20280
20278,d,20280
20278,b,20280
20277,b,20280
20277,d,20280
20280,b,20280
20276,d,20280
20282,b,20281
20280,d,20281
20280,f,20281
20281,b,20281
20281,d,20281
20281,c,20281
20281,f,20281
20282,c,20281
20282,d,20281
20280,b,20281
20282,f,20281
20280,c,20281
20277,b,20281
20277,d,20281
20279,b,20281
20279,d,20281
20279,c,20281
20279,f,20281
20277,c,20281
20277,f,20281
20278,b,20281
20278,d,20281
20278,c,20281
20278,f,20281
20281,d,20282
20281,b,20282
20283,d,20282
20281,c,20282
20281,f,20282
20279,c,20282
20282,b,20282
20282,d,20282
20282,c,20282
20282,f,20282
20282,e,20282
20283,e,20282
20283,f,20282
20283,c,20282
20278,b,20282
20278,d,20282
20281,e,20282
20283,b,20282
20278,f,20282
20278,e,20282
20279,b,20282
20279,d,20282
20280,d,20282
20280,c,20282
20280,f,20282
20280,e,20282
20280,b,20282
20278,c,20282
20279,f,20282
20279,e,20282
20279,b,20283
20279,e,20283
20279,f,20283
20279,c,20283
20279,d,20283
20283,f,20283
20282,d,20283
20282,c,20283
20282,f,20283
20282,e,20283
20283,b,20283
20283,d,20283
20283,c,20283
20283,e,20283
20282,b,20283
20284,b,20283
20284,d,20283
20280,e,20283
20280,f,20283
20280,c,20283
20280,d,20283
20280,b,20283
20281,d,20283
20281,c,20283
20281,f,20283
20281,b,20283
20284,c,20283
20284,f,20283
20284,e,20283
20281,e,20283
20284,e,20284
20285,d,20284
20285,b,20284
20285,e,20284
20284,b,20284
20284,d,20284
20283,d,20284
20283,c,20284
20283,f,20284
20285,f,20284
20284,c,20284
20284,f,20284
20283,b,20284
20285,c,20284
20283,e,20284
20280,b,20284
20281,b,20284
20281,d,20284
20282,b,20284
20282,d,20284
20282,c,20284
20282,f,20284
20282,e,20284
20281,c,20284
20281,f,20284
20281,e,20284
20280,e,20284
20280,f,20284
20280,c,20284
20280,d,20284
20281,b,20285
20284,b,20285
20284,d,20285
20286,d,20285
20284,f,20285
20284,e,20285
20286,c,20285
20281,d,20285
20286,b,20285
20285,e,20285
20285,f,20285
20285,c,20285
20284,c,20285
20281,c,20285
20281,f,20285
20281,e,20285
20282,e,20285
20282,f,20285
20282,c,20285
20282,d,20285
20282,b,20285
20285,b,20285
20283,b,20285
20283,d,20285
20283,c,20285
20285,d,20285
20283,e,20285
20286,f,20285
20286,e,20285
20283,f,20285
20287,e,20286
20287,f,20286
20287,c,20286
20286,b,20286
20286,d,20286
20285,b,20286
20285,c,20286
20285,f,20286
20285,e,20286
20286,c,20286
20286,f,20286
20286,e,20286
20287,b,20286
20285,d,20286
20287,d,20286
20282,f,20286
20283,e,20286
20283,c,20286
20284,b,20286
20284,d,20286
20284,c,20286
20284,e,20286
20284,f,20286
20282,c,20286
20282,d,20286
20282,b,20286
20283,f,20286
20283,b,20286
20283,d,20286
20282,e,20286
20286,d,20287
20286,e,20287
20287,b,20287
20287,d,20287
20287,e,20287
20288,e,20287
20286,b,20287
20288,d,20287
20288,b,20287
20283,d,20287
20283,e,20287
20284,e,20287
20284,d,20287
20284,b,20287
20285,b,20287
20285,d,20287
20285,e,20287
20283,b,20287
20284,b,20288
20288,b,20288
20288,d,20288
20287,d,20288
20287,b,20288
20285,b,20288
20285,d,20288
20284,d,20288
20289,b,20288
20289,d,20288
20286,d,20288
20286,b,20288
20288,c,20289
20288,f,20289
20289,b,20289
20289,d,20289
20289,c,20289
20290,f,20289
20290,c,20289
20290,d,20289
20289,f,20289
20288,b,20289
20288,d,20289
20290,b,20289
20285,b,20289
20286,c,20289
20286,d,20289
20286,b,20289
20285,f,20289
20287,f,20289
20287,c,20289
20287,d,20289
20287,b,20289
20286,f,20289
20285,d,20289
20285,c,20289
20289,b,20290
20289,d,20290
20289,c,20290
20289,f,20290
20287,c,20290
20290,b,20290
20290,d,20290
20290,c,20290
20290,f,20290
20290,e,20290
20291,e,20290
20291,f,20290
20291,c,20290
20291,d,20290
20286,b,20290
20289,e,20290
20291,b,20290
20286,c,20290
20286,f,20290
20286,e,20290
20287,b,20290
20287,d,20290
20288,b,20290
20288,d,20290
20288,c,20290
20288,f,20290
20286,d,20290
20287,f,20290
20287,e,20290
20288,e,20290
20291,e,20291
20287,b,20291
20291,b,20291
20287,e,20291
20287,f,20291
20287,c,20291
20287,d,20291
20290,d,20291
20290,c,20291
20290,f,20291
20290,e,20291
20291,d,20291
20291,c,20291
20291,f,20291
20290,b,20291
20292,b,20291
20292,c,20291
20292,f,20291
20292,e,20291
20288,e,20291
20288,f,20291
20288,c,20291
20289,e,20291
20289,f,20291
20289,c,20291
20289,d,20291
20289,b,20291
20292,d,20291
20288,d,20291
20288,b,20291
20293,f,20292
20293,c,20292
20293,d,20292
20291,f,20292
20291,d,20292
20291,c,20292
20293,b,20292
20292,e,20292
20292,f,20292
20292,c,20292
20292,d,20292
20292,b,20292
20291,b,20292
20293,e,20292
20291,e,20292
20290,e,20292
20288,d,20292
20288,c,20292
20288,f,20292
20288,e,20292
20289,b,20292
20289,c,20292
20289,f,20292
20288,b,20292
20289,d,20292
20290,f,20292
20290,c,20292
20290,d,20292
20290,b,20292
20289,e,20292
20293,b,20293
20289,d,20293
20289,b,20293
20292,b,20293
20294,b,20293
20292,c,20293
20292,f,20293
20292,e,20293
20294,d,20293
20289,c,20293
20293,e,20293
20293,f,20293
20292,d,20293
20289,f,20293
20289,e,20293
20294,c,20293
20290,e,20293
20290,f,20293
20290,c,20293
20290,d,20293
20290,b,20293
20293,c,20293
20291,b,20293
20291,d,20293
20291,c,20293
20293,d,20293
20291,e,20293
20294,f,20293
20294,e,20293
20291,f,20293
20295,e,20294
20295,f,20294
20295,c,20294
20294,b,20294
20294,d,20294
20293,b,20294
20293,c,20294
20293,f,20294
20293,e,20294
20294,c,20294
20294,f,20294
20294,e,20294
20295,b,20294
20293,d,20294
20295,d,20294
20290,f,20294
20291,e,20294
20291,c,20294
20291,d,20294
20292,b,20294
20292,d,20294
20292,e,20294
20292,f,20294
20290,c,20294
20290,d,20294
20290,b,20294
20291,f,20294
20291,b,20294
20292,c,20294
20290,e,20294
20294,b,20295
20294,d,20295
20295,b,20295
20295,d,20295
20295,e,20295
20296,e,20295
20294,e,20295
20296,d,20295
20296,b,20295
20291,d,20295
20291,e,20295
20292,e,20295
20292,d,20295
20292,b,20295
20293,b,20295
20293,d,20295
20293,e,20295
20291,b,20295
20292,b,20296
20296,b,20296
20296,d,20296
20295,d,20296
20295,b,20296
20293,b,20296
20293,d,20296
20292,d,20296
20297,b,20296
20297,d,20296
20294,d,20296
20294,b,20296
20296,f,20297
20297,b,20297
20297,d,20297
20297,c,20297
20297,f,20297
20298,c,20297
20296,b,20297
20298,d,20297
20298,b,20297
20298,f,20297
20296,c,20297
20296,d,20297
20293,b,20297
20293,f,20297
20295,b,20297
20295,d,20297
20295,c,20297
20295,f,20297
20293,d,20297
20293,c,20297
20294,b,20297
20294,d,20297
20294,c,20297
20294,f,20297
20297,c,20298
20297,b,20298
20297,e,20298
20295,c,20298
20297,d,20298
20297,f,20298
20298,b,20298
20298,d,20298
20298,c,20298
20298,f,20298
20298,e,20298
20299,b,20298
20299,d,20298
20299,c,20298
20299,f,20298
20299,e,20298
20294,b,20298
20294,d,20298
20295,f,20298
20296,f,20298
20296,d,20298
20296,b,20298
20294,c,20298
20296,c,20298
20296,e,20298
20294,f,20298
20295,e,20298
20295,b,20298
20295,d,20298
20294,e,20298
20299,b,20299
20295,e,20299
20300,b,20299
20298,b,20299
20298,d,20299
20298,c,20299
20299,e,20299
20299,f,20299
20299,c,20299
20299,d,20299
20300,d,20299
20295,b,20299
20295,d,20299
20300,c,20299
20300,f,20299
20300,e,20299
20296,e,20299
20296,f,20299
20296,c,20299
20296,d,20299
20296,b,20299
20297,b,20299
20297,d,20299
20297,c,20299
20297,f,20299
20297,e,20299
20295,f,20299
20295,c,20299
20298,f,20299
20298,e,20299
20299,b,20300
20299,d,20300
20299,c,20300
20299,f,20300
20299,e,20300
20300,e,20300
20300,f,20300
20300,c,20300
20300,d,20300
20300,b,20300
20301,b,20300
20301,d,20300
20296,e,20300
20301,f,20300
20296,c,20300
20296,d,20300
20296,b,20300
20297,b,20300
20297,d,20300
20297,c,20300
20297,f,20300
20297,e,20300
20301,c,20300
20298,b,20300
20298,d,20300
20301,e,20300
20298,c,20300
20298,e,20300
20296,f,20300
20298,f,20300
20302,b,20301
20301,b,20301
20301,d,20301
20301,c,20301
20301,f,20301
20301,e,20301
20300,b,20301
20300,c,20301
20300,f,20301
20300,e,20301
20302,e,20301
20302,c,20301
20302,d,20301
20300,d,20301
20302,f,20301
20297,e,20301
20298,e,20301
20298,f,20301
20298,b,20301
20299,b,20301
20299,d,20301
20299,c,20301
20299,e,20301
20299,f,20301
20297,f,20301
20297,c,20301
20297,d,20301
20297,b,20301
20298,c,20301
20298,d,20301
20301,c,20302
20301,b,20302
20301,d,20302
20301,f,20302
20303,b,20302
20303,e,20302
20303,f,20302
20303,c,20302
20302,e,20302
20302,f,20302
20302,b,20302
20301,e,20302
20303,d,20302
20298,b,20302
20298,d,20302
20299,e,20302
20299,f,20302
20299,c,20302
20299,d,20302
20299,b,20302
20300,b,20302
20300,d,20302
20302,d,20302
20300,f,20302
20300,c,20302
20298,e,20302
20298,f,20302
20298,c,20302
20300,e,20302
20302,c,20302
20303,b,20303
20304,d,20303
20304,b,20303
20302,e,20303
20302,d,20303
20302,b,20303
20299,e,20303
20303,e,20303
20303,d,20303
20304,e,20303
20299,d,20303
20300,e,20303
20300,b,20303
20299,b,20303
20301,b,20303
20301,d,20303
20301,e,20303
20300,d,20303
20303,d,20304
20303,b,20304
20300,b,20304
20300,d,20304
20301,b,20304
20301,d,20304
20304,b,20304
20304,d,20304
20305,b,20304
20305,d,20304
20302,d,20304
20302,b,20304
20304,c,20305
20304,f,20305
20305,b,20305
20305,d,20305
20305,c,20305
20305,f,20305
20306,f,20305
20306,c,20305
20304,d,20305
20304,b,20305
20301,f,20305
20306,b,20305
20302,b,20305
20302,d,20305
20306,d,20305
20303,b,20305
20303,d,20305
20303,c,20305
20301,b,20305
20302,c,20305
20303,f,20305
20301,d,20305
20301,c,20305
20302,f,20305
20302,b,20306
20307,b,20306
20307,d,20306
20305,b,20306
20305,e,20306
20305,c,20306
20305,f,20306
20307,c,20306
20306,e,20306
20306,f,20306
20306,c,20306
20306,d,20306
20306,b,20306
20305,d,20306
20303,b,20306
20303,d,20306
20302,e,20306
20303,c,20306
20303,f,20306
20303,e,20306
20307,e,20306
20302,f,20306
20302,c,20306
20302,d,20306
20304,b,20306
20307,f,20306
20304,c,20306
20304,f,20306
20304,e,20306
20304,d,20306
20307,d,20307
20307,c,20307
20306,e,20307
20308,f,20307
20308,c,20307
20308,b,20307
20306,b,20307
20306,d,20307
20306,c,20307
20306,f,20307
20308,e,20307
20307,f,20307
20307,e,20307
20307,b,20307
20308,d,20307
20303,d,20307
20303,b,20307
20303,f,20307
20303,c,20307
20304,e,20307
20304,f,20307
20305,b,20307
20305,c,20307
20305,f,20307
20305,d,20307
20304,c,20307
20304,d,20307
20304,b,20307
20303,e,20307
20305,e,20307
20308,c,20308
20307,b,20308
20304,b,20308
20304,d,20308
20304,c,20308
20304,f,20308
20308,f,20308
20307,d,20308
20307,c,20308
20307,f,20308
20308,d,20308
20307,e,20308
20305,b,20308
20309,f,20308
20309,c,20308
20309,d,20308
20305,e,20308
20305,f,20308
20305,c,20308
20305,d,20308
20308,b,20308
20308,e,20308
20306,b,20308
20306,d,20308
20306,c,20308
20306,f,20308
20306,e,20308
20309,b,20308
20309,e,20308
20304,e,20308
20310,d,20309
20308,c,20309
20308,d,20309
20308,f,20309
20308,e,20309
20310,b,20309
20309,e,20309
20309,f,20309
20309,c,20309
20309,d,20309
20308,b,20309
20310,c,20309
20305,e,20309
20310,e,20309
20305,c,20309
20305,d,20309
20305,b,20309
20306,b,20309
20306,d,20309
20306,c,20309
20306,f,20309
20306,e,20309
20310,f,20309
20305,f,20309
20309,b,20309
20307,c,20309
20307,d,20309
20307,e,20309
20307,f,20309
20307,b,20309
20310,b,20310
20310,d,20310
20310,c,20310
20310,f,20310
20310,e,20310
20311,d,20310
20309,d,20310
20309,c,20310
20309,f,20310
20309,e,20310
20311,f,20310
20311,c,20310
20309,b,20310
20311,e,20310
20311,b,20310
20306,c,20310
20307,c,20310
20307,d,20310
20307,b,20310
20308,b,20310
20306,e,20310
20306,f,20310
20307,f,20310
20306,d,20310
20307,e,20310
20308,d,20310
20308,c,20310
20308,f,20310
20308,e,20310
20306,b,20310
20311,b,20311
20310,e,20311
20310,d,20311
20312,d,20311
20311,d,20311
20311,e,20311
20312,e,20311
20310,b,20311
20312,b,20311
20307,d,20311
20307,e,20311
20308,e,20311
20308,d,20311
20308,b,20311
20309,b,20311
20309,d,20311
20309,e,20311
20307,b,20311
20312,b,20312
20311,d,20312
20311,b,20312
20309,b,20312
20309,d,20312
20312,d,20312
20308,b,20312
20308,d,20312
20313,b,20312
20313,d,20312
20310,d,20312
20310,b,20312
20312,c,20313
20314,c,20313
20312,f,20313
20313,b,20313
20314,f,20313
20313,f,20313
20313,c,20313
20313,d,20313
20312,d,20313
20312,b,20313
20314,b,20313
20311,b,20313
20310,f,20313
20310,c,20313
20310,d,20313
20310,b,20313
20309,f,20313
20309,c,20313
20311,d,20313
20311,c,20313
20314,d,20313
20309,d,20313
20309,b,20313
20311,f,20313
20313,e,20314
20314,e,20314
20315,d,20314
20313,f,20314
20313,c,20314
20313,d,20314
20313,b,20314
20314,f,20314
20314,c,20314
20314,d,20314
20314,b,20314
20315,b,20314
20311,d,20314
20315,c,20314
20315,e,20314
20311,c,20314
20311,f,20314
20311,e,20314
20310,e,20314
20315,f,20314
20310,c,20314
20310,d,20314
20310,b,20314
20312,b,20314
20310,f,20314
20312,d,20314
20312,e,20314
20311,b,20314
20312,c,20314
20312,f,20314
20314,f,20315
20314,e,20315
20315,c,20315
20314,c,20315
20314,d,20315
20316,c,20315
20315,f,20315
20315,e,20315
20316,e,20315
20316,f,20315
20315,d,20315
20315,b,20315
20314,b,20315
20316,b,20315
20312,b,20315
20316,d,20315
20311,b,20315
20311,d,20315
20312,e,20315
20312,f,20315
20312,c,20315
20312,d,20315
20311,c,20315
20313,e,20315
20313,f,20315
20313,c,20315
20313,d,20315
20313,b,20315
20311,e,20315
20311,f,20315
20317,b,20316
20315,b,20316
20315,e,20316
20315,c,20316
20315,f,20316
20312,b,20316
20316,e,20316
20316,f,20316
20316,c,20316
20316,d,20316
20316,b,20316
20315,d,20316
20312,d,20316
20312,c,20316
20312,f,20316
20313,c,20316
20312,e,20316
20313,f,20316
20314,b,20316
20314,d,20316
20314,c,20316
20314,f,20316
20313,d,20316
20314,e,20316
20317,e,20316
20317,f,20316
20317,c,20316
20317,d,20316
20313,e,20316
20313,b,20316
20318,f,20317
20318,c,20317
20317,e,20317
20316,e,20317
20316,d,20317
20316,c,20317
20316,f,20317
20318,d,20317
20317,f,20317
20317,c,20317
20317,d,20317
20318,e,20317
20316,b,20317
20318,b,20317
20317,b,20317
20314,e,20317
20313,e,20317
20314,f,20317
20314,b,20317
20315,b,20317
20315,d,20317
20315,c,20317
20315,f,20317
20314,d,20317
20313,f,20317
20313,c,20317
20313,d,20317
20313,b,20317
20314,c,20317
20315,e,20317
20317,d,20318
20317,b,20318
20317,c,20318
20318,f,20318
20317,e,20318
20319,e,20318
20319,f,20318
20319,c,20318
20319,b,20318
20318,e,20318
20318,c,20318
20317,f,20318
20319,d,20318
20314,b,20318
20314,d,20318
20315,e,20318
20315,f,20318
20315,c,20318
20315,d,20318
20315,b,20318
20314,e,20318
20318,b,20318
20316,d,20318
20316,c,20318
20316,b,20318
20316,e,20318
20314,f,20318
20314,c,20318
20316,f,20318
20318,d,20318
20320,d,20319
20320,b,20319
20318,e,20319
20318,d,20319
20318,b,20319
20319,e,20319
20319,d,20319
20319,b,20319
20320,e,20319
20315,d,20319
20315,b,20319
20316,b,20319
20316,d,20319
20315,e,20319
20316,e,20319
20317,b,20319
20317,d,20319
20317,e,20319
20321,d,20320
20320,d,20320
20320,b,20320
20319,d,20320
20319,b,20320
20316,b,20320
20316,d,20320
20317,b,20320
20321,b,20320
20318,b,20320
20318,d,20320
20317,d,20320
20322,b,20321
20317,b,20321
20317,d,20321
20317,c,20321
20317,f,20321
20320,b,20321
20320,c,20321
20320,f,20321
20321,f,20321
20321,c,20321
20321,d,20321
20321,b,20321
20320,d,20321
20322,d,20321
20319,c,20321
20322,f,20321
20318,f,20321
20318,c,20321
20318,d,20321
20322,c,20321
20319,b,20321
20319,d,20321
20318,b,20321
20319,f,20321
20322,c,20322
20322,d,20322
20321,c,20322
20321,f,20322
20321,e,20322
20322,b,20322
20321,d,20322
20321,b,20322
20323,c,20322
20323,f,20322
20323,e,20322
20322,e,20322
20322,f,20322
20319,d,20322
20323,b,20322
20318,e,20322
20319,b,20322
20320,b,20322
20320,d,20322
20320,c,20322
20320,f,20322
20320,e,20322
20323,d,20322
20319,c,20322
20319,f,20322
20319,e,20322
20318,c,20322
20318,d,20322
20318,b,20322
20318,f,20322
20319,b,20323
20322,b,20323
20322,e,20323
20322,c,20323
20322,f,20323
20319,d,20323
20323,e,20323
20323,f,20323
20323,c,20323
20323,d,20323
20323,b,20323
20322,d,20323
20324,b,20323
20320,e,20323
20324,c,20323
20320,c,20323
20320,d,20323
20320,b,20323
20319,e,20323
20320,f,20323
20319,c,20323
20321,b,20323
20321,d,20323
20321,c,20323
20319,f,20323
20321,e,20323
20324,f,20323
20321,f,20323
20324,e,20323
20324,d,20323
20324,b,20324
20323,f,20324
20323,c,20324
20323,d,20324
20323,b,20324
20324,c,20324
20324,f,20324
20323,e,20324
20324,e,20324
20325,b,20324
20325,d,20324
20325,c,20324
20325,f,20324
20324,d,20324
20320,c,20324
20322,b,20324
20320,e,20324
20321,b,20324
20322,d,20324
20322,c,20324
20322,f,20324
20322,e,20324
20321,d,20324
20321,f,20324
20321,e,20324
20320,f,20324
20325,e,20324
20320,d,20324
20320,b,20324
20321,c,20324
20324,b,20325
20324,d,20325
20321,c,20325
20324,f,20325
20324,e,20325
20326,b,20325
20321,b,20325
20325,e,20325
20325,f,20325
20325,c,20325
20325,d,20325
20324,c,20325
20321,d,20325
20325,b,20325
20321,e,20325
20322,c,20325
20322,f,20325
20321,f,20325
20323,b,20325
20323,d,20325
20323,c,20325
20323,f,20325
20322,d,20325
20323,e,20325
20326,e,20325
20326,f,20325
20326,c,20325
20326,d,20325
20322,e,20325
20322,b,20325
20327,e,20326
20327,f,20326
20327,c,20326
20327,b,20326
20325,d,20326
20325,c,20326
20325,f,20326
20325,e,20326
20326,f,20326
20326,c,20326
20326,d,20326
20326,b,20326
20325,b,20326
20327,d,20326
20326,e,20326
20323,e,20326
20322,f,20326
20322,c,20326
20322,d,20326
20324,e,20326
20324,f,20326
20324,c,20326
20324,d,20326
20322,b,20326
20322,e,20326
20323,f,20326
20324,b,20326
20323,c,20326
20323,d,20326
20323,b,20326
20326,b,20327
20328,b,20327
20326,d,20327
20327,b,20327
20327,d,20327
20326,e,20327
20323,e,20327
20323,d,20327
20327,e,20327
20328,e,20327
20328,d,20327
20325,e,20327
20325,d,20327
20325,b,20327
20324,b,20327
20324,d,20327
20324,e,20327
20323,b,20327
20327,b,20328
20327,d,20328
20328,b,20328
20328,d,20328
20324,b,20328
20326,b,20328
20325,b,20328
20325,d,20328
20324,d,20328
20329,b,20328
20329,d,20328
20326,d,20328
20330,c,20329
20330,f,20329
20329,f,20329
20328,d,20329
20329,d,20329
20328,c,20329
20329,b,20329
20328,f,20329
20328,b,20329
20329,c,20329
20330,d,20329
20330,b,20329
20325,b,20329
20325,d,20329
20326,f,20329
20326,c,20329
20326,d,20329
20327,f,20329
20327,c,20329
20327,d,20329
20327,b,20329
20326,b,20329
20325,f,20329
20325,c,20329
20327,c,20330
20331,d,20330
20331,b,20330
20329,b,20330
20329,f,20330
20329,c,20330
20327,b,20330
20329,e,20330
20330,e,20330
20330,f,20330
20330,c,20330
20330,d,20330
20330,b,20330
20329,d,20330
20331,f,20330
20331,c,20330
20326,e,20330
20327,f,20330
20327,e,20330
20331,e,20330
20326,f,20330
20326,c,20330
20326,d,20330
20326,b,20330
20328,b,20330
20327,d,20330
20328,c,20330
20328,f,20330
20328,e,20330
20328,d,20330
20332,e,20331
20331,d,20331
20331,c,20331
20332,f,20331
20332,c,20331
20332,d,20331
20332,b,20331
20330,b,20331
20330,d,20331
20330,c,20331
20330,f,20331
20330,e,20331
20331,f,20331
20331,e,20331
20331,b,20331
20329,d,20331
20327,b,20331
20327,f,20331
20327,d,20331
20327,c,20331
20328,e,20331
20329,b,20331
20329,c,20331
20329,f,20331
20329,e,20331
20328,f,20331
20328,d,20331
20328,b,20331
20327,e,20331
20328,c,20331
20332,f,20332
20331,b,20332
20328,b,20332
20328,d,20332
20328,c,20332
20328,f,20332
20328,e,20332
20331,d,20332
20331,c,20332
20331,f,20332
20332,c,20332
20332,e,20332
20332,b,20332
20333,e,20332
20333,f,20332
20333,c,20332
20329,e,20332
20329,f,20332
20329,c,20332
20329,d,20332
20332,d,20332
20329,b,20332
20330,b,20332
20330,d,20332
20330,c,20332
20330,f,20332
20330,e,20332
20333,b,20332
20331,e,20332
20333,d,20332
20329,f,20333
20332,c,20333
20332,d,20333
20332,f,20333
20332,e,20333
20334,d,20333
20334,b,20333
20333,e,20333
20333,f,20333
20333,c,20333
20332,b,20333
20334,c,20333
20331,b,20333
20334,e,20333
20329,c,20333
20329,d,20333
20329,b,20333
20333,b,20333
20330,b,20333
20330,d,20333
20330,c,20333
20330,f,20333
20330,e,20333
20334,f,20333
20333,d,20333
20331,d,20333
20331,c,20333
20329,e,20333
20331,f,20333
20331,e,20333
20335,b,20334
20334,b,20334
20334,d,20334
20334,c,20334
20335,e,20334
20334,f,20334
20334,e,20334
20333,b,20334
20333,c,20334
20333,f,20334
20333,e,20334
20335,c,20334
20335,d,20334
20333,d,20334
20335,f,20334
20330,e,20334
20330,c,20334
20330,d,20334
20330,b,20334
20331,b,20334
20331,d,20334
20331,c,20334
20331,f,20334
20331,e,20334
20332,b,20334
20332,d,20334
20330,f,20334
20332,e,20334
20332,f,20334
20332,c,20334
20332,e,20335
20332,d,20335
20335,b,20335
20335,d,20335
20335,e,20335
20334,e,20335
20334,d,20335
20334,b,20335
20332,b,20335
20331,e,20335
20331,b,20335
20331,d,20335
20333,d,20335
20333,e,20335
20336,b,20335
20336,d,20335
20336,e,20335
20333,b,20335
20336,d,20336
20332,d,20336
20335,b,20336
20335,d,20336
20337,d,20336
20336,b,20336
20332,b,20336
20337,b,20336
20333,d,20336
20333,b,20336
20334,d,20336
20334,b,20336
20336,f,20337
20336,c,20337
20336,d,20337
20337,c,20337
20338,d,20337
20336,b,20337
20337,d,20337
20337,b,20337
20333,b,20337
20333,d,20337
20333,c,20337
20338,b,20337
20337,f,20337
20338,f,20337
20338,c,20337
20334,b,20337
20334,f,20337
20335,f,20337
20335,c,20337
20335,d,20337
20335,b,20337
20333,f,20337
20334,d,20337
20334,c,20337
20339,d,20338
20339,c,20338
20339,f,20338
20337,b,20338
20337,d,20338
20337,c,20338
20338,d,20338
20338,b,20338
20338,f,20338
20337,e,20338
20339,e,20338
20338,c,20338
20339,b,20338
20337,f,20338
20338,e,20338
20335,d,20338
20334,f,20338
20335,e,20338
20335,f,20338
20335,c,20338
20335,b,20338
20334,e,20338
20336,b,20338
20336,d,20338
20336,c,20338
20336,f,20338
20334,c,20338
20334,d,20338
20334,b,20338
20336,e,20338
20340,b,20339
20335,c,20339
20335,d,20339
20335,b,20339
20339,b,20339
20339,d,20339
20339,c,20339
20338,d,20339
20338,c,20339
20338,f,20339
20338,e,20339
20335,f,20339
20339,f,20339
20339,e,20339
20338,b,20339
20340,d,20339
20340,c,20339
20340,e,20339
20336,e,20339
20336,f,20339
20336,c,20339
20336,d,20339
20340,f,20339
20335,e,20339
20337,b,20339
20337,d,20339
20337,c,20339
20336,b,20339
20337,e,20339
20337,f,20339
20341,e,20340
20341,f,20340
20336,b,20340
20341,c,20340
20340,b,20340
20340,d,20340
20340,c,20340
20340,f,20340
20339,c,20340
20339,f,20340
20339,e,20340
20340,e,20340
20341,b,20340
20341,d,20340
20339,b,20340
20336,d,20340
20339,d,20340
20338,b,20340
20337,b,20340
20337,d,20340
20336,c,20340
20337,c,20340
20337,f,20340
20337,e,20340
20336,e,20340
20338,d,20340
20338,c,20340
20338,f,20340
20336,f,20340
20338,e,20340
20342,e,20341
20338,f,20341
20338,e,20341
20340,b,20341
20340,d,20341
20340,c,20341
20340,f,20341
20341,e,20341
20341,f,20341
20341,c,20341
20341,d,20341
20341,b,20341
20342,d,20341
20342,c,20341
20342,f,20341
20337,b,20341
20337,d,20341
20338,c,20341
20337,f,20341
20339,b,20341
20339,d,20341
20339,c,20341
20339,f,20341
20339,e,20341
20342,b,20341
20337,c,20341
20340,e,20341
20338,b,20341
20338,d,20341
20337,e,20341
20341,e,20342
20341,f,20342
20342,e,20342
20341,d,20342
20341,b,20342
20342,c,20342
20342,d,20342
20343,b,20342
20343,d,20342
20343,c,20342
20342,f,20342
20341,c,20342
20338,f,20342
20343,e,20342
20338,c,20342
20338,d,20342
20338,b,20342
20339,b,20342
20339,d,20342
20339,c,20342
20339,f,20342
20339,e,20342
20343,f,20342
20342,b,20342
20338,e,20342
20340,b,20342
20340,d,20342
20340,c,20342
20340,f,20342
20340,e,20342
20344,d,20343
20342,e,20343
20342,d,20343
20343,e,20343
20343,d,20343
20343,b,20343
20344,b,20343
20344,e,20343
20342,b,20343
20339,d,20343
20339,e,20343
20340,b,20343
20340,d,20343
20340,e,20343
20341,b,20343
20341,d,20343
20341,e,20343
20339,b,20343
20345,d,20344
20343,d,20344
20343,b,20344
20340,b,20344
20340,d,20344
20345,b,20344
20344,d,20344
20341,d,20344
20344,b,20344
20342,b,20344
20342,d,20344
20341,b,20344
20345,f,20345
20344,c,20345
20344,d,20345
20344,b,20345
20346,c,20345
20345,c,20345
20345,d,20345
20341,f,20345
20345,b,20345
20346,b,20345
20346,d,20345
20344,f,20345
20346,f,20345
20341,c,20345
20343,c,20345
20341,d,20345
20341,b,20345
20343,f,20345
20343,d,20345
20343,b,20345
20342,b,20345
20342,d,20345
20342,f,20345
20342,c,20345
20347,e,20346
20345,b,20346
20345,d,20346
20345,c,20346
20346,d,20346
20347,c,20346
20347,d,20346
20347,b,20346
20346,e,20346
20345,e,20346
20346,f,20346
20346,c,20346
20346,b,20346
20347,f,20346
20345,f,20346
20342,b,20346
20342,d,20346
20344,b,20346
20344,d,20346
20344,c,20346
20344,f,20346
20342,c,20346
20344,e,20346
20342,e,20346
20343,b,20346
20343,d,20346
20343,c,20346
20343,f,20346
20343,e,20346
20342,f,20346
20346,d,20347
20346,c,20347
20346,f,20347
20346,b,20347
20346,e,20347
20343,b,20347
20348,b,20347
20347,b,20347
20347,d,20347
20347,c,20347
20347,f,20347
20347,e,20347
20348,e,20347
20348,f,20347
20348,c,20347
20344,e,20347
20343,d,20347
20348,d,20347
20345,d,20347
20345,b,20347
20343,f,20347
20343,e,20347
20344,b,20347
20344,d,20347
20344,c,20347
20344,f,20347
20343,c,20347
20345,f,20347
20345,c,20347
20345,e,20347
20347,e,20348
20348,e,20348
20347,c,20348
20347,d,20348
20347,b,20348
20344,e,20348
20348,f,20348
20348,c,20348
20348,d,20348
20348,b,20348
20344,f,20348
20344,c,20348
20344,d,20348
20347,f,20348
20344,b,20348
20349,d,20348
20345,e,20348
20345,f,20348
20345,c,20348
20345,d,20348
20349,b,20348
20346,b,20348
20346,d,20348
20346,c,20348
20346,f,20348
20345,b,20348
20349,c,20348
20349,f,20348
20349,e,20348
20346,e,20348
20349,e,20349
20350,b,20349
20350,d,20349
20350,c,20349
20350,f,20349
20349,b,20349
20348,d,20349
20348,c,20349
20348,f,20349
20348,e,20349
20349,d,20349
20349,c,20349
20349,f,20349
20348,b,20349
20350,e,20349
20345,e,20349
20346,e,20349
20346,f,20349
20346,b,20349
20347,b,20349
20347,d,20349
20347,c,20349
20347,e,20349
20347,f,20349
20345,c,20349
20345,d,20349
20345,b,20349
20346,d,20349
20346,c,20349
20345,f,20349
20349,c,20350
20349,b,20350
20349,d,20350
20349,f,20350
20350,e,20350
20351,e,20350
20351,f,20350
20351,c,20350
20351,b,20350
20350,f,20350
20350,b,20350
20349,e,20350
20351,d,20350
20346,b,20350
20346,d,20350
20347,e,20350
20347,f,20350
20347,c,20350
20347,d,20350
20347,b,20350
20348,b,20350
20348,d,20350
20350,d,20350
20348,f,20350
20348,c,20350
20346,e,20350
20346,f,20350
20346,c,20350
20348,e,20350
20350,c,20350
20351,b,20351
20352,d,20351
20352,b,20351
20347,e,20351
20350,e,20351
20350,d,20351
20350,b,20351
20351,e,20351
20351,d,20351
20352,e,20351
20347,d,20351
20347,b,20351
20348,b,20351
20348,d,20351
20348,e,20351
20349,b,20351
20349,d,20351
20349,e,20351
20353,d,20352
20352,d,20352
20352,b,20352
20351,d,20352
20351,b,20352
20348,b,20352
20348,d,20352
20349,b,20352
20349,d,20352
20353,b,20352
20350,b,20352
20350,d,20352
20351,c,20353
20349,c,20353
20349,d,20353
20352,d,20353
20352,c,20353
20349,b,20353
20354,b,20353
20354,d,20353
20354,c,20353
20354,f,20353
20350,b,20353
20352,f,20353
20351,f,20353
20351,d,20353
20351,b,20353
20350,d,20353
20350,c,20353
20350,f,20353
20353,f,20353
20353,c,20353
20353,d,20353
20353,b,20353
20349,f,20353
20352,b,20353
20353,d,20354
20353,b,20354
20354,c,20354
20353,f,20354
20354,b,20354
20354,d,20354
20355,c,20354
20355,f,20354
20355,e,20354
20354,e,20354
20354,f,20354
20353,c,20354
20353,e,20354
20351,c,20354
20355,b,20354
20350,e,20354
20351,b,20354
20352,b,20354
20352,d,20354
20352,c,20354
20352,f,20354
20352,e,20354
20351,d,20354
20351,f,20354
20351,e,20354
20350,d,20354
20350,b,20354
20355,d,20354
20350,f,20354
20350,c,20354
20351,b,20355
20351,d,20355
20354,e,20355
20354,d,20355
20354,c,20355
20354,f,20355
20356,b,20355
20355,e,20355
20355,f,20355
20355,c,20355
20355,d,20355
20355,b,20355
20354,b,20355
20352,f,20355
20352,e,20355
20356,f,20355
20352,c,20355
20352,d,20355
20352,b,20355
20356,c,20355
20351,f,20355
20351,c,20355
20353,b,20355
20353,d,20355
20351,e,20355
20353,f,20355
20356,e,20355
20353,c,20355
20356,d,20355
20353,e,20355
20356,c,20356
20355,e,20356
20355,f,20356
20355,c,20356
20355,d,20356
20356,e,20356
20356,d,20356
20356,b,20356
20357,b,20356
20357,d,20356
20357,c,20356
20357,f,20356
20357,e,20356
20356,f,20356
20355,b,20356
20354,d,20356
20354,b,20356
20353,b,20356
20353,d,20356
20353,c,20356
20354,c,20356
20354,f,20356
20354,e,20356
20353,f,20356
20352,e,20356
20352,f,20356
20352,c,20356
20352,d,20356
20352,b,20356
20353,e,20356
20356,b,20357
20353,b,20357
20356,d,20357
20353,c,20357
20356,f,20357
20356,e,20357
20358,d,20357
20353,d,20357
20358,b,20357
20357,e,20357
20357,f,20357
20357,c,20357
20356,c,20357
20357,b,20357
20357,d,20357
20353,e,20357
20354,d,20357
20354,c,20357
20353,f,20357
20355,b,20357
20355,d,20357
20355,c,20357
20355,f,20357
20354,b,20357
20355,e,20357
20354,e,20357
20358,e,20357
20358,f,20357
20358,c,20357
20354,f,20357
20359,c,20358
20359,f,20358
20359,e,20358
20357,b,20358
20359,b,20358
20357,c,20358
20357,f,20358
20357,e,20358
20358,e,20358
20358,f,20358
20358,c,20358
20358,d,20358
20358,b,20358
20357,d,20358
20354,f,20358
20359,d,20358
20354,b,20358
20355,c,20358
20355,d,20358
20356,b,20358
20356,d,20358
20355,b,20358
20354,e,20358
20355,f,20358
20354,d,20358
20355,e,20358
20356,c,20358
20356,f,20358
20356,e,20358
20354,c,20358
20359,b,20359
20358,e,20359
20360,d,20359
20358,b,20359
20359,d,20359
20359,e,20359
20360,e,20359
20358,d,20359
20360,b,20359
20355,d,20359
20355,e,20359
20356,e,20359
20356,d,20359
20356,b,20359
20357,b,20359
20357,d,20359
20357,e,20359
20355,b,20359
20360,b,20360
20360,d,20360
20359,d,20360
20359,b,20360
20357,b,20360
20357,d,20360
20356,d,20360
20361,b,20360
20361,d,20360
20358,d,20360
20358,b,20360
20356,b,20360
20360,d,20361
20360,b,20361
20361,b,20361
20361,d,20361
20361,c,20361
20361,f,20361
20362,f,20361
20362,c,20361
20362,d,20361
20362,b,20361
20360,f,20361
20360,c,20361
20357,d,20361
20357,b,20361
20359,b,20361
20359,d,20361
20359,c,20361
20359,f,20361
20357,c,20361
20357,f,20361
20358,b,20361
20358,d,20361
20358,c,20361
20358,f,20361
20361,d,20362
20361,b,20362
20361,e,20362
20361,c,20362
20361,f,20362
20359,c,20362
20358,b,20362
20362,b,20362
20362,d,20362
20362,c,20362
20362,f,20362
20362,e,20362
20363,e,20362
20363,f,20362
20363,c,20362
20359,d,20362
20358,d,20362
20363,b,20362
20358,c,20362
20363,d,20362
20359,b,20362
20358,e,20362
20360,d,20362
20360,c,20362
20360,f,20362
20360,e,20362
20360,b,20362
20358,f,20362
20359,f,20362
20359,e,20362
20359,e,20363
20359,f,20363
20359,c,20363
20359,d,20363
20362,b,20363
20363,f,20363
20362,c,20363
20362,f,20363
20362,e,20363
20359,b,20363
20363,b,20363
20363,d,20363
20363,c,20363
20363,e,20363
20362,d,20363
20361,b,20363
20360,e,20363
20360,c,20363
20364,b,20363
20361,d,20363
20361,c,20363
20361,f,20363
20361,e,20363
20360,f,20363
20360,b,20363
20364,e,20363
20364,f,20363
20364,c,20363
20364,d,20363
20360,d,20363
20365,e,20364
20365,f,20364
20365,b,20364
20365,c,20364
20363,e,20364
20363,d,20364
20363,c,20364
20363,f,20364
20364,e,20364
20364,f,20364
20364,c,20364
20364,d,20364
20364,b,20364
20363,b,20364
20365,d,20364
20360,b,20364
20360,d,20364
20361,e,20364
20361,f,20364
20361,c,20364
20361,d,20364
20361,b,20364
20362,d,20364
20362,c,20364
20362,f,20364
20362,b,20364
20360,c,20364
20360,f,20364
20360,e,20364
20362,e,20364
20361,c,20365
20361,d,20365
20361,b,20365
20365,b,20365
20364,f,20365
20364,b,20365
20364,d,20365
20364,c,20365
20361,f,20365
20365,f,20365
20365,e,20365
20365,c,20365
20365,d,20365
20364,e,20365
20361,e,20365
20362,f,20365
20362,e,20365
20362,b,20365
20363,b,20365
20363,d,20365
20363,c,20365
20362,c,20365
20363,f,20365
20366,d,20365
20366,b,20365
20366,c,20365
20366,f,20365
20366,e,20365
20363,e,20365
20362,d,20365
20366,b,20366
20367,d,20366
20365,d,20366
20365,c,20366
20365,f,20366
20367,c,20366
20366,c,20366
20366,f,20366
20366,e,20366
20367,b,20366
20365,b,20366
20365,e,20366
20362,f,20366
20367,e,20366
20362,c,20366
20362,d,20366
20362,b,20366
20363,b,20366
20363,d,20366
20363,c,20366
20363,f,20366
20363,e,20366
20367,f,20366
20366,d,20366
20362,e,20366
20364,b,20366
20364,d,20366
20364,c,20366
20364,f,20366
20364,e,20366
20368,d,20367
20366,e,20367
20366,d,20367
20366,b,20367
20367,e,20367
20367,d,20367
20367,b,20367
20368,b,20367
20368,e,20367
20364,d,20367
20365,e,20367
20365,b,20367
20365,d,20367
20363,b,20367
20364,b,20367
20363,e,20367
20363,d,20367
20364,e,20367
20369,b,20368
20366,b,20368
20364,b,20368
20367,d,20368
20367,b,20368
20365,b,20368
20368,d,20368
20368,b,20368
20365,d,20368
20369,d,20368
20364,d,20368
20366,d,20368
20370,b,20369
20370,d,20369
20365,c,20369
20368,b,20369
20368,d,20369
20368,c,20369
20368,f,20369
20369,f,20369
20369,c,20369
20369,d,20369
20369,b,20369
20370,c,20369
20370,f,20369
20367,c,20369
20365,d,20369
20367,f,20369
20365,b,20369
20366,b,20369
20366,d,20369
20367,d,20369
20367,b,20369
20366,c,20369
20365,f,20369
20366,f,20369
20370,d,20370
20369,b,20370
20369,d,20370
20371,e,20370
20371,f,20370
20370,b,20370
20370,e,20370
20370,f,20370
20369,c,20370
20369,f,20370
20369,e,20370
20370,c,20370
20371,c,20370
20371,d,20370
20371,b,20370
20366,f,20370
20366,e,20370
20367,b,20370
20367,d,20370
20368,b,20370
20368,d,20370
20368,c,20370
20368,f,20370
20368,e,20370
20367,c,20370
20367,f,20370
20367,e,20370
20366,c,20370
20366,d,20370
20366,b,20370
20367,b,20371
20370,b,20371
20370,d,20371
20368,f,20371
20370,f,20371
20370,e,20371
20367,d,20371
20371,e,20371
20371,f,20371
20371,c,20371
20371,d,20371
20371,b,20371
20370,c,20371
20368,e,20371
20372,b,20371
20367,c,20371
20368,b,20371
20368,d,20371
20372,d,20371
20369,b,20371
20369,d,20371
20369,c,20371
20369,f,20371
20367,e,20371
20369,e,20371
20372,e,20371
20372,f,20371
20372,c,20371
20368,c,20371
20367,f,20371
20372,e,20372
20373,b,20372
20373,d,20372
20373,c,20372
20371,e,20372
20371,d,20372
20371,c,20372
20371,f,20372
20373,e,20372
20372,f,20372
20372,c,20372
20372,d,20372
20372,b,20372
20371,b,20372
20373,f,20372
20370,e,20372
20369,c,20372
20368,b,20372
20368,d,20372
20368,c,20372
20368,f,20372
20369,b,20372
20369,e,20372
20369,f,20372
20368,e,20372
20370,f,20372
20370,c,20372
20370,d,20372
20370,b,20372
20369,d,20372
20369,c,20373
20369,b,20373
20372,b,20373
20374,d,20373
20372,c,20373
20372,f,20373
20372,e,20373
20369,d,20373
20374,b,20373
20373,e,20373
20373,f,20373
20373,c,20373
20372,d,20373
20373,d,20373
20373,b,20373
20374,c,20373
20370,e,20373
20370,f,20373
20370,c,20373
20370,d,20373
20369,f,20373
20369,e,20373
20371,b,20373
20371,d,20373
20371,c,20373
20370,b,20373
20371,e,20373
20374,f,20373
20374,e,20373
20371,f,20373
20375,c,20374
20375,f,20374
20375,e,20374
20374,b,20374
20374,d,20374
20373,b,20374
20373,c,20374
20373,f,20374
20373,e,20374
20374,c,20374
20374,f,20374
20374,e,20374
20373,d,20374
20370,f,20374
20375,b,20374
20371,e,20374
20370,c,20374
20370,d,20374
20370,e,20374
20370,b,20374
20372,e,20374
20372,f,20374
20372,c,20374
20375,d,20374
20372,b,20374
20371,f,20374
20372,d,20374
20371,c,20374
20371,d,20374
20371,b,20374
20371,e,20375
20374,d,20375
20374,e,20375
20375,d,20375
20375,b,20375
20374,b,20375
20375,e,20375
20372,d,20375
20371,d,20375
20376,b,20375
20376,d,20375
20376,e,20375
20373,e,20375
20373,d,20375
20373,b,20375
20372,b,20375
20372,e,20375
20371,b,20375
20375,d,20376
20376,b,20376
20376,d,20376
20375,b,20376
20377,d,20376
20377,b,20376
20373,d,20376
20372,d,20376
20373,b,20376
20374,b,20376
20372,b,20376
20374,d,20376
20376,c,20377
20376,d,20377
20376,b,20377
20377,f,20377
20377,c,20377
20377,d,20377
20373,b,20377
20373,d,20377
20373,c,20377
20378,b,20377
20378,d,20377
20376,f,20377
20378,f,20377
20377,b,20377
20374,b,20377
20374,f,20377
20374,c,20377
20374,d,20377
20373,f,20377
20375,b,20377
20375,d,20377
20378,c,20377
20375,f,20377
20375,c,20377
20377,e,20378
20377,f,20378
20378,d,20378
20378,e,20378
20378,f,20378
20378,c,20378
20377,c,20378
20377,d,20378
20377,b,20378
20379,e,20378
20379,f,20378
20379,c,20378
20379,d,20378
20378,b,20378
20374,e,20378
20379,b,20378
20375,e,20378
20375,f,20378
20375,c,20378
20375,d,20378
20375,b,20378
20376,b,20378
20376,d,20378
20376,c,20378
20376,f,20378
20374,f,20378
20374,c,20378
20374,d,20378
20374,b,20378
20376,e,20378
20379,e,20379
20375,d,20379
20375,b,20379
20379,b,20379
20379,d,20379
20378,b,20379
20378,c,20379
20378,f,20379
20378,e,20379
20375,c,20379
20379,c,20379
20379,f,20379
20378,d,20379
20375,f,20379
20380,b,20379
20375,e,20379
20376,c,20379
20376,f,20379
20376,e,20379
20377,b,20379
20377,d,20379
20377,c,20379
20377,f,20379
20376,d,20379
20377,e,20379
20380,e,20379
20380,f,20379
20380,c,20379
20380,d,20379
20376,b,20379
20381,d,20380
20381,c,20380
20381,f,20380
20381,b,20380
20379,e,20380
20379,d,20380
20379,c,20380
20379,f,20380
20380,e,20380
20380,f,20380
20380,c,20380
20380,b,20380
20379,b,20380
20381,e,20380
20380,d,20380
20378,e,20380
20377,e,20380
20376,b,20380
20376,d,20380
20376,c,20380
20376,f,20380
20376,e,20380
20377,f,20380
20377,b,20380
20377,d,20380
20378,f,20380
20378,c,20380
20378,d,20380
20378,b,20380
20377,c,20380
20377,d,20381
20382,f,20381
20380,b,20381
20380,d,20381
20382,b,20381
20380,f,20381
20380,e,20381
20382,c,20381
20382,d,20381
20377,b,20381
20381,e,20381
20381,f,20381
20381,b,20381
20380,c,20381
20381,d,20381
20381,c,20381
20377,f,20381
20378,e,20381
20378,f,20381
20378,c,20381
20378,d,20381
20378,b,20381
20377,c,20381
20379,b,20381
20379,d,20381
20379,c,20381
20377,e,20381
20379,e,20381
20382,e,20381
20379,f,20381
20383,e,20382
20383,f,20382
20383,c,20382
20382,b,20382
20382,d,20382
20382,c,20382
20382,f,20382
20381,d,20382
20381,c,20382
20381,f,20382
20381,e,20382
20378,e,20382
20383,b,20382
20383,d,20382
20381,b,20382
20378,f,20382
20382,e,20382
20380,b,20382
20379,d,20382
20379,b,20382
20378,b,20382
20380,e,20382
20380,f,20382
20378,d,20382
20378,c,20382
20380,d,20382
20380,c,20382
20379,c,20382
20379,f,20382
20379,e,20382
20379,b,20383
20384,b,20383
20379,d,20383
20382,e,20383
20382,b,20383
20379,e,20383
20382,d,20383
20383,d,20383
20383,e,20383
20384,e,20383
20384,d,20383
20381,e,20383
20381,d,20383
20381,b,20383
20380,b,20383
20380,d,20383
20380,e,20383
20383,b,20383
20384,b,20384
20383,b,20384
20383,d,20384
20384,d,20384
20380,b,20384
20380,d,20384
20381,b,20384
20381,d,20384
20385,b,20384
20385,d,20384
20382,d,20384
20382,b,20384
20386,c,20385
20386,f,20385
20385,f,20385
20384,b,20385
20384,d,20385
20385,b,20385
20384,f,20385
20384,c,20385
20385,c,20385
20385,d,20385
20386,b,20385
20383,f,20385
20381,b,20385
20381,d,20385
20382,c,20385
20382,d,20385
20382,b,20385
20383,c,20385
20383,d,20385
20383,b,20385
20386,d,20385
20381,f,20385
20381,c,20385
20382,f,20385
20383,d,20386
20387,d,20386
20387,b,20386
20385,f,20386
20385,d,20386
20385,c,20386
20387,c,20386
20385,e,20386
20386,e,20386
20386,f,20386
20386,c,20386
20386,d,20386
20386,b,20386
20385,b,20386
20387,f,20386
20387,e,20386
20382,e,20386
20383,f,20386
20383,e,20386
20383,b,20386
20382,f,20386
20382,c,20386
20382,d,20386
20382,b,20386
20384,b,20386
20383,c,20386
20384,c,20386
20384,f,20386
20384,e,20386
20384,d,20386
20387,d,20387
20387,c,20387
20388,f,20387
20388,e,20387
20388,c,20387
20388,d,20387
20386,b,20387
20386,d,20387
20386,c,20387
20386,f,20387
20386,e,20387
20387,f,20387
20387,e,20387
20388,b,20387
20387,b,20387
20383,d,20387
20383,c,20387
20384,e,20387
20384,f,20387
20384,c,20387
20384,d,20387
20384,b,20387
20385,b,20387
20385,d,20387
20385,c,20387
20385,f,20387
20383,f,20387
20383,e,20387
20383,b,20387
20385,e,20387
20389,b,20388
20384,c,20388
20384,d,20388
20384,b,20388
20388,b,20388
20388,d,20388
20388,c,20388
20387,d,20388
20387,c,20388
20387,f,20388
20387,e,20388
20384,f,20388
20388,f,20388
20388,e,20388
20387,b,20388
20389,d,20388
20389,e,20388
20389,f,20388
20385,e,20388
20385,f,20388
20385,c,20388
20385,d,20388
20389,c,20388
20386,b,20388
20386,d,20388
20386,c,20388
20386,f,20388
20385,b,20388
20384,e,20388
20386,e,20388
20390,e,20389
20390,f,20389
20390,c,20389
20385,e,20389
20389,b,20389
20389,d,20389
20389,c,20389
20390,d,20389
20388,c,20389
20388,f,20389
20388,e,20389
20389,f,20389
20389,e,20389
20390,b,20389
20388,d,20389
20388,b,20389
20385,f,20389
20385,d,20389
20386,c,20389
20387,b,20389
20387,d,20389
20386,d,20389
20386,b,20389
20385,b,20389
20386,f,20389
20385,c,20389
20387,c,20389
20386,e,20389
20387,e,20389
20387,f,20389
20390,b,20390
20390,d,20390
20390,c,20390
20390,f,20390
20390,e,20390
20389,e,20390
20389,f,20390
20389,c,20390
20391,d,20390
20391,e,20390
20391,f,20390
20389,b,20390
20391,c,20390
20389,d,20390
20391,b,20390
20386,d,20390
20387,e,20390
20387,f,20390
20387,c,20390
20387,d,20390
20387,b,20390
20388,b,20390
20388,d,20390
20388,c,20390
20388,f,20390
20386,b,20390
20388,e,20390
20386,c,20390
20386,f,20390
20386,e,20390
20392,d,20391
20387,d,20391
20387,b,20391
20391,b,20391
20391,d,20391
20390,e,20391
20390,d,20391
20387,e,20391
20392,e,20391
20390,b,20391
20388,e,20391
20388,d,20391
20389,b,20391
20389,d,20391
20389,e,20391
20388,b,20391
20391,e,20391
20392,b,20391
20391,b,20392
20391,d,20392
20392,d,20392
20392,b,20392
20393,d,20392
20393,b,20392
20389,d,20392
20389,b,20392
20388,d,20392
20388,b,20392
20390,d,20392
20390,b,20392
20392,d,20393
20392,f,20393
20394,d,20393
20392,b,20393
20393,f,20393
20393,c,20393
20393,d,20393
20393,b,20393
20389,b,20393
20394,b,20393
20392,c,20393
20394,c,20393
20394,f,20393
20389,f,20393
20390,d,20393
20390,b,20393
20389,c,20393
20389,d,20393
20391,b,20393
20390,c,20393
20391,d,20393
20391,f,20393
20390,f,20393
20391,c,20393
20393,b,20394
20395,e,20394
20393,d,20394
20395,b,20394
20395,d,20394
20393,c,20394
20394,d,20394
20394,c,20394
20393,e,20394
20394,e,20394
20394,f,20394
20395,f,20394
20394,b,20394
20393,f,20394
20395,c,20394
20391,d,20394
20390,d,20394
20390,c,20394
20390,b,20394
20392,b,20394
20392,d,20394
20392,c,20394
20392,f,20394
20390,f,20394
20392,e,20394
20391,b,20394
20391,c,20394
20391,f,20394
20391,e,20394
20390,e,20394
20394,d,20395
20394,b,20395
20394,f,20395
20391,b,20395
20394,c,20395
20394,e,20395
20391,d,20395
20395,b,20395
20395,d,20395
20395,c,20395
20395,f,20395
20395,e,20395
20396,e,20395
20396,f,20395
20396,c,20395
20396,d,20395
20391,c,20395
20396,b,20395
20393,f,20395
20393,c,20395
20393,d,20395
20393,b,20395
20391,e,20395
20392,b,20395
20392,d,20395
20392,c,20395
20392,f,20395
20392,e,20395
20393,e,20395
20391,f,20395
20395,b,20396
20395,c,20396
20395,f,20396
20395,e,20396
20396,e,20396
20396,f,20396
20396,c,20396
20396,d,20396
20396,b,20396
20392,e,20396
20392,f,20396
20392,c,20396
20395,d,20396
20397,b,20396
20392,d,20396
20397,c,20396
20392,b,20396
20393,e,20396
20393,f,20396
20393,c,20396
20397,d,20396
20393,b,20396
20394,b,20396
20394,d,20396
20394,c,20396
20393,d,20396
20394,e,20396
20397,f,20396
20397,e,20396
20394,f,20396
20398,d,20397
20398,c,20397
20398,f,20397
20398,e,20397
20397,b,20397
20397,d,20397
20396,d,20397
20396,c,20397
20396,e,20397
20397,c,20397
20397,f,20397
20397,e,20397
20396,b,20397
20398,b,20397
20396,f,20397
20394,e,20397
20394,b,20397
20394,f,20397
20395,b,20397
20394,d,20397
20395,d,20397
20395,c,20397
20395,f,20397
20393,e,20397
20393,f,20397
20393,c,20397
20393,d,20397
20393,b,20397
20394,c,20397
20395,e,20397
20397,d,20398
20397,b,20398
20397,c,20398
20398,e,20398
20397,e,20398
20399,f,20398
20399,c,20398
20399,d,20398
20398,f,20398
20398,b,20398
20397,f,20398
20399,b,20398
20394,b,20398
20394,d,20398
20395,e,20398
20395,f,20398
20395,c,20398
20395,d,20398
20395,b,20398
20398,d,20398
20396,d,20398
20396,c,20398
20396,f,20398
20396,b,20398
20399,e,20398
20394,e,20398
20394,f,20398
20394,c,20398
20396,e,20398
20398,c,20398
20400,b,20399
20399,e,20399
20399,d,20399
20398,e,20399
20398,d,20399
20398,b,20399
20395,e,20399
20400,d,20399
20399,b,20399
20400,e,20399
20395,d,20399
20396,b,20399
20396,d,20399
20396,e,20399
20397,b,20399
20397,d,20399
20397,e,20399
20395,b,20399
20401,b,20400
20401,d,20400
20399,d,20400
20399,b,20400
20396,b,20400
20396,d,20400
20397,b,20400
20400,d,20400
20397,d,20400
20398,b,20400
20400,b,20400
20398,d,20400
20400,f,20401
20401,f,20401
20401,c,20401
20400,d,20401
20400,b,20401
20402,c,20401
20401,d,20401
20401,b,20401
20402,b,20401
20402,d,20401
20400,c,20401
20402,f,20401
20397,c,20401
20399,f,20401
20397,d,20401
20397,b,20401
20398,b,20401
20397,f,20401
20399,c,20401
20398,d,20401
20399,d,20401
20399,b,20401
20398,c,20401
20398,f,20401
20401,b,20402
20401,d,20402
20401,c,20402
20402,d,20402
20402,c,20402
20403,c,20402
20403,d,20402
20403,b,20402
20401,e,20402
20402,e,20402
20402,f,20402
20402,b,20402
20403,e,20402
20403,f,20402
20401,f,20402
20398,e,20402
20399,e,20402
20399,f,20402
20399,c,20402
20399,d,20402
20399,b,20402
20400,b,20402
20400,d,20402
20400,c,20402
20400,f,20402
20398,f,20402
20398,c,20402
20398,d,20402
20398,b,20402
20400,e,20402
20403,e,20403
20399,f,20403
20399,c,20403
20399,d,20403
20399,b,20403
20403,b,20403
20402,b,20403
20402,d,20403
20402,c,20403
20402,f,20403
20404,b,20403
20403,c,20403
20403,f,20403
20403,d,20403
20402,e,20403
20404,d,20403
20404,f,20403
20400,d,20403
20404,c,20403
20400,c,20403
20399,e,20403
20401,b,20403
20401,d,20403
20401,c,20403
20401,f,20403
20401,e,20403
20400,f,20403
20400,e,20403
20404,e,20403
20400,b,20403
20405,d,20404
20405,c,20404
20405,e,20404
20403,b,20404
20403,e,20404
20403,c,20404
20403,f,20404
20405,b,20404
20404,e,20404
20404,f,20404
20404,c,20404
20404,d,20404
20404,b,20404
20403,d,20404
20400,b,20404
20405,f,20404
20401,d,20404
20401,e,20404
20400,d,20404
20400,c,20404
20400,f,20404
20400,e,20404
20401,f,20404
20401,c,20404
20402,e,20404
20402,f,20404
20402,c,20404
20402,d,20404
20402,b,20404
20401,b,20404
20404,b,20405
20401,c,20405
20404,d,20405
20404,c,20405
20406,d,20405
20404,e,20405
20406,f,20405
20406,c,20405
20401,b,20405
20406,b,20405
20405,e,20405
20405,f,20405
20405,b,20405
20404,f,20405
20401,d,20405
20405,c,20405
20401,f,20405
20402,e,20405
20402,f,20405
20402,c,20405
20402,d,20405
20402,b,20405
20405,d,20405
20403,d,20405
20403,c,20405
20403,f,20405
20403,b,20405
20401,e,20405
20406,e,20405
20403,e,20405
20407,d,20406
20407,e,20406
20407,f,20406
20407,c,20406
20406,b,20406
20406,d,20406
20405,b,20406
20405,c,20406
20405,f,20406
20405,e,20406
20406,c,20406
20406,f,20406
20402,e,20406
20407,b,20406
20405,d,20406
20402,f,20406
20406,e,20406
20404,d,20406
20404,c,20406
20404,f,20406
20403,e,20406
20403,f,20406
20403,c,20406
20403,d,20406
20404,b,20406
20404,e,20406
20402,c,20406
20402,d,20406
20402,b,20406
20403,b,20406
20408,b,20407
20407,b,20407
20403,b,20407
20403,d,20407
20406,e,20407
20406,b,20407
20406,d,20407
20407,d,20407
20407,e,20407
20408,e,20407
20405,e,20407
20405,d,20407
20405,b,20407
20404,b,20407
20404,d,20407
20404,e,20407
20408,d,20407
20403,e,20407
20407,b,20408
20407,d,20408
20408,b,20408
20408,d,20408
20404,d,20408
20406,b,20408
20404,b,20408
20405,b,20408
20409,b,20408
20409,d,20408
20405,d,20408
20406,d,20408
20410,c,20409
20410,f,20409
20409,f,20409
20408,d,20409
20408,c,20409
20409,d,20409
20409,b,20409
20408,f,20409
20408,b,20409
20409,c,20409
20410,d,20409
20410,b,20409
20405,b,20409
20405,d,20409
20406,f,20409
20406,c,20409
20406,d,20409
20407,f,20409
20407,c,20409
20407,d,20409
20407,b,20409
20406,b,20409
20405,f,20409
20405,c,20409
20407,b,20410
20411,d,20410
20411,b,20410
20409,b,20410
20409,f,20410
20409,c,20410
20411,c,20410
20409,e,20410
20410,e,20410
20410,f,20410
20410,c,20410
20410,d,20410
20410,b,20410
20409,d,20410
20407,d,20410
20411,f,20410
20406,f,20410
20407,f,20410
20407,e,20410
20406,e,20410
20411,e,20410
20406,c,20410
20406,d,20410
20406,b,20410
20408,b,20410
20407,c,20410
20408,c,20410
20408,f,20410
20408,e,20410
20408,d,20410
20411,d,20411
20411,c,20411
20412,f,20411
20412,c,20411
20412,d,20411
20412,b,20411
20410,b,20411
20410,d,20411
20410,c,20411
20410,f,20411
20412,e,20411
20411,f,20411
20411,e,20411
20411,b,20411
20410,e,20411
20407,d,20411
20408,e,20411
20408,f,20411
20408,c,20411
20408,d,20411
20408,b,20411
20407,e,20411
20409,b,20411
20409,d,20411
20409,c,20411
20407,c,20411
20409,e,20411
20407,f,20411
20407,b,20411
20409,f,20411
20408,d,20412
20408,b,20412
20412,b,20412
20412,d,20412
20412,c,20412
20412,f,20412
20411,d,20412
20411,c,20412
20411,f,20412
20411,e,20412
20408,c,20412
20412,e,20412
20413,b,20412
20411,b,20412
20413,d,20412
20413,f,20412
20413,e,20412
20409,e,20412
20409,f,20412
20409,c,20412
20409,d,20412
20409,b,20412
20413,c,20412
20410,b,20412
20410,d,20412
20410,c,20412
20408,e,20412
20410,e,20412
20410,f,20412
20408,f,20412
20414,b,20413
20413,e,20413
20412,e,20413
20412,f,20413
20412,c,20413
20412,d,20413
20414,c,20413
20413,f,20413
20413,c,20413
20413,d,20413
20413,b,20413
20414,f,20413
20414,e,20413
20409,f,20413
20414,d,20413
20412,b,20413
20409,e,20413
20409,c,20413
20410,f,20413
20411,b,20413
20411,d,20413
20410,c,20413
20410,d,20413
20410,b,20413
20409,b,20413
20410,e,20413
20411,c,20413
20409,d,20413
20411,e,20413
20411,f,20413
20414,d,20414
20415,d,20414
20413,b,20414
20415,b,20414
20415,c,20414
20415,f,20414
20413,c,20414
20413,f,20414
20415,e,20414
20414,e,20414
20414,f,20414
20414,c,20414
20414,b,20414
20413,e,20414
20410,b,20414
20413,d,20414
20410,c,20414
20410,d,20414
20412,c,20414
20412,d,20414
20412,b,20414
20411,b,20414
20411,d,20414
20411,c,20414
20412,e,20414
20412,f,20414
20411,f,20414
20411,e,20414
20410,e,20414
20410,f,20414
20411,e,20415
20415,b,20415
20411,b,20415
20411,d,20415
20414,e,20415
20414,d,20415
20412,b,20415
20415,d,20415
20415,e,20415
20416,b,20415
20416,d,20415
20413,e,20415
20413,d,20415
20413,b,20415
20412,e,20415
20416,e,20415
20412,d,20415
20414,b,20415
20415,b,20416
20415,d,20416
20416,d,20416
20416,b,20416
20417,b,20416
20412,b,20416
20412,d,20416
20417,d,20416
20413,b,20416
20413,d,20416
20414,d,20416
20414,b,20416
20418,f,20417
20416,b,20417
20416,f,20417
20418,b,20417
20418,d,20417
20418,c,20417
20417,f,20417
20416,d,20417
20415,f,20417
20417,c,20417
20415,d,20417
20417,b,20417
20417,d,20417
20414,f,20417
20414,c,20417
20414,d,20417
20414,b,20417
20413,f,20417
20413,c,20417
20413,d,20417
20413,b,20417
20415,b,20417
20415,c,20417
20416,c,20417
20417,f,20418
20417,c,20418
20417,d,20418
20417,b,20418
20419,d,20418
20419,c,20418
20418,b,20418
20418,d,20418
20418,c,20418
20418,f,20418
20418,e,20418
20419,f,20418
20419,b,20418
20417,e,20418
20419,e,20418
20415,d,20418
20414,f,20418
20414,d,20418
20414,b,20418
20415,b,20418
20415,c,20418
20415,f,20418
20415,e,20418
20414,c,20418
20416,b,20418
20416,d,20418
20416,c,20418
20414,e,20418
20416,e,20418
20416,f,20418
20415,b,20419
20416,c,20419
20416,e,20419
20420,d,20419
20418,b,20419
20418,d,20419
20415,d,20419
20418,c,20419
20418,e,20419
20420,b,20419
20419,e,20419
20419,f,20419
20419,c,20419
20419,d,20419
20419,b,20419
20418,f,20419
20415,c,20419
20416,f,20419
20416,d,20419
20416,b,20419
20415,e,20419
20417,b,20419
20417,d,20419
20417,c,20419
20415,f,20419
20417,f,20419
20417,e,20419
20420,c,20419
20420,f,20419
20420,e,20419
20421,d,20420
20421,e,20420
20421,f,20420
20420,b,20420
20420,d,20420
20421,b,20420
20420,c,20420
20419,d,20420
20419,c,20420
20419,f,20420
20421,c,20420
20420,f,20420
20420,e,20420
20419,b,20420
20419,e,20420
20416,d,20420
20416,b,20420
20416,c,20420
20416,f,20420
20416,e,20420
20417,b,20420
20417,d,20420
20417,f,20420
20417,e,20420
20418,b,20420
20417,c,20420
20418,e,20420
20418,f,20420
20418,c,20420
20418,d,20420
20417,b,20421
20417,c,20421
20417,f,20421
20417,d,20421
20420,b,20421
20417,e,20421
20420,c,20421
20420,f,20421
20420,e,20421
20422,b,20421
20421,e,20421
20421,f,20421
20421,c,20421
20420,d,20421
20422,d,20421
20421,d,20421
20422,c,20421
20418,f,20421
20421,b,20421
20418,b,20421
20419,b,20421
20419,d,20421
20419,c,20421
20419,f,20421
20419,e,20421
20418,e,20421
20422,e,20421
20422,f,20421
20418,c,20421
20418,d,20421
20423,f,20422
20423,e,20422
20423,c,20422
20423,d,20422
20421,e,20422
20421,d,20422
20421,c,20422
20421,f,20422
20422,e,20422
20422,f,20422
20422,c,20422
20422,d,20422
20422,b,20422
20421,b,20422
20423,b,20422
20418,e,20422
20420,b,20422
20418,d,20422
20418,b,20422
20419,b,20422
20419,d,20422
20419,c,20422
20419,f,20422
20419,e,20422
20418,c,20422
20420,d,20422
20418,f,20422
20420,f,20422
20420,e,20422
20420,c,20422
20420,e,20423
20420,d,20423
20423,b,20423
20423,d,20423
20422,e,20423
20424,b,20423
20422,b,20423
20420,b,20423
20424,d,20423
20424,e,20423
20419,b,20423
20419,d,20423
20419,e,20423
20421,d,20423
20421,e,20423
20423,e,20423
20421,b,20423
20422,d,20423
20423,b,20424
20424,d,20424
20423,d,20424
20424,b,20424
20420,b,20424
20422,d,20424
20421,b,20424
20421,d,20424
20420,d,20424
20425,b,20424
20425,d,20424
20422,b,20424
20426,c,20425
20426,f,20425
20425,f,20425
20424,c,20425
20424,f,20425
20425,d,20425
20425,b,20425
20424,b,20425
20424,d,20425
20425,c,20425
20426,d,20425
20426,b,20425
20421,b,20425
20421,d,20425
20422,f,20425
20422,c,20425
20422,d,20425
20422,b,20425
20423,f,20425
20423,c,20425
20423,d,20425
20423,b,20425
20421,f,20425
20421,c,20425
20423,c,20426
20422,b,20426
20425,b,20426
20425,e,20426
20425,c,20426
20425,f,20426
20427,b,20426
20426,e,20426
20426,f,20426
20426,c,20426
20426,d,20426
20426,b,20426
20425,d,20426
20423,b,20426
20427,d,20426
20427,f,20426
20423,f,20426
20423,e,20426
20422,e,20426
20427,c,20426
20422,c,20426
20422,d,20426
20424,b,20426
20424,d,20426
20422,f,20426
20424,f,20426
20427,e,20426
20424,c,20426
20423,d,20426
20424,e,20426
20426,e,20427
20428,c,20427
20426,c,20427
20426,d,20427
20427,d,20427
20427,c,20427
20427,f,20427
20427,e,20427
20428,e,20427
20428,f,20427
20427,b,20427
20426,f,20427
20426,b,20427
20428,b,20427
20424,b,20427
20428,d,20427
20423,b,20427
20423,d,20427
20424,e,20427
20424,f,20427
20424,c,20427
20424,d,20427
20423,c,20427
20425,e,20427
20425,f,20427
20425,c,20427
20425,d,20427
20425,b,20427
20423,e,20427
20423,f,20427
20429,b,20428
20427,b,20428
20427,e,20428
20427,c,20428
20427,f,20428
20424,b,20428
20428,e,20428
20428,f,20428
20428,c,20428
20428,d,20428
20428,b,20428
20427,d,20428
20424,d,20428
20424,c,20428
20424,f,20428
20425,c,20428
20424,e,20428
20425,f,20428
20426,b,20428
20426,d,20428
20426,c,20428
20426,f,20428
20425,d,20428
20426,e,20428
20429,e,20428
20429,f,20428
20429,c,20428
20429,d,20428
20425,e,20428
20425,b,20428
20430,f,20429
20430,c,20429
20429,e,20429
20428,e,20429
20428,d,20429
20428,c,20429
20428,f,20429
20430,d,20429
20429,f,20429
20429,c,20429
20429,d,20429
20430,e,20429
20428,b,20429
20430,b,20429
20429,b,20429
20426,e,20429
20425,e,20429
20426,f,20429
20426,b,20429
20427,b,20429
20427,d,20429
20427,c,20429
20427,f,20429
20426,d,20429
20425,f,20429
20425,c,20429
20425,d,20429
20425,b,20429
20426,c,20429
20427,e,20429
20429,d,20430
20429,b,20430
20429,c,20430
20430,f,20430
20429,e,20430
20431,e,20430
20431,f,20430
20431,c,20430
20431,b,20430
20430,e,20430
20430,c,20430
20429,f,20430
20431,d,20430
20426,b,20430
20426,d,20430
20427,e,20430
20427,f,20430
20427,c,20430
20427,d,20430
20427,b,20430
20426,e,20430
20430,b,20430
20428,d,20430
20428,c,20430
20428,b,20430
20428,e,20430
20426,f,20430
20426,c,20430
20428,f,20430
20430,d,20430
20432,d,20431
20432,b,20431
20430,e,20431
20430,d,20431
20430,b,20431
20431,e,20431
20431,d,20431
20431,b,20431
20432,e,20431
20427,d,20431
20427,b,20431
20428,b,20431
20428,d,20431
20427,e,20431
20428,e,20431
20429,b,20431
20429,d,20431
20429,e,20431
20433,d,20432
20432,d,20432
20432,b,20432
20431,d,20432
20431,b,20432
20428,b,20432
20428,d,20432
20429,b,20432
20433,b,20432
20430,b,20432
20430,d,20432
20429,d,20432
20434,b,20433
20429,b,20433
20429,d,20433
20429,c,20433
20429,f,20433
20432,b,20433
20432,c,20433
20432,f,20433
20433,f,20433
20433,c,20433
20433,d,20433
20433,b,20433
20432,d,20433
20434,d,20433
20431,c,20433
20434,f,20433
20430,f,20433
20430,c,20433
20430,d,20433
20434,c,20433
20431,b,20433
20431,d,20433
20430,b,20433
20431,f,20433
20434,c,20434
20434,d,20434
20433,c,20434
20433,f,20434
20433,e,20434
20434,b,20434
20433,d,20434
20433,b,20434
20435,c,20434
20435,f,20434
20435,e,20434
20434,e,20434
20434,f,20434
20431,d,20434
20435,b,20434
20431,b,20434
20435,d,20434
20432,b,20434
20432,d,20434
20432,c,20434
20432,f,20434
20432,e,20434
20431,c,20434
20431,f,20434
20431,e,20434
20430,c,20434
20430,d,20434
20430,b,20434
20430,e,20434
20430,f,20434
20431,b,20435
20431,d,20435
20434,e,20435
20434,d,20435
20434,c,20435
20434,f,20435
20436,b,20435
20435,e,20435
20435,f,20435
20435,c,20435
20435,d,20435
20435,b,20435
20434,b,20435
20432,f,20435
20432,e,20435
20436,f,20435
20432,c,20435
20432,d,20435
20432,b,20435
20436,c,20435
20431,f,20435
20431,c,20435
20433,b,20435
20433,d,20435
20431,e,20435
20433,f,20435
20436,e,20435
20433,c,20435
20436,d,20435
20433,e,20435
20436,c,20436
20435,e,20436
20435,f,20436
20435,c,20436
20435,d,20436
20436,e,20436
20436,d,20436
20436,b,20436
20437,b,20436
20437,d,20436
20437,c,20436
20437,f,20436
20437,e,20436
20436,f,20436
20435,b,20436
20433,d,20436
20432,b,20436
20433,c,20436
20434,b,20436
20434,d,20436
20434,c,20436
20434,f,20436
20434,e,20436
20433,b,20436
20433,f,20436
20432,e,20436
20432,f,20436
20432,c,20436
20432,d,20436
20433,e,20436
20433,b,20437
20433,d,20437
20438,d,20437
20436,b,20437
20433,f,20437
20436,c,20437
20436,f,20437
20436,e,20437
20433,c,20437
20437,e,20437
20437,f,20437
20437,c,20437
20437,d,20437
20436,d,20437
20438,b,20437
20437,b,20437
20438,c,20437
20434,c,20437
20433,e,20437
20435,b,20437
20435,d,20437
20435,c,20437
20435,f,20437
20434,d,20437
20435,e,20437
20434,e,20437
20438,e,20437
20438,f,20437
20434,f,20437
20434,b,20437
20439,e,20438
20439,f,20438
20439,c,20438
20437,e,20438
20437,d,20438
20437,c,20438
20437,f,20438
20438,e,20438
20438,f,20438
20438,c,20438
20438,d,20438
20438,b,20438
20437,b,20438
20434,f,20438
20439,b,20438
20435,e,20438
20434,c,20438
20434,e,20438
20434,d,20438
20436,e,20438
20436,f,20438
20436,c,20438
20436,d,20438
20434,b,20438
20435,c,20438
20435,f,20438
20439,d,20438
20436,b,20438
20435,d,20438
20435,b,20438
20435,e,20439
20438,d,20439
20438,e,20439
20439,e,20439
20439,b,20439
20438,b,20439
20439,d,20439
20436,d,20439
20435,d,20439
20440,b,20439
20440,d,20439
20440,e,20439
20437,e,20439
20437,d,20439
20437,b,20439
20436,b,20439
20436,e,20439
20435,b,20439
20441,b,20440
20439,d,20440
20440,b,20440
20439,b,20440
20440,d,20440
20441,d,20440
20437,d,20440
20438,d,20440
20436,b,20440
20438,b,20440
20437,b,20440
20436,d,20440
20441,f,20441
20440,d,20441
20440,c,20441
20437,d,20441
20437,b,20441
20440,f,20441
20441,d,20441
20441,b,20441
20442,d,20441
20441,c,20441
20437,c,20441
20442,b,20441
20440,b,20441
20439,c,20441
20439,d,20441
20439,b,20441
20437,f,20441
20438,b,20441
20438,d,20441
20438,c,20441
20438,f,20441
20442,f,20441
20442,c,20441
20439,f,20441
20443,d,20442
20443,b,20442
20441,c,20442
20441,d,20442
20443,c,20442
20441,f,20442
20441,e,20442
20442,e,20442
20442,f,20442
20442,c,20442
20442,d,20442
20442,b,20442
20441,b,20442
20443,f,20442
20438,e,20442
20438,f,20442
20438,c,20442
20438,d,20442
20438,b,20442
20439,b,20442
20439,d,20442
20439,c,20442
20439,f,20442
20439,e,20442
20443,e,20442
20440,c,20442
20440,b,20442
20440,e,20442
20440,f,20442
20440,d,20442
20444,d,20443
20443,d,20443
20443,c,20443
20443,f,20443
20442,e,20443
20442,b,20443
20442,d,20443
20442,c,20443
20442,f,20443
20443,e,20443
20444,f,20443
20444,c,20443
20444,b,20443
20444,e,20443
20443,b,20443
20439,c,20443
20440,e,20443
20440,f,20443
20440,c,20443
20440,d,20443
20440,b,20443
20441,b,20443
20441,d,20443
20441,c,20443
20441,f,20443
20439,f,20443
20439,e,20443
20439,d,20443
20439,b,20443
20441,e,20443
20444,e,20444
20440,d,20444
20440,b,20444
20444,b,20444
20444,d,20444
20445,d,20444
20443,d,20444
20443,c,20444
20443,f,20444
20443,e,20444
20440,c,20444
20444,c,20444
20444,f,20444
20443,b,20444
20445,b,20444
20440,f,20444
20445,f,20444
20441,e,20444
20441,f,20444
20441,c,20444
20441,d,20444
20441,b,20444
20445,c,20444
20442,b,20444
20442,d,20444
20442,c,20444
20440,e,20444
20442,e,20444
20445,e,20444
20442,f,20444
20446,e,20445
20446,f,20445
20446,c,20445
20445,b,20445
20445,d,20445
20445,c,20445
20445,f,20445
20444,d,20445
20444,c,20445
20444,f,20445
20441,f,20445
20445,e,20445
20446,b,20445
20446,d,20445
20444,b,20445
20441,e,20445
20444,e,20445
20441,c,20445
20441,d,20445
20441,b,20445
20442,b,20445
20442,d,20445
20442,e,20445
20442,f,20445
20443,e,20445
20443,f,20445
20443,c,20445
20443,d,20445
20443,b,20445
20442,c,20445
20445,b,20446
20445,d,20446
20445,c,20446
20442,c,20446
20445,e,20446
20447,d,20446
20447,b,20446
20442,b,20446
20446,f,20446
20446,c,20446
20446,d,20446
20445,f,20446
20446,e,20446
20446,b,20446
20442,f,20446
20444,d,20446
20443,d,20446
20443,c,20446
20442,d,20446
20444,c,20446
20444,f,20446
20444,b,20446
20444,e,20446
20443,e,20446
20447,e,20446
20447,f,20446
20447,c,20446
20442,e,20446
20443,f,20446
20443,b,20446
20448,e,20447
20446,e,20447
20446,d,20447
20447,e,20447
20447,d,20447
20447,b,20447
20446,b,20447
20443,d,20447
20448,b,20447
20443,b,20447
20443,e,20447
20448,d,20447
20445,b,20447
20445,e,20447
20445,d,20447
20444,e,20447
20444,d,20447
20444,b,20447
20447,d,20448
20449,b,20448
20449,d,20448
20444,b,20448
20444,d,20448
20448,d,20448
20448,b,20448
20446,d,20448
20446,b,20448
20445,b,20448
20445,d,20448
20447,b,20448
20450,d,20449
20448,c,20449
20450,b,20449
20448,f,20449
20449,b,20449
20449,d,20449
20449,c,20449
20449,f,20449
20450,c,20449
20448,b,20449
20450,f,20449
20448,d,20449
20445,b,20449
20445,d,20449
20447,b,20449
20447,d,20449
20447,c,20449
20447,f,20449
20445,c,20449
20445,f,20449
20446,b,20449
20446,d,20449
20446,c,20449
20446,f,20449
20449,d,20450
20449,b,20450
20451,d,20450
20449,c,20450
20449,f,20450
20447,c,20450
20450,b,20450
20450,d,20450
20450,c,20450
20450,f,20450
20450,e,20450
20451,e,20450
20451,f,20450
20451,c,20450
20446,b,20450
20446,d,20450
20449,e,20450
20451,b,20450
20447,d,20450
20446,e,20450
20447,b,20450
20446,f,20450
20448,d,20450
20448,c,20450
20448,f,20450
20448,e,20450
20448,b,20450
20446,c,20450
20447,f,20450
20447,e,20450
20447,b,20451
20447,e,20451
20447,f,20451
20447,c,20451
20447,d,20451
20451,f,20451
20450,d,20451
20450,c,20451
20450,f,20451
20450,e,20451
20451,b,20451
20451,d,20451
20451,c,20451
20451,e,20451
20450,b,20451
20452,b,20451
20452,d,20451
20448,e,20451
20448,f,20451
20448,c,20451
20448,d,20451
20448,b,20451
20449,d,20451
20449,c,20451
20449,f,20451
20449,b,20451
20452,c,20451
20452,f,20451
20452,e,20451
20449,e,20451
20452,e,20452
20453,d,20452
20453,b,20452
20453,e,20452
20452,b,20452
20452,d,20452
20451,d,20452
20451,c,20452
20451,f,20452
20453,f,20452
20452,c,20452
20452,f,20452
20451,b,20452
20453,c,20452
20451,e,20452
20448,b,20452
20449,b,20452
20449,d,20452
20450,b,20452
20450,d,20452
20450,c,20452
20450,f,20452
20450,e,20452
20449,c,20452
20449,f,20452
20449,e,20452
20448,e,20452
20448,f,20452
20448,c,20452
20448,d,20452
20449,b,20453
20452,b,20453
20452,d,20453
20454,d,20453
20452,f,20453
20452,e,20453
20454,c,20453
20449,d,20453
20454,b,20453
20453,e,20453
20453,f,20453
20453,c,20453
20452,c,20453
20449,c,20453
20449,f,20453
20449,e,20453
20450,e,20453
20450,f,20453
20450,c,20453
20450,d,20453
20450,b,20453
20453,b,20453
20451,b,20453
20451,d,20453
20451,c,20453
20453,d,20453
20451,e,20453
20454,f,20453
20454,e,20453
20451,f,20453
20455,e,20454
20455,f,20454
20455,c,20454
20454,b,20454
20454,d,20454
20453,b,20454
20453,c,20454
20453,f,20454
20453,e,20454
20454,c,20454
20454,f,20454
20454,e,20454
20455,b,20454
20453,d,20454
20455,d,20454
20450,f,20454
20451,e,20454
20451,c,20454
20452,b,20454
20452,d,20454
20452,c,20454
20452,e,20454
20452,f,20454
20450,c,20454
20450,d,20454
20450,b,20454
20451,f,20454
20451,b,20454
20451,d,20454
20450,e,20454
20454,d,20455
20454,e,20455
20455,b,20455
20455,d,20455
20455,e,20455
20456,e,20455
20454,b,20455
20456,d,20455
20456,b,20455
20451,d,20455
20451,e,20455
20452,e,20455
20452,d,20455
20452,b,20455
20453,b,20455
20453,d,20455
20453,e,20455
20451,b,20455
20452,b,20456
20456,b,20456
20456,d,20456
20455,d,20456
20455,b,20456
20453,b,20456
20453,d,20456
20452,d,20456
20457,b,20456
20457,d,20456
20454,d,20456
20454,b,20456
20456,c,20457
20456,f,20457
20457,b,20457
20457,d,20457
20457,c,20457
20458,c,20457
20458,d,20457
20458,f,20457
20457,f,20457
20456,b,20457
20456,d,20457
20458,b,20457
20453,b,20457
20454,c,20457
20454,d,20457
20454,b,20457
20453,f,20457
20455,f,20457
20455,c,20457
20455,d,20457
20455,b,20457
20454,f,20457
20453,d,20457
20453,c,20457
20457,b,20458
20457,d,20458
20457,c,20458
20457,f,20458
20455,c,20458
20458,b,20458
20458,d,20458
20458,c,20458
20458,f,20458
20458,e,20458
20459,e,20458
20459,f,20458
20459,c,20458
20459,d,20458
20454,b,20458
20457,e,20458
20459,b,20458
20454,f,20458
20454,e,20458
20455,b,20458
20455,d,20458
20456,b,20458
20456,d,20458
20456,c,20458
20456,f,20458
20454,d,20458
20454,c,20458
20455,f,20458
20455,e,20458
20456,e,20458
20460,b,20459
20455,b,20459
20455,e,20459
20455,f,20459
20455,c,20459
20455,d,20459
20459,e,20459
20458,c,20459
20458,f,20459
20458,e,20459
20459,b,20459
20459,d,20459
20459,c,20459
20459,f,20459
20458,d,20459
20458,b,20459
20460,c,20459
20460,f,20459
20460,e,20459
20456,e,20459
20456,f,20459
20456,c,20459
20457,e,20459
20457,f,20459
20457,c,20459
20457,d,20459
20457,b,20459
20460,d,20459
20456,d,20459
20456,b,20459
20461,f,20460
20461,c,20460
20461,d,20460
20459,f,20460
20459,d,20460
20459,c,20460
20461,b,20460
20460,e,20460
20460,f,20460
20460,c,20460
20460,d,20460
20460,b,20460
20459,b,20460
20461,e,20460
20459,e,20460
20458,e,20460
20456,d,20460
20456,c,20460
20456,f,20460
20456,e,20460
20457,b,20460
20457,c,20460
20457,f,20460
20456,b,20460
20457,d,20460
20458,f,20460
20458,c,20460
20458,d,20460
20458,b,20460
20457,e,20460
20461,b,20461
20457,d,20461
20457,b,20461
20460,b,20461
20462,b,20461
20460,c,20461
20460,f,20461
20460,e,20461
20462,d,20461
20457,c,20461
20461,e,20461
20461,f,20461
20460,d,20461
20457,f,20461
20457,e,20461
20462,c,20461
20458,e,20461
20458,f,20461
20458,c,20461
20458,d,20461
20458,b,20461
20461,c,20461
20459,b,20461
20459,d,20461
20459,c,20461
20461,d,20461
20459,e,20461
20462,f,20461
20462,e,20461
20459,f,20461
20463,e,20462
20463,f,20462
20463,c,20462
20462,b,20462
20462,d,20462
20461,b,20462
20461,c,20462
20461,f,20462
20461,e,20462
20462,c,20462
20462,f,20462
20462,e,20462
20463,b,20462
20461,d,20462
20463,d,20462
20458,f,20462
20459,e,20462
20459,c,20462
20459,d,20462
20460,b,20462
20460,d,20462
20460,e,20462
20460,f,20462
20458,c,20462
20458,d,20462
20458,b,20462
20459,f,20462
20459,b,20462
20460,c,20462
20458,e,20462
20462,b,20463
20462,d,20463
20463,b,20463
20463,d,20463
20463,e,20463
20464,e,20463
20462,e,20463
20464,d,20463
20464,b,20463
20459,d,20463
20459,e,20463
20460,e,20463
20460,d,20463
20460,b,20463
20461,b,20463
20461,d,20463
20461,e,20463
20459,b,20463
20460,b,20464
20464,b,20464
20464,d,20464
20463,d,20464
20463,b,20464
20461,b,20464
20461,d,20464
20460,d,20464
20465,b,20464
20465,d,20464
20462,d,20464
20462,b,20464
20464,f,20465
20465,b,20465
20465,d,20465
20465,c,20465
20465,f,20465
20466,c,20465
20464,b,20465
20466,d,20465
20466,b,20465
20466,f,20465
20464,c,20465
20464,d,20465
20461,b,20465
20461,f,20465
20463,b,20465
20463,d,20465
20463,c,20465
20463,f,20465
20461,d,20465
20461,c,20465
20462,b,20465
20462,d,20465
20462,c,20465
20462,f,20465
20465,c,20466
20465,b,20466
20465,e,20466
20463,c,20466
20465,d,20466
20465,f,20466
20466,b,20466
20466,d,20466
20466,c,20466
20466,f,20466
20466,e,20466
20467,b,20466
20467,d,20466
20467,c,20466
20467,f,20466
20467,e,20466
20462,b,20466
20462,d,20466
20463,f,20466
20464,f,20466
20464,d,20466
20464,b,20466
20462,c,20466
20464,c,20466
20464,e,20466
20462,f,20466
20463,e,20466
20463,b,20466
20463,d,20466
20462,e,20466
20467,b,20467
20463,e,20467
20468,b,20467
20466,b,20467
20466,d,20467
20466,c,20467
20467,e,20467
20467,f,20467
20467,c,20467
20467,d,20467
20468,d,20467
20463,b,20467
20463,d,20467
20468,c,20467
20468,f,20467
20468,e,20467
20464,e,20467
20464,f,20467
20464,c,20467
20464,d,20467
20464,b,20467
20465,b,20467
20465,d,20467
20465,c,20467
20465,f,20467
20465,e,20467
20463,f,20467
20463,c,20467
20466,f,20467
20466,e,20467
20467,b,20468
20467,d,20468
20467,c,20468
20467,f,20468
20467,e,20468
20468,e,20468
20468,f,20468
20468,c,20468
20468,d,20468
20468,b,20468
20469,b,20468
20469,d,20468
20464,e,20468
20469,f,20468
20464,c,20468
20464,d,20468
20464,b,20468
20465,b,20468
20465,d,20468
20465,c,20468
20465,f,20468
20465,e,20468
20469,c,20468
20466,b,20468
20466,d,20468
20469,e,20468
20466,c,20468
20466,e,20468
20464,f,20468
20466,f,20468
20470,e,20469
20469,b,20469
20469,d,20469
20469,c,20469
20469,f,20469
20469,e,20469
20468,b,20469
20468,c,20469
20468,f,20469
20468,e,20469
20470,f,20469
20470,d,20469
20470,b,20469
20468,d,20469
20470,c,20469
20465,e,20469
20466,e,20469
20466,b,20469
20466,f,20469
20467,b,20469
20467,d,20469
20467,c,20469
20467,e,20469
20467,f,20469
20466,c,20469
20465,f,20469
20465,c,20469
20465,d,20469
20465,b,20469
20466,d,20469
20469,d,20470
20469,b,20470
20469,c,20470
20466,d,20470
20469,e,20470
20471,c,20470
20471,d,20470
20471,b,20470
20470,f,20470
20470,c,20470
20469,f,20470
20470,e,20470
20470,b,20470
20470,d,20470
20467,e,20470
20467,f,20470
20467,c,20470
20467,d,20470
20467,b,20470
20468,b,20470
20466,b,20470
20468,c,20470
20468,f,20470
20468,d,20470
20471,e,20470
20471,f,20470
20466,e,20470
20466,f,20470
20466,c,20470
20468,e,20470
20471,e,20471
20471,d,20471
20470,e,20471
20470,d,20471
20470,b,20471
20471,b,20471
20472,e,20471
20467,d,20471
20472,b,20471
20467,b,20471
20469,b,20471
20472,d,20471
20469,d,20471
20469,e,20471
20468,e,20471
20467,e,20471
20468,d,20471
20468,b,20471
20471,b,20472
20473,b,20472
20468,b,20472
20468,d,20472
20471,d,20472
20472,d,20472
20470,d,20472
20470,b,20472
20469,b,20472
20469,d,20472
20472,b,20472
20473,d,20472
20473,f,20473
20472,d,20473
20472,c,20473
20472,f,20473
20473,b,20473
20473,d,20473
20473,c,20473
20474,c,20473
20474,d,20473
20472,b,20473
20474,f,20473
20474,b,20473
20469,b,20473
20470,c,20473
20470,d,20473
20470,b,20473
20469,f,20473
20469,d,20473
20470,f,20473
20471,b,20473
20469,c,20473
20471,f,20473
20471,c,20473
20471,d,20473
20473,f,20474
20473,d,20474
20473,b,20474
20473,c,20474
20475,d,20474
20471,c,20474
20474,b,20474
20474,d,20474
20474,c,20474
20474,f,20474
20474,e,20474
20475,e,20474
20475,f,20474
20475,c,20474
20471,d,20474
20470,b,20474
20473,e,20474
20475,b,20474
20470,f,20474
20470,e,20474
20471,b,20474
20470,c,20474
20472,d,20474
20472,c,20474
20472,f,20474
20472,e,20474
20472,b,20474
20470,d,20474
20471,f,20474
20471,e,20474
20471,b,20475
20471,e,20475
20471,f,20475
20471,c,20475
20471,d,20475
20475,f,20475
20474,d,20475
20474,c,20475
20474,f,20475
20474,e,20475
20475,b,20475
20475,d,20475
20475,c,20475
20475,e,20475
20474,b,20475
20476,b,20475
20476,d,20475
20472,e,20475
20472,f,20475
20472,c,20475
20472,d,20475
20472,b,20475
20473,d,20475
20473,c,20475
20473,f,20475
20473,b,20475
20476,c,20475
20476,f,20475
20476,e,20475
20473,e,20475
20476,e,20476
20477,d,20476
20477,b,20476
20477,e,20476
20476,b,20476
20476,d,20476
20475,d,20476
20475,c,20476
20475,f,20476
20477,f,20476
20476,c,20476
20476,f,20476
20475,b,20476
20477,c,20476
20475,e,20476
20474,e,20476
20472,b,20476
20472,d,20476
20472,c,20476
20472,f,20476
20472,e,20476
20473,b,20476
20473,e,20476
20473,f,20476
20473,d,20476
20474,f,20476
20474,c,20476
20474,d,20476
20474,b,20476
20473,c,20476
20477,b,20477
20473,b,20477
20476,b,20477
20476,d,20477
20478,d,20477
20476,f,20477
20476,e,20477
20478,c,20477
20473,d,20477
20478,b,20477
20477,e,20477
20477,f,20477
20476,c,20477
20473,c,20477
20473,f,20477
20473,e,20477
20474,e,20477
20474,f,20477
20474,c,20477
20474,d,20477
20474,b,20477
20477,c,20477
20475,b,20477
20475,d,20477
20475,c,20477
20477,d,20477
20475,e,20477
20478,f,20477
20478,e,20477
20475,f,20477
20479,e,20478
20479,f,20478
20479,c,20478
20478,b,20478
20478,d,20478
20477,b,20478
20477,c,20478
20477,f,20478
20477,e,20478
20478,c,20478
20478,f,20478
20478,e,20478
20479,b,20478
20477,d,20478
20479,d,20478
20474,f,20478
20475,e,20478
20475,c,20478
20476,b,20478
20476,d,20478
20476,c,20478
20476,e,20478
20476,f,20478
20474,c,20478
20474,d,20478
20474,b,20478
20475,f,20478
20475,b,20478
20475,d,20478
20474,e,20478
20478,d,20479
20478,e,20479
20479,b,20479
20479,d,20479
20479,e,20479
20480,e,20479
20478,b,20479
20480,d,20479
20480,b,20479
20475,d,20479
20475,e,20479
20476,e,20479
20476,d,20479
20476,b,20479
20477,b,20479
20477,d,20479
20477,e,20479
20475,b,20479
20476,b,20480
20480,b,20480
20480,d,20480
20479,d,20480
20479,b,20480
20477,b,20480
20477,d,20480
20476,d,20480
20481,b,20480
20481,d,20480
20478,d,20480
20478,b,20480
20480,f,20481
20481,b,20481
20481,d,20481
20481,c,20481
20481,f,20481
20482,f,20481
20480,b,20481
20482,c,20481
20482,d,20481
20482,b,20481
20480,c,20481
20480,d,20481
20477,b,20481
20477,f,20481
20478,f,20481
20478,c,20481
20478,d,20481
20478,b,20481
20479,f,20481
20479,c,20481
20479,d,20481
20479,b,20481
20477,c,20481
20477,d,20481
20481,b,20482
20481,d,20482
20481,c,20482
20481,f,20482
20481,e,20482
20482,d,20482
20478,b,20482
20482,c,20482
20482,f,20482
20482,e,20482
20483,b,20482
20483,d,20482
20483,c,20482
20483,f,20482
20483,e,20482
20479,c,20482
20482,b,20482
20478,d,20482
20479,f,20482
20480,f,20482
20480,d,20482
20480,b,20482
20480,c,20482
20480,e,20482
20478,c,20482
20478,f,20482
20479,e,20482
20479,b,20482
20479,d,20482
20478,e,20482
20483,b,20483
20482,b,20483
20483,e,20483
20482,d,20483
20482,c,20483
20484,b,20483
20483,f,20483
20483,c,20483
20483,d,20483
20484,d,20483
20479,d,20483
20482,f,20483
20484,c,20483
20484,f,20483
20484,e,20483
20480,e,20483
20480,f,20483
20480,c,20483
20480,d,20483
20479,b,20483
20480,b,20483
20481,d,20483
20481,c,20483
20481,f,20483
20481,e,20483
20479,e,20483
20479,f,20483
20479,c,20483
20481,b,20483
20482,e,20483
20483,d,20484
20485,b,20484
20483,c,20484
20483,f,20484
20483,e,20484
20484,e,20484
20484,f,20484
20484,c,20484
20484,d,20484
20484,b,20484
20483,b,20484
20485,d,20484
20480,e,20484
20485,f,20484
20480,c,20484
20480,d,20484
20480,b,20484
20481,b,20484
20481,d,20484
20481,c,20484
20481,f,20484
20481,e,20484
20485,c,20484
20482,b,20484
20482,d,20484
20485,e,20484
20482,c,20484
20482,e,20484
20480,f,20484
20482,f,20484
20485,e,20485
20484,e,20485
20485,b,20485
20485,d,20485
20485,c,20485
20485,f,20485
20484,b,20485
20484,c,20485
20484,f,20485
20486,e,20485
20486,f,20485
20486,d,20485
20486,b,20485
20484,d,20485
20486,c,20485
20483,b,20485
20482,e,20485
20481,b,20485
20482,b,20485
20482,d,20485
20483,d,20485
20483,c,20485
20483,e,20485
20483,f,20485
20482,f,20485
20481,e,20485
20481,f,20485
20481,c,20485
20481,d,20485
20482,c,20485
20485,b,20486
20487,c,20486
20485,d,20486
20482,b,20486
20485,f,20486
20485,e,20486
20487,d,20486
20486,e,20486
20486,f,20486
20486,c,20486
20486,d,20486
20485,c,20486
20487,b,20486
20486,b,20486
20482,c,20486
20484,b,20486
20483,d,20486
20483,c,20486
20482,d,20486
20484,d,20486
20484,c,20486
20482,e,20486
20484,f,20486
20483,f,20486
20483,e,20486
20487,e,20486
20487,f,20486
20482,f,20486
20484,e,20486
20483,b,20486
20488,e,20487
20486,e,20487
20486,d,20487
20487,e,20487
20487,d,20487
20487,b,20487
20486,b,20487
20483,d,20487
20488,b,20487
20484,e,20487
20483,b,20487
20483,e,20487
20488,d,20487
20485,e,20487
20485,b,20487
20485,d,20487
20484,d,20487
20484,b,20487
20484,d,20488
20487,b,20488
20489,b,20488
20487,d,20488
20484,b,20488
20488,d,20488
20488,b,20488
20486,d,20488
20486,b,20488
20485,b,20488
20485,d,20488
20489,d,20488
20488,b,20489
20490,d,20489
20488,d,20489
20488,c,20489
20488,f,20489
20489,b,20489
20489,d,20489
20489,c,20489
20489,f,20489
20490,c,20489
20490,b,20489
20490,f,20489
20485,b,20489
20485,f,20489
20486,f,20489
20486,c,20489
20486,d,20489
20486,b,20489
20487,d,20489
20487,c,20489
20487,f,20489
20487,b,20489
20485,c,20489
20485,d,20489
20491,d,20490
20491,b,20490
20486,d,20490
20486,b,20490
20490,b,20490
20489,f,20490
20489,e,20490
20489,b,20490
20489,d,20490
20489,c,20490
20491,c,20490
20490,f,20490
20490,e,20490
20490,c,20490
20490,d,20490
20487,f,20490
20487,b,20490
20487,e,20490
20487,c,20490
20487,d,20490
20491,e,20490
20486,e,20490
20486,f,20490
20486,c,20490
20488,b,20490
20491,f,20490
20488,c,20490
20488,f,20490
20488,e,20490
20488,d,20490
20491,d,20491
20491,c,20491
20492,e,20491
20492,f,20491
20492,c,20491
20492,d,20491
20490,d,20491
20490,c,20491
20490,f,20491
20490,e,20491
20491,f,20491
20491,e,20491
20490,b,20491
20491,b,20491
20492,b,20491
20487,f,20491
20488,e,20491
20488,f,20491
20488,c,20491
20488,d,20491
20488,b,20491
20489,b,20491
20489,d,20491
20489,c,20491
20489,f,20491
20487,e,20491
20487,b,20491
20487,c,20491
20487,d,20491
20489,e,20491
20493,b,20492
20488,c,20492
20488,d,20492
20488,b,20492
20492,b,20492
20492,d,20492
20491,b,20492
20491,c,20492
20491,f,20492
20491,e,20492
20488,f,20492
20492,c,20492
20492,f,20492
20492,e,20492
20491,d,20492
20493,d,20492
20493,f,20492
20489,b,20492
20489,e,20492
20489,f,20492
20489,c,20492
20489,d,20492
20493,c,20492
20490,b,20492
20490,d,20492
20490,c,20492
20490,f,20492
20488,e,20492
20493,e,20492
20490,e,20492
20494,d,20493
20494,e,20493
20494,f,20493
20494,c,20493
20493,b,20493
20493,d,20493
20493,c,20493
20492,b,20493
20492,c,20493
20492,f,20493
20492,e,20493
20493,f,20493
20493,e,20493
20494,b,20493
20492,d,20493
20489,f,20493
20489,e,20493
20490,e,20493
20490,f,20493
20491,d,20493
20491,c,20493
20491,f,20493
20491,b,20493
20491,e,20493
20490,d,20493
20490,b,20493
20490,c,20493
20489,b,20493
20489,d,20493
20489,c,20493
20493,f,20494
20493,d,20494
20493,c,20494
20493,b,20494
20490,c,20494
20495,e,20494
20495,f,20494
20495,d,20494
20495,b,20494
20494,e,20494
20494,f,20494
20494,c,20494
20493,e,20494
20495,c,20494
20494,d,20494
20490,d,20494
20491,e,20494
20491,f,20494
20491,c,20494
20491,d,20494
20491,b,20494
20492,b,20494
20490,b,20494
20492,c,20494
20492,d,20494
20492,e,20494
20490,e,20494
20490,f,20494
20494,b,20494
20492,f,20494
20496,b,20495
20495,e,20495
20494,e,20495
20494,d,20495
20495,d,20495
20495,b,20495
20496,d,20495
20496,e,20495
20491,e,20495
20494,b,20495
20491,b,20495
20492,b,20495
20492,e,20495
20493,b,20495
20493,d,20495
20493,e,20495
20491,d,20495
20492,d,20495
20497,b,20496
20496,d,20496
20496,b,20496
20494,d,20496
20493,d,20496
20493,b,20496
20494,b,20496
20495,d,20496
20495,b,20496
20492,d,20496
20492,b,20496
20497,d,20496
20498,c,20497
20498,d,20497
20498,b,20497
20497,b,20497
20496,f,20497
20497,f,20497
20498,f,20497
20496,b,20497
20496,d,20497
20496,c,20497
20497,d,20497
20497,c,20497
20493,f,20497
20495,f,20497
20493,c,20497
20493,d,20497
20493,b,20497
20495,c,20497
20495,d,20497
20494,b,20497
20495,b,20497
20494,d,20497
20494,f,20497
20494,c,20497
20497,b,20498
20497,d,20498
20497,c,20498
20497,f,20498
20498,d,20498
20499,c,20498
20499,d,20498
20499,b,20498
20498,e,20498
20497,e,20498
20499,e,20498
20498,f,20498
20498,b,20498
20498,c,20498
20499,f,20498
20495,d,20498
20494,f,20498
20495,e,20498
20495,f,20498
20495,c,20498
20495,b,20498
20494,e,20498
20496,b,20498
20496,d,20498
20496,c,20498
20496,f,20498
20494,c,20498
20494,d,20498
20494,b,20498
20496,e,20498
20500,d,20499
20495,c,20499
20495,d,20499
20495,b,20499
20499,b,20499
20499,d,20499
20499,c,20499
20498,d,20499
20498,c,20499
20498,f,20499
20495,f,20499
20499,f,20499
20499,e,20499
20498,b,20499
20498,e,20499
20500,b,20499
20500,e,20499
20496,e,20499
20496,f,20499
20496,c,20499
20496,d,20499
20500,f,20499
20495,e,20499
20497,b,20499
20497,d,20499
20497,c,20499
20496,b,20499
20497,e,20499
20497,f,20499
20500,c,20499
20500,e,20500
20496,b,20500
20499,e,20500
20499,f,20500
20499,c,20500
20499,d,20500
20501,d,20500
20500,f,20500
20500,c,20500
20500,d,20500
20500,b,20500
20501,c,20500
20501,f,20500
20501,e,20500
20501,b,20500
20499,b,20500
20496,d,20500
20498,b,20500
20496,c,20500
20496,f,20500
20496,e,20500
20497,b,20500
20497,d,20500
20497,f,20500
20497,e,20500
20497,c,20500
20498,d,20500
20498,e,20500
20498,f,20500
20498,c,20500
20497,d,20501
20497,c,20501
20497,f,20501
20497,b,20501
20500,b,20501
20501,b,20501
20500,c,20501
20500,f,20501
20500,e,20501
20502,d,20501
20502,b,20501
20501,e,20501
20501,f,20501
20500,d,20501
20502,c,20501
20497,e,20501
20502,f,20501
20498,e,20501
20498,f,20501
20498,c,20501
20501,c,20501
20498,b,20501
20499,b,20501
20499,d,20501
20499,c,20501
20498,d,20501
20499,e,20501
20502,e,20501
20499,f,20501
20501,d,20501
20502,c,20502
20501,e,20502
20501,f,20502
20501,c,20502
20501,d,20502
20502,e,20502
20502,d,20502
20502,b,20502
20503,b,20502
20503,d,20502
20503,c,20502
20503,f,20502
20503,e,20502
20502,f,20502
20501,b,20502
20498,f,20502
20498,b,20502
20499,c,20502
20500,b,20502
20500,d,20502
20500,c,20502
20499,d,20502
20498,e,20502
20499,b,20502
20499,f,20502
20499,e,20502
20498,c,20502
20500,f,20502
20500,e,20502
20498,d,20502
20504,d,20503
20502,e,20503
20502,b,20503
20503,b,20503
20503,d,20503
20503,e,20503
20504,e,20503
20502,d,20503
20504,b,20503
20499,d,20503
20499,e,20503
20500,e,20503
20500,d,20503
20500,b,20503
20501,b,20503
20501,d,20503
20501,e,20503
20499,b,20503
20500,b,20504
20504,b,20504
20504,d,20504
20503,d,20504
20503,b,20504
20501,b,20504
20501,d,20504
20500,d,20504
20505,b,20504
20505,d,20504
20502,d,20504
20502,b,20504
20506,f,20505
20504,f,20505
20505,b,20505
20505,d,20505
20505,c,20505
20506,c,20505
20506,d,20505
20506,b,20505
20505,f,20505
20504,b,20505
20504,d,20505
20504,c,20505
20501,c,20505
20502,f,20505
20502,c,20505
20502,d,20505
20502,b,20505
20501,f,20505
20503,b,20505
20503,d,20505
20503,c,20505
20501,d,20505
20501,b,20505
20503,f,20505
20505,e,20506
20507,c,20506
20507,d,20506
20507,b,20506
20502,b,20506
20503,d,20506
20506,b,20506
20506,d,20506
20505,b,20506
20505,d,20506
20505,c,20506
20507,f,20506
20506,f,20506
20506,e,20506
20506,c,20506
20505,f,20506
20503,c,20506
20503,b,20506
20503,f,20506
20503,e,20506
20502,e,20506
20502,f,20506
20502,c,20506
20502,d,20506
20504,b,20506
20507,e,20506
20504,c,20506
20504,f,20506
20504,e,20506
20504,d,20506
20507,c,20507
20507,f,20507
20508,e,20507
20508,f,20507
20508,c,20507
20508,d,20507
20506,b,20507
20506,d,20507
20506,c,20507
20506,f,20507
20507,b,20507
20507,e,20507
20508,b,20507
20507,d,20507
20506,e,20507
20503,d,20507
20503,c,20507
20503,b,20507
20505,b,20507
20505,d,20507
20505,c,20507
20505,f,20507
20503,f,20507
20505,e,20507
20504,b,20507
20504,d,20507
20504,c,20507
20504,f,20507
20504,e,20507
20503,e,20507
20507,b,20508
20507,f,20508
20504,b,20508
20507,d,20508
20507,c,20508
20504,d,20508
20508,b,20508
20508,d,20508
20508,c,20508
20508,f,20508
20508,e,20508
20509,e,20508
20509,f,20508
20509,b,20508
20507,e,20508
20504,c,20508
20509,c,20508
20504,e,20508
20505,e,20508
20505,f,20508
20505,c,20508
20505,d,20508
20505,b,20508
20509,d,20508
20506,b,20508
20506,d,20508
20506,c,20508
20504,f,20508
20506,e,20508
20506,f,20508
20507,b,20509
20510,d,20509
20510,b,20509
20508,b,20509
20508,d,20509
20508,c,20509
20508,f,20509
20508,e,20509
20509,e,20509
20509,f,20509
20509,c,20509
20509,d,20509
20509,b,20509
20505,b,20509
20505,d,20509
20505,c,20509
20506,b,20509
20510,f,20509
20510,c,20509
20506,e,20509
20507,d,20509
20507,c,20509
20507,f,20509
20507,e,20509
20510,e,20509
20505,e,20509
20505,f,20509
20506,d,20509
20506,c,20509
20506,f,20509
20511,c,20510
20511,d,20510
20509,c,20510
20509,f,20510
20509,b,20510
20511,b,20510
20510,e,20510
20510,f,20510
20510,c,20510
20509,e,20510
20509,d,20510
20506,f,20510
20511,e,20510
20506,b,20510
20506,d,20510
20506,c,20510
20510,b,20510
20506,e,20510
20507,b,20510
20507,d,20510
20507,c,20510
20511,f,20510
20507,e,20510
20507,f,20510
20508,b,20510
20508,d,20510
20508,c,20510
20508,f,20510
20508,e,20510
20510,d,20510
20512,d,20511
20512,b,20511
20510,e,20511
20510,d,20511
20510,b,20511
20511,e,20511
20511,d,20511
20511,b,20511
20512,e,20511
20507,e,20511
20507,b,20511
20507,d,20511
20508,b,20511
20508,d,20511
20508,e,20511
20509,b,20511
20509,d,20511
20509,e,20511
20513,d,20512
20511,d,20512
20511,b,20512
20508,b,20512
20508,d,20512
20512,b,20512
20513,b,20512
20510,b,20512
20509,d,20512
20509,b,20512
20510,d,20512
20512,d,20512
20514,d,20513
20514,b,20513
20513,b,20513
20513,d,20513
20514,c,20513
20513,f,20513
20512,f,20513
20512,c,20513
20512,d,20513
20512,b,20513
20513,c,20513
20514,f,20513
20509,c,20513
20511,c,20513
20509,d,20513
20509,b,20513
20510,b,20513
20511,f,20513
20509,f,20513
20510,d,20513
20511,d,20513
20511,b,20513
20510,c,20513
20510,f,20513
20513,b,20514
20513,d,20514
20513,c,20514
20514,d,20514
20514,c,20514
20515,c,20514
20515,d,20514
20515,b,20514
20513,f,20514
20514,e,20514
20514,f,20514
20514,b,20514
20515,e,20514
20515,f,20514
20513,e,20514
20510,d,20514
20510,f,20514
20510,c,20514
20510,b,20514
20512,b,20514
20512,d,20514
20512,c,20514
20512,f,20514
20510,e,20514
20512,e,20514
20511,b,20514
20511,d,20514
20511,c,20514
20511,f,20514
20511,e,20514
20514,b,20515
20514,c,20515
20511,b,20515
20514,d,20515
20514,f,20515
20514,e,20515
20511,d,20515
20515,b,20515
20515,d,20515
20515,c,20515
20515,f,20515
20515,e,20515
20516,e,20515
20516,f,20515
20516,c,20515
20516,b,20515
20511,c,20515
20516,d,20515
20512,e,20515
20512,f,20515
20512,c,20515
20512,d,20515
20512,b,20515
20511,e,20515
20513,b,20515
20511,f,20515
20513,c,20515
20513,f,20515
20513,d,20515
20513,e,20515
20513,b,20516
20512,e,20516
20515,b,20516
20515,d,20516
20515,c,20516
20515,f,20516
20515,e,20516
20516,e,20516
20516,f,20516
20516,c,20516
20516,d,20516
20516,b,20516
20512,f,20516
20512,c,20516
20512,d,20516
20513,e,20516
20513,f,20516
20512,b,20516
20513,d,20516
20514,b,20516
20517,b,20516
20514,d,20516
20514,c,20516
20517,d,20516
20517,c,20516
20517,f,20516
20517,e,20516
20514,f,20516
20514,e,20516
20513,c,20516
20518,e,20517
20517,e,20517
20517,f,20517
20517,c,20517
20516,f,20517
20516,d,20517
20516,c,20517
20516,e,20517
20517,d,20517
20517,b,20517
20518,b,20517
20518,d,20517
20518,f,20517
20516,b,20517
20518,c,20517
20515,e,20517
20513,b,20517
20514,c,20517
20514,d,20517
20514,b,20517
20513,e,20517
20513,f,20517
20513,c,20517
20513,d,20517
20514,f,20517
20515,b,20517
20514,e,20517
20515,c,20517
20515,f,20517
20515,d,20517
20518,b,20518
20518,d,20518
20518,c,20518
20518,f,20518
20518,e,20518
20517,e,20518
20517,f,20518
20517,c,20518
20517,b,20518
20519,e,20518
20519,f,20518
20519,c,20518
20517,d,20518
20519,b,20518
20514,d,20518
20515,e,20518
20515,f,20518
20515,c,20518
20515,d,20518
20515,b,20518
20519,d,20518
20516,b,20518
20516,d,20518
20516,c,20518
20514,b,20518
20516,e,20518
20516,f,20518
20514,e,20518
20514,f,20518
20514,c,20518
20515,d,20519
20519,b,20519
20518,e,20519
20518,d,20519
20518,b,20519
20516,b,20519
20515,e,20519
20516,e,20519
20516,d,20519
20517,b,20519
20517,d,20519
20517,e,20519
20515,b,20519
20520,b,20519
20520,d,20519
20520,e,20519
20519,e,20519
20519,d,20519
20520,b,20520
20521,b,20520
20521,d,20520
20519,d,20520
20519,b,20520
20520,d,20520
20517,b,20520
20516,b,20520
20517,d,20520
20516,d,20520
20518,b,20520
20518,d,20520
20520,c,20521
20520,d,20521
20520,b,20521
20522,d,20521
20521,f,20521
20521,c,20521
20521,d,20521
20517,b,20521
20517,d,20521
20517,c,20521
20522,b,20521
20520,f,20521
20522,f,20521
20521,b,20521
20518,d,20521
20518,f,20521
20518,c,20521
20518,b,20521
20517,f,20521
20519,b,20521
20519,d,20521
20522,c,20521
20519,f,20521
20519,c,20521
20518,f,20522
20523,c,20522
20523,f,20522
20523,e,20522
20521,b,20522
20521,d,20522
20521,c,20522
20522,c,20522
20523,d,20522
20522,d,20522
20522,f,20522
20522,e,20522
20521,e,20522
20521,f,20522
20522,b,20522
20518,e,20522
20523,b,20522
20519,d,20522
20519,c,20522
20520,b,20522
20520,d,20522
20520,c,20522
20520,f,20522
20520,e,20522
20519,f,20522
20519,e,20522
20518,b,20522
20518,d,20522
20518,c,20522
20519,b,20522
20519,b,20523
20519,d,20523
20519,c,20523
20522,b,20523
20522,e,20523
20522,c,20523
20522,f,20523
20519,f,20523
20523,e,20523
20523,f,20523
20523,c,20523
20523,d,20523
20523,b,20523
20522,d,20523
20524,b,20523
20524,d,20523
20524,c,20523
20520,e,20523
20520,f,20523
20520,c,20523
20520,d,20523
20520,b,20523
20521,b,20523
20521,d,20523
20521,c,20523
20519,e,20523
20521,e,20523
20524,f,20523
20524,e,20523
20521,f,20523
20525,c,20524
20525,d,20524
20525,b,20524
20524,b,20524
20524,d,20524
20524,c,20524
20523,d,20524
20523,c,20524
20523,f,20524
20525,e,20524
20524,f,20524
20524,e,20524
20523,b,20524
20525,f,20524
20523,e,20524
20522,e,20524
20520,b,20524
20520,d,20524
20520,c,20524
20520,f,20524
20520,e,20524
20521,b,20524
20521,e,20524
20521,f,20524
20521,d,20524
20522,f,20524
20522,c,20524
20522,d,20524
20522,b,20524
20521,c,20524
20521,f,20525
20521,b,20525
20524,b,20525
20524,d,20525
20526,b,20525
20524,f,20525
20524,e,20525
20526,d,20525
20521,d,20525
20525,e,20525
20525,f,20525
20525,c,20525
20524,c,20525
20521,c,20525
20525,d,20525
20521,e,20525
20522,d,20525
20522,c,20525
20525,b,20525
20523,b,20525
20523,d,20525
20523,c,20525
20523,f,20525
20522,b,20525
20523,e,20525
20522,e,20525
20526,e,20525
20526,f,20525
20526,c,20525
20522,f,20525
20527,f,20526
20527,c,20526
20527,d,20526
20525,b,20526
20527,e,20526
20525,c,20526
20525,f,20526
20525,e,20526
20526,e,20526
20526,f,20526
20526,c,20526
20526,d,20526
20526,b,20526
20525,d,20526
20522,f,20526
20522,e,20526
20524,b,20526
20522,c,20526
20522,d,20526
20527,b,20526
20524,e,20526
20524,f,20526
20524,c,20526
20522,b,20526
20524,d,20526
20523,e,20526
20523,f,20526
20523,c,20526
20523,b,20526
20523,d,20526
20526,e,20527
20526,d,20527
20527,b,20527
20526,b,20527
20523,b,20527
20524,b,20527
20523,e,20527
20528,e,20527
20527,d,20527
20527,e,20527
20528,b,20527
20528,d,20527
20525,e,20527
20525,d,20527
20525,b,20527
20524,d,20527
20524,e,20527
20523,d,20527
20527,b,20528
20527,d,20528
20528,d,20528
20528,b,20528
20525,b,20528
20529,b,20528
20525,d,20528
20529,d,20528
20524,d,20528
20524,b,20528
20526,d,20528
20526,b,20528
20528,f,20529
20530,d,20529
20528,d,20529
20528,b,20529
20529,f,20529
20529,c,20529
20529,d,20529
20529,b,20529
20530,b,20529
20528,c,20529
20530,c,20529
20530,f,20529
20525,c,20529
20525,f,20529
20525,d,20529
20525,b,20529
20527,b,20529
20526,b,20529
20527,d,20529
20527,f,20529
20526,c,20529
20526,f,20529
20527,c,20529
20526,d,20529
20529,b,20530
20531,f,20530
20529,d,20530
20529,c,20530
20531,b,20530
20530,c,20530
20530,f,20530
20531,e,20530
20529,e,20530
20530,e,20530
20531,c,20530
20530,b,20530
20530,d,20530
20529,f,20530
20531,d,20530
20527,d,20530
20526,d,20530
20526,c,20530
20526,b,20530
20528,b,20530
20528,d,20530
20528,c,20530
20528,f,20530
20526,f,20530
20528,e,20530
20527,b,20530
20527,c,20530
20527,f,20530
20527,e,20530
20526,e,20530
20530,b,20531
20532,d,20531
20530,c,20531
20527,b,20531
20530,d,20531
20530,e,20531
20527,d,20531
20531,b,20531
20531,d,20531
20531,c,20531
20531,f,20531
20531,e,20531
20532,e,20531
20532,f,20531
20532,c,20531
20530,f,20531
20527,c,20531
20532,b,20531
20529,c,20531
20529,b,20531
20527,e,20531
20529,f,20531
20528,b,20531
20528,d,20531
20528,c,20531
20528,f,20531
20528,e,20531
20529,d,20531
20527,f,20531
20529,e,20531
20531,f,20532
20531,e,20532
20531,d,20532
20531,b,20532
20532,e,20532
20532,f,20532
20532,c,20532
20532,d,20532
20532,b,20532
20528,e,20532
20528,f,20532
20528,c,20532
20531,c,20532
20528,d,20532
20528,b,20532
20529,f,20532
20529,e,20532
20529,b,20532
20533,b,20532
20530,b,20532
20530,d,20532
20530,c,20532
20530,f,20532
20530,e,20532
20533,e,20532
20533,f,20532
20533,c,20532
20533,d,20532
20529,c,20532
20529,d,20532
20534,f,20533
20534,c,20533
20534,d,20533
20534,b,20533
20532,e,20533
20532,d,20533
20532,c,20533
20532,f,20533
20533,f,20533
20533,c,20533
20533,d,20533
20534,e,20533
20532,b,20533
20533,e,20533
20533,b,20533
20530,e,20533
20529,e,20533
20530,f,20533
20530,b,20533
20531,b,20533
20531,d,20533
20531,c,20533
20531,f,20533
20530,d,20533
20530,c,20533
20529,f,20533
20529,c,20533
20529,d,20533
20529,b,20533
20531,e,20533
20533,d,20534
20533,b,20534
20533,c,20534
20530,b,20534
20533,e,20534
20535,c,20534
20535,d,20534
20534,e,20534
20534,f,20534
20534,c,20534
20533,f,20534
20535,b,20534
20534,b,20534
20530,d,20534
20531,e,20534
20531,f,20534
20531,c,20534
20531,d,20534
20531,b,20534
20530,e,20534
20534,d,20534
20532,d,20534
20532,c,20534
20532,b,20534
20532,e,20534
20535,e,20534
20535,f,20534
20530,f,20534
20530,c,20534
20532,f,20534
20535,e,20535
20534,e,20535
20534,d,20535
20534,b,20535
20535,d,20535
20535,b,20535
20536,e,20535
20531,d,20535
20536,b,20535
20531,e,20535
20531,b,20535
20536,d,20535
20532,b,20535
20532,d,20535
20532,e,20535
20533,b,20535
20533,d,20535
20533,e,20535
20536,b,20536
20536,d,20536
20535,d,20536
20535,b,20536
20532,b,20536
20532,d,20536
20533,d,20536
20537,b,20536
20537,d,20536
20534,d,20536
20534,b,20536
20533,b,20536
20536,b,20537
20536,c,20537
20536,f,20537
20537,b,20537
20537,d,20537
20537,c,20537
20538,f,20537
20538,c,20537
20538,d,20537
20537,f,20537
20536,d,20537
20538,b,20537
20533,b,20537
20533,d,20537
20534,f,20537
20535,b,20537
20535,d,20537
20535,c,20537
20535,f,20537
20533,c,20537
20533,f,20537
20534,b,20537
20534,d,20537
20534,c,20537
20537,c,20538
20537,d,20538
20537,b,20538
20537,f,20538
20539,d,20538
20535,c,20538
20538,b,20538
20538,d,20538
20538,c,20538
20538,f,20538
20538,e,20538
20539,e,20538
20539,f,20538
20539,c,20538
20535,d,20538
20534,b,20538
20537,e,20538
20536,b,20538
20535,f,20538
20535,e,20538
20535,b,20538
20534,e,20538
20534,f,20538
20534,c,20538
20534,d,20538
20536,d,20538
20536,c,20538
20536,f,20538
20539,b,20538
20536,e,20538
20536,b,20539
20535,f,20539
20535,c,20539
20535,d,20539
20538,b,20539
20538,d,20539
20538,c,20539
20538,f,20539
20538,e,20539
20539,e,20539
20539,f,20539
20539,c,20539
20539,d,20539
20539,b,20539
20535,b,20539
20536,e,20539
20536,f,20539
20535,e,20539
20536,d,20539
20540,b,20539
20540,d,20539
20540,c,20539
20540,f,20539
20540,e,20539
20537,b,20539
20537,d,20539
20537,c,20539
20536,c,20539
20537,f,20539
20537,e,20539
20541,d,20540
20541,b,20540
20540,e,20540
20539,f,20540
20539,d,20540
20539,c,20540
20540,f,20540
20540,c,20540
20540,d,20540
20540,b,20540
20541,e,20540
20541,f,20540
20539,b,20540
20541,c,20540
20539,e,20540
20538,e,20540
20536,b,20540
20536,d,20540
20536,c,20540
20536,f,20540
20536,e,20540
20537,e,20540
20537,f,20540
20537,c,20540
20538,f,20540
20538,c,20540
20538,d,20540
20538,b,20540
20537,d,20540
20537,b,20540
20542,f,20541
20541,b,20541
20540,b,20541
20540,d,20541
20542,d,20541
20540,f,20541
20540,e,20541
20542,c,20541
20537,b,20541
20542,b,20541
20541,e,20541
20541,f,20541
20540,c,20541
20537,d,20541
20537,c,20541
20537,f,20541
20538,e,20541
20538,f,20541
20538,c,20541
20538,d,20541
20538,b,20541
20541,c,20541
20539,b,20541
20539,d,20541
20539,c,20541
20537,e,20541
20539,e,20541
20542,e,20541
20539,f,20541
20541,d,20541
20542,f,20542
20541,e,20542
20541,f,20542
20541,c,20542
20541,d,20542
20543,b,20542
20542,c,20542
20542,d,20542
20542,b,20542
20543,d,20542
20543,c,20542
20543,f,20542
20543,e,20542
20542,e,20542
20541,b,20542
20538,f,20542
20539,b,20542
20539,f,20542
20540,b,20542
20540,d,20542
20540,c,20542
20540,e,20542
20540,f,20542
20538,c,20542
20538,d,20542
20538,b,20542
20539,e,20542
20539,d,20542
20539,c,20542
20538,e,20542
20542,d,20543
20542,e,20543
20543,b,20543
20543,d,20543
20543,e,20543
20544,e,20543
20542,b,20543
20539,b,20543
20544,b,20543
20539,e,20543
20544,d,20543
20540,e,20543
20540,d,20543
20540,b,20543
20541,b,20543
20541,d,20543
20541,e,20543
20539,d,20543
20540,b,20544
20544,b,20544
20544,d,20544
20543,d,20544
20543,b,20544
20541,b,20544
20541,d,20544
20540,d,20544
20545,b,20544
20545,d,20544
20542,d,20544
20542,b,20544
20544,f,20545
20545,b,20545
20545,d,20545
20545,c,20545
20545,f,20545
20546,f,20545
20544,b,20545
20546,c,20545
20546,d,20545
20546,b,20545
20544,c,20545
20544,d,20545
20541,b,20545
20541,f,20545
20542,f,20545
20542,c,20545
20542,d,20545
20542,b,20545
20543,d,20545
20543,c,20545
20543,f,20545
20543,b,20545
20541,c,20545
20541,d,20545
20547,b,20546
20542,d,20546
20542,b,20546
20543,c,20546
20546,b,20546
20545,e,20546
20546,e,20546
20545,d,20546
20545,c,20546
20545,f,20546
20547,d,20546
20546,c,20546
20546,f,20546
20545,b,20546
20546,d,20546
20543,f,20546
20547,e,20546
20543,e,20546
20543,d,20546
20543,b,20546
20547,f,20546
20542,f,20546
20542,c,20546
20544,b,20546
20544,d,20546
20542,e,20546
20544,f,20546
20544,c,20546
20547,c,20546
20544,e,20546
20547,c,20547
20546,e,20547
20546,f,20547
20546,c,20547
20546,d,20547
20547,d,20547
20547,e,20547
20548,d,20547
20548,c,20547
20548,f,20547
20548,e,20547
20547,b,20547
20547,f,20547
20546,b,20547
20548,b,20547
20543,c,20547
20544,e,20547
20544,f,20547
20544,c,20547
20544,d,20547
20544,b,20547
20543,e,20547
20545,b,20547
20545,d,20547
20545,c,20547
20543,f,20547
20545,e,20547
20543,d,20547
20543,b,20547
20545,f,20547
20544,d,20548
20544,b,20548
20548,b,20548
20548,d,20548
20548,c,20548
20548,f,20548
20547,d,20548
20547,c,20548
20547,f,20548
20547,e,20548
20544,c,20548
20548,e,20548
20549,b,20548
20547,b,20548
20549,d,20548
20549,f,20548
20544,e,20548
20545,e,20548
20545,f,20548
20545,c,20548
20545,d,20548
20545,b,20548
20549,c,20548
20546,b,20548
20546,d,20548
20546,c,20548
20544,f,20548
20546,e,20548
20549,e,20548
20546,f,20548
20550,e,20549
20550,f,20549
20550,c,20549
20549,b,20549
20549,d,20549
20549,c,20549
20548,b,20549
20548,c,20549
20548,f,20549
20548,e,20549
20549,f,20549
20549,e,20549
20550,b,20549
20550,d,20549
20548,d,20549
20545,f,20549
20545,e,20549
20547,e,20549
20545,c,20549
20545,d,20549
20545,b,20549
20546,b,20549
20546,d,20549
20546,f,20549
20546,c,20549
20547,f,20549
20547,c,20549
20547,b,20549
20547,d,20549
20546,e,20549
20549,b,20550
20546,c,20550
20549,d,20550
20549,c,20550
20551,d,20550
20549,e,20550
20551,f,20550
20551,c,20550
20551,b,20550
20550,e,20550
20550,f,20550
20550,c,20550
20549,f,20550
20546,b,20550
20550,d,20550
20550,b,20550
20547,e,20550
20547,f,20550
20547,c,20550
20547,d,20550
20547,b,20550
20548,b,20550
20546,d,20550
20548,c,20550
20548,d,20550
20548,e,20550
20551,e,20550
20546,e,20550
20546,f,20550
20548,f,20550
20552,b,20551
20550,e,20551
20550,d,20551
20551,e,20551
20551,d,20551
20551,b,20551
20552,d,20551
20552,e,20551
20547,e,20551
20550,b,20551
20547,d,20551
20548,b,20551
20547,b,20551
20548,d,20551
20548,e,20551
20549,b,20551
20549,d,20551
20549,e,20551
20551,d,20552
20551,b,20552
20548,b,20552
20548,d,20552
20549,b,20552
20552,b,20552
20553,b,20552
20550,b,20552
20553,d,20552
20549,d,20552
20550,d,20552
20552,d,20552
20554,d,20553
20554,b,20553
20553,b,20553
20553,d,20553
20554,c,20553
20553,f,20553
20552,f,20553
20552,c,20553
20552,d,20553
20552,b,20553
20553,c,20553
20554,f,20553
20549,c,20553
20551,f,20553
20549,d,20553
20549,b,20553
20550,b,20553
20549,f,20553
20551,c,20553
20550,d,20553
20551,d,20553
20551,b,20553
20550,c,20553
20550,f,20553
20553,b,20554
20553,d,20554
20553,c,20554
20553,f,20554
20554,d,20554
20554,c,20554
20555,c,20554
20555,d,20554
20555,b,20554
20553,e,20554
20554,e,20554
20554,f,20554
20554,b,20554
20555,e,20554
20555,f,20554
20551,d,20554
20550,e,20554
20551,e,20554
20551,f,20554
20551,c,20554
20551,b,20554
20552,b,20554
20552,d,20554
20552,c,20554
20552,f,20554
20550,f,20554
20550,c,20554
20550,d,20554
20550,b,20554
20552,e,20554
20555,e,20555
20551,c,20555
20551,d,20555
20551,b,20555
20556,d,20555
20555,b,20555
20554,d,20555
20554,c,20555
20554,f,20555
20551,f,20555
20555,d,20555
20555,c,20555
20555,f,20555
20554,b,20555
20554,e,20555
20556,b,20555
20556,e,20555
20552,e,20555
20552,f,20555
20552,c,20555
20552,d,20555
20552,b,20555
20556,f,20555
20551,e,20555
20553,b,20555
20553,d,20555
20556,c,20555
20553,f,20555
20553,e,20555
20553,c,20555
20557,e,20556
20557,f,20556
20557,c,20556
20556,b,20556
20556,d,20556
20556,c,20556
20556,f,20556
20556,e,20556
20555,d,20556
20555,c,20556
20555,f,20556
20555,e,20556
20557,b,20556
20557,d,20556
20555,b,20556
20552,b,20556
20552,d,20556
20552,c,20556
20552,f,20556
20552,e,20556
20553,b,20556
20553,d,20556
20553,f,20556
20553,e,20556
20553,c,20556
20554,e,20556
20554,f,20556
20554,c,20556
20554,d,20556
20554,b,20556
20557,b,20557
20553,b,20557
20553,c,20557
20553,d,20557
20556,b,20557
20558,d,20557
20556,c,20557
20556,f,20557
20556,e,20557
20558,c,20557
20558,b,20557
20557,e,20557
20557,f,20557
20556,d,20557
20553,f,20557
20553,e,20557
20558,f,20557
20554,e,20557
20554,f,20557
20554,c,20557
20554,d,20557
20557,c,20557
20555,b,20557
20555,d,20557
20555,c,20557
20555,f,20557
20554,b,20557
20557,d,20557
20558,e,20557
20555,e,20557
20559,e,20558
20559,f,20558
20559,c,20558
20558,b,20558
20558,d,20558
20558,c,20558
20559,d,20558
20557,c,20558
20557,f,20558
20557,e,20558
20558,f,20558
20558,e,20558
20559,b,20558
20557,d,20558
20557,b,20558
20554,f,20558
20555,b,20558
20555,f,20558
20556,b,20558
20556,d,20558
20556,c,20558
20556,e,20558
20556,f,20558
20554,c,20558
20554,d,20558
20554,b,20558
20555,e,20558
20555,d,20558
20555,c,20558
20554,e,20558
20558,d,20559
20558,e,20559
20559,b,20559
20559,d,20559
20559,e,20559
20560,e,20559
20558,b,20559
20555,b,20559
20560,b,20559
20555,e,20559
20560,d,20559
20556,e,20559
20556,d,20559
20556,b,20559
20557,b,20559
20557,d,20559
20557,e,20559
20555,d,20559
20556,b,20560
20560,b,20560
20560,d,20560
20559,d,20560
20559,b,20560
20557,b,20560
20557,d,20560
20556,d,20560
20561,b,20560
20561,d,20560
20558,d,20560
20558,b,20560
20560,c,20561
20560,f,20561
20561,b,20561
20561,d,20561
20561,c,20561
20562,c,20561
20562,d,20561
20562,f,20561
20561,f,20561
20560,b,20561
20560,d,20561
20562,b,20561
20557,b,20561
20558,c,20561
20558,d,20561
20558,b,20561
20557,f,20561
20559,f,20561
20559,c,20561
20559,d,20561
20559,b,20561
20558,f,20561
20557,d,20561
20557,c,20561
20561,b,20562
20561,d,20562
20561,c,20562
20561,f,20562
20559,c,20562
20562,b,20562
20562,d,20562
20562,c,20562
20562,f,20562
20562,e,20562
20563,e,20562
20563,f,20562
20563,c,20562
20563,d,20562
20558,b,20562
20561,e,20562
20563,b,20562
20558,f,20562
20558,e,20562
20559,b,20562
20559,d,20562
20560,b,20562
20560,d,20562
20560,c,20562
20560,f,20562
20558,d,20562
20558,c,20562
20559,f,20562
20559,e,20562
20560,e,20562
20564,b,20563
20559,b,20563
20559,e,20563
20559,f,20563
20559,c,20563
20559,d,20563
20563,e,20563
20562,c,20563
20562,f,20563
20562,e,20563
20563,b,20563
20563,d,20563
20563,c,20563
20563,f,20563
20562,d,20563
20562,b,20563
20564,c,20563
20564,f,20563
20564,e,20563
20560,e,20563
20560,f,20563
20560,c,20563
20561,e,20563
20561,f,20563
20561,c,20563
20561,d,20563
20561,b,20563
20564,d,20563
20560,d,20563
20560,b,20563
20565,f,20564
20565,c,20564
20565,d,20564
20563,f,20564
20563,d,20564
20563,c,20564
20565,b,20564
20564,e,20564
20564,f,20564
20564,c,20564
20564,d,20564
20564,b,20564
20563,b,20564
20565,e,20564
20563,e,20564
20560,d,20564
20561,d,20564
20561,c,20564
20561,f,20564
20562,b,20564
20562,d,20564
20562,c,20564
20562,f,20564
20562,e,20564
20561,e,20564
20561,b,20564
20560,e,20564
20560,f,20564
20560,c,20564
20560,b,20564
20564,b,20565
20561,b,20565
20561,d,20565
20564,d,20565
20566,b,20565
20564,f,20565
20564,e,20565
20566,d,20565
20561,c,20565
20565,e,20565
20565,f,20565
20565,c,20565
20564,c,20565
20561,f,20565
20561,e,20565
20566,c,20565
20562,e,20565
20562,f,20565
20562,c,20565
20562,d,20565
20562,b,20565
20565,b,20565
20563,b,20565
20563,d,20565
20563,c,20565
20565,d,20565
20563,e,20565
20566,f,20565
20566,e,20565
20563,f,20565
20567,e,20566
20567,f,20566
20567,c,20566
20566,b,20566
20566,d,20566
20565,b,20566
20565,c,20566
20565,f,20566
20565,e,20566
20566,c,20566
20566,f,20566
20566,e,20566
20567,b,20566
20565,d,20566
20567,d,20566
20562,f,20566
20563,e,20566
20563,c,20566
20563,d,20566
20564,b,20566
20564,d,20566
20564,e,20566
20564,f,20566
20562,c,20566
20562,d,20566
20562,b,20566
20563,f,20566
20563,b,20566
20562,e,20566
20564,c,20566
20566,b,20567
20566,d,20567
20567,b,20567
20567,d,20567
20567,e,20567
20568,e,20567
20566,e,20567
20568,d,20567
20568,b,20567
20563,d,20567
20563,e,20567
20564,e,20567
20564,d,20567
20564,b,20567
20565,b,20567
20565,d,20567
20565,e,20567
20563,b,20567
20564,b,20568
20568,b,20568
20568,d,20568
20567,d,20568
20567,b,20568
20565,b,20568
20565,d,20568
20564,d,20568
20569,b,20568
20569,d,20568
20566,d,20568
20566,b,20568
20568,c,20569
20568,f,20569
20569,b,20569
20569,d,20569
20569,c,20569
20570,c,20569
20570,d,20569
20569,f,20569
20570,f,20569
20568,b,20569
20568,d,20569
20570,b,20569
20565,b,20569
20566,c,20569
20566,d,20569
20566,b,20569
20565,f,20569
20567,f,20569
20567,c,20569
20567,d,20569
20567,b,20569
20566,f,20569
20565,d,20569
20565,c,20569
20569,b,20570
20569,d,20570
20569,c,20570
20569,f,20570
20567,c,20570
20570,b,20570
20570,d,20570
20570,c,20570
20570,f,20570
20570,e,20570
20571,e,20570
20571,f,20570
20571,c,20570
20571,d,20570
20566,b,20570
20569,e,20570
20571,b,20570
20566,f,20570
20566,e,20570
20567,b,20570
20567,d,20570
20568,b,20570
20568,d,20570
20568,c,20570
20568,f,20570
20566,d,20570
20566,c,20570
20567,f,20570
20567,e,20570
20568,e,20570
20572,b,20571
20567,b,20571
20567,e,20571
20567,f,20571
20567,c,20571
20567,d,20571
20571,e,20571
20570,c,20571
20570,f,20571
20570,e,20571
20571,b,20571
20571,d,20571
20571,c,20571
20571,f,20571
20570,d,20571
20570,b,20571
20572,c,20571
20572,f,20571
20572,e,20571
20568,e,20571
20568,f,20571
20568,c,20571
20569,e,20571
20569,f,20571
20569,c,20571
20569,d,20571
20569,b,20571
20572,d,20571
20568,d,20571
20568,b,20571
20573,f,20572
20573,c,20572
20573,d,20572
20571,f,20572
20571,d,20572
20571,c,20572
20573,b,20572
20572,e,20572
20572,f,20572
20572,c,20572
20572,d,20572
20572,b,20572
20571,b,20572
20573,e,20572
20571,e,20572
20570,e,20572
20568,d,20572
20568,c,20572
20568,f,20572
20568,e,20572
20569,b,20572
20569,c,20572
20569,f,20572
20568,b,20572
20569,d,20572
20570,f,20572
20570,c,20572
20570,d,20572
20570,b,20572
20569,e,20572
20573,b,20573
20569,d,20573
20569,b,20573
20572,b,20573
20574,b,20573
20572,c,20573
20572,f,20573
20572,e,20573
20574,d,20573
20569,c,20573
20573,e,20573
20573,f,20573
20572,d,20573
20569,f,20573
20569,e,20573
20574,c,20573
20570,e,20573
20570,f,20573
20570,c,20573
20570,d,20573
20570,b,20573
20573,c,20573
20571,b,20573
20571,d,20573
20571,c,20573
20573,d,20573
20571,e,20573
20574,f,20573
20574,e,20573
20571,f,20573
20575,e,20574
20575,f,20574
20575,c,20574
20574,b,20574
20574,d,20574
20573,b,20574
20573,c,20574
20573,f,20574
20573,e,20574
20574,c,20574
20574,f,20574
20574,e,20574
20575,b,20574
20573,d,20574
20575,d,20574
20570,f,20574
20571,e,20574
20571,c,20574
20571,d,20574
20572,b,20574
20572,d,20574
20572,e,20574
20572,f,20574
20570,c,20574
20570,d,20574
20570,b,20574
20571,f,20574
20571,b,20574
20572,c,20574
20570,e,20574
20574,b,20575
20574,d,20575
20575,b,20575
20575,d,20575
20575,e,20575
20576,e,20575
20574,e,20575
20576,d,20575
20576,b,20575
20571,d,20575
20571,e,20575
20572,e,20575
20572,d,20575
20572,b,20575
20573,b,20575
20573,d,20575
20573,e,20575
20571,b,20575
20572,b,20576
20576,b,20576
20576,d,20576
20575,d,20576
20575,b,20576
20573,b,20576
20573,d,20576
20572,d,20576
20577,b,20576
20577,d,20576
20574,d,20576
20574,b,20576
20576,f,20577
20577,b,20577
20577,d,20577
20577,c,20577
20577,f,20577
20578,c,20577
20576,b,20577
20578,d,20577
20578,b,20577
20578,f,20577
20576,c,20577
20576,d,20577
20573,b,20577
20573,f,20577
20575,b,20577
20575,d,20577
20575,c,20577
20575,f,20577
20573,d,20577
20573,c,20577
20574,b,20577
20574,d,20577
20574,c,20577
20574,f,20577
20577,c,20578
20577,b,20578
20577,e,20578
20575,c,20578
20577,d,20578
20577,f,20578
20578,b,20578
20578,d,20578
20578,c,20578
20578,f,20578
20578,e,20578
20579,b,20578
20579,d,20578
20579,c,20578
20579,f,20578
20579,e,20578
20574,b,20578
20574,d,20578
20575,f,20578
20576,f,20578
20576,d,20578
20576,b,20578
20574,c,20578
20576,c,20578
20576,e,20578
20574,f,20578
20575,e,20578
20575,b,20578
20575,d,20578
20574,e,20578
20579,b,20579
20575,e,20579
20580,b,20579
20578,b,20579
20578,d,20579
20578,c,20579
20579,e,20579
20579,f,20579
20579,c,20579
20579,d,20579
20580,d,20579
20575,b,20579
20575,d,20579
20580,c,20579
20580,f,20579
20580,e,20579
20576,e,20579
20576,f,20579
20576,c,20579
20576,d,20579
20576,b,20579
20577,b,20579
20577,d,20579
20577,c,20579
20577,f,20579
20577,e,20579
20575,f,20579
20575,c,20579
20578,f,20579
20578,e,20579
20579,b,20580
20579,d,20580
20579,c,20580
20579,f,20580
20579,e,20580
20580,e,20580
20580,f,20580
20580,c,20580
20580,d,20580
20580,b,20580
20581,b,20580
20581,d,20580
20576,e,20580
20581,f,20580
20576,c,20580
20576,d,20580
20576,b,20580
20577,b,20580
20577,d,20580
20577,c,20580
20577,f,20580
20577,e,20580
20581,c,20580
20578,b,20580
20578,d,20580
20581,e,20580
20578,c,20580
20578,e,20580
20576,f,20580
20578,f,20580
20582,b,20581
20581,b,20581
20581,d,20581
20581,c,20581
20581,f,20581
20581,e,20581
20580,b,20581
20580,c,20581
20580,f,20581
20580,e,20581
20582,e,20581
20582,c,20581
20582,d,20581
20580,d,20581
20582,f,20581
20577,e,20581
20578,e,20581
20577,b,20581
20578,b,20581
20579,b,20581
20579,d,20581
20579,c,20581
20579,e,20581
20579,f,20581
20578,c,20581
20578,f,20581
20577,f,20581
20577,c,20581
20577,d,20581
20578,d,20581
20581,d,20582
20581,b,20582
20581,c,20582
20578,d,20582
20581,e,20582
20583,c,20582
20583,d,20582
20582,e,20582
20582,f,20582
20582,c,20582
20582,d,20582
20581,f,20582
20583,b,20582
20582,b,20582
20578,c,20582
20579,e,20582
20579,f,20582
20579,c,20582
20579,d,20582
20579,b,20582
20580,b,20582
20578,b,20582
20580,c,20582
20580,d,20582
20580,e,20582
20583,e,20582
20583,f,20582
20578,e,20582
20578,f,20582
20580,f,20582
20583,e,20583
20582,e,20583
20582,d,20583
20582,b,20583
20583,d,20583
20583,b,20583
20584,e,20583
20579,d,20583
20584,b,20583
20579,b,20583
20581,b,20583
20584,d,20583
20581,d,20583
20581,e,20583
20580,e,20583
20579,e,20583
20580,d,20583
20580,b,20583
20583,b,20584
20585,b,20584
20580,b,20584
20580,d,20584
20583,d,20584
20584,d,20584
20582,d,20584
20582,b,20584
20581,b,20584
20581,d,20584
20584,b,20584
20585,d,20584
20585,f,20585
20584,d,20585
20584,c,20585
20584,f,20585
20585,b,20585
20585,d,20585
20585,c,20585
20586,c,20585
20586,d,20585
20584,b,20585
20586,f,20585
20586,b,20585
20581,b,20585
20582,c,20585
20582,d,20585
20582,b,20585
20581,f,20585
20581,d,20585
20582,f,20585
20583,b,20585
20581,c,20585
20583,f,20585
20583,c,20585
20583,d,20585
20585,f,20586
20585,d,20586
20585,b,20586
20585,c,20586
20587,d,20586
20583,c,20586
20586,b,20586
20586,d,20586
20586,c,20586
20586,f,20586
20586,e,20586
20587,e,20586
20587,f,20586
20587,c,20586
20583,d,20586
20582,b,20586
20585,e,20586
20587,b,20586
20582,f,20586
20582,e,20586
20583,b,20586
20582,c,20586
20584,d,20586
20584,c,20586
20584,f,20586
20584,e,20586
20584,b,20586
20582,d,20586
20583,f,20586
20583,e,20586
20583,b,20587
20583,e,20587
20583,f,20587
20583,c,20587
20583,d,20587
20587,f,20587
20586,d,20587
20586,c,20587
20586,f,20587
20586,e,20587
20587,b,20587
20587,d,20587
20587,c,20587
20587,e,20587
20586,b,20587
20588,b,20587
20588,d,20587
20584,e,20587
20584,f,20587
20584,c,20587
20584,d,20587
20584,b,20587
20585,d,20587
20585,c,20587
20585,f,20587
20585,b,20587
20588,c,20587
20588,f,20587
20588,e,20587
20585,e,20587
20588,e,20588
20589,d,20588
20589,b,20588
20589,e,20588
20588,b,20588
20588,d,20588
20587,d,20588
20587,c,20588
20587,f,20588
20589,f,20588
20588,c,20588
20588,f,20588
20587,b,20588
20589,c,20588
20587,e,20588
20586,e,20588
20584,b,20588
20584,d,20588
20584,c,20588
20584,f,20588
20584,e,20588
20585,b,20588
20585,e,20588
20585,f,20588
20585,d,20588
20586,f,20588
20586,c,20588
20586,d,20588
20586,b,20588
20585,c,20588
20589,b,20589
20585,b,20589
20588,b,20589
20588,d,20589
20590,d,20589
20588,f,20589
20588,e,20589
20590,c,20589
20585,d,20589
20590,b,20589
20589,e,20589
20589,f,20589
20588,c,20589
20585,c,20589
20585,f,20589
20585,e,20589
20586,e,20589
20586,f,20589
20586,c,20589
20586,d,20589
20586,b,20589
20589,c,20589
20587,b,20589
20587,d,20589
20587,c,20589
20589,d,20589
20587,e,20589
20590,f,20589
20590,e,20589
20587,f,20589
20591,e,20590
20591,f,20590
20591,c,20590
20590,b,20590
20590,d,20590
20589,b,20590
20589,c,20590
20589,f,20590
20589,e,20590
20590,c,20590
20590,f,20590
20590,e,20590
20591,b,20590
20589,d,20590
20591,d,20590
20586,f,20590
20587,e,20590
20587,c,20590
20588,b,20590
20588,d,20590
20588,c,20590
20588,e,20590
20588,f,20590
20586,c,20590
20586,d,20590
20586,b,20590
20587,f,20590
20587,b,20590
20587,d,20590
20586,e,20590
20590,d,20591
20590,e,20591
20591,b,20591
20591,d,20591
20591,e,20591
20592,e,20591
20590,b,20591
20592,d,20591
20592,b,20591
20587,d,20591
20587,e,20591
20588,e,20591
20588,d,20591
20588,b,20591
20589,b,20591
20589,d,20591
20589,e,20591
20587,b,20591
20588,b,20592
20592,b,20592
20592,d,20592
20591,d,20592
20591,b,20592
20589,b,20592
20589,d,20592
20588,d,20592
20593,b,20592
20593,d,20592
20590,d,20592
20590,b,20592
20592,f,20593
20593,b,20593
20593,d,20593
20593,c,20593
20593,f,20593
20594,f,20593
20592,b,20593
20594,c,20593
20594,d,20593
20594,b,20593
20592,c,20593
20592,d,20593
20589,b,20593
20589,f,20593
20590,f,20593
20590,c,20593
20590,d,20593
20590,b,20593
20591,f,20593
20591,c,20593
20591,d,20593
20591,b,20593
20589,c,20593
20589,d,20593
20593,b,20594
20593,d,20594
20593,c,20594
20593,f,20594
20593,e,20594
20594,d,20594
20590,b,20594
20594,c,20594
20594,f,20594
20594,e,20594
20595,b,20594
20595,d,20594
20595,c,20594
20595,f,20594
20595,e,20594
20591,c,20594
20594,b,20594
20590,d,20594
20591,f,20594
20592,f,20594
20592,d,20594
20592,b,20594
20592,c,20594
20592,e,20594
20590,c,20594
20590,f,20594
20591,e,20594
20591,b,20594
20591,d,20594
20590,e,20594
20595,b,20595
20594,b,20595
20595,e,20595
20594,d,20595
20594,c,20595
20596,b,20595
20595,f,20595
20595,c,20595
20595,d,20595
20596,d,20595
20591,d,20595
20594,f,20595
20596,c,20595
20596,f,20595
20596,e,20595
20592,e,20595
20592,f,20595
20592,c,20595
20592,d,20595
20591,b,20595
20592,b,20595
20593,d,20595
20593,c,20595
20593,f,20595
20593,e,20595
20591,e,20595
20591,f,20595
20591,c,20595
20593,b,20595
20594,e,20595
20595,d,20596
20597,b,20596
20595,c,20596
20595,f,20596
20595,e,20596
20596,e,20596
20596,f,20596
20596,c,20596
20596,d,20596
20596,b,20596
20595,b,20596
20597,d,20596
20592,e,20596
20597,f,20596
20592,c,20596
20592,d,20596
20592,b,20596
20593,b,20596
20593,d,20596
20593,c,20596
20593,f,20596
20593,e,20596
20597,c,20596
20594,b,20596
20594,d,20596
20597,e,20596
20594,c,20596
20594,e,20596
20592,f,20596
20594,f,20596
20597,e,20597
20596,e,20597
20597,b,20597
20597,d,20597
20597,c,20597
20597,f,20597
20596,b,20597
20596,c,20597
20596,f,20597
20598,e,20597
20598,f,20597
20598,d,20597
20598,b,20597
20596,d,20597
20598,c,20597
20595,b,20597
20594,e,20597
20593,b,20597
20594,b,20597
20594,d,20597
20595,d,20597
20595,c,20597
20595,e,20597
20595,f,20597
20594,f,20597
20593,e,20597
20593,f,20597
20593,c,20597
20593,d,20597
20594,c,20597
20597,b,20598
20599,c,20598
20597,d,20598
20594,b,20598
20597,f,20598
20597,e,20598
20599,d,20598
20598,e,20598
20598,f,20598
20598,c,20598
20598,d,20598
20597,c,20598
20599,b,20598
20598,b,20598
20594,c,20598
20596,b,20598
20595,d,20598
20595,c,20598
20594,d,20598
20596,d,20598
20596,c,20598
20594,e,20598
20596,f,20598
20595,f,20598
20595,e,20598
20599,e,20598
20599,f,20598
20594,f,20598
20596,e,20598
20595,b,20598
20600,e,20599
20598,e,20599
20598,d,20599
20599,e,20599
20599,d,20599
20599,b,20599
20598,b,20599
20595,d,20599
20600,b,20599
20596,e,20599
20595,b,20599
20595,e,20599
20600,d,20599
20597,e,20599
20597,b,20599
20597,d,20599
20596,d,20599
20596,b,20599
20596,d,20600
20599,b,20600
20601,b,20600
20599,d,20600
20596,b,20600
20600,d,20600
20600,b,20600
20598,d,20600
20598,b,20600
20597,b,20600
20597,d,20600
20601,d,20600
20600,b,20601
20602,d,20601
20600,d,20601
20600,c,20601
20600,f,20601
20601,b,20601
20601,d,20601
20601,c,20601
20601,f,20601
20602,c,20601
20602,b,20601
20602,f,20601
20597,b,20601
20597,f,20601
20598,f,20601
20598,c,20601
20598,d,20601
20598,b,20601
20599,d,20601
20599,c,20601
20599,f,20601
20599,b,20601
20597,c,20601
20597,d,20601
20603,d,20602
20603,b,20602
20598,d,20602
20598,b,20602
20602,b,20602
20601,f,20602
20601,e,20602
20601,b,20602
20601,d,20602
20601,c,20602
20603,c,20602
20602,f,20602
20602,e,20602
20602,c,20602
20602,d,20602
20599,f,20602
20599,b,20602
20599,e,20602
20599,c,20602
20599,d,20602
20603,e,20602
20598,e,20602
20598,f,20602
20598,c,20602
20600,b,20602
20603,f,20602
20600,c,20602
20600,f,20602
20600,e,20602
20600,d,20602
20603,d,20603
20603,c,20603
20604,e,20603
20604,f,20603
20604,c,20603
20604,d,20603
20602,d,20603
20602,c,20603
20602,f,20603
20602,e,20603
20603,f,20603
20603,e,20603
20602,b,20603
20603,b,20603
20604,b,20603
20599,f,20603
20600,e,20603
20600,f,20603
20600,c,20603
20600,d,20603
20600,b,20603
20601,b,20603
20601,d,20603
20601,c,20603
20601,f,20603
20599,e,20603
20599,b,20603
20599,c,20603
20599,d,20603
20601,e,20603
20605,b,20604
20600,c,20604
20600,d,20604
20600,b,20604
20604,b,20604
20604,d,20604
20603,b,20604
20603,c,20604
20603,f,20604
20603,e,20604
20600,f,20604
20604,c,20604
20604,f,20604
20604,e,20604
20603,d,20604
20605,d,20604
20605,f,20604
20601,b,20604
20601,e,20604
20601,f,20604
20601,c,20604
20601,d,20604
20605,c,20604
20602,b,20604
20602,d,20604
20602,c,20604
20602,f,20604
20600,e,20604
20605,e,20604
20602,e,20604
20606,d,20605
20606,e,20605
20606,f,20605
20606,c,20605
20605,b,20605
20605,d,20605
20605,c,20605
20604,b,20605
20604,c,20605
20604,f,20605
20604,e,20605
20605,f,20605
20605,e,20605
20606,b,20605
20604,d,20605
20601,f,20605
20601,e,20605
20602,e,20605
20602,f,20605
20603,d,20605
20603,c,20605
20603,f,20605
20603,b,20605
20603,e,20605
20602,d,20605
20602,b,20605
20602,c,20605
20601,b,20605
20601,d,20605
20601,c,20605
20605,f,20606
20605,d,20606
20605,c,20606
20605,b,20606
20602,c,20606
20607,e,20606
20607,f,20606
20607,d,20606
20607,b,20606
20606,e,20606
20606,f,20606
20606,c,20606
20605,e,20606
20607,c,20606
20606,d,20606
20602,d,20606
20603,e,20606
20603,f,20606
20603,c,20606
20603,d,20606
20603,b,20606
20604,b,20606
20602,b,20606
20604,c,20606
20604,d,20606
20604,e,20606
20602,e,20606
20602,f,20606
20606,b,20606
20604,f,20606
20608,b,20607
20607,e,20607
20606,e,20607
20606,d,20607
20607,d,20607
20607,b,20607
20608,d,20607
20608,e,20607
20603,e,20607
20606,b,20607
20603,b,20607
20604,b,20607
20604,e,20607
20605,b,20607
20605,d,20607
20605,e,20607
20603,d,20607
20604,d,20607
20609,b,20608
20608,d,20608
20608,b,20608
20606,d,20608
20605,d,20608
20605,b,20608
20606,b,20608
20607,d,20608
20607,b,20608
20604,d,20608
20604,b,20608
20609,d,20608
20610,c,20609
20610,d,20609
20610,b,20609
20609,b,20609
20608,f,20609
20609,f,20609
20610,f,20609
20608,b,20609
20608,d,20609
20608,c,20609
20609,d,20609
20609,c,20609
20605,f,20609
20607,f,20609
20605,c,20609
20605,d,20609
20605,b,20609
20607,c,20609
20607,d,20609
20606,b,20609
20607,b,20609
20606,d,20609
20606,f,20609
20606,c,20609
20609,b,20610
20609,d,20610
20609,c,20610
20609,f,20610
20610,d,20610
20611,c,20610
20611,d,20610
20611,b,20610
20610,e,20610
20609,e,20610
20611,e,20610
20610,f,20610
20610,b,20610
20610,c,20610
20611,f,20610
20607,d,20610
20606,f,20610
20607,e,20610
20607,f,20610
20607,c,20610
20607,b,20610
20606,e,20610
20608,b,20610
20608,d,20610
20608,c,20610
20608,f,20610
20606,c,20610
20606,d,20610
20606,b,20610
20608,e,20610
20612,d,20611
20607,c,20611
20607,d,20611
20607,b,20611
20611,b,20611
20611,d,20611
20611,c,20611
20610,d,20611
20610,c,20611
20610,f,20611
20607,f,20611
20611,f,20611
20611,e,20611
20610,b,20611
20610,e,20611
20612,b,20611
20612,e,20611
20608,e,20611
20608,f,20611
20608,c,20611
20608,d,20611
20612,f,20611
20607,e,20611
20609,b,20611
20609,d,20611
20609,c,20611
20608,b,20611
20609,e,20611
20609,f,20611
20612,c,20611
20612,e,20612
20608,b,20612
20611,e,20612
20611,f,20612
20611,c,20612
20611,d,20612
20613,d,20612
20612,f,20612
20612,c,20612
20612,d,20612
20612,b,20612
20613,c,20612
20613,f,20612
20613,e,20612
20613,b,20612
20611,b,20612
20608,d,20612
20610,b,20612
20608,c,20612
20608,f,20612
20608,e,20612
20609,b,20612
20609,d,20612
20609,f,20612
20609,e,20612
20609,c,20612
20610,d,20612
20610,e,20612
20610,f,20612
20610,c,20612
20609,d,20613
20609,c,20613
20609,f,20613
20609,b,20613
20612,b,20613
20613,b,20613
20612,c,20613
20612,f,20613
20612,e,20613
20614,d,20613
20614,b,20613
20613,e,20613
20613,f,20613
20612,d,20613
20614,c,20613
20609,e,20613
20614,f,20613
20610,e,20613
20610,f,20613
20610,c,20613
20613,c,20613
20610,b,20613
20611,b,20613
20611,d,20613
20611,c,20613
20610,d,20613
20611,e,20613
20614,e,20613
20611,f,20613
20613,d,20613
20614,c,20614
20613,e,20614
20613,f,20614
20613,c,20614
20613,d,20614
20614,e,20614
20614,d,20614
20614,b,20614
20615,b,20614
20615,d,20614
20615,c,20614
20615,f,20614
20615,e,20614
20614,f,20614
20613,b,20614
20610,f,20614
20610,b,20614
20611,c,20614
20612,b,20614
20612,d,20614
20612,c,20614
20611,d,20614
20610,e,20614
20611,b,20614
20611,f,20614
20611,e,20614
20610,c,20614
20612,f,20614
20612,e,20614
20610,d,20614
20616,d,20615
20614,e,20615
20614,b,20615
20615,b,20615
20615,d,20615
20615,e,20615
20616,e,20615
20614,d,20615
20616,b,20615
20611,d,20615
20611,e,20615
20612,e,20615
20612,d,20615
20612,b,20615
20613,b,20615
20613,d,20615
20613,e,20615
20611,b,20615
20612,b,20616
20616,b,20616
20616,d,20616
20615,d,20616
20615,b,20616
20613,b,20616
20613,d,20616
20612,d,20616
20617,b,20616
20617,d,20616
20614,d,20616
20614,b,20616
20616,c,20617
20616,f,20617
20617,b,20617
20617,d,20617
20617,c,20617
20618,c,20617
20618,d,20617
20618,b,20617
20617,f,20617
20616,b,20617
20618,f,20617
20616,d,20617
20613,c,20617
20614,c,20617
20614,d,20617
20614,b,20617
20613,f,20617
20613,b,20617
20614,f,20617
20615,b,20617
20613,d,20617
20615,f,20617
20615,c,20617
20615,d,20617
20615,c,20618
20617,d,20618
20617,b,20618
20617,c,20618
20617,f,20618
20615,d,20618
20618,b,20618
20618,d,20618
20618,c,20618
20618,f,20618
20618,e,20618
20619,e,20618
20619,f,20618
20619,c,20618
20619,d,20618
20614,b,20618
20617,e,20618
20619,b,20618
20614,f,20618
20614,e,20618
20615,b,20618
20614,c,20618
20616,d,20618
20616,c,20618
20616,f,20618
20616,e,20618
20616,b,20618
20614,d,20618
20615,f,20618
20615,e,20618
20615,b,20619
20615,e,20619
20615,f,20619
20615,c,20619
20615,d,20619
20619,f,20619
20618,d,20619
20618,c,20619
20618,f,20619
20618,e,20619
20619,b,20619
20619,d,20619
20619,c,20619
20619,e,20619
20618,b,20619
20620,b,20619
20620,d,20619
20616,e,20619
20616,f,20619
20616,c,20619
20616,d,20619
20616,b,20619
20617,d,20619
20617,c,20619
20617,f,20619
20617,b,20619
20620,c,20619
20620,f,20619
20620,e,20619
20617,e,20619
20620,e,20620
20621,d,20620
20621,b,20620
20621,e,20620
20620,b,20620
20620,d,20620
20619,d,20620
20619,c,20620
20619,f,20620
20621,f,20620
20620,c,20620
20620,f,20620
20619,b,20620
20621,c,20620
20619,e,20620
20616,b,20620
20617,b,20620
20617,d,20620
20618,b,20620
20618,d,20620
20618,c,20620
20618,f,20620
20618,e,20620
20617,c,20620
20617,f,20620
20617,e,20620
20616,e,20620
20616,f,20620
20616,c,20620
20616,d,20620
20617,b,20621
20620,b,20621
20620,d,20621
20622,d,20621
20620,f,20621
20620,e,20621
20622,c,20621
20617,d,20621
20622,b,20621
20621,e,20621
20621,f,20621
20621,c,20621
20620,c,20621
20617,c,20621
20617,f,20621
20617,e,20621
20618,e,20621
20618,f,20621
20618,c,20621
20618,d,20621
20618,b,20621
20621,b,20621
20619,b,20621
20619,d,20621
20619,c,20621
20621,d,20621
20619,e,20621
20622,f,20621
20622,e,20621
20619,f,20621
20623,e,20622
20623,f,20622
20623,c,20622
20622,b,20622
20622,d,20622
20621,b,20622
20621,c,20622
20621,f,20622
20621,e,20622
20622,c,20622
20622,f,20622
20622,e,20622
20623,b,20622
20621,d,20622
20623,d,20622
20618,f,20622
20619,e,20622
20619,c,20622
20620,b,20622
20620,d,20622
20620,c,20622
20620,e,20622
20620,f,20622
20618,c,20622
20618,d,20622
20618,b,20622
20619,f,20622
20619,b,20622
20619,d,20622
20618,e,20622
20622,d,20623
20622,e,20623
20623,b,20623
20623,d,20623
20623,e,20623
20624,e,20623
20622,b,20623
20624,d,20623
20624,b,20623
20619,d,20623
20619,e,20623
20620,e,20623
20620,d,20623
20620,b,20623
20621,b,20623
20621,d,20623
20621,e,20623
20619,b,20623
20620,b,20624
20624,b,20624
20624,d,20624
20623,d,20624
20623,b,20624
20621,b,20624
20621,d,20624
20620,d,20624
20625,b,20624
20625,d,20624
20622,d,20624
20622,b,20624
20624,c,20625
20624,f,20625
20625,b,20625
20625,d,20625
20625,c,20625
20626,f,20625
20626,c,20625
20626,d,20625
20625,f,20625
20624,b,20625
20624,d,20625
20626,b,20625
20621,b,20625
20622,c,20625
20622,d,20625
20622,b,20625
20621,f,20625
20623,f,20625
20623,c,20625
20623,d,20625
20623,b,20625
20622,f,20625
20621,d,20625
20621,c,20625
20625,b,20626
20625,d,20626
20625,c,20626
20625,f,20626
20623,c,20626
20626,b,20626
20626,d,20626
20626,c,20626
20626,f,20626
20626,e,20626
20627,e,20626
20627,f,20626
20627,c,20626
20627,d,20626
20622,b,20626
20625,e,20626
20627,b,20626
20622,c,20626
20622,f,20626
20622,e,20626
20623,b,20626
20623,d,20626
20624,b,20626
20624,d,20626
20624,c,20626
20624,f,20626
20622,d,20626
20623,f,20626
20623,e,20626
20624,e,20626
20627,e,20627
20623,b,20627
20627,b,20627
20623,e,20627
20623,f,20627
20623,c,20627
20623,d,20627
20626,d,20627
20626,c,20627
20626,f,20627
20626,e,20627
20627,d,20627
20627,c,20627
20627,f,20627
20626,b,20627
20628,b,20627
20628,c,20627
20628,f,20627
20628,e,20627
20624,e,20627
20624,f,20627
20624,c,20627
20625,e,20627
20625,f,20627
20625,c,20627
20625,d,20627
20625,b,20627
20628,d,20627
20624,d,20627
20624,b,20627
20629,f,20628
20629,c,20628
20629,d,20628
20627,f,20628
20627,d,20628
20627,c,20628
20629,b,20628
20628,e,20628
20628,f,20628
20628,c,20628
20628,d,20628
20628,b,20628
20627,b,20628
20629,e,20628
20627,e,20628
20626,e,20628
20624,d,20628
20624,c,20628
20624,f,20628
20624,e,20628
20625,b,20628
20625,c,20628
20625,f,20628
20624,b,20628
20625,d,20628
20626,f,20628
20626,c,20628
20626,d,20628
20626,b,20628
20625,e,20628
20629,b,20629
20625,d,20629
20625,b,20629
20628,b,20629
20630,b,20629
20628,c,20629
20628,f,20629
20628,e,20629
20630,d,20629
20625,c,20629
20629,e,20629
20629,f,20629
20628,d,20629
20625,f,20629
20625,e,20629
20630,c,20629
20626,e,20629
20626,f,20629
20626,c,20629
20626,d,20629
20626,b,20629
20629,c,20629
20627,b,20629
20627,d,20629
20627,c,20629
20629,d,20629
20627,e,20629
20630,f,20629
20630,e,20629
20627,f,20629
20631,e,20630
20631,f,20630
20631,c,20630
20630,b,20630
20630,d,20630
20629,b,20630
20629,c,20630
20629,f,20630
20629,e,20630
20630,c,20630
20630,f,20630
20630,e,20630
20631,b,20630
20629,d,20630
20631,d,20630
20626,f,20630
20627,e,20630
20627,c,20630
20627,d,20630
20628,b,20630
20628,d,20630
20628,e,20630
20628,f,20630
20626,c,20630
20626,d,20630
20626,b,20630
20627,f,20630
20627,b,20630
20628,c,20630
20626,e,20630
20630,b,20631
20630,d,20631
20631,b,20631
20631,d,20631
20631,e,20631
20632,e,20631
20630,e,20631
20632,d,20631
20632,b,20631
20627,d,20631
20627,e,20631
20628,e,20631
20628,d,20631
20628,b,20631
20629,b,20631
20629,d,20631
20629,e,20631
20627,b,20631
20628,b,20632
20632,b,20632
20632,d,20632
20631,d,20632
20631,b,20632
20629,b,20632
20629,d,20632
20628,d,20632
20633,b,20632
20633,d,20632
20630,d,20632
20630,b,20632
20632,f,20633
20633,b,20633
20633,d,20633
20633,c,20633
20633,f,20633
20634,c,20633
20632,b,20633
20634,d,20633
20634,b,20633
20634,f,20633
20632,c,20633
20632,d,20633
20629,b,20633
20629,f,20633
20631,b,20633
20631,d,20633
20631,c,20633
20631,f,20633
20629,d,20633
20629,c,20633
20630,b,20633
20630,d,20633
20630,c,20633
20630,f,20633
20633,c,20634
20633,b,20634
20633,e,20634
20631,c,20634
20633,d,20634
20633,f,20634
20634,b,20634
20634,d,20634
20634,c,20634
20634,f,20634
20634,e,20634
20635,b,20634
20635,d,20634
20635,c,20634
20635,f,20634
20635,e,20634
20630,b,20634
20630,d,20634
20631,f,20634
20632,f,20634
20632,d,20634
20632,b,20634
20630,c,20634
20632,c,20634
20632,e,20634
20630,f,20634
20631,e,20634
20631,b,20634
20631,d,20634
20630,e,20634
20635,b,20635
20631,e,20635
20636,b,20635
20634,b,20635
20634,d,20635
20634,c,20635
20635,e,20635
20635,f,20635
20635,c,20635
20635,d,20635
20636,d,20635
20631,b,20635
20631,d,20635
20636,c,20635
20636,f,20635
20636,e,20635
20632,e,20635
20632,f,20635
20632,c,20635
20632,d,20635
20632,b,20635
20633,b,20635
20633,d,20635
20633,c,20635
20633,f,20635
20633,e,20635
20631,f,20635
20631,c,20635
20634,f,20635
20634,e,20635
20635,b,20636
20635,d,20636
20635,c,20636
20635,f,20636
20635,e,20636
20636,e,20636
20636,f,20636
20636,c,20636
20636,d,20636
20636,b,20636
20637,b,20636
20637,d,20636
20632,e,20636
20637,f,20636
20632,c,20636
20632,d,20636
20632,b,20636
20633,b,20636
20633,d,20636
20633,c,20636
20633,f,20636
20633,e,20636
20637,c,20636
20634,b,20636
20634,d,20636
20637,e,20636
20634,c,20636
20634,e,20636
20632,f,20636
20634,f,20636
20638,e,20637
20637,b,20637
20637,d,20637
20637,c,20637
20637,f,20637
20637,e,20637
20636,b,20637
20636,c,20637
20636,f,20637
20636,e,20637
20638,f,20637
20638,d,20637
20638,b,20637
20636,d,20637
20638,c,20637
20633,e,20637
20634,e,20637
20634,f,20637
20634,b,20637
20635,b,20637
20635,d,20637
20635,c,20637
20635,e,20637
20635,f,20637
20633,c,20637
20633,d,20637
20633,b,20637
20634,d,20637
20634,c,20637
20633,f,20637
20637,c,20638
20637,b,20638
20637,d,20638
20637,f,20638
20639,b,20638
20639,e,20638
20639,f,20638
20639,c,20638
20638,e,20638
20638,f,20638
20638,b,20638
20637,e,20638
20639,d,20638
20634,b,20638
20634,d,20638
20635,e,20638
20635,f,20638
20635,c,20638
20635,d,20638
20635,b,20638
20636,b,20638
20636,d,20638
20638,d,20638
20636,f,20638
20636,c,20638
20634,e,20638
20634,f,20638
20634,c,20638
20636,e,20638
20638,c,20638
20639,b,20639
20640,d,20639
20640,b,20639
20638,e,20639
20638,d,20639
20638,b,20639
20635,e,20639
20639,e,20639
20639,d,20639
20640,e,20639
20635,d,20639
20636,e,20639
20636,b,20639
20635,b,20639
20637,b,20639
20637,d,20639
20637,e,20639
20636,d,20639
20639,d,20640
20639,b,20640
20636,b,20640
20636,d,20640
20637,b,20640
20637,d,20640
20640,b,20640
20640,d,20640
20641,b,20640
20641,d,20640
20638,d,20640
20638,b,20640
20640,c,20641
20640,f,20641
20641,b,20641
20641,d,20641
20641,c,20641
20641,f,20641
20642,f,20641
20642,c,20641
20640,d,20641
20640,b,20641
20637,f,20641
20642,b,20641
20638,b,20641
20638,d,20641
20642,d,20641
20639,b,20641
20639,d,20641
20639,c,20641
20637,b,20641
20638,c,20641
20639,f,20641
20637,d,20641
20637,c,20641
20638,f,20641
20638,b,20642
20643,b,20642
20643,d,20642
20641,b,20642
20641,e,20642
20641,c,20642
20641,f,20642
20643,c,20642
20642,e,20642
20642,f,20642
20642,c,20642
20642,d,20642
20642,b,20642
20641,d,20642
20639,b,20642
20639,d,20642
20638,e,20642
20639,c,20642
20639,f,20642
20639,e,20642
20643,e,20642
20638,f,20642
20638,c,20642
20638,d,20642
20640,b,20642
20643,f,20642
20640,c,20642
20640,f,20642
20640,e,20642
20640,d,20642
20643,d,20643
20643,c,20643
20642,e,20643
20644,f,20643
20644,c,20643
20644,b,20643
20642,b,20643
20642,d,20643
20642,c,20643
20642,f,20643
20644,e,20643
20643,f,20643
20643,e,20643
20643,b,20643
20644,d,20643
20639,d,20643
20639,b,20643
20639,f,20643
20639,c,20643
20640,e,20643
20640,f,20643
20641,b,20643
20641,c,20643
20641,f,20643
20641,d,20643
20640,c,20643
20640,d,20643
20640,b,20643
20639,e,20643
20641,e,20643
20644,c,20644
20643,b,20644
20640,b,20644
20640,d,20644
20640,c,20644
20640,f,20644
20644,f,20644
20643,d,20644
20643,c,20644
20643,f,20644
20644,d,20644
20643,e,20644
20641,b,20644
20645,f,20644
20645,c,20644
20645,d,20644
20641,e,20644
20641,f,20644
20641,c,20644
20641,d,20644
20644,b,20644
20644,e,20644
20642,b,20644
20642,d,20644
20642,c,20644
20642,f,20644
20642,e,20644
20645,b,20644
20645,e,20644
20640,e,20644
20646,d,20645
20644,c,20645
20644,d,20645
20644,f,20645
20644,e,20645
20646,b,20645
20645,e,20645
20645,f,20645
20645,c,20645
20645,d,20645
20644,b,20645
20646,c,20645
20641,e,20645
20646,e,20645
20641,c,20645
20641,d,20645
20641,b,20645
20642,b,20645
20642,d,20645
20642,c,20645
20642,f,20645
20642,e,20645
20646,f,20645
20641,f,20645
20645,b,20645
20643,c,20645
20643,d,20645
20643,e,20645
20643,f,20645
20643,b,20645
20646,b,20646
20646,d,20646
20646,c,20646
20646,f,20646
20646,e,20646
20647,d,20646
20645,d,20646
20645,c,20646
20645,f,20646
20645,e,20646
20647,f,20646
20647,c,20646
20645,b,20646
20647,e,20646
20647,b,20646
20642,c,20646
20643,c,20646
20643,d,20646
20643,b,20646
20644,b,20646
20642,e,20646
20642,f,20646
20643,f,20646
20642,d,20646
20643,e,20646
20644,d,20646
20644,c,20646
20644,f,20646
20644,e,20646
20642,b,20646
20647,b,20647
20646,e,20647
20646,d,20647
20648,d,20647
20647,d,20647
20647,e,20647
20648,e,20647
20646,b,20647
20648,b,20647
20643,d,20647
20643,e,20647
20644,e,20647
20644,d,20647
20644,b,20647
20645,b,20647
20645,d,20647
20645,e,20647
20643,b,20647
20648,b,20648
20647,d,20648
20647,b,20648
20645,b,20648
20645,d,20648
20648,d,20648
20644,b,20648
20644,d,20648
20649,b,20648
20649,d,20648
20646,d,20648
20646,b,20648
20648,c,20649
20650,c,20649
20648,f,20649
20649,b,20649
20650,f,20649
20649,f,20649
20649,c,20649
20649,d,20649
20648,d,20649
20648,b,20649
20650,b,20649
20647,b,20649
20646,f,20649
20646,c,20649
20646,d,20649
20646,b,20649
20645,f,20649
20645,c,20649
20647,d,20649
20647,c,20649
20650,d,20649
20645,d,20649
20645,b,20649
20647,f,20649
20649,e,20650
20650,e,20650
20651,d,20650
20649,f,20650
20649,c,20650
20649,d,20650
20649,b,20650
20650,f,20650
20650,c,20650
20650,d,20650
20650,b,20650
20651,b,20650
20647,d,20650
20651,c,20650
20651,e,20650
20647,c,20650
20647,f,20650
20647,e,20650
20646,e,20650
20651,f,20650
20646,c,20650
20646,d,20650
20646,b,20650
20648,b,20650
20646,f,20650
20648,d,20650
20648,e,20650
20647,b,20650
20648,c,20650
20648,f,20650
20650,f,20651
20650,e,20651
20651,c,20651
20650,c,20651
20650,d,20651
20652,c,20651
20651,f,20651
20651,e,20651
20652,e,20651
20652,f,20651
20651,d,20651
20651,b,20651
20650,b,20651
20652,b,20651
20648,b,20651
20652,d,20651
20647,b,20651
20647,d,20651
20648,e,20651
20648,f,20651
20648,c,20651
20648,d,20651
20647,c,20651
20649,e,20651
20649,f,20651
20649,c,20651
20649,d,20651
20649,b,20651
20647,e,20651
20647,f,20651
20653,b,20652
20651,b,20652
20651,e,20652
20651,c,20652
20651,f,20652
20648,b,20652
20652,e,20652
20652,f,20652
20652,c,20652
20652,d,20652
20652,b,20652
20651,d,20652
20648,d,20652
20648,c,20652
20648,f,20652
20649,c,20652
20648,e,20652
20649,f,20652
20650,b,20652
20650,d,20652
20650,c,20652
20650,f,20652
20649,d,20652
20650,e,20652
20653,e,20652
20653,f,20652
20653,c,20652
20653,d,20652
20649,e,20652
20649,b,20652
20654,f,20653
20654,c,20653
20653,e,20653
20652,e,20653
20652,d,20653
20652,c,20653
20652,f,20653
20654,d,20653
20653,f,20653
20653,c,20653
20653,d,20653
20654,e,20653
20652,b,20653
20654,b,20653
20653,b,20653
20650,e,20653
20649,e,20653
20650,f,20653
20650,b,20653
20651,b,20653
20651,d,20653
20651,c,20653
20651,f,20653
20650,d,20653
20649,f,20653
20649,c,20653
20649,d,20653
20649,b,20653
20650,c,20653
20651,e,20653
20653,d,20654
20653,b,20654
20653,c,20654
20654,f,20654
20653,e,20654
20655,e,20654
20655,f,20654
20655,c,20654
20655,b,20654
20654,e,20654
20654,c,20654
20653,f,20654
20655,d,20654
20650,b,20654
20650,d,20654
20651,e,20654
20651,f,20654
20651,c,20654
20651,d,20654
20651,b,20654
20650,e,20654
20654,b,20654
20652,d,20654
20652,c,20654
20652,b,20654
20652,e,20654
20650,f,20654
20650,c,20654
20652,f,20654
20654,d,20654
20656,d,20655
20656,b,20655
20654,e,20655
20654,d,20655
20654,b,20655
20655,e,20655
20655,d,20655
20655,b,20655
20656,e,20655
20651,d,20655
20651,b,20655
20652,b,20655
20652,d,20655
20651,e,20655
20652,e,20655
20653,b,20655
20653,d,20655
20653,e,20655
20657,d,20656
20656,d,20656
20656,b,20656
20655,d,20656
20655,b,20656
20652,b,20656
20652,d,20656
20653,b,20656
20657,b,20656
20654,b,20656
20654,d,20656
20653,d,20656
20658,b,20657
20653,b,20657
20653,d,20657
20653,c,20657
20653,f,20657
20656,b,20657
20656,c,20657
20656,f,20657
20657,f,20657
20657,c,20657
20657,d,20657
20657,b,20657
20656,d,20657
20658,d,20657
20655,c,20657
20658,f,20657
20654,f,20657
20654,c,20657
20654,d,20657
20658,c,20657
20655,b,20657
20655,d,20657
20654,b,20657
20655,f,20657
20658,c,20658
20658,d,20658
20657,c,20658
20657,f,20658
20657,e,20658
20658,b,20658
20657,d,20658
20657,b,20658
20659,c,20658
20659,f,20658
20659,e,20658
20658,e,20658
20658,f,20658
20655,d,20658
20659,b,20658
20655,b,20658
20659,d,20658
20656,b,20658
20656,d,20658
20656,c,20658
20656,f,20658
20656,e,20658
20655,c,20658
20655,f,20658
20655,e,20658
20654,c,20658
20654,d,20658
20654,b,20658
20654,e,20658
20654,f,20658
20655,b,20659
20655,d,20659
20658,e,20659
20658,d,20659
20658,c,20659
20658,f,20659
20660,b,20659
20659,e,20659
20659,f,20659
20659,c,20659
20659,d,20659
20659,b,20659
20658,b,20659
20656,f,20659
20656,e,20659
20660,f,20659
20656,c,20659
20656,d,20659
20656,b,20659
20660,c,20659
20655,f,20659
20655,c,20659
20657,b,20659
20657,d,20659
20655,e,20659
20657,f,20659
20660,e,20659
20657,c,20659
20660,d,20659
20657,e,20659
20660,c,20660
20659,e,20660
20659,f,20660
20659,c,20660
20659,d,20660
20660,e,20660
20660,d,20660
20660,b,20660
20661,b,20660
20661,d,20660
20661,c,20660
20661,f,20660
20661,e,20660
20660,f,20660
20659,b,20660
20656,c,20660
20658,b,20660
20657,b,20660
20658,d,20660
20658,c,20660
20658,f,20660
20658,e,20660
20657,c,20660
20657,d,20660
20656,e,20660
20656,f,20660
20657,e,20660
20656,d,20660
20656,b,20660
20657,f,20660
20660,d,20661
20660,b,20661
20660,c,20661
20657,c,20661
20660,e,20661
20662,d,20661
20662,b,20661
20657,b,20661
20661,e,20661
20661,f,20661
20661,c,20661
20661,b,20661
20660,f,20661
20657,d,20661
20661,d,20661
20659,b,20661
20658,d,20661
20658,c,20661
20657,f,20661
20659,d,20661
20659,c,20661
20659,f,20661
20659,e,20661
20658,b,20661
20658,f,20661
20662,e,20661
20662,f,20661
20662,c,20661
20657,e,20661
20658,e,20661
20663,e,20662
20663,f,20662
20663,c,20662
20661,b,20662
20663,b,20662
20661,c,20662
20661,f,20662
20661,e,20662
20662,e,20662
20662,f,20662
20662,c,20662
20662,d,20662
20662,b,20662
20661,d,20662
20663,d,20662
20660,d,20662
20660,b,20662
20658,f,20662
20658,c,20662
20658,d,20662
20660,e,20662
20660,f,20662
20660,c,20662
20658,b,20662
20659,e,20662
20658,e,20662
20659,f,20662
20659,c,20662
20659,b,20662
20659,d,20662
20662,e,20663
20664,b,20663
20663,b,20663
20662,b,20663
20659,b,20663
20662,d,20663
20659,e,20663
20663,d,20663
20663,e,20663
20664,e,20663
20664,d,20663
20661,e,20663
20661,d,20663
20661,b,20663
20660,b,20663
20660,d,20663
20660,e,20663
20659,d,20663
20663,b,20664
20663,d,20664
20664,b,20664
20664,d,20664
20660,b,20664
20662,b,20664
20661,b,20664
20661,d,20664
20665,b,20664
20665,d,20664
20662,d,20664
20660,d,20664
20666,c,20665
20666,f,20665
20665,f,20665
20664,d,20665
20664,c,20665
20665,d,20665
20665,b,20665
20664,f,20665
20664,b,20665
20665,c,20665
20666,d,20665
20666,b,20665
20661,b,20665
20661,d,20665
20662,f,20665
20662,c,20665
20662,d,20665
20663,f,20665
20663,c,20665
20663,d,20665
20663,b,20665
20661,c,20665
20662,b,20665
20661,f,20665
20663,b,20666
20667,d,20666
20667,b,20666
20665,b,20666
20665,e,20666
20665,c,20666
20665,f,20666
20663,d,20666
20666,e,20666
20666,f,20666
20666,c,20666
20666,d,20666
20666,b,20666
20665,d,20666
20667,f,20666
20667,c,20666
20662,f,20666
20663,f,20666
20663,e,20666
20662,e,20666
20667,e,20666
20662,c,20666
20662,d,20666
20662,b,20666
20664,b,20666
20663,c,20666
20664,c,20666
20664,f,20666
20664,e,20666
20664,d,20666
20668,e,20667
20667,d,20667
20667,c,20667
20668,f,20667
20668,c,20667
20668,d,20667
20668,b,20667
20666,b,20667
20666,d,20667
20666,c,20667
20666,e,20667
20666,f,20667
20667,f,20667
20667,e,20667
20667,b,20667
20665,d,20667
20663,d,20667
20663,c,20667
20663,f,20667
20664,e,20667
20665,b,20667
20663,b,20667
20665,f,20667
20665,e,20667
20665,c,20667
20664,c,20667
20664,d,20667
20664,b,20667
20663,e,20667
20664,f,20667
20667,b,20668
20664,b,20668
20664,d,20668
20664,c,20668
20664,f,20668
20668,f,20668
20667,d,20668
20667,c,20668
20668,c,20668
20668,d,20668
20667,e,20668
20669,e,20668
20669,f,20668
20669,c,20668
20669,d,20668
20665,e,20668
20665,f,20668
20665,c,20668
20665,d,20668
20668,b,20668
20665,b,20668
20666,b,20668
20666,d,20668
20666,c,20668
20666,f,20668
20666,e,20668
20669,b,20668
20667,f,20668
20664,e,20668
20668,e,20668
20668,c,20669
20668,d,20669
20668,f,20669
20668,e,20669
20670,b,20669
20669,e,20669
20669,f,20669
20669,c,20669
20669,d,20669
20668,b,20669
20670,d,20669
20665,f,20669
20670,f,20669
20665,c,20669
20665,d,20669
20665,b,20669
20666,b,20669
20666,d,20669
20666,c,20669
20666,f,20669
20666,e,20669
20670,c,20669
20665,e,20669
20669,b,20669
20670,e,20669
20667,d,20669
20667,e,20669
20667,f,20669
20667,b,20669
20667,c,20669
20670,e,20670
20670,b,20670
20670,d,20670
20670,c,20670
20670,f,20670
20669,b,20670
20669,c,20670
20669,f,20670
20669,e,20670
20671,e,20670
20671,c,20670
20671,d,20670
20669,d,20670
20671,f,20670
20671,b,20670
20667,e,20670
20666,f,20670
20666,c,20670
20666,d,20670
20668,e,20670
20668,f,20670
20668,c,20670
20668,d,20670
20666,b,20670
20667,c,20670
20667,f,20670
20668,b,20670
20667,d,20670
20667,b,20670
20666,e,20670
20670,b,20671
20670,d,20671
20670,e,20671
20671,b,20671
20672,b,20671
20671,d,20671
20667,e,20671
20667,d,20671
20671,e,20671
20672,e,20671
20672,d,20671
20669,e,20671
20669,d,20671
20669,b,20671
20668,b,20671
20668,d,20671
20668,e,20671
20667,b,20671
20668,d,20672
20671,b,20672
20671,d,20672
20672,b,20672
20672,d,20672
20668,b,20672
20670,b,20672
20669,b,20672
20669,d,20672
20673,b,20672
20673,d,20672
20670,d,20672
20674,c,20673
20674,f,20673
20673,f,20673
20672,b,20673
20672,d,20673
20673,d,20673
20673,b,20673
20672,f,20673
20672,c,20673
20673,c,20673
20674,d,20673
20674,b,20673
20669,b,20673
20669,d,20673
20670,f,20673
20670,c,20673
20670,d,20673
20671,f,20673
20671,c,20673
20671,d,20673
20671,b,20673
20670,b,20673
20669,f,20673
20669,c,20673
20671,c,20674
20675,d,20674
20675,b,20674
20673,b,20674
20673,f,20674
20673,c,20674
20675,c,20674
20673,e,20674
20674,e,20674
20674,f,20674
20674,c,20674
20674,d,20674
20674,b,20674
20673,d,20674
20671,b,20674
20675,f,20674
20670,e,20674
20671,f,20674
20671,e,20674
20675,e,20674
20670,f,20674
20670,c,20674
20670,d,20674
20670,b,20674
20672,b,20674
20671,d,20674
20672,c,20674
20672,f,20674
20672,e,20674
20672,d,20674
20675,d,20675
20675,c,20675
20676,e,20675
20676,f,20675
20676,c,20675
20676,d,20675
20674,b,20675
20674,d,20675
20674,c,20675
20674,f,20675
20674,e,20675
20675,f,20675
20675,e,20675
20676,b,20675
20675,b,20675
20673,d,20675
20671,d,20675
20671,e,20675
20671,c,20675
20671,f,20675
20673,b,20675
20671,b,20675
20673,c,20675
20673,f,20675
20673,e,20675
20672,e,20675
20672,c,20675
20672,d,20675
20672,b,20675
20672,f,20675
20675,b,20676
20672,b,20676
20672,d,20676
20672,c,20676
20672,f,20676
20672,e,20676
20676,f,20676
20675,d,20676
20675,c,20676
20675,f,20676
20676,c,20676
20676,e,20676
20676,b,20676
20677,e,20676
20677,f,20676
20677,c,20676
20673,e,20676
20673,f,20676
20673,c,20676
20673,d,20676
20676,d,20676
20673,b,20676
20674,b,20676
20674,d,20676
20674,c,20676
20674,f,20676
20674,e,20676
20677,b,20676
20675,e,20676
20677,d,20676
20673,f,20677
20676,c,20677
20676,d,20677
20676,f,20677
20676,e,20677
20678,d,20677
20678,b,20677
20677,e,20677
20677,f,20677
20677,c,20677
20676,b,20677
20678,c,20677
20675,b,20677
20678,e,20677
20673,c,20677
20673,d,20677
20673,b,20677
20677,b,20677
20674,b,20677
20674,d,20677
20674,c,20677
20674,f,20677
20674,e,20677
20678,f,20677
20677,d,20677
20673,e,20677
20675,d,20677
20675,e,20677
20675,f,20677
20675,c,20677
20679,d,20678
20678,b,20678
20678,d,20678
20678,c,20678
20678,f,20678
20678,e,20678
20677,b,20678
20677,d,20678
20677,c,20678
20677,f,20678
20677,e,20678
20679,f,20678
20679,c,20678
20679,b,20678
20679,e,20678
20674,e,20678
20674,f,20678
20676,b,20678
20676,d,20678
20675,c,20678
20675,d,20678
20675,b,20678
20675,f,20678
20675,e,20678
20676,c,20678
20676,f,20678
20676,e,20678
20674,b,20678
20674,d,20678
20674,c,20678
20679,d,20679
20678,e,20679
20678,d,20679
20678,b,20679
20679,b,20679
20679,e,20679
20675,e,20679
20675,d,20679
20676,e,20679
20676,d,20679
20680,b,20679
20680,d,20679
20680,e,20679
20676,b,20679
20677,b,20679
20675,b,20679
20677,e,20679
20677,d,20679
20679,b,20680
20680,b,20680
20679,d,20680
20676,d,20680
20680,d,20680
20681,d,20680
20676,b,20680
20681,b,20680
20677,d,20680
20677,b,20680
20678,d,20680
20678,b,20680
20680,f,20681
20680,c,20681
20680,d,20681
20681,c,20681
20682,d,20681
20680,b,20681
20681,d,20681
20681,b,20681
20677,b,20681
20677,d,20681
20677,c,20681
20682,b,20681
20681,f,20681
20682,f,20681
20682,c,20681
20678,b,20681
20678,f,20681
20679,f,20681
20679,c,20681
20679,d,20681
20679,b,20681
20677,f,20681
20678,d,20681
20678,c,20681
20683,d,20682
20683,c,20682
20683,f,20682
20681,b,20682
20681,d,20682
20681,c,20682
20682,d,20682
20682,b,20682
20682,f,20682
20681,e,20682
20683,e,20682
20682,c,20682
20683,b,20682
20681,f,20682
20682,e,20682
20679,d,20682
20678,f,20682
20679,e,20682
20679,f,20682
20679,c,20682
20679,b,20682
20678,e,20682
20680,b,20682
20680,d,20682
20680,c,20682
20680,f,20682
20678,c,20682
20678,d,20682
20678,b,20682
20680,e,20682
20684,b,20683
20679,c,20683
20679,d,20683
20679,b,20683
20683,b,20683
20683,d,20683
20683,c,20683
20682,d,20683
20682,c,20683
20682,f,20683
20682,e,20683
20679,f,20683
20683,f,20683
20683,e,20683
20682,b,20683
20684,d,20683
20684,c,20683
20684,e,20683
20680,e,20683
20680,f,20683
20680,c,20683
20680,d,20683
20684,f,20683
20679,e,20683
20681,b,20683
20681,d,20683
20681,c,20683
20680,b,20683
20681,e,20683
20681,f,20683
20685,e,20684
20680,b,20684
20685,c,20684
20684,b,20684
20684,d,20684
20684,c,20684
20684,f,20684
20683,b,20684
20683,c,20684
20683,f,20684
20683,e,20684
20684,e,20684
20685,b,20684
20685,d,20684
20683,d,20684
20680,d,20684
20685,f,20684
20682,b,20684
20681,b,20684
20681,d,20684
20680,c,20684
20681,c,20684
20681,f,20684
20681,e,20684
20680,e,20684
20682,d,20684
20682,c,20684
20682,f,20684
20680,f,20684
20682,e,20684
20682,b,20685
20682,e,20685
20686,b,20685
20684,b,20685
20684,d,20685
20684,c,20685
20684,f,20685
20681,b,20685
20686,e,20685
20685,f,20685
20685,c,20685
20685,d,20685
20685,b,20685
20686,d,20685
20686,c,20685
20686,f,20685
20685,e,20685
20681,d,20685
20682,f,20685
20681,f,20685
20683,b,20685
20683,d,20685
20683,c,20685
20683,f,20685
20683,e,20685
20681,c,20685
20684,e,20685
20682,d,20685
20682,c,20685
20681,e,20685
20686,e,20686
20685,f,20686
20685,c,20686
20687,b,20686
20685,b,20686
20686,f,20686
20686,c,20686
20686,d,20686
20687,d,20686
20685,e,20686
20682,e,20686
20685,d,20686
20682,f,20686
20687,f,20686
20682,c,20686
20682,d,20686
20682,b,20686
20683,b,20686
20683,d,20686
20683,c,20686
20683,f,20686
20683,e,20686
20687,c,20686
20686,b,20686
20684,b,20686
20684,d,20686
20684,c,20686
20684,f,20686
20684,e,20686
20687,e,20686
20688,d,20687
20687,e,20687
20686,d,20687
20687,d,20687
20687,b,20687
20688,e,20687
20688,b,20687
20686,e,20687
20686,b,20687
20683,d,20687
20683,e,20687
20685,e,20687
20684,b,20687
20684,d,20687
20684,e,20687
20685,b,20687
20685,d,20687
20683,b,20687
20688,d,20688
20687,d,20688
20687,b,20688
20684,b,20688
20684,d,20688
20688,b,20688
20686,b,20688
20689,b,20688
20689,d,20688
20686,d,20688
20685,b,20688
20685,d,20688
20690,d,20689
20685,f,20689
20690,c,20689
20688,b,20689
20690,f,20689
20688,c,20689
20689,f,20689
20689,c,20689
20689,d,20689
20689,b,20689
20688,f,20689
20688,d,20689
20685,c,20689
20690,b,20689
20685,d,20689
20685,b,20689
20686,f,20689
20686,c,20689
20687,f,20689
20687,c,20689
20687,d,20689
20687,b,20689
20686,d,20689
20686,b,20689
20691,d,20690
20691,b,20690
20686,d,20690
20686,b,20690
20689,b,20690
20689,f,20690
20689,c,20690
20691,c,20690
20689,e,20690
20690,e,20690
20690,f,20690
20690,c,20690
20690,d,20690
20690,b,20690
20689,d,20690
20687,c,20690
20687,f,20690
20687,b,20690
20687,e,20690
20687,d,20690
20691,e,20690
20686,e,20690
20686,f,20690
20686,c,20690
20688,b,20690
20691,f,20690
20688,c,20690
20688,f,20690
20688,e,20690
20688,d,20690
20691,d,20691
20692,e,20691
20692,f,20691
20692,c,20691
20692,d,20691
20692,b,20691
20690,b,20691
20690,d,20691
20690,c,20691
20690,f,20691
20691,f,20691
20691,e,20691
20691,c,20691
20691,b,20691
20690,e,20691
20687,f,20691
20688,e,20691
20688,f,20691
20688,c,20691
20688,d,20691
20688,b,20691
20689,b,20691
20689,d,20691
20689,c,20691
20689,f,20691
20687,e,20691
20687,c,20691
20687,d,20691
20687,b,20691
20689,e,20691
20693,b,20692
20688,f,20692
20688,c,20692
20688,d,20692
20688,b,20692
20692,b,20692
20691,b,20692
20691,d,20692
20691,c,20692
20691,f,20692
20688,e,20692
20692,f,20692
20692,e,20692
20692,c,20692
20691,e,20692
20692,d,20692
20693,f,20692
20689,e,20692
20689,f,20692
20689,c,20692
20689,d,20692
20693,c,20692
20690,b,20692
20690,d,20692
20690,c,20692
20689,b,20692
20690,e,20692
20693,e,20692
20690,f,20692
20693,d,20692
20693,f,20693
20692,e,20693
20692,f,20693
20692,c,20693
20692,d,20693
20693,e,20693
20693,c,20693
20693,d,20693
20693,b,20693
20694,b,20693
20694,c,20693
20694,f,20693
20694,e,20693
20694,d,20693
20692,b,20693
20689,e,20693
20689,c,20693
20690,c,20693
20690,d,20693
20691,b,20693
20690,b,20693
20689,f,20693
20689,b,20693
20689,d,20693
20690,f,20693
20691,d,20693
20690,e,20693
20691,f,20693
20691,e,20693
20691,c,20693
20694,b,20694
20694,d,20694
20694,c,20694
20694,f,20694
20694,e,20694
20693,e,20694
20693,f,20694
20693,c,20694
20693,b,20694
20695,e,20694
20695,f,20694
20695,c,20694
20693,d,20694
20695,b,20694
20690,d,20694
20691,e,20694
20695,d,20694
20691,f,20694
20691,c,20694
20691,d,20694
20691,b,20694
20692,b,20694
20692,d,20694
20692,c,20694
20692,f,20694
20690,b,20694
20692,e,20694
20690,e,20694
20690,f,20694
20690,c,20694
20691,d,20695
20695,b,20695
20694,e,20695
20694,d,20695
20694,b,20695
20691,e,20695
20695,e,20695
20692,e,20695
20693,b,20695
20693,d,20695
20693,e,20695
20692,b,20695
20691,b,20695
20696,b,20695
20696,d,20695
20696,e,20695
20692,d,20695
20695,d,20695
20696,b,20696
20696,d,20696
20697,d,20696
20695,d,20696
20695,b,20696
20697,b,20696
20693,b,20696
20693,d,20696
20694,d,20696
20694,b,20696
20692,b,20696
20692,d,20696
20698,b,20697
20698,d,20697
20693,b,20697
20693,d,20697
20693,c,20697
20697,f,20697
20696,c,20697
20696,f,20697
20697,c,20697
20697,d,20697
20697,b,20697
20696,d,20697
20696,b,20697
20695,f,20697
20695,c,20697
20695,d,20697
20695,b,20697
20693,f,20697
20694,b,20697
20694,d,20697
20694,c,20697
20694,f,20697
20698,f,20697
20698,c,20697
20699,c,20698
20699,b,20698
20699,d,20698
20697,c,20698
20697,d,20698
20699,f,20698
20697,f,20698
20697,e,20698
20698,e,20698
20698,f,20698
20698,c,20698
20698,d,20698
20698,b,20698
20697,b,20698
20699,e,20698
20694,e,20698
20696,c,20698
20694,c,20698
20694,d,20698
20694,b,20698
20696,e,20698
20696,f,20698
20694,f,20698
20696,d,20698
20696,b,20698
20695,b,20698
20695,d,20698
20695,c,20698
20695,f,20698
20695,e,20698
20698,b,20699
20698,d,20699
20699,d,20699
20698,f,20699
20699,b,20699
20700,f,20699
20700,c,20699
20700,d,20699
20700,b,20699
20699,e,20699
20699,f,20699
20699,c,20699
20698,c,20699
20700,e,20699
20698,e,20699
20695,d,20699
20695,b,20699
20695,c,20699
20695,f,20699
20697,b,20699
20695,e,20699
20697,c,20699
20697,f,20699
20697,e,20699
20697,d,20699
20696,f,20699
20696,c,20699
20696,d,20699
20696,b,20699
20696,e,20699
20696,b,20700
20696,d,20700
20696,c,20700
20696,f,20700
20696,e,20700
20700,e,20700
20699,b,20700
20699,d,20700
20700,f,20700
20699,c,20700
20700,c,20700
20699,e,20700
20700,b,20700
20701,f,20700
20701,c,20700
20701,d,20700
20697,e,20700
20697,f,20700
20697,c,20700
20697,d,20700
20697,b,20700
20701,b,20700
20698,b,20700
20698,d,20700
20698,c,20700
20698,f,20700
20698,e,20700
20699,f,20700
20700,d,20700
20701,e,20700
20700,c,20701
20700,d,20701
20700,f,20701
20700,e,20701
20702,b,20701
20701,e,20701
20701,f,20701
20701,c,20701
20701,d,20701
20700,b,20701
20702,d,20701
20697,e,20701
20702,f,20701
20697,c,20701
20697,d,20701
20697,b,20701
20698,b,20701
20698,d,20701
20698,c,20701
20698,f,20701
20698,e,20701
20702,c,20701
20697,f,20701
20701,b,20701
20702,e,20701
20699,d,20701
20699,c,20701
20699,b,20701
20699,f,20701
20699,e,20701
20703,b,20702
20702,b,20702
20702,d,20702
20703,e,20702
20702,c,20702
20702,f,20702
20701,b,20702
20701,c,20702
20701,f,20702
20701,e,20702
20703,c,20702
20703,d,20702
20701,d,20702
20703,f,20702
20702,e,20702
20698,c,20702
20699,c,20702
20699,d,20702
20699,b,20702
20700,b,20702
20698,e,20702
20698,f,20702
20699,e,20702
20698,d,20702
20699,f,20702
20700,d,20702
20700,c,20702
20700,f,20702
20700,e,20702
20698,b,20702
20703,b,20703
20702,e,20703
20702,d,20703
20704,d,20703
20703,d,20703
20703,e,20703
20704,e,20703
20702,b,20703
20704,b,20703
20699,d,20703
20699,e,20703
20700,e,20703
20700,d,20703
20700,b,20703
20701,b,20703
20701,d,20703
20701,e,20703
20699,b,20703
20704,b,20704
20704,d,20704
20703,d,20704
20703,b,20704
20701,b,20704
20701,d,20704
20700,d,20704
20700,b,20704
20705,b,20704
20705,d,20704
20702,d,20704
20702,b,20704
20705,b,20705
20705,d,20705
20704,b,20705
20705,c,20705
20705,f,20705
20706,f,20705
20706,c,20705
20706,d,20705
20706,b,20705
20704,f,20705
20704,c,20705
20704,d,20705
20701,b,20705
20701,d,20705
20703,b,20705
20703,d,20705
20703,c,20705
20703,f,20705
20701,c,20705
20701,f,20705
20702,b,20705
20702,d,20705
20702,c,20705
20702,f,20705
20705,d,20706
20705,b,20706
20703,d,20706
20705,c,20706
20705,f,20706
20703,c,20706
20706,b,20706
20706,d,20706
20706,c,20706
20706,f,20706
20706,e,20706
20707,e,20706
20707,f,20706
20707,c,20706
20702,b,20706
20702,d,20706
20705,e,20706
20707,b,20706
20702,c,20706
20702,f,20706
20702,e,20706
20707,d,20706
20703,b,20706
20704,b,20706
20704,c,20706
20704,f,20706
20704,d,20706
20703,e,20706
20703,f,20706
20704,e,20706
20703,d,20707
20706,b,20707
20708,b,20707
20706,d,20707
20703,c,20707
20703,f,20707
20703,e,20707
20706,c,20707
20706,f,20707
20706,e,20707
20707,e,20707
20708,d,20707
20707,f,20707
20708,f,20707
20703,b,20707
20704,e,20707
20704,f,20707
20704,c,20707
20704,d,20707
20704,b,20707
20705,b,20707
20708,c,20707
20705,d,20707
20705,f,20707
20705,e,20707
20707,b,20707
20707,d,20707
20707,c,20707
20708,e,20707
20705,c,20707
20707,b,20708
20707,d,20708
20709,d,20708
20707,f,20708
20709,c,20708
20708,b,20708
20708,d,20708
20708,c,20708
20708,f,20708
20709,e,20708
20708,e,20708
20709,b,20708
20707,c,20708
20707,e,20708
20709,f,20708
20706,e,20708
20705,e,20708
20705,f,20708
20704,b,20708
20704,d,20708
20704,c,20708
20704,f,20708
20705,c,20708
20705,d,20708
20706,f,20708
20706,c,20708
20706,d,20708
20706,b,20708
20705,b,20708
20704,e,20708
20708,b,20709
20705,d,20709
20708,d,20709
20708,c,20709
20710,d,20709
20708,e,20709
20710,f,20709
20710,c,20709
20705,b,20709
20710,b,20709
20709,e,20709
20709,f,20709
20709,b,20709
20708,f,20709
20709,d,20709
20709,c,20709
20705,f,20709
20706,e,20709
20706,f,20709
20706,c,20709
20706,d,20709
20706,b,20709
20705,c,20709
20707,b,20709
20707,d,20709
20707,c,20709
20705,e,20709
20707,e,20709
20710,e,20709
20707,f,20709
20711,e,20710
20711,f,20710
20711,c,20710
20710,b,20710
20710,d,20710
20710,c,20710
20709,b,20710
20709,c,20710
20709,f,20710
20709,e,20710
20710,f,20710
20710,e,20710
20711,b,20710
20711,d,20710
20709,d,20710
20706,f,20710
20706,e,20710
20707,d,20710
20708,b,20710
20708,d,20710
20708,c,20710
20708,f,20710
20707,c,20710
20707,f,20710
20707,b,20710
20707,e,20710
20706,d,20710
20706,c,20710
20708,e,20710
20706,b,20710
20710,e,20711
20712,d,20711
20710,b,20711
20711,b,20711
20711,d,20711
20711,e,20711
20712,e,20711
20710,d,20711
20712,b,20711
20707,d,20711
20707,e,20711
20708,e,20711
20708,d,20711
20708,b,20711
20709,b,20711
20709,d,20711
20709,e,20711
20707,b,20711
20708,b,20712
20712,b,20712
20712,d,20712
20711,d,20712
20711,b,20712
20709,b,20712
20709,d,20712
20708,d,20712
20713,b,20712
20713,d,20712
20710,d,20712
20710,b,20712
20712,c,20713
20712,f,20713
20713,d,20713
20713,c,20713
20713,f,20713
20714,f,20713
20714,c,20713
20714,d,20713
20714,b,20713
20712,b,20713
20712,d,20713
20713,b,20713
20709,f,20713
20710,f,20713
20710,c,20713
20710,d,20713
20710,b,20713
20711,b,20713
20711,d,20713
20711,c,20713
20711,f,20713
20709,c,20713
20709,d,20713
20709,b,20713
20714,e,20714
20715,c,20714
20715,d,20714
20715,b,20714
20710,b,20714
20713,e,20714
20714,b,20714
20713,b,20714
20713,d,20714
20713,c,20714
20715,f,20714
20714,c,20714
20714,f,20714
20714,d,20714
20713,f,20714
20711,c,20714
20710,e,20714
20711,f,20714
20711,e,20714
20711,b,20714
20711,d,20714
20710,f,20714
20710,c,20714
20710,d,20714
20712,b,20714
20715,e,20714
20712,c,20714
20712,f,20714
20712,e,20714
20712,d,20714
20715,c,20715
20715,f,20715
20716,e,20715
20716,f,20715
20716,c,20715
20716,d,20715
20714,b,20715
20714,d,20715
20714,c,20715
20714,f,20715
20715,e,20715
20714,e,20715
20716,b,20715
20715,d,20715
20715,b,20715
20711,c,20715
20712,e,20715
20712,f,20715
20712,c,20715
20712,d,20715
20712,b,20715
20713,b,20715
20713,d,20715
20713,c,20715
20713,f,20715
20711,f,20715
20711,e,20715
20711,d,20715
20711,b,20715
20713,e,20715
20717,b,20716
20712,c,20716
20712,d,20716
20712,b,20716
20716,b,20716
20716,c,20716
20715,d,20716
20715,c,20716
20715,f,20716
20712,f,20716
20716,f,20716
20716,e,20716
20715,b,20716
20715,e,20716
20716,d,20716
20717,c,20716
20713,e,20716
20713,f,20716
20713,c,20716
20713,d,20716
20717,d,20716
20714,b,20716
20714,d,20716
20714,c,20716
20714,f,20716
20713,b,20716
20712,e,20716
20717,f,20716
20717,e,20716
20714,e,20716
20718,e,20717
20718,f,20717
20718,c,20717
20713,f,20717
20717,b,20717
20717,d,20717
20718,b,20717
20716,c,20717
20716,f,20717
20716,e,20717
20717,c,20717
20718,d,20717
20717,f,20717
20717,e,20717
20716,d,20717
20716,b,20717
20713,e,20717
20713,c,20717
20714,c,20717
20714,d,20717
20715,b,20717
20714,b,20717
20713,b,20717
20713,d,20717
20714,f,20717
20715,d,20717
20714,e,20717
20715,f,20717
20715,e,20717
20715,c,20717
20719,c,20718
20719,f,20718
20717,b,20718
20719,e,20718
20717,d,20718
20717,f,20718
20717,e,20718
20719,d,20718
20718,f,20718
20718,c,20718
20718,b,20718
20718,d,20718
20718,e,20718
20717,c,20718
20719,b,20718
20714,d,20718
20715,e,20718
20715,f,20718
20715,c,20718
20715,d,20718
20715,b,20718
20716,b,20718
20716,d,20718
20716,c,20718
20716,f,20718
20714,b,20718
20716,e,20718
20714,e,20718
20714,f,20718
20714,c,20718
20715,d,20719
20719,b,20719
20718,e,20719
20718,d,20719
20718,b,20719
20715,e,20719
20719,e,20719
20716,e,20719
20717,d,20719
20717,e,20719
20716,b,20719
20716,d,20719
20715,b,20719
20720,b,20719
20720,d,20719
20720,e,20719
20717,b,20719
20719,d,20719
20720,b,20720
20721,d,20720
20721,b,20720
20719,d,20720
20719,b,20720
20720,d,20720
20717,b,20720
20718,d,20720
20718,b,20720
20716,d,20720
20716,b,20720
20717,d,20720
20717,c,20721
20721,f,20721
20720,d,20721
20720,c,20721
20717,b,20721
20720,f,20721
20721,c,20721
20722,d,20721
20721,d,20721
20721,b,20721
20717,d,20721
20722,b,20721
20720,b,20721
20719,c,20721
20719,d,20721
20719,b,20721
20717,f,20721
20718,b,20721
20718,d,20721
20718,c,20721
20718,f,20721
20722,f,20721
20722,c,20721
20719,f,20721
20723,d,20722
20723,b,20722
20721,c,20722
20721,d,20722
20723,c,20722
20721,f,20722
20721,e,20722
20722,e,20722
20722,f,20722
20722,c,20722
20722,d,20722
20722,b,20722
20721,b,20722
20723,f,20722
20718,e,20722
20720,d,20722
20723,e,20722
20719,f,20722
20718,f,20722
20719,c,20722
20720,b,20722
20719,e,20722
20720,c,20722
20719,d,20722
20720,e,20722
20719,b,20722
20718,b,20722
20718,d,20722
20718,c,20722
20720,f,20722
20722,b,20723
20722,d,20723
20723,b,20723
20724,c,20723
20724,e,20723
20723,e,20723
20722,f,20723
20722,e,20723
20723,f,20723
20723,c,20723
20723,d,20723
20722,c,20723
20724,f,20723
20724,d,20723
20721,b,20723
20720,d,20723
20720,b,20723
20719,e,20723
20720,e,20723
20721,d,20723
20721,c,20723
20721,f,20723
20720,c,20723
20721,e,20723
20724,b,20723
20719,f,20723
20719,c,20723
20719,d,20723
20719,b,20723
20720,f,20723
20720,c,20724
20720,f,20724
20720,b,20724
20720,d,20724
20721,d,20724
20725,b,20724
20723,d,20724
20723,c,20724
20723,f,20724
20723,e,20724
20723,b,20724
20725,d,20724
20724,f,20724
20725,f,20724
20721,e,20724
20721,f,20724
20721,c,20724
20721,b,20724
20724,b,20724
20720,e,20724
20722,b,20724
20725,c,20724
20722,d,20724
20722,f,20724
20722,e,20724
20724,d,20724
20724,c,20724
20724,e,20724
20725,e,20724
20722,c,20724
20724,b,20725
20724,d,20725
20726,b,20725
20724,f,20725
20726,d,20725
20725,b,20725
20725,d,20725
20725,c,20725
20725,f,20725
20726,e,20725
20726,f,20725
20726,c,20725
20725,e,20725
20724,c,20725
20724,e,20725
20723,e,20725
20722,e,20725
20722,d,20725
20722,b,20725
20721,e,20725
20722,c,20725
20723,b,20725
20723,d,20725
20723,c,20725
20722,f,20725
20721,f,20725
20721,c,20725
20721,d,20725
20721,b,20725
20723,f,20725
20726,b,20726
20726,f,20726
20725,b,20726
20725,d,20726
20725,c,20726
20725,e,20726
20727,e,20726
20727,f,20726
20727,c,20726
20727,b,20726
20726,e,20726
20725,f,20726
20727,d,20726
20726,c,20726
20722,b,20726
20723,e,20726
20723,f,20726
20723,c,20726
20723,d,20726
20723,b,20726
20722,e,20726
20724,b,20726
20726,d,20726
20724,c,20726
20724,d,20726
20724,e,20726
20722,f,20726
20722,c,20726
20722,d,20726
20724,f,20726
20728,d,20727
20728,b,20727
20726,e,20727
20726,d,20727
20723,e,20727
20727,e,20727
20727,d,20727
20727,b,20727
20728,e,20727
20723,d,20727
20726,b,20727
20724,d,20727
20724,e,20727
20725,b,20727
20725,d,20727
20725,e,20727
20724,b,20727
20723,b,20727
20729,b,20728
20729,d,20728
20727,d,20728
20727,b,20728
20724,b,20728
20724,d,20728
20725,b,20728
20725,d,20728
20728,d,20728
20726,d,20728
20726,b,20728
20728,b,20728
20730,c,20729
20728,b,20729
20728,d,20729
20728,c,20729
20728,f,20729
20729,f,20729
20729,c,20729
20729,d,20729
20730,b,20729
20730,d,20729
20729,b,20729
20730,f,20729
20725,f,20729
20727,f,20729
20725,c,20729
20725,d,20729
20725,b,20729
20727,c,20729
20727,d,20729
20726,b,20729
20727,b,20729
20726,d,20729
20726,f,20729
20726,c,20729
20729,b,20730
20729,d,20730
20729,c,20730
20729,f,20730
20730,d,20730
20731,c,20730
20731,d,20730
20731,b,20730
20730,e,20730
20729,e,20730
20730,f,20730
20731,e,20730
20730,b,20730
20730,c,20730
20731,f,20730
20727,d,20730
20726,d,20730
20726,b,20730
20726,c,20730
20726,f,20730
20727,e,20730
20728,b,20730
20728,c,20730
20728,f,20730
20728,e,20730
20728,d,20730
20727,c,20730
20727,b,20730
20726,e,20730
20727,f,20730
20731,c,20731
20730,b,20731
20727,b,20731
20727,d,20731
20727,c,20731
20727,f,20731
20731,e,20731
20730,d,20731
20730,c,20731
20731,f,20731
20730,f,20731
20731,d,20731
20732,d,20731
20728,b,20731
20732,c,20731
20732,f,20731
20732,e,20731
20728,e,20731
20728,f,20731
20728,c,20731
20728,d,20731
20732,b,20731
20727,e,20731
20729,b,20731
20729,d,20731
20729,c,20731
20729,f,20731
20729,e,20731
20730,e,20731
20731,b,20731
20728,b,20732
20731,d,20732
20733,b,20732
20731,c,20732
20731,f,20732
20731,e,20732
20732,e,20732
20732,f,20732
20732,c,20732
20732,d,20732
20732,b,20732
20731,b,20732
20733,d,20732
20728,d,20732
20733,f,20732
20728,c,20732
20728,f,20732
20728,e,20732
20729,b,20732
20729,d,20732
20729,c,20732
20729,f,20732
20729,e,20732
20733,c,20732
20730,b,20732
20733,e,20732
20730,c,20732
20730,e,20732
20730,d,20732
20730,f,20732
20734,b,20733
20733,b,20733
20733,d,20733
20733,c,20733
20733,f,20733
20733,e,20733
20732,b,20733
20732,c,20733
20732,f,20733
20732,e,20733
20734,f,20733
20734,c,20733
20734,d,20733
20732,d,20733
20734,e,20733
20731,e,20733
20729,b,20733
20730,c,20733
20730,d,20733
20730,b,20733
20729,e,20733
20729,f,20733
20729,c,20733
20729,d,20733
20730,f,20733
20731,b,20733
20730,e,20733
20731,c,20733
20731,f,20733
20731,d,20733
20734,b,20734
20734,d,20734
20734,c,20734
20734,f,20734
20734,e,20734
20733,e,20734
20733,f,20734
20733,c,20734
20733,b,20734
20735,e,20734
20735,f,20734
20735,c,20734
20733,d,20734
20735,b,20734
20730,d,20734
20731,e,20734
20731,f,20734
20731,c,20734
20731,d,20734
20731,b,20734
20735,d,20734
20732,b,20734
20732,d,20734
20732,c,20734
20732,f,20734
20730,b,20734
20732,e,20734
20730,e,20734
20730,f,20734
20730,c,20734
20731,d,20735
20735,b,20735
20734,e,20735
20734,d,20735
20734,b,20735
20731,e,20735
20735,e,20735
20732,e,20735
20733,b,20735
20733,d,20735
20733,e,20735
20732,b,20735
20731,b,20735
20736,b,20735
20736,d,20735
20736,e,20735
20732,d,20735
20735,d,20735
20736,b,20736
20736,d,20736
20737,d,20736
20735,d,20736
20735,b,20736
20737,b,20736
20733,d,20736
20732,d,20736
20733,b,20736
20734,b,20736
20732,b,20736
20734,d,20736
20736,c,20737
20736,d,20737
20736,b,20737
20737,f,20737
20737,c,20737
20737,d,20737
20733,b,20737
20733,d,20737
20733,c,20737
20738,b,20737
20738,d,20737
20736,f,20737
20738,f,20737
20737,b,20737
20734,b,20737
20734,f,20737
20734,c,20737
20734,d,20737
20733,f,20737
20735,b,20737
20735,d,20737
20738,c,20737
20735,f,20737
20735,c,20737
20737,e,20738
20737,f,20738
20738,d,20738
20738,e,20738
20738,f,20738
20738,c,20738
20737,c,20738
20737,d,20738
20737,b,20738
20739,e,20738
20739,f,20738
20739,c,20738
20734,f,20738
20738,b,20738
20734,e,20738
20739,b,20738
20735,e,20738
20735,f,20738
20735,c,20738
20735,d,20738
20735,b,20738
20736,b,20738
20736,d,20738
20736,c,20738
20736,f,20738
20739,d,20738
20734,c,20738
20734,d,20738
20734,b,20738
20736,e,20738
20739,e,20739
20735,c,20739
20735,d,20739
20735,b,20739
20739,b,20739
20739,d,20739
20738,d,20739
20738,c,20739
20738,f,20739
20738,e,20739
20735,f,20739
20739,c,20739
20739,f,20739
20738,b,20739
20740,b,20739
20740,d,20739
20740,c,20739
20736,c,20739
20736,e,20739
20735,e,20739
20737,b,20739
20737,d,20739
20737,c,20739
20737,f,20739
20737,e,20739
20736,f,20739
20740,e,20739
20740,f,20739
20736,d,20739
20736,b,20739
20741,b,20740
20741,d,20740
20741,c,20740
20741,f,20740
20739,e,20740
20739,d,20740
20739,c,20740
20739,f,20740
20740,e,20740
20740,f,20740
20740,c,20740
20740,d,20740
20740,b,20740
20739,b,20740
20741,e,20740
20738,b,20740
20737,e,20740
20736,b,20740
20736,d,20740
20736,c,20740
20736,f,20740
20736,e,20740
20737,d,20740
20737,c,20740
20737,b,20740
20738,e,20740
20738,f,20740
20738,c,20740
20738,d,20740
20737,f,20740
20737,c,20741
20737,d,20741
20737,b,20741
20740,b,20741
20742,b,20741
20740,c,20741
20740,f,20741
20740,e,20741
20741,b,20741
20741,e,20741
20741,f,20741
20741,c,20741
20740,d,20741
20737,f,20741
20741,d,20741
20742,d,20741
20738,d,20741
20738,c,20741
20737,e,20741
20738,f,20741
20739,b,20741
20739,d,20741
20739,c,20741
20738,b,20741
20739,f,20741
20738,e,20741
20742,e,20741
20742,f,20741
20742,c,20741
20739,e,20741
20743,e,20742
20743,f,20742
20743,c,20742
20741,b,20742
20738,e,20742
20741,c,20742
20741,f,20742
20741,e,20742
20742,e,20742
20742,f,20742
20742,c,20742
20742,d,20742
20742,b,20742
20741,d,20742
20738,f,20742
20743,b,20742
20739,e,20742
20738,c,20742
20738,d,20742
20743,d,20742
20740,e,20742
20740,f,20742
20740,c,20742
20738,b,20742
20739,c,20742
20739,f,20742
20740,b,20742
20739,d,20742
20740,d,20742
20739,b,20742
20739,e,20743
20742,d,20743
20742,e,20743
20743,b,20743
20742,b,20743
20743,d,20743
20740,b,20743
20739,d,20743
20744,e,20743
20743,e,20743
20744,b,20743
20744,d,20743
20741,e,20743
20741,d,20743
20741,b,20743
20740,d,20743
20740,e,20743
20739,b,20743
20743,b,20744
20744,d,20744
20743,d,20744
20744,b,20744
20741,d,20744
20745,b,20744
20745,d,20744
20741,b,20744
20740,d,20744
20740,b,20744
20742,d,20744
20742,b,20744
20744,d,20745
20744,f,20745
20746,c,20745
20744,b,20745
20745,f,20745
20745,c,20745
20745,d,20745
20745,b,20745
20746,b,20745
20746,d,20745
20744,c,20745
20741,b,20745
20746,f,20745
20741,f,20745
20742,d,20745
20742,b,20745
20741,c,20745
20741,d,20745
20742,c,20745
20743,d,20745
20743,b,20745
20743,c,20745
20743,f,20745
20742,f,20745
20747,f,20746
20745,b,20746
20745,d,20746
20746,e,20746
20747,b,20746
20745,c,20746
20746,d,20746
20746,c,20746
20747,e,20746
20745,e,20746
20746,f,20746
20747,c,20746
20746,b,20746
20745,f,20746
20747,d,20746
20743,c,20746
20742,c,20746
20742,d,20746
20742,f,20746
20744,b,20746
20742,b,20746
20744,c,20746
20744,f,20746
20744,e,20746
20744,d,20746
20743,f,20746
20743,d,20746
20743,b,20746
20742,e,20746
20743,e,20746
20746,b,20747
20743,b,20747
20743,d,20747
20743,c,20747
20743,f,20747
20747,e,20747
20747,f,20747
20746,d,20747
20747,c,20747
20746,c,20747
20747,d,20747
20748,d,20747
20748,b,20747
20748,c,20747
20748,f,20747
20748,e,20747
20744,e,20747
20744,f,20747
20744,c,20747
20744,d,20747
20744,b,20747
20743,e,20747
20745,b,20747
20745,d,20747
20745,c,20747
20745,f,20747
20745,e,20747
20746,f,20747
20747,b,20747
20746,e,20747
20747,c,20748
20747,d,20748
20749,b,20748
20747,f,20748
20747,e,20748
20748,e,20748
20748,f,20748
20748,c,20748
20748,d,20748
20748,b,20748
20747,b,20748
20749,d,20748
20744,d,20748
20749,f,20748
20744,c,20748
20744,f,20748
20744,e,20748
20745,b,20748
20745,d,20748
20745,c,20748
20745,f,20748
20745,e,20748
20749,c,20748
20744,b,20748
20746,b,20748
20749,e,20748
20746,c,20748
20746,e,20748
20746,d,20748
20746,f,20748
20750,b,20749
20749,b,20749
20749,d,20749
20749,c,20749
20749,f,20749
20749,e,20749
20748,b,20749
20748,c,20749
20748,f,20749
20748,e,20749
20750,e,20749
20750,c,20749
20750,d,20749
20748,d,20749
20750,f,20749
20747,e,20749
20746,e,20749
20746,b,20749
20746,f,20749
20747,b,20749
20747,d,20749
20747,c,20749
20746,d,20749
20747,f,20749
20745,e,20749
20745,f,20749
20745,c,20749
20745,d,20749
20745,b,20749
20746,c,20749
20749,d,20750
20749,b,20750
20749,c,20750
20750,e,20750
20749,e,20750
20751,f,20750
20751,c,20750
20751,d,20750
20750,f,20750
20750,c,20750
20749,f,20750
20751,b,20750
20746,b,20750
20746,d,20750
20747,e,20750
20747,f,20750
20747,c,20750
20747,d,20750
20747,b,20750
20748,b,20750
20750,b,20750
20748,c,20750
20748,f,20750
20748,d,20750
20751,e,20750
20746,e,20750
20746,f,20750
20746,c,20750
20748,e,20750
20750,d,20750
20752,b,20751
20751,e,20751
20751,d,20751
20750,e,20751
20750,d,20751
20750,b,20751
20752,d,20751
20751,b,20751
20752,e,20751
20747,d,20751
20747,e,20751
20748,b,20751
20747,b,20751
20748,d,20751
20748,e,20751
20749,b,20751
20749,d,20751
20749,e,20751
20751,d,20752
20751,b,20752
20748,b,20752
20748,d,20752
20749,b,20752
20752,d,20752
20752,b,20752
20750,b,20752
20753,b,20752
20753,d,20752
20749,d,20752
20750,d,20752
20754,d,20753
20754,b,20753
20753,b,20753
20754,c,20753
20753,d,20753
20753,c,20753
20753,f,20753
20752,f,20753
20752,c,20753
20752,d,20753
20752,b,20753
20754,f,20753
20749,c,20753
20751,c,20753
20751,f,20753
20749,f,20753
20749,d,20753
20749,b,20753
20750,b,20753
20750,d,20753
20751,d,20753
20750,c,20753
20751,b,20753
20750,f,20753
20753,b,20754
20755,f,20754
20754,d,20754
20754,e,20754
20754,b,20754
20754,c,20754
20755,c,20754
20753,d,20754
20753,c,20754
20753,f,20754
20753,e,20754
20755,e,20754
20754,f,20754
20751,d,20754
20755,b,20754
20750,e,20754
20751,b,20754
20752,b,20754
20752,d,20754
20752,c,20754
20752,f,20754
20750,f,20754
20752,e,20754
20751,c,20754
20751,f,20754
20751,e,20754
20750,d,20754
20750,b,20754
20755,d,20754
20750,c,20754
20751,b,20755
20754,f,20755
20754,d,20755
20754,c,20755
20756,b,20755
20754,e,20755
20755,e,20755
20755,f,20755
20755,c,20755
20755,d,20755
20755,b,20755
20754,b,20755
20752,f,20755
20752,e,20755
20756,f,20755
20752,c,20755
20752,d,20755
20752,b,20755
20751,e,20755
20756,c,20755
20751,c,20755
20751,d,20755
20753,b,20755
20753,d,20755
20751,f,20755
20753,f,20755
20756,e,20755
20753,c,20755
20756,d,20755
20753,e,20755
20756,d,20756
20755,f,20756
20755,c,20756
20755,d,20756
20755,b,20756
20756,f,20756
20756,e,20756
20755,e,20756
20757,b,20756
20757,d,20756
20757,c,20756
20757,f,20756
20756,c,20756
20756,b,20756
20752,c,20756
20754,b,20756
20752,e,20756
20753,b,20756
20754,d,20756
20754,c,20756
20754,f,20756
20754,e,20756
20752,f,20756
20753,c,20756
20753,f,20756
20753,e,20756
20757,e,20756
20752,d,20756
20752,b,20756
20753,d,20756
20756,b,20757
20756,d,20757
20753,c,20757
20756,f,20757
20756,e,20757
20758,b,20757
20753,b,20757
20757,e,20757
20757,f,20757
20757,c,20757
20757,d,20757
20756,c,20757
20753,d,20757
20757,b,20757
20753,e,20757
20754,c,20757
20754,f,20757
20754,e,20757
20753,f,20757
20755,b,20757
20755,d,20757
20755,c,20757
20755,f,20757
20755,e,20757
20758,e,20757
20758,f,20757
20758,c,20757
20758,d,20757
20754,b,20757
20754,d,20757
20759,f,20758
20759,c,20758
20759,d,20758
20759,e,20758
20758,e,20758
20757,c,20758
20757,f,20758
20757,e,20758
20758,f,20758
20758,c,20758
20758,d,20758
20758,b,20758
20757,b,20758
20759,b,20758
20757,d,20758
20754,f,20758
20755,f,20758
20756,b,20758
20755,c,20758
20755,d,20758
20755,b,20758
20754,e,20758
20754,c,20758
20755,e,20758
20756,d,20758
20756,c,20758
20756,f,20758
20756,e,20758
20754,b,20758
20754,d,20758
20759,e,20759
20758,d,20759
20758,b,20759
20759,b,20759
20759,d,20759
20758,e,20759
20755,d,20759
20755,e,20759
20756,e,20759
20760,b,20759
20760,d,20759
20760,e,20759
20756,d,20759
20756,b,20759
20757,e,20759
20755,b,20759
20757,b,20759
20757,d,20759
20759,d,20760
20760,d,20760
20760,b,20760
20756,d,20760
20759,b,20760
20761,d,20760
20756,b,20760
20761,b,20760
20757,d,20760
20757,b,20760
20758,b,20760
20758,d,20760
20760,f,20761
20760,c,20761
20760,d,20761
20760,b,20761
20762,c,20761
20761,c,20761
20761,d,20761
20761,b,20761
20757,b,20761
20757,d,20761
20757,c,20761
20762,b,20761
20761,f,20761
20762,f,20761
20762,d,20761
20758,d,20761
20757,f,20761
20758,f,20761
20759,f,20761
20759,c,20761
20759,d,20761
20759,b,20761
20758,b,20761
20758,c,20761
20763,c,20762
20763,f,20762
20763,e,20762
20761,b,20762
20761,d,20762
20762,d,20762
20762,e,20762
20762,b,20762
20762,f,20762
20761,f,20762
20761,e,20762
20763,d,20762
20761,c,20762
20763,b,20762
20762,c,20762
20758,b,20762
20758,c,20762
20758,d,20762
20760,b,20762
20760,d,20762
20760,c,20762
20760,f,20762
20758,f,20762
20760,e,20762
20759,b,20762
20759,d,20762
20759,c,20762
20759,f,20762
20759,e,20762
20758,e,20762
20762,d,20763
20762,b,20763
20762,f,20763
20764,b,20763
20762,c,20763
20762,e,20763
20763,b,20763
20763,d,20763
20763,c,20763
20763,f,20763
20763,e,20763
20760,e,20763
20764,e,20763
20764,f,20763
20764,c,20763
20759,b,20763
20759,d,20763
20764,d,20763
20761,c,20763
20761,d,20763
20761,b,20763
20759,f,20763
20759,e,20763
20760,b,20763
20760,d,20763
20760,c,20763
20760,f,20763
20759,c,20763
20761,e,20763
20761,f,20763
20760,e,20764
20763,c,20764
20763,d,20764
20763,b,20764
20764,e,20764
20764,f,20764
20764,c,20764
20764,d,20764
20764,b,20764
20760,f,20764
20760,c,20764
20760,d,20764
20763,e,20764
20763,f,20764
20760,b,20764
20765,b,20764
20761,e,20764
20761,f,20764
20761,c,20764
20761,d,20764
20762,b,20764
20762,d,20764
20762,c,20764
20762,f,20764
20761,b,20764
20765,e,20764
20765,d,20764
20765,c,20764
20765,f,20764
20762,e,20764
20766,d,20765
20766,c,20765
20766,f,20765
20766,e,20765
20765,e,20765
20765,f,20765
20764,d,20765
20764,c,20765
20764,f,20765
20764,e,20765
20765,b,20765
20765,d,20765
20765,c,20765
20764,b,20765
20766,b,20765
20763,e,20765
20761,b,20765
20762,c,20765
20762,d,20765
20762,b,20765
20761,e,20765
20761,f,20765
20761,c,20765
20761,d,20765
20762,e,20765
20763,b,20765
20762,f,20765
20763,c,20765
20763,f,20765
20763,d,20765
20766,d,20766
20767,c,20766
20767,f,20766
20767,e,20766
20767,d,20766
20765,b,20766
20765,f,20766
20765,e,20766
20766,e,20766
20766,f,20766
20766,c,20766
20766,b,20766
20765,c,20766
20765,d,20766
20767,b,20766
20762,d,20766
20763,e,20766
20763,f,20766
20763,c,20766
20763,d,20766
20763,b,20766
20762,e,20766
20764,b,20766
20764,d,20766
20764,c,20766
20762,b,20766
20764,e,20766
20764,f,20766
20762,c,20766
20762,f,20766
20768,e,20767
20763,b,20767
20767,b,20767
20767,d,20767
20767,e,20767
20766,e,20767
20766,d,20767
20766,b,20767
20763,e,20767
20764,d,20767
20765,b,20767
20765,d,20767
20765,e,20767
20764,b,20767
20768,b,20767
20768,d,20767
20764,e,20767
20763,d,20767
20769,b,20768
20769,d,20768
20768,d,20768
20767,b,20768
20768,b,20768
20767,d,20768
20765,d,20768
20764,b,20768
20765,b,20768
20764,d,20768
20766,b,20768
20766,d,20768
20768,c,20769
20768,d,20769
20768,b,20769
20770,d,20769
20769,f,20769
20769,c,20769
20769,d,20769
20765,b,20769
20765,d,20769
20765,c,20769
20770,b,20769
20768,f,20769
20770,f,20769
20769,b,20769
20766,d,20769
20766,f,20769
20766,c,20769
20766,b,20769
20765,f,20769
20767,b,20769
20767,d,20769
20770,c,20769
20767,f,20769
20767,c,20769
20771,d,20770
20771,c,20770
20771,f,20770
20771,e,20770
20769,b,20770
20769,d,20770
20769,c,20770
20770,c,20770
20766,f,20770
20770,d,20770
20770,f,20770
20770,e,20770
20769,e,20770
20769,f,20770
20770,b,20770
20766,e,20770
20771,b,20770
20767,e,20770
20767,f,20770
20767,c,20770
20767,d,20770
20767,b,20770
20768,d,20770
20768,c,20770
20768,f,20770
20768,b,20770
20766,c,20770
20766,d,20770
20766,b,20770
20768,e,20770
20771,e,20771
20767,d,20771
20767,b,20771
20771,b,20771
20771,d,20771
20770,b,20771
20770,c,20771
20770,f,20771
20770,e,20771
20767,c,20771
20771,c,20771
20771,f,20771
20770,d,20771
20767,f,20771
20772,b,20771
20767,e,20771
20768,d,20771
20768,c,20771
20772,d,20771
20769,b,20771
20769,d,20771
20769,c,20771
20769,f,20771
20768,b,20771
20769,e,20771
20768,e,20771
20772,e,20771
20772,f,20771
20772,c,20771
20768,f,20771
20773,b,20772
20773,d,20772
20773,c,20772
20771,b,20772
20773,e,20772
20771,c,20772
20771,f,20772
20771,e,20772
20772,e,20772
20772,f,20772
20772,c,20772
20772,d,20772
20772,b,20772
20771,d,20772
20773,f,20772
20770,e,20772
20768,c,20772
20769,e,20772
20769,f,20772
20769,c,20772
20769,d,20772
20769,b,20772
20770,d,20772
20770,c,20772
20770,f,20772
20770,b,20772
20768,f,20772
20768,e,20772
20768,d,20772
20768,b,20772
20769,c,20773
20769,d,20773
20769,b,20773
20772,e,20773
20773,e,20773
20772,b,20773
20772,d,20773
20772,c,20773
20769,f,20773
20773,c,20773
20773,f,20773
20773,d,20773
20773,b,20773
20772,f,20773
20774,e,20773
20774,f,20773
20774,c,20773
20774,d,20773
20770,e,20773
20770,f,20773
20770,c,20773
20770,d,20773
20770,b,20773
20771,b,20773
20769,e,20773
20771,c,20773
20771,f,20773
20771,e,20773
20774,b,20773
20771,d,20773
20773,f,20774
20773,e,20774
20773,c,20774
20773,d,20774
20773,b,20774
20774,d,20774
20774,c,20774
20774,f,20774
20774,e,20774
20775,b,20774
20775,d,20774
20770,f,20774
20775,f,20774
20770,c,20774
20770,d,20774
20770,b,20774
20771,b,20774
20771,d,20774
20771,c,20774
20771,f,20774
20771,e,20774
20775,c,20774
20774,b,20774
20770,e,20774
20772,b,20774
20772,d,20774
20772,c,20774
20772,f,20774
20772,e,20774
20775,e,20774
20776,d,20775
20774,e,20775
20774,d,20775
20774,b,20775
20775,e,20775
20775,b,20775
20776,b,20775
20776,e,20775
20775,d,20775
20771,b,20775
20771,e,20775
20773,e,20775
20772,b,20775
20771,d,20775
20772,d,20775
20772,e,20775
20773,b,20775
20773,d,20775
20777,d,20776
20775,d,20776
20775,b,20776
20772,b,20776
20772,d,20776
20776,b,20776
20777,b,20776
20774,b,20776
20773,d,20776
20773,b,20776
20774,d,20776
20776,d,20776
20778,d,20777
20777,b,20777
20778,b,20777
20777,d,20777
20778,c,20777
20777,f,20777
20776,f,20777
20776,c,20777
20776,d,20777
20776,b,20777
20777,c,20777
20778,f,20777
20773,c,20777
20775,c,20777
20773,d,20777
20773,b,20777
20774,b,20777
20775,f,20777
20775,d,20777
20774,d,20777
20775,b,20777
20773,f,20777
20774,c,20777
20774,f,20777
20777,b,20778
20777,c,20778
20777,f,20778
20778,d,20778
20778,c,20778
20779,c,20778
20779,d,20778
20779,b,20778
20777,e,20778
20778,e,20778
20778,f,20778
20778,b,20778
20779,e,20778
20779,f,20778
20777,d,20778
20774,c,20778
20776,b,20778
20776,d,20778
20774,b,20778
20776,c,20778
20776,f,20778
20776,e,20778
20775,e,20778
20775,c,20778
20775,d,20778
20775,b,20778
20774,f,20778
20774,e,20778
20774,d,20778
20775,f,20778
20779,f,20779
20779,c,20779
20779,e,20779
20775,b,20779
20775,c,20779
20775,d,20779
20778,b,20779
20778,d,20779
20776,e,20779
20775,f,20779
20779,d,20779
20778,c,20779
20778,f,20779
20780,d,20779
20780,c,20779
20780,f,20779
20780,e,20779
20776,f,20779
20776,c,20779
20776,d,20779
20776,b,20779
20780,b,20779
20775,e,20779
20777,b,20779
20777,d,20779
20777,c,20779
20777,f,20779
20777,e,20779
20779,b,20779
20778,e,20779
20779,f,20780
20779,d,20780
20779,c,20780
20779,e,20780
20780,e,20780
20780,f,20780
20780,c,20780
20780,d,20780
20780,b,20780
20779,b,20780
20781,e,20780
20776,b,20780
20781,b,20780
20781,d,20780
20777,e,20780
20777,f,20780
20778,b,20780
20778,d,20780
20778,c,20780
20778,f,20780
20778,e,20780
20777,c,20780
20777,d,20780
20777,b,20780
20776,e,20780
20776,f,20780
20776,c,20780
20776,d,20780
20781,c,20780
20781,f,20780
20780,f,20781
20781,c,20781
20781,f,20781
20781,e,20781
20782,b,20781
20782,d,20781
20780,e,20781
20780,b,20781
20780,d,20781
20780,c,20781
20782,c,20781
20777,f,20781
20782,e,20781
20777,b,20781
20777,d,20781
20777,c,20781
20781,b,20781
20777,e,20781
20778,b,20781
20778,d,20781
20778,c,20781
20782,f,20781
20778,e,20781
20778,f,20781
20781,d,20781
20779,b,20781
20779,d,20781
20779,c,20781
20779,e,20781
20779,f,20781
20783,e,20782
20782,b,20782
20782,d,20782
20782,c,20782
20782,f,20782
20782,e,20782
20783,d,20782
20781,d,20782
20781,c,20782
20781,f,20782
20781,e,20782
20783,f,20782
20783,c,20782
20783,b,20782
20781,b,20782
20778,c,20782
20778,d,20782
20779,c,20782
20779,d,20782
20780,b,20782
20780,d,20782
20779,b,20782
20778,e,20782
20778,f,20782
20779,f,20782
20779,e,20782
20780,c,20782
20780,f,20782
20780,e,20782
20778,b,20782
20784,d,20783
20783,b,20783
20782,e,20783
20782,b,20783
20783,d,20783
20783,e,20783
20784,e,20783
20782,d,20783
20784,b,20783
20779,d,20783
20779,e,20783
20780,e,20783
20780,d,20783
20780,b,20783
20781,b,20783
20781,d,20783
20781,e,20783
20779,b,20783
20784,b,20784
20784,d,20784
20783,d,20784
20783,b,20784
20781,b,20784
20781,d,20784
20780,b,20784
20785,b,20784
20785,d,20784
20782,d,20784
20782,b,20784
20780,d,20784
20784,b,20785
20786,c,20785
20784,f,20785
20786,f,20785
20785,d,20785
20785,c,20785
20786,d,20785
20786,b,20785
20785,f,20785
20784,c,20785
20784,d,20785
20785,b,20785
20781,b,20785
20782,f,20785
20783,b,20785
20783,d,20785
20783,c,20785
20783,f,20785
20781,d,20785
20781,c,20785
20781,f,20785
20782,b,20785
20782,d,20785
20782,c,20785
20785,d,20786
20785,b,20786
20785,e,20786
20785,c,20786
20785,f,20786
20783,c,20786
20783,d,20786
20786,b,20786
20786,d,20786
20786,c,20786
20786,f,20786
20786,e,20786
20787,e,20786
20787,f,20786
20787,c,20786
20787,d,20786
20782,b,20786
20787,b,20786
20782,d,20786
20782,e,20786
20783,b,20786
20782,f,20786
20784,d,20786
20784,c,20786
20784,f,20786
20784,e,20786
20784,b,20786
20782,c,20786
20783,f,20786
20783,e,20786
20783,e,20787
20783,f,20787
20783,c,20787
20783,d,20787
20786,b,20787
20787,f,20787
20786,c,20787
20786,f,20787
20786,e,20787
20783,b,20787
20787,b,20787
20787,d,20787
20787,c,20787
20787,e,20787
20786,d,20787
20785,b,20787
20784,e,20787
20784,c,20787
20788,b,20787
20785,d,20787
20785,c,20787
20785,f,20787
20785,e,20787
20784,f,20787
20784,b,20787
20788,e,20787
20788,f,20787
20788,c,20787
20788,d,20787
20784,d,20787
20789,e,20788
20789,f,20788
20789,b,20788
20789,c,20788
20787,e,20788
20787,d,20788
20787,c,20788
20787,f,20788
20788,e,20788
20788,f,20788
20788,c,20788
20788,d,20788
20788,b,20788
20787,b,20788
20789,d,20788
20786,d,20788
20786,b,20788
20785,b,20788
20785,d,20788
20785,c,20788
20786,c,20788
20786,f,20788
20786,e,20788
20785,f,20788
20784,e,20788
20784,f,20788
20784,c,20788
20784,d,20788
20784,b,20788
20785,e,20788
20788,b,20789
20785,b,20789
20788,d,20789
20785,c,20789
20788,f,20789
20788,e,20789
20790,d,20789
20785,d,20789
20790,b,20789
20789,e,20789
20789,f,20789
20789,c,20789
20788,c,20789
20785,f,20789
20789,d,20789
20789,b,20789
20786,d,20789
20786,c,20789
20785,e,20789
20787,b,20789
20787,d,20789
20787,c,20789
20787,f,20789
20786,b,20789
20787,e,20789
20786,e,20789
20790,e,20789
20790,f,20789
20790,c,20789
20786,f,20789
20791,e,20790
20791,f,20790
20791,c,20790
20789,b,20790
20791,b,20790
20789,c,20790
20789,f,20790
20789,e,20790
20790,e,20790
20790,f,20790
20790,c,20790
20790,d,20790
20790,b,20790
20789,d,20790
20791,d,20790
20788,b,20790
20786,e,20790
20786,f,20790
20786,c,20790
20788,e,20790
20788,f,20790
20788,c,20790
20786,d,20790
20786,b,20790
20787,e,20790
20788,d,20790
20787,f,20790
20787,b,20790
20787,d,20790
20787,c,20790
20790,b,20791
20790,e,20791
20790,d,20791
20792,b,20791
20787,b,20791
20791,b,20791
20787,e,20791
20791,d,20791
20791,e,20791
20792,e,20791
20792,d,20791
20789,e,20791
20789,d,20791
20789,b,20791
20788,b,20791
20788,d,20791
20788,e,20791
20787,d,20791
20792,b,20792
20791,b,20792
20791,d,20792
20792,d,20792
20788,b,20792
20788,d,20792
20789,b,20792
20789,d,20792
20793,b,20792
20793,d,20792
20790,d,20792
20790,b,20792
20794,c,20793
20794,f,20793
20793,f,20793
20792,b,20793
20792,d,20793
20793,b,20793
20792,f,20793
20792,c,20793
20793,c,20793
20793,d,20793
20794,b,20793
20791,f,20793
20789,b,20793
20789,d,20793
20790,c,20793
20790,d,20793
20790,b,20793
20791,c,20793
20791,d,20793
20791,b,20793
20794,d,20793
20789,f,20793
20789,c,20793
20790,f,20793
20791,d,20794
20795,d,20794
20795,b,20794
20793,f,20794
20793,d,20794
20793,c,20794
20795,c,20794
20793,e,20794
20794,e,20794
20794,f,20794
20794,c,20794
20794,d,20794
20794,b,20794
20793,b,20794
20791,b,20794
20795,f,20794
20790,e,20794
20791,f,20794
20791,e,20794
20795,e,20794
20790,f,20794
20790,c,20794
20790,d,20794
20790,b,20794
20792,b,20794
20791,c,20794
20792,c,20794
20792,f,20794
20792,e,20794
20792,d,20794
20795,d,20795
20795,c,20795
20796,f,20795
20796,c,20795
20796,d,20795
20796,b,20795
20794,b,20795
20794,d,20795
20794,c,20795
20794,f,20795
20796,e,20795
20794,e,20795
20795,f,20795
20795,e,20795
20795,b,20795
20793,b,20795
20791,d,20795
20792,e,20795
20792,f,20795
20792,c,20795
20792,d,20795
20792,b,20795
20791,e,20795
20791,c,20795
20791,f,20795
20793,e,20795
20793,f,20795
20793,c,20795
20793,d,20795
20791,b,20795
20795,d,20796
20795,b,20796
20795,c,20796
20797,d,20796
20795,f,20796
20792,b,20796
20796,b,20796
20796,d,20796
20796,c,20796
20796,f,20796
20796,e,20796
20797,e,20796
20797,f,20796
20797,b,20796
20795,e,20796
20792,d,20796
20797,c,20796
20792,f,20796
20793,e,20796
20793,f,20796
20793,c,20796
20793,d,20796
20793,b,20796
20792,e,20796
20794,b,20796
20794,d,20796
20792,c,20796
20794,f,20796
20794,c,20796
20794,e,20796
20794,b,20797
20798,d,20797
20798,b,20797
20796,b,20797
20796,d,20797
20796,c,20797
20796,f,20797
20796,e,20797
20797,e,20797
20797,c,20797
20797,d,20797
20797,b,20797
20793,b,20797
20793,d,20797
20793,c,20797
20797,f,20797
20798,f,20797
20798,c,20797
20794,e,20797
20795,b,20797
20795,d,20797
20795,c,20797
20795,f,20797
20795,e,20797
20793,e,20797
20793,f,20797
20798,e,20797
20794,d,20797
20794,c,20797
20794,f,20797
20799,b,20798
20797,c,20798
20797,f,20798
20797,b,20798
20798,e,20798
20798,f,20798
20798,c,20798
20797,e,20798
20798,d,20798
20799,d,20798
20797,d,20798
20798,b,20798
20799,f,20798
20794,b,20798
20794,d,20798
20794,c,20798
20794,f,20798
20794,e,20798
20795,b,20798
20795,d,20798
20795,c,20798
20795,f,20798
20799,c,20798
20795,e,20798
20796,b,20798
20796,d,20798
20796,c,20798
20796,f,20798
20796,e,20798
20799,e,20798
20800,b,20799
20798,e,20799
20798,d,20799
20799,e,20799
20799,d,20799
20799,b,20799
20800,e,20799
20800,d,20799
20798,b,20799
20795,d,20799
20797,b,20799
20797,d,20799
20796,d,20799
20796,b,20799
20795,b,20799
20795,e,20799
20796,e,20799
20797,e,20799
20798,b,20800
20801,b,20800
20796,b,20800
20799,d,20800
20799,b,20800
20797,b,20800
20800,d,20800
20797,d,20800
20801,d,20800
20796,d,20800
20798,d,20800
20800,b,20800
20802,b,20801
20797,c,20801
20800,b,20801
20800,d,20801
20800,c,20801
20800,f,20801
20801,f,20801
20801,c,20801
20801,d,20801
20801,b,20801
20802,d,20801
20802,c,20801
20799,d,20801
20797,f,20801
20797,d,20801
20799,f,20801
20797,b,20801
20798,b,20801
20798,d,20801
20798,c,20801
20799,c,20801
20799,b,20801
20798,f,20801
20802,f,20801
20801,b,20802
20803,c,20802
20802,b,20802
20803,e,20802
20802,f,20802
20802,c,20802
20801,d,20802
20801,c,20802
20801,f,20802
20801,e,20802
20802,d,20802
20803,f,20802
20802,e,20802
20803,b,20802
20800,e,20802
20803,d,20802
20799,b,20802
20799,d,20802
20800,b,20802
20800,d,20802
20800,c,20802
20800,f,20802
20798,f,20802
20799,c,20802
20799,f,20802
20799,e,20802
20798,c,20802
20798,d,20802
20798,b,20802
20798,e,20802
20799,b,20803
20800,c,20803
20802,e,20803
20802,d,20803
20802,c,20803
20802,f,20803
20804,b,20803
20803,e,20803
20803,f,20803
20803,c,20803
20803,d,20803
20803,b,20803
20802,b,20803
20800,f,20803
20804,d,20803
20804,f,20803
20800,d,20803
20800,b,20803
20799,e,20803
20804,c,20803
20799,c,20803
20799,d,20803
20801,b,20803
20801,d,20803
20799,f,20803
20801,f,20803
20804,e,20803
20801,c,20803
20800,e,20803
20801,e,20803
20804,c,20804
20803,e,20804
20803,f,20804
20803,c,20804
20803,d,20804
20804,e,20804
20804,d,20804
20804,b,20804
20805,b,20804
20805,d,20804
20805,c,20804
20805,f,20804
20805,e,20804
20804,f,20804
20803,b,20804
20800,b,20804
20801,c,20804
20801,b,20804
20800,d,20804
20800,c,20804
20800,f,20804
20800,e,20804
20801,e,20804
20801,f,20804
20801,d,20804
20802,e,20804
20802,f,20804
20802,c,20804
20802,d,20804
20802,b,20804
20801,c,20805
20801,b,20805
20804,b,20805
20804,d,20805
20806,d,20805
20804,f,20805
20804,e,20805
20806,c,20805
20801,d,20805
20806,b,20805
20805,e,20805
20805,f,20805
20805,c,20805
20804,c,20805
20805,b,20805
20805,d,20805
20801,e,20805
20802,e,20805
20802,f,20805
20802,c,20805
20802,d,20805
20801,f,20805
20803,b,20805
20803,d,20805
20803,c,20805
20803,f,20805
20802,b,20805
20806,f,20805
20806,e,20805
20803,e,20805
20807,b,20806
20807,e,20806
20807,f,20806
20807,c,20806
20806,b,20806
20806,d,20806
20805,b,20806
20805,c,20806
20805,f,20806
20805,e,20806
20806,c,20806
20806,f,20806
20806,e,20806
20805,d,20806
20802,f,20806
20807,d,20806
20803,b,20806
20803,c,20806
20804,b,20806
20804,d,20806
20804,c,20806
20803,d,20806
20802,e,20806
20803,f,20806
20802,b,20806
20803,e,20806
20802,c,20806
20804,f,20806
20804,e,20806
20802,d,20806
20806,e,20807
20808,d,20807
20806,b,20807
20807,b,20807
20807,d,20807
20807,e,20807
20808,e,20807
20806,d,20807
20808,b,20807
20803,d,20807
20803,e,20807
20804,e,20807
20804,d,20807
20804,b,20807
20805,b,20807
20805,d,20807
20805,e,20807
20803,b,20807
20804,b,20808
20808,b,20808
20808,d,20808
20807,d,20808
20807,b,20808
20805,b,20808
20805,d,20808
20809,b,20808
20809,d,20808
20806,d,20808
20806,b,20808
20804,d,20808
20808,d,20809
20808,b,20809
20809,b,20809
20809,d,20809
20809,c,20809
20809,f,20809
20810,f,20809
20810,c,20809
20810,d,20809
20810,b,20809
20808,f,20809
20808,c,20809
20805,d,20809
20805,b,20809
20807,b,20809
20807,d,20809
20807,c,20809
20807,f,20809
20805,c,20809
20805,f,20809
20806,b,20809
20806,d,20809
20806,c,20809
20806,f,20809
20809,d,20810
20809,b,20810
20809,e,20810
20809,c,20810
20809,f,20810
20807,c,20810
20806,b,20810
20810,b,20810
20810,d,20810
20810,c,20810
20810,f,20810
20810,e,20810
20811,e,20810
20811,f,20810
20811,c,20810
20807,d,20810
20806,d,20810
20811,b,20810
20806,c,20810
20811,d,20810
20807,b,20810
20806,e,20810
20808,d,20810
20808,c,20810
20808,f,20810
20808,e,20810
20808,b,20810
20806,f,20810
20807,f,20810
20807,e,20810
20807,e,20811
20807,f,20811
20807,c,20811
20807,d,20811
20810,b,20811
20811,f,20811
20810,c,20811
20810,f,20811
20810,e,20811
20807,b,20811
20811,b,20811
20811,d,20811
20811,c,20811
20811,e,20811
20810,d,20811
20809,b,20811
20808,e,20811
20808,c,20811
20812,b,20811
20809,d,20811
20809,c,20811
20809,f,20811
20809,e,20811
20808,f,20811
20808,b,20811
20812,e,20811
20812,f,20811
20812,c,20811
20812,d,20811
20808,d,20811
20813,e,20812
20813,f,20812
20813,b,20812
20813,c,20812
20811,e,20812
20811,d,20812
20811,c,20812
20811,f,20812
20812,e,20812
20812,f,20812
20812,c,20812
20812,d,20812
20812,b,20812
20811,b,20812
20813,d,20812
20808,b,20812
20808,d,20812
20809,e,20812
20809,f,20812
20809,c,20812
20809,d,20812
20809,b,20812
20810,d,20812
20810,c,20812
20810,f,20812
20810,b,20812
20808,c,20812
20808,f,20812
20808,e,20812
20810,e,20812
20809,c,20813
20809,d,20813
20809,b,20813
20813,b,20813
20812,f,20813
20812,b,20813
20812,d,20813
20812,c,20813
20809,f,20813
20813,f,20813
20813,e,20813
20813,c,20813
20813,d,20813
20812,e,20813
20809,e,20813
20810,f,20813
20810,e,20813
20810,b,20813
20811,b,20813
20811,d,20813
20811,c,20813
20810,c,20813
20811,f,20813
20814,d,20813
20814,b,20813
20814,c,20813
20814,f,20813
20814,e,20813
20811,e,20813
20810,d,20813
20814,b,20814
20815,d,20814
20813,d,20814
20813,c,20814
20813,f,20814
20815,c,20814
20814,c,20814
20814,f,20814
20814,e,20814
20815,b,20814
20813,b,20814
20813,e,20814
20810,f,20814
20815,e,20814
20810,c,20814
20810,d,20814
20810,b,20814
20811,b,20814
20811,d,20814
20811,c,20814
20811,f,20814
20811,e,20814
20815,f,20814
20814,d,20814
20810,e,20814
20812,b,20814
20812,d,20814
20812,c,20814
20812,f,20814
20812,e,20814
20816,d,20815
20814,e,20815
20814,d,20815
20814,b,20815
20815,e,20815
20815,d,20815
20815,b,20815
20816,b,20815
20816,e,20815
20812,d,20815
20813,e,20815
20813,b,20815
20813,d,20815
20811,b,20815
20812,b,20815
20811,e,20815
20811,d,20815
20812,e,20815
20817,b,20816
20814,b,20816
20812,b,20816
20815,d,20816
20815,b,20816
20813,b,20816
20816,d,20816
20816,b,20816
20813,d,20816
20817,d,20816
20812,d,20816
20814,d,20816
20818,b,20817
20818,d,20817
20813,c,20817
20816,b,20817
20816,d,20817
20816,c,20817
20816,f,20817
20817,f,20817
20817,c,20817
20817,d,20817
20817,b,20817
20818,c,20817
20818,f,20817
20815,c,20817
20813,d,20817
20815,f,20817
20813,b,20817
20814,b,20817
20814,d,20817
20815,d,20817
20815,b,20817
20814,c,20817
20813,f,20817
20814,f,20817
20818,d,20818
20817,b,20818
20817,d,20818
20819,e,20818
20819,f,20818
20818,b,20818
20818,e,20818
20818,f,20818
20817,c,20818
20817,f,20818
20817,e,20818
20818,c,20818
20819,c,20818
20819,d,20818
20819,b,20818
20814,f,20818
20814,e,20818
20815,b,20818
20815,d,20818
20816,b,20818
20816,d,20818
20816,c,20818
20816,f,20818
20816,e,20818
20815,c,20818
20815,f,20818
20815,e,20818
20814,c,20818
20814,d,20818
20814,b,20818
20815,b,20819
20818,b,20819
20818,d,20819
20816,f,20819
20818,f,20819
20818,e,20819
20815,d,20819
20819,e,20819
20819,f,20819
20819,c,20819
20819,d,20819
20819,b,20819
20818,c,20819
20816,e,20819
20820,b,20819
20815,c,20819
20816,b,20819
20816,d,20819
20820,d,20819
20817,b,20819
20817,d,20819
20817,c,20819
20817,f,20819
20815,e,20819
20817,e,20819
20820,e,20819
20820,f,20819
20820,c,20819
20816,c,20819
20815,f,20819
20820,e,20820
20821,b,20820
20821,d,20820
20821,c,20820
20819,e,20820
20819,d,20820
20819,c,20820
20819,f,20820
20821,e,20820
20820,f,20820
20820,c,20820
20820,d,20820
20820,b,20820
20819,b,20820
20821,f,20820
20818,e,20820
20817,c,20820
20816,b,20820
20816,d,20820
20816,c,20820
20816,f,20820
20817,b,20820
20817,e,20820
20817,f,20820
20816,e,20820
20818,f,20820
20818,c,20820
20818,d,20820
20818,b,20820
20817,d,20820
20817,c,20821
20817,b,20821
20820,b,20821
20822,d,20821
20820,c,20821
20820,f,20821
20820,e,20821
20817,d,20821
20822,b,20821
20821,e,20821
20821,f,20821
20821,c,20821
20820,d,20821
20821,d,20821
20821,b,20821
20822,c,20821
20818,e,20821
20818,f,20821
20818,c,20821
20818,d,20821
20817,f,20821
20817,e,20821
20819,b,20821
20819,d,20821
20819,c,20821
20818,b,20821
20819,e,20821
20822,f,20821
20822,e,20821
20819,f,20821
20823,c,20822
20823,f,20822
20823,e,20822
20822,b,20822
20822,d,20822
20821,b,20822
20821,c,20822
20821,f,20822
20821,e,20822
20822,c,20822
20822,f,20822
20822,e,20822
20821,d,20822
20818,f,20822
20823,b,20822
20819,e,20822
20818,c,20822
20818,d,20822
20818,e,20822
20818,b,20822
20820,e,20822
20820,f,20822
20820,c,20822
20823,d,20822
20820,b,20822
20819,f,20822
20820,d,20822
20819,c,20822
20819,d,20822
20819,b,20822
20819,e,20823
20822,d,20823
20822,e,20823
20823,d,20823
20823,b,20823
20822,b,20823
20823,e,20823
20820,d,20823
20819,d,20823
20824,b,20823
20824,d,20823
20824,e,20823
20821,e,20823
20821,d,20823
20821,b,20823
20820,b,20823
20820,e,20823
20819,b,20823
20823,d,20824
20824,b,20824
20824,d,20824
20823,b,20824
20825,d,20824
20825,b,20824
20821,d,20824
20820,d,20824
20821,b,20824
20822,b,20824
20820,b,20824
20822,d,20824
20824,c,20825
20824,d,20825
20824,b,20825
20825,f,20825
20825,c,20825
20825,d,20825
20821,b,20825
20821,d,20825
20821,c,20825
20826,b,20825
20826,d,20825
20824,f,20825
20826,f,20825
20825,b,20825
20822,b,20825
20822,f,20825
20822,c,20825
20822,d,20825
20821,f,20825
20823,b,20825
20823,d,20825
20826,c,20825
20823,f,20825
20823,c,20825
20825,e,20826
20825,f,20826
20826,d,20826
20826,e,20826
20826,f,20826
20826,c,20826
20825,c,20826
20825,d,20826
20825,b,20826
20827,e,20826
20827,f,20826
20827,c,20826
20827,d,20826
20826,b,20826
20822,e,20826
20827,b,20826
20823,e,20826
20823,f,20826
20823,c,20826
20823,d,20826
20823,b,20826
20824,b,20826
20824,d,20826
20824,c,20826
20824,f,20826
20822,f,20826
20822,c,20826
20822,d,20826
20822,b,20826
20824,e,20826
20827,e,20827
20823,d,20827
20823,b,20827
20827,b,20827
20827,d,20827
20826,b,20827
20826,c,20827
20826,f,20827
20826,e,20827
20823,c,20827
20827,c,20827
20827,f,20827
20826,d,20827
20823,f,20827
20828,b,20827
20823,e,20827
20824,c,20827
20824,f,20827
20824,e,20827
20825,b,20827
20825,d,20827
20825,c,20827
20825,f,20827
20824,d,20827
20825,e,20827
20828,e,20827
20828,f,20827
20828,c,20827
20828,d,20827
20824,b,20827
20829,d,20828
20829,c,20828
20829,f,20828
20829,b,20828
20827,e,20828
20827,d,20828
20827,c,20828
20827,f,20828
20828,e,20828
20828,f,20828
20828,c,20828
20828,b,20828
20827,b,20828
20829,e,20828
20828,d,20828
20826,e,20828
20825,e,20828
20824,b,20828
20824,d,20828
20824,c,20828
20824,f,20828
20824,e,20828
20825,f,20828
20825,b,20828
20825,d,20828
20826,f,20828
20826,c,20828
20826,d,20828
20826,b,20828
20825,c,20828
20825,d,20829
20830,f,20829
20828,b,20829
20828,d,20829
20830,b,20829
20828,f,20829
20828,e,20829
20830,c,20829
20830,d,20829
20825,b,20829
20829,e,20829
20829,f,20829
20829,b,20829
20828,c,20829
20829,d,20829
20829,c,20829
20825,f,20829
20826,e,20829
20826,f,20829
20826,c,20829
20826,d,20829
20826,b,20829
20825,c,20829
20827,b,20829
20827,d,20829
20827,c,20829
20825,e,20829
20827,e,20829
20830,e,20829
20827,f,20829
20831,e,20830
20831,f,20830
20831,c,20830
20830,b,20830
20830,d,20830
20830,c,20830
20830,f,20830
20829,d,20830
20829,c,20830
20829,f,20830
20829,e,20830
20826,e,20830
20831,b,20830
20831,d,20830
20829,b,20830
20826,f,20830
20830,e,20830
20828,b,20830
20827,d,20830
20827,b,20830
20826,b,20830
20828,e,20830
20828,f,20830
20826,d,20830
20826,c,20830
20828,d,20830
20828,c,20830
20827,c,20830
20827,f,20830
20827,e,20830
20827,b,20831
20832,b,20831
20827,d,20831
20830,e,20831
20830,b,20831
20827,e,20831
20830,d,20831
20831,d,20831
20831,e,20831
20832,e,20831
20832,d,20831
20829,e,20831
20829,d,20831
20829,b,20831
20828,b,20831
20828,d,20831
20828,e,20831
20831,b,20831
20832,b,20832
20831,b,20832
20831,d,20832
20832,d,20832
20828,b,20832
20828,d,20832
20829,b,20832
20829,d,20832
20833,b,20832
20833,d,20832
20830,d,20832
20830,b,20832
20834,c,20833
20834,f,20833
20833,f,20833
20832,b,20833
20832,d,20833
20833,b,20833
20832,f,20833
20832,c,20833
20833,c,20833
20833,d,20833
20834,b,20833
20831,f,20833
20829,b,20833
20829,d,20833
20830,c,20833
20830,d,20833
20830,b,20833
20831,c,20833
20831,d,20833
20831,b,20833
20834,d,20833
20829,f,20833
20829,c,20833
20830,f,20833
20831,d,20834
20835,d,20834
20835,b,20834
20833,f,20834
20833,d,20834
20833,c,20834
20835,c,20834
20833,e,20834
20834,e,20834
20834,f,20834
20834,c,20834
20834,d,20834
20834,b,20834
20833,b,20834
20835,f,20834
20835,e,20834
20830,e,20834
20831,f,20834
20831,e,20834
20831,b,20834
20830,f,20834
20830,c,20834
20830,d,20834
20830,b,20834
20832,b,20834
20831,c,20834
20832,c,20834
20832,f,20834
20832,e,20834
20832,d,20834
20835,d,20835
20835,c,20835
20836,f,20835
20836,e,20835
20836,c,20835
20836,d,20835
20834,b,20835
20834,d,20835
20834,c,20835
20834,f,20835
20834,e,20835
20835,f,20835
20835,e,20835
20836,b,20835
20835,b,20835
20831,d,20835
20831,c,20835
20832,e,20835
20832,f,20835
20832,c,20835
20832,d,20835
20832,b,20835
20833,b,20835
20833,d,20835
20833,c,20835
20833,f,20835
20831,f,20835
20831,e,20835
20831,b,20835
20833,e,20835
20837,b,20836
20832,c,20836
20832,d,20836
20832,b,20836
20836,b,20836
20836,d,20836
20836,c,20836
20835,d,20836
20835,c,20836
20835,f,20836
20835,e,20836
20832,f,20836
20836,f,20836
20836,e,20836
20835,b,20836
20837,d,20836
20837,e,20836
20837,f,20836
20833,e,20836
20833,f,20836
20833,c,20836
20833,d,20836
20837,c,20836
20834,b,20836
20834,d,20836
20834,c,20836
20834,f,20836
20833,b,20836
20832,e,20836
20834,e,20836
20838,e,20837
20838,f,20837
20838,c,20837
20833,e,20837
20837,b,20837
20837,d,20837
20837,c,20837
20838,d,20837
20836,c,20837
20836,f,20837
20836,e,20837
20837,f,20837
20837,e,20837
20838,b,20837
20836,d,20837
20836,b,20837
20833,f,20837
20833,d,20837
20834,c,20837
20835,b,20837
20835,d,20837
20834,d,20837
20834,b,20837
20833,b,20837
20834,f,20837
20833,c,20837
20835,c,20837
20834,e,20837
20835,e,20837
20835,f,20837
20838,b,20838
20838,d,20838
20838,c,20838
20838,f,20838
20838,e,20838
20837,e,20838
20837,f,20838
20837,c,20838
20839,d,20838
20839,e,20838
20839,f,20838
20837,b,20838
20839,c,20838
20837,d,20838
20839,b,20838
20834,d,20838
20835,e,20838
20835,f,20838
20835,c,20838
20835,d,20838
20835,b,20838
20836,b,20838
20836,d,20838
20836,c,20838
20836,f,20838
20834,b,20838
20836,e,20838
20834,c,20838
20834,f,20838
20834,e,20838
20840,d,20839
20835,d,20839
20835,b,20839
20839,b,20839
20839,d,20839
20838,e,20839
20838,d,20839
20835,e,20839
20840,e,20839
20838,b,20839
20836,e,20839
20836,d,20839
20837,b,20839
20837,d,20839
20837,e,20839
20836,b,20839
20839,e,20839
20840,b,20839
20839,b,20840
20839,d,20840
20840,d,20840
20840,b,20840
20841,d,20840
20841,b,20840
20837,d,20840
20837,b,20840
20836,d,20840
20836,b,20840
20838,d,20840
20838,b,20840
20840,d,20841
20840,f,20841
20842,d,20841
20840,b,20841
20841,f,20841
20841,c,20841
20841,d,20841
20841,b,20841
20837,b,20841
20842,b,20841
20840,c,20841
20842,c,20841
20842,f,20841
20837,f,20841
20838,d,20841
20838,b,20841
20837,c,20841
20837,d,20841
20839,b,20841
20838,c,20841
20839,d,20841
20839,f,20841
20838,f,20841
20839,c,20841
20841,b,20842
20843,e,20842
20841,d,20842
20843,b,20842
20843,d,20842
20841,c,20842
20842,d,20842
20842,c,20842
20841,e,20842
20842,e,20842
20842,f,20842
20843,f,20842
20842,b,20842
20841,f,20842
20843,c,20842
20839,d,20842
20838,d,20842
20838,c,20842
20838,b,20842
20840,b,20842
20840,d,20842
20840,c,20842
20840,f,20842
20838,f,20842
20840,e,20842
20839,b,20842
20839,c,20842
20839,f,20842
20839,e,20842
20838,e,20842
20842,d,20843
20842,b,20843
20842,f,20843
20839,b,20843
20842,c,20843
20842,e,20843
20839,d,20843
20843,b,20843
20843,d,20843
20843,c,20843
20843,f,20843
20843,e,20843
20844,e,20843
20844,f,20843
20844,c,20843
20844,d,20843
20839,c,20843
20844,b,20843
20841,f,20843
20841,c,20843
20841,d,20843
20841,b,20843
20839,e,20843
20840,b,20843
20840,d,20843
20840,c,20843
20840,f,20843
20840,e,20843
20841,e,20843
20839,f,20843
20843,b,20844
20843,c,20844
20843,f,20844
20843,e,20844
20844,e,20844
20844,f,20844
20844,c,20844
20844,d,20844
20844,b,20844
20840,e,20844
20840,f,20844
20840,c,20844
20843,d,20844
20845,b,20844
20840,d,20844
20845,c,20844
20840,b,20844
20841,e,20844
20841,f,20844
20841,c,20844
20845,d,20844
20841,b,20844
20842,b,20844
20842,d,20844
20842,c,20844
20841,d,20844
20842,e,20844
20845,f,20844
20845,e,20844
20842,f,20844
20846,d,20845
20846,c,20845
20846,f,20845
20846,e,20845
20845,b,20845
20845,d,20845
20844,d,20845
20844,c,20845
20844,e,20845
20845,c,20845
20845,f,20845
20845,e,20845
20844,b,20845
20846,b,20845
20844,f,20845
20842,e,20845
20842,b,20845
20842,f,20845
20843,b,20845
20842,d,20845
20843,d,20845
20843,c,20845
20843,f,20845
20841,e,20845
20841,f,20845
20841,c,20845
20841,d,20845
20841,b,20845
20842,c,20845
20843,e,20845
20845,d,20846
20845,b,20846
20845,c,20846
20846,e,20846
20845,e,20846
20847,f,20846
20847,c,20846
20847,d,20846
20846,f,20846
20846,b,20846
20845,f,20846
20847,b,20846
20842,b,20846
20842,d,20846
20843,e,20846
20843,f,20846
20843,c,20846
20843,d,20846
20843,b,20846
20846,d,20846
20844,d,20846
20844,c,20846
20844,f,20846
20844,b,20846
20847,e,20846
20842,e,20846
20842,f,20846
20842,c,20846
20844,e,20846
20846,c,20846
20848,b,20847
20847,e,20847
20847,d,20847
20846,e,20847
20846,d,20847
20846,b,20847
20843,e,20847
20848,d,20847
20847,b,20847
20848,e,20847
20843,d,20847
20844,b,20847
20844,d,20847
20844,e,20847
20845,b,20847
20845,d,20847
20845,e,20847
20843,b,20847
20849,b,20848
20849,d,20848
20847,d,20848
20847,b,20848
20844,b,20848
20844,d,20848
20845,b,20848
20848,d,20848
20845,d,20848
20846,b,20848
20848,b,20848
20846,d,20848
20848,f,20849
20849,f,20849
20849,c,20849
20848,d,20849
20848,b,20849
20850,c,20849
20849,d,20849
20849,b,20849
20850,b,20849
20850,d,20849
20848,c,20849
20850,f,20849
20845,c,20849
20847,f,20849
20845,d,20849
20845,b,20849
20846,b,20849
20845,f,20849
20847,c,20849
20846,d,20849
20847,d,20849
20847,b,20849
20846,c,20849
20846,f,20849
20849,b,20850
20849,d,20850
20849,c,20850
20850,d,20850
20850,c,20850
20851,c,20850
20851,d,20850
20851,b,20850
20849,e,20850
20850,e,20850
20850,f,20850
20850,b,20850
20851,e,20850
20851,f,20850
20849,f,20850
20846,e,20850
20847,e,20850
20847,f,20850
20847,c,20850
20847,d,20850
20847,b,20850
20848,b,20850
20848,d,20850
20848,c,20850
20848,f,20850
20846,f,20850
20846,c,20850
20846,d,20850
20846,b,20850
20848,e,20850
20851,e,20851
20847,f,20851
20847,c,20851
20847,d,20851
20847,b,20851
20851,b,20851
20850,b,20851
20850,d,20851
20850,c,20851
20850,f,20851
20852,b,20851
20851,c,20851
20851,f,20851
20851,d,20851
20850,e,20851
20852,d,20851
20852,f,20851
20848,d,20851
20852,c,20851
20848,c,20851
20847,e,20851
20849,b,20851
20849,d,20851
20849,c,20851
20849,f,20851
20849,e,20851
20848,f,20851
20848,e,20851
20852,e,20851
20848,b,20851
20853,d,20852
20853,c,20852
20853,e,20852
20851,b,20852
20851,e,20852
20851,c,20852
20851,f,20852
20853,b,20852
20852,e,20852
20852,f,20852
20852,c,20852
20852,d,20852
20852,b,20852
20851,d,20852
20848,b,20852
20853,f,20852
20849,d,20852
20849,e,20852
20848,d,20852
20848,c,20852
20848,f,20852
20848,e,20852
20849,f,20852
20849,c,20852
20850,e,20852
20850,f,20852
20850,c,20852
20850,d,20852
20850,b,20852
20849,b,20852
20852,b,20853
20849,c,20853
20852,d,20853
20852,c,20853
20854,d,20853
20852,e,20853
20854,f,20853
20854,c,20853
20849,b,20853
20854,b,20853
20853,e,20853
20853,f,20853
20853,b,20853
20852,f,20853
20849,d,20853
20853,c,20853
20849,f,20853
20850,e,20853
20850,f,20853
20850,c,20853
20850,d,20853
20850,b,20853
20853,d,20853
20851,d,20853
20851,c,20853
20851,f,20853
20851,b,20853
20849,e,20853
20854,e,20853
20851,e,20853
20855,d,20854
20855,e,20854
20855,f,20854
20855,c,20854
20854,b,20854
20854,d,20854
20853,b,20854
20853,c,20854
20853,f,20854
20853,e,20854
20854,c,20854
20854,f,20854
20850,e,20854
20855,b,20854
20853,d,20854
20850,f,20854
20854,e,20854
20852,d,20854
20852,c,20854
20852,f,20854
20851,e,20854
20851,f,20854
20851,c,20854
20851,d,20854
20852,b,20854
20852,e,20854
20850,c,20854
20850,d,20854
20850,b,20854
20851,b,20854
20856,b,20855
20855,b,20855
20851,b,20855
20851,d,20855
20854,e,20855
20854,b,20855
20854,d,20855
20855,d,20855
20855,e,20855
20856,e,20855
20853,e,20855
20853,d,20855
20853,b,20855
20852,b,20855
20852,d,20855
20852,e,20855
20856,d,20855
20851,e,20855
20855,b,20856
20855,d,20856
20856,b,20856
20856,d,20856
20852,d,20856
20854,b,20856
20852,b,20856
20853,b,20856
20857,b,20856
20857,d,20856
20853,d,20856
20854,d,20856
20858,c,20857
20858,f,20857
20857,f,20857
20856,d,20857
20856,c,20857
20857,d,20857
20857,b,20857
20856,f,20857
20856,b,20857
20857,c,20857
20858,d,20857
20858,b,20857
20853,b,20857
20853,d,20857
20854,f,20857
20854,c,20857
20854,d,20857
20855,f,20857
20855,c,20857
20855,d,20857
20855,b,20857
20854,b,20857
20853,f,20857
20853,c,20857
20855,b,20858
20859,d,20858
20859,b,20858
20857,b,20858
20857,f,20858
20857,c,20858
20859,c,20858
20857,e,20858
20858,e,20858
20858,f,20858
20858,c,20858
20858,d,20858
20858,b,20858
20857,d,20858
20855,d,20858
20859,f,20858
20854,f,20858
20855,f,20858
20855,e,20858
20854,e,20858
20859,e,20858
20854,c,20858
20854,d,20858
20854,b,20858
20856,b,20858
20855,c,20858
20856,c,20858
20856,f,20858
20856,e,20858
20856,d,20858
20859,d,20859
20859,c,20859
20860,f,20859
20860,c,20859
20860,d,20859
20860,b,20859
20858,b,20859
20858,d,20859
20858,c,20859
20858,f,20859
20860,e,20859
20859,f,20859
20859,e,20859
20859,b,20859
20858,e,20859
20855,d,20859
20856,e,20859
20856,f,20859
20856,c,20859
20856,d,20859
20856,b,20859
20855,e,20859
20857,b,20859
20857,d,20859
20857,c,20859
20855,c,20859
20857,e,20859
20855,f,20859
20855,b,20859
20857,f,20859
20856,d,20860
20856,b,20860
20860,b,20860
20860,d,20860
20860,c,20860
20860,f,20860
20859,d,20860
20859,c,20860
20859,f,20860
20859,e,20860
20856,c,20860
20860,e,20860
20861,b,20860
20859,b,20860
20861,d,20860
20861,f,20860
20861,e,20860
20857,e,20860
20857,f,20860
20857,c,20860
20857,d,20860
20857,b,20860
20861,c,20860
20858,b,20860
20858,d,20860
20858,c,20860
20856,e,20860
20858,e,20860
20858,f,20860
20856,f,20860
20862,b,20861
20861,e,20861
20860,e,20861
20860,f,20861
20860,c,20861
20860,d,20861
20862,c,20861
20861,f,20861
20861,c,20861
20861,d,20861
20861,b,20861
20862,f,20861
20862,e,20861
20857,f,20861
20862,d,20861
20860,b,20861
20857,e,20861
20857,c,20861
20858,f,20861
20859,b,20861
20859,d,20861
20858,c,20861
20858,d,20861
20858,b,20861
20857,b,20861
20858,e,20861
20859,c,20861
20857,d,20861
20859,e,20861
20859,f,20861
20862,d,20862
20863,d,20862
20861,b,20862
20863,b,20862
20863,c,20862
20863,f,20862
20861,c,20862
20861,f,20862
20863,e,20862
20862,e,20862
20862,f,20862
20862,c,20862
20862,b,20862
20861,e,20862
20858,b,20862
20861,d,20862
20858,c,20862
20858,d,20862
20860,c,20862
20860,d,20862
20860,b,20862
20859,b,20862
20859,d,20862
20859,c,20862
20860,e,20862
20860,f,20862
20859,f,20862
20859,e,20862
20858,e,20862
20858,f,20862
20859,e,20863
20863,b,20863
20859,b,20863
20859,d,20863
20862,e,20863
20862,d,20863
20860,b,20863
20863,d,20863
20863,e,20863
20864,b,20863
20864,d,20863
20861,e,20863
20861,d,20863
20861,b,20863
20860,e,20863
20864,e,20863
20860,d,20863
20862,b,20863
20863,b,20864
20863,d,20864
20864,d,20864
20864,b,20864
20865,b,20864
20860,b,20864
20860,d,20864
20865,d,20864
20861,b,20864
20861,d,20864
20862,d,20864
20862,b,20864
20866,f,20865
20864,b,20865
20864,f,20865
20866,b,20865
20866,d,20865
20866,c,20865
20865,f,20865
20864,d,20865
20863,f,20865
20865,c,20865
20863,d,20865
20865,b,20865
20865,d,20865
20862,f,20865
20862,c,20865
20862,d,20865
20862,b,20865
20861,f,20865
20861,c,20865
20861,d,20865
20861,b,20865
20863,b,20865
20863,c,20865
20864,c,20865
20865,f,20866
20865,c,20866
20865,d,20866
20865,b,20866
20867,d,20866
20867,c,20866
20866,b,20866
20866,d,20866
20866,c,20866
20866,f,20866
20866,e,20866
20867,f,20866
20867,b,20866
20865,e,20866
20867,e,20866
20863,d,20866
20862,f,20866
20862,d,20866
20862,b,20866
20863,b,20866
20863,c,20866
20863,f,20866
20863,e,20866
20862,c,20866
20864,b,20866
20864,d,20866
20864,c,20866
20862,e,20866
20864,e,20866
20864,f,20866
20863,b,20867
20864,c,20867
20864,e,20867
20868,d,20867
20866,b,20867
20866,d,20867
20863,d,20867
20866,c,20867
20866,e,20867
20868,b,20867
20867,e,20867
20867,f,20867
20867,c,20867
20867,d,20867
20867,b,20867
20866,f,20867
20863,c,20867
20864,f,20867
20864,d,20867
20864,b,20867
20863,e,20867
20865,b,20867
20865,d,20867
20865,c,20867
20863,f,20867
20865,f,20867
20865,e,20867
20868,c,20867
20868,f,20867
20868,e,20867
20869,d,20868
20869,e,20868
20869,f,20868
20868,b,20868
20868,d,20868
20869,b,20868
20868,c,20868
20867,d,20868
20867,c,20868
20867,f,20868
20869,c,20868
20868,f,20868
20868,e,20868
20867,b,20868
20867,e,20868
20864,d,20868
20864,b,20868
20864,c,20868
20864,f,20868
20864,e,20868
20865,b,20868
20865,d,20868
20865,f,20868
20865,e,20868
20866,b,20868
20865,c,20868
20866,e,20868
20866,f,20868
20866,c,20868
20866,d,20868
20865,b,20869
20865,c,20869
20865,f,20869
20865,d,20869
20868,b,20869
20865,e,20869
20868,c,20869
20868,f,20869
20868,e,20869
20870,b,20869
20869,e,20869
20869,f,20869
20869,c,20869
20868,d,20869
20870,d,20869
20869,d,20869
20870,c,20869
20866,f,20869
20869,b,20869
20866,b,20869
20867,b,20869
20867,d,20869
20867,c,20869
20867,f,20869
20867,e,20869
20866,e,20869
20870,e,20869
20870,f,20869
20866,c,20869
20866,d,20869
20871,f,20870
20871,e,20870
20871,c,20870
20871,d,20870
20869,e,20870
20869,d,20870
20869,c,20870
20869,f,20870
20870,e,20870
20870,f,20870
20870,c,20870
20870,d,20870
20870,b,20870
20869,b,20870
20871,b,20870
20866,e,20870
20868,b,20870
20866,d,20870
20866,b,20870
20867,b,20870
20867,d,20870
20867,c,20870
20867,f,20870
20867,e,20870
20866,c,20870
20868,d,20870
20866,f,20870
20868,f,20870
20868,e,20870
20868,c,20870
20868,e,20871
20868,d,20871
20871,b,20871
20871,d,20871
20870,e,20871
20872,b,20871
20870,b,20871
20868,b,20871
20872,d,20871
20872,e,20871
20867,b,20871
20867,d,20871
20867,e,20871
20869,d,20871
20869,e,20871
20871,e,20871
20869,b,20871
20870,d,20871
20871,b,20872
20872,d,20872
20871,d,20872
20872,b,20872
20868,b,20872
20870,d,20872
20869,b,20872
20869,d,20872
20868,d,20872
20873,b,20872
20873,d,20872
20870,b,20872
20874,c,20873
20874,f,20873
20873,f,20873
20872,c,20873
20872,f,20873
20873,d,20873
20873,b,20873
20872,b,20873
20872,d,20873
20873,c,20873
20874,d,20873
20874,b,20873
20869,b,20873
20869,d,20873
20870,f,20873
20870,c,20873
20870,d,20873
20870,b,20873
20871,f,20873
20871,c,20873
20871,d,20873
20871,b,20873
20869,f,20873
20869,c,20873
20871,c,20874
20870,b,20874
20873,b,20874
20873,e,20874
20873,c,20874
20873,f,20874
20875,b,20874
20874,e,20874
20874,f,20874
20874,c,20874
20874,d,20874
20874,b,20874
20873,d,20874
20871,b,20874
20875,d,20874
20875,f,20874
20871,f,20874
20871,e,20874
20870,e,20874
20875,c,20874
20870,c,20874
20870,d,20874
20872,b,20874
20872,d,20874
20870,f,20874
20872,f,20874
20875,e,20874
20872,c,20874
20871,d,20874
20872,e,20874
20874,e,20875
20876,c,20875
20874,c,20875
20874,d,20875
20875,d,20875
20875,c,20875
20875,f,20875
20875,e,20875
20876,e,20875
20876,f,20875
20875,b,20875
20874,f,20875
20874,b,20875
20876,b,20875
20872,b,20875
20876,d,20875
20871,b,20875
20871,d,20875
20872,e,20875
20872,f,20875
20872,c,20875
20872,d,20875
20871,c,20875
20873,e,20875
20873,f,20875
20873,c,20875
20873,d,20875
20873,b,20875
20871,e,20875
20871,f,20875
20877,b,20876
20875,b,20876
20875,e,20876
20875,c,20876
20875,f,20876
20872,b,20876
20876,e,20876
20876,f,20876
20876,c,20876
20876,d,20876
20876,b,20876
20875,d,20876
20872,d,20876
20872,c,20876
20872,f,20876
20873,c,20876
20872,e,20876
20873,f,20876
20874,b,20876
20874,d,20876
20874,c,20876
20874,f,20876
20873,d,20876
20874,e,20876
20877,e,20876
20877,f,20876
20877,c,20876
20877,d,20876
20873,e,20876
20873,b,20876
20878,e,20877
20878,f,20877
20878,b,20877
20876,e,20877
20876,d,20877
20876,c,20877
20876,f,20877
20878,c,20877
20877,e,20877
20877,f,20877
20877,c,20877
20877,d,20877
20876,b,20877
20878,d,20877
20877,b,20877
20874,e,20877
20874,b,20877
20874,d,20877
20874,c,20877
20875,b,20877
20875,d,20877
20875,c,20877
20875,f,20877
20874,f,20877
20873,e,20877
20873,f,20877
20873,c,20877
20873,d,20877
20873,b,20877
20875,e,20877
20877,d,20878
20877,b,20878
20877,c,20878
20878,f,20878
20877,e,20878
20879,f,20878
20879,c,20878
20879,d,20878
20879,e,20878
20878,e,20878
20878,c,20878
20877,f,20878
20879,b,20878
20874,b,20878
20874,d,20878
20875,e,20878
20875,f,20878
20875,c,20878
20875,d,20878
20875,b,20878
20874,e,20878
20878,b,20878
20876,d,20878
20876,c,20878
20876,b,20878
20876,e,20878
20874,f,20878
20874,c,20878
20876,f,20878
20878,d,20878
20880,d,20879
20878,e,20879
20878,d,20879
20878,b,20879
20880,b,20879
20879,e,20879
20879,d,20879
20879,b,20879
20880,e,20879
20875,d,20879
20875,b,20879
20876,b,20879
20876,d,20879
20876,e,20879
20875,e,20879
20877,b,20879
20877,d,20879
20877,e,20879
20881,d,20880
20880,d,20880
20880,b,20880
20879,d,20880
20879,b,20880
20876,b,20880
20876,d,20880
20877,b,20880
20881,b,20880
20878,d,20880
20878,b,20880
20877,d,20880
20877,b,20881
20877,d,20881
20877,c,20881
20880,b,20881
20882,d,20881
20882,b,20881
20880,c,20881
20880,f,20881
20881,f,20881
20881,c,20881
20881,d,20881
20881,b,20881
20880,d,20881
20882,c,20881
20879,c,20881
20879,b,20881
20878,f,20881
20879,f,20881
20877,f,20881
20879,d,20881
20882,f,20881
20878,b,20881
20878,d,20881
20878,c,20881
20883,e,20882
20883,f,20882
20883,c,20882
20881,b,20882
20881,d,20882
20882,b,20882
20882,d,20882
20881,c,20882
20881,f,20882
20881,e,20882
20882,f,20882
20882,c,20882
20882,e,20882
20879,d,20882
20883,b,20882
20879,b,20882
20883,d,20882
20880,b,20882
20880,d,20882
20880,c,20882
20880,f,20882
20880,e,20882
20879,c,20882
20879,f,20882
20879,e,20882
20878,c,20882
20878,d,20882
20878,b,20882
20878,e,20882
20878,f,20882
20879,b,20883
20879,d,20883
20882,e,20883
20882,d,20883
20882,c,20883
20882,f,20883
20884,b,20883
20883,e,20883
20883,f,20883
20883,c,20883
20883,d,20883
20883,b,20883
20882,b,20883
20880,f,20883
20880,e,20883
20884,f,20883
20880,c,20883
20880,d,20883
20880,b,20883
20884,c,20883
20879,f,20883
20879,c,20883
20881,b,20883
20881,d,20883
20879,e,20883
20881,f,20883
20884,e,20883
20881,c,20883
20884,d,20883
20881,e,20883
20884,c,20884
20883,e,20884
20883,f,20884
20883,c,20884
20883,d,20884
20884,e,20884
20884,d,20884
20884,b,20884
20885,b,20884
20885,d,20884
20885,c,20884
20885,f,20884
20885,e,20884
20884,f,20884
20883,b,20884
20881,d,20884
20880,b,20884
20881,c,20884
20882,b,20884
20882,d,20884
20882,c,20884
20882,f,20884
20882,e,20884
20881,b,20884
20881,f,20884
20880,e,20884
20880,f,20884
20880,c,20884
20880,d,20884
20881,e,20884
20881,b,20885
20881,d,20885
20886,d,20885
20884,b,20885
20881,f,20885
20884,c,20885
20884,f,20885
20884,e,20885
20881,c,20885
20885,e,20885
20885,f,20885
20885,c,20885
20885,d,20885
20884,d,20885
20886,b,20885
20885,b,20885
20886,c,20885
20882,c,20885
20881,e,20885
20883,b,20885
20883,d,20885
20883,c,20885
20883,f,20885
20882,d,20885
20883,e,20885
20882,e,20885
20886,e,20885
20886,f,20885
20882,f,20885
20882,b,20885
20887,e,20886
20887,f,20886
20887,c,20886
20885,e,20886
20885,d,20886
20885,c,20886
20885,f,20886
20886,e,20886
20886,f,20886
20886,c,20886
20886,d,20886
20886,b,20886
20885,b,20886
20882,f,20886
20887,b,20886
20883,e,20886
20882,c,20886
20882,e,20886
20882,d,20886
20884,e,20886
20884,f,20886
20884,c,20886
20884,d,20886
20882,b,20886
20883,c,20886
20883,f,20886
20887,d,20886
20884,b,20886
20883,d,20886
20883,b,20886
20883,e,20887
20886,d,20887
20886,e,20887
20887,e,20887
20887,b,20887
20886,b,20887
20887,d,20887
20884,d,20887
20883,d,20887
20888,b,20887
20888,d,20887
20888,e,20887
20885,e,20887
20885,d,20887
20885,b,20887
20884,b,20887
20884,e,20887
20883,b,20887
20889,b,20888
20887,d,20888
20888,b,20888
20887,b,20888
20888,d,20888
20889,d,20888
20885,d,20888
20886,d,20888
20884,b,20888
20886,b,20888
20885,b,20888
20884,d,20888
20889,f,20889
20888,d,20889
20888,c,20889
20885,d,20889
20885,b,20889
20888,f,20889
20889,d,20889
20889,b,20889
20890,d,20889
20889,c,20889
20885,c,20889
20890,b,20889
20888,b,20889
20887,c,20889
20887,d,20889
20887,b,20889
20885,f,20889
20886,b,20889
20886,d,20889
20886,c,20889
20886,f,20889
20890,f,20889
20890,c,20889
20887,f,20889
20891,d,20890
20891,b,20890
20889,c,20890
20889,d,20890
20891,c,20890
20889,f,20890
20889,e,20890
20890,e,20890
20890,f,20890
20890,c,20890
20890,d,20890
20890,b,20890
20889,b,20890
20891,f,20890
20886,e,20890
20886,f,20890
20886,c,20890
20886,d,20890
20886,b,20890
20887,b,20890
20887,d,20890
20887,c,20890
20887,f,20890
20887,e,20890
20891,e,20890
20888,c,20890
20888,b,20890
20888,e,20890
20888,f,20890
20888,d,20890
20892,d,20891
20891,d,20891
20891,c,20891
20891,f,20891
20890,e,20891
20890,b,20891
20890,d,20891
20890,c,20891
20890,f,20891
20891,e,20891
20892,f,20891
20892,c,20891
20892,b,20891
20892,e,20891
20891,b,20891
20887,c,20891
20888,e,20891
20888,f,20891
20888,c,20891
20888,d,20891
20888,b,20891
20889,b,20891
20889,d,20891
20889,c,20891
20889,f,20891
20887,f,20891
20887,e,20891
20887,d,20891
20887,b,20891
20889,e,20891
20892,e,20892
20888,d,20892
20888,b,20892
20892,b,20892
20892,d,20892
20893,d,20892
20891,d,20892
20891,c,20892
20891,f,20892
20891,e,20892
20888,c,20892
20892,c,20892
20892,f,20892
20891,b,20892
20893,b,20892
20888,f,20892
20893,f,20892
20889,e,20892
20889,f,20892
20889,c,20892
20889,d,20892
20889,b,20892
20893,c,20892
20890,b,20892
20890,d,20892
20890,c,20892
20888,e,20892
20890,e,20892
20893,e,20892
20890,f,20892
20894,e,20893
20894,f,20893
20894,c,20893
20893,b,20893
20893,d,20893
20893,c,20893
20893,f,20893
20892,d,20893
20892,c,20893
20892,f,20893
20889,f,20893
20893,e,20893
20894,b,20893
20894,d,20893
20892,b,20893
20889,e,20893
20892,e,20893
20889,c,20893
20889,d,20893
20889,b,20893
20890,b,20893
20890,d,20893
20890,e,20893
20890,f,20893
20891,e,20893
20891,f,20893
20891,c,20893
20891,d,20893
20891,b,20893
20890,c,20893
20893,b,20894
20893,d,20894
20893,c,20894
20890,c,20894
20893,e,20894
20895,d,20894
20895,b,20894
20890,b,20894
20894,f,20894
20894,c,20894
20894,d,20894
20893,f,20894
20894,e,20894
20894,b,20894
20890,f,20894
20892,d,20894
20891,d,20894
20891,c,20894
20890,d,20894
20892,c,20894
20892,f,20894
20892,b,20894
20892,e,20894
20891,e,20894
20895,e,20894
20895,f,20894
20895,c,20894
20890,e,20894
20891,f,20894
20891,b,20894
20896,e,20895
20894,e,20895
20894,d,20895
20895,e,20895
20895,d,20895
20895,b,20895
20894,b,20895
20891,d,20895
20896,b,20895
20891,b,20895
20891,e,20895
20896,d,20895
20893,b,20895
20893,e,20895
20893,d,20895
20892,e,20895
20892,d,20895
20892,b,20895
20895,d,20896
20897,b,20896
20897,d,20896
20892,b,20896
20892,d,20896
20896,d,20896
20896,b,20896
20894,d,20896
20894,b,20896
20893,b,20896
20893,d,20896
20895,b,20896
20898,d,20897
20896,c,20897
20898,b,20897
20896,f,20897
20897,b,20897
20897,d,20897
20897,c,20897
20897,f,20897
20898,c,20897
20896,b,20897
20898,f,20897
20896,d,20897
20893,b,20897
20893,d,20897
20895,b,20897
20895,d,20897
20895,c,20897
20895,f,20897
20893,c,20897
20893,f,20897
20894,b,20897
20894,d,20897
20894,c,20897
20894,f,20897
20897,d,20898
20897,b,20898
20899,d,20898
20897,c,20898
20897,f,20898
20895,c,20898
20898,b,20898
20898,d,20898
20898,c,20898
20898,f,20898
20898,e,20898
20899,e,20898
20899,f,20898
20899,c,20898
20894,b,20898
20894,d,20898
20897,e,20898
20899,b,20898
20895,d,20898
20894,e,20898
20895,b,20898
20894,f,20898
20896,d,20898
20896,c,20898
20896,f,20898
20896,e,20898
20896,b,20898
20894,c,20898
20895,f,20898
20895,e,20898
20895,b,20899
20895,e,20899
20895,f,20899
20895,c,20899
20895,d,20899
20899,f,20899
20898,d,20899
20898,c,20899
20898,f,20899
20898,e,20899
20899,b,20899
20899,d,20899
20899,c,20899
20899,e,20899
20898,b,20899
20900,b,20899
20900,d,20899
20896,e,20899
20896,f,20899
20896,c,20899
20896,d,20899
20896,b,20899
20897,d,20899
20897,c,20899
20897,f,20899
20897,b,20899
20900,c,20899
20900,f,20899
20900,e,20899
20897,e,20899
20900,e,20900
20901,d,20900
20901,b,20900
20901,e,20900
20900,b,20900
20900,d,20900
20899,d,20900
20899,c,20900
20899,f,20900
20901,f,20900
20900,c,20900
20900,f,20900
20899,b,20900
20901,c,20900
20899,e,20900
20896,b,20900
20897,b,20900
20897,d,20900
20898,b,20900
20898,d,20900
20898,c,20900
20898,f,20900
20898,e,20900
20897,c,20900
20897,f,20900
20897,e,20900
20896,e,20900
20896,f,20900
20896,c,20900
20896,d,20900
20897,b,20901
20900,b,20901
20900,d,20901
20902,d,20901
20900,f,20901
20900,e,20901
20902,c,20901
20897,d,20901
20902,b,20901
20901,e,20901
20901,f,20901
20901,c,20901
20900,c,20901
20897,c,20901
20897,f,20901
20897,e,20901
20898,e,20901
20898,f,20901
20898,c,20901
20898,d,20901
20898,b,20901
20901,b,20901
20899,b,20901
20899,d,20901
20899,c,20901
20901,d,20901
20899,e,20901
20902,f,20901
20902,e,20901
20899,f,20901
20903,e,20902
20903,f,20902
20903,c,20902
20902,b,20902
20902,d,20902
20901,b,20902
20901,c,20902
20901,f,20902
20901,e,20902
20902,c,20902
20902,f,20902
20902,e,20902
20903,b,20902
20901,d,20902
20903,d,20902
20898,f,20902
20899,e,20902
20899,c,20902
20900,b,20902
20900,d,20902
20900,c,20902
20900,e,20902
20900,f,20902
20898,c,20902
20898,d,20902
20898,b,20902
20899,f,20902
20899,b,20902
20899,d,20902
20898,e,20902
20902,d,20903
20902,e,20903
20903,b,20903
20903,d,20903
20903,e,20903
20904,e,20903
20902,b,20903
20904,d,20903
20904,b,20903
20899,d,20903
20899,e,20903
20900,e,20903
20900,d,20903
20900,b,20903
20901,b,20903
20901,d,20903
20901,e,20903
20899,b,20903
20900,b,20904
20904,b,20904
20904,d,20904
20903,d,20904
20903,b,20904
20901,b,20904
20901,d,20904
20900,d,20904
20905,b,20904
20905,d,20904
20902,d,20904
20902,b,20904
20904,c,20905
20904,f,20905
20905,b,20905
20905,d,20905
20905,c,20905
20906,c,20905
20906,d,20905
20906,f,20905
20905,f,20905
20904,b,20905
20904,d,20905
20906,b,20905
20901,b,20905
20902,c,20905
20902,d,20905
20902,b,20905
20901,f,20905
20903,f,20905
20903,c,20905
20903,d,20905
20903,b,20905
20902,f,20905
20901,d,20905
20901,c,20905
20905,b,20906
20905,d,20906
20905,c,20906
20905,f,20906
20903,c,20906
20906,b,20906
20906,d,20906
20906,c,20906
20906,f,20906
20906,e,20906
20907,e,20906
20907,f,20906
20907,c,20906
20907,d,20906
20902,b,20906
20905,e,20906
20907,b,20906
20902,f,20906
20902,e,20906
20903,b,20906
20903,d,20906
20904,b,20906
20904,d,20906
20904,c,20906
20904,f,20906
20902,d,20906
20902,c,20906
20903,f,20906
20903,e,20906
20904,e,20906
20908,b,20907
20903,b,20907
20903,e,20907
20903,f,20907
20903,c,20907
20903,d,20907
20907,e,20907
20906,c,20907
20906,f,20907
20906,e,20907
20907,b,20907
20907,d,20907
20907,c,20907
20907,f,20907
20906,d,20907
20906,b,20907
20908,c,20907
20908,f,20907
20908,e,20907
20904,e,20907
20904,f,20907
20904,c,20907
20905,e,20907
20905,f,20907
20905,c,20907
20905,d,20907
20905,b,20907
20908,d,20907
20904,d,20907
20904,b,20907
20909,f,20908
20909,c,20908
20909,d,20908
20907,f,20908
20907,d,20908
20907,c,20908
20909,b,20908
20908,e,20908
20908,f,20908
20908,c,20908
20908,d,20908
20908,b,20908
20907,b,20908
20909,e,20908
20907,e,20908
20906,e,20908
20904,d,20908
20904,c,20908
20904,f,20908
20904,e,20908
20905,b,20908
20905,c,20908
20905,f,20908
20904,b,20908
20905,d,20908
20906,f,20908
20906,c,20908
20906,d,20908
20906,b,20908
20905,e,20908
20909,b,20909
20905,d,20909
20905,b,20909
20908,b,20909
20910,b,20909
20908,c,20909
20908,f,20909
20908,e,20909
20910,d,20909
20905,c,20909
20909,e,20909
20909,f,20909
20908,d,20909
20905,f,20909
20905,e,20909
20910,c,20909
20906,e,20909
20906,f,20909
20906,c,20909
20906,d,20909
20906,b,20909
20909,c,20909
20907,b,20909
20907,d,20909
20907,c,20909
20909,d,20909
20907,e,20909
20910,f,20909
20910,e,20909
20907,f,20909
20911,e,20910
20911,f,20910
20911,c,20910
20910,b,20910
20910,d,20910
20909,b,20910
20909,c,20910
20909,f,20910
20909,e,20910
20910,c,20910
20910,f,20910
20910,e,20910
20911,b,20910
20909,d,20910
20911,d,20910
20906,f,20910
20907,e,20910
20907,c,20910
20907,d,20910
20908,b,20910
20908,d,20910
20908,e,20910
20908,f,20910
20906,c,20910
20906,d,20910
20906,b,20910
20907,f,20910
20907,b,20910
20908,c,20910
20906,e,20910
20910,b,20911
20910,d,20911
20911,b,20911
20911,d,20911
20911,e,20911
20912,e,20911
20910,e,20911
20912,d,20911
20912,b,20911
20907,d,20911
20907,e,20911
20908,e,20911
20908,d,20911
20908,b,20911
20909,b,20911
20909,d,20911
20909,e,20911
20907,b,20911
20908,b,20912
20912,b,20912
20912,d,20912
20911,d,20912
20911,b,20912
20909,b,20912
20909,d,20912
20908,d,20912
20913,b,20912
20913,d,20912
20910,d,20912
20910,b,20912
20912,f,20913
20913,b,20913
20913,d,20913
20913,c,20913
20913,f,20913
20914,c,20913
20912,b,20913
20914,d,20913
20914,b,20913
20914,f,20913
20912,c,20913
20912,d,20913
20909,b,20913
20909,f,20913
20911,b,20913
20911,d,20913
20911,c,20913
20911,f,20913
20909,d,20913
20909,c,20913
20910,b,20913
20910,d,20913
20910,c,20913
20910,f,20913
20913,c,20914
20913,b,20914
20913,e,20914
20911,c,20914
20913,d,20914
20913,f,20914
20914,b,20914
20914,d,20914
20914,c,20914
20914,f,20914
20914,e,20914
20915,b,20914
20915,d,20914
20915,c,20914
20915,f,20914
20915,e,20914
20910,b,20914
20910,d,20914
20911,f,20914
20912,f,20914
20912,d,20914
20912,b,20914
20910,c,20914
20912,c,20914
20912,e,20914
20910,f,20914
20911,e,20914
20911,b,20914
20911,d,20914
20910,e,20914
20915,b,20915
20911,e,20915
20916,b,20915
20914,b,20915
20914,d,20915
20914,c,20915
20915,e,20915
20915,f,20915
20915,c,20915
20915,d,20915
20916,d,20915
20911,b,20915
20911,d,20915
20916,c,20915
20916,f,20915
20916,e,20915
20912,e,20915
20912,f,20915
20912,c,20915
20912,d,20915
20912,b,20915
20913,b,20915
20913,d,20915
20913,c,20915
20913,f,20915
20913,e,20915
20911,f,20915
20911,c,20915
20914,f,20915
20914,e,20915
20915,b,20916
20915,d,20916
20915,c,20916
20915,f,20916
20915,e,20916
20916,e,20916
20916,f,20916
20916,c,20916
20916,d,20916
20916,b,20916
20917,b,20916
20917,d,20916
20912,e,20916
20917,f,20916
20912,c,20916
20912,d,20916
20912,b,20916
20913,b,20916
20913,d,20916
20913,c,20916
20913,f,20916
20913,e,20916
20917,c,20916
20914,b,20916
20914,d,20916
20917,e,20916
20914,c,20916
20914,e,20916
20912,f,20916
20914,f,20916
20918,e,20917
20917,b,20917
20917,d,20917
20917,c,20917
20917,f,20917
20917,e,20917
20916,b,20917
20916,c,20917
20916,f,20917
20916,e,20917
20918,f,20917
20918,d,20917
20918,b,20917
20916,d,20917
20918,c,20917
20913,e,20917
20914,e,20917
20914,b,20917
20914,f,20917
20915,b,20917
20915,d,20917
20915,c,20917
20915,e,20917
20915,f,20917
20914,c,20917
20913,f,20917
20913,c,20917
20913,d,20917
20913,b,20917
20914,d,20917
20917,d,20918
20917,b,20918
20917,c,20918
20914,d,20918
20917,e,20918
20919,c,20918
20919,d,20918
20919,b,20918
20918,f,20918
20918,c,20918
20917,f,20918
20918,e,20918
20918,b,20918
20918,d,20918
20915,e,20918
20915,f,20918
20915,c,20918
20915,d,20918
20915,b,20918
20916,b,20918
20914,b,20918
20916,c,20918
20916,f,20918
20916,d,20918
20919,e,20918
20919,f,20918
20914,e,20918
20914,f,20918
20914,c,20918
20916,e,20918
20919,e,20919
20919,d,20919
20918,e,20919
20918,d,20919
20918,b,20919
20919,b,20919
20920,e,20919
20915,d,20919
20920,b,20919
20915,b,20919
20917,b,20919
20920,d,20919
20917,d,20919
20917,e,20919
20916,e,20919
20915,e,20919
20916,d,20919
20916,b,20919
20919,b,20920
20921,b,20920
20916,b,20920
20916,d,20920
20919,d,20920
20920,d,20920
20918,d,20920
20918,b,20920
20917,b,20920
20917,d,20920
20920,b,20920
20921,d,20920
20921,f,20921
20920,d,20921
20920,c,20921
20920,f,20921
20921,b,20921
20921,d,20921
20921,c,20921
20922,c,20921
20922,d,20921
20920,b,20921
20922,f,20921
20922,b,20921
20917,b,20921
20918,c,20921
20918,d,20921
20918,b,20921
20917,f,20921
20917,d,20921
20918,f,20921
20919,b,20921
20917,c,20921
20919,f,20921
20919,c,20921
20919,d,20921
20921,f,20922
20921,d,20922
20921,b,20922
20921,c,20922
20923,d,20922
20919,c,20922
20922,b,20922
20922,d,20922
20922,c,20922
20922,f,20922
20922,e,20922
20923,e,20922
20923,f,20922
20923,c,20922
20919,d,20922
20918,b,20922
20921,e,20922
20923,b,20922
20918,f,20922
20918,e,20922
20919,b,20922
20918,c,20922
20920,d,20922
20920,c,20922
20920,f,20922
20920,e,20922
20920,b,20922
20918,d,20922
20919,f,20922
20919,e,20922
20919,b,20923
20919,e,20923
20919,f,20923
20919,c,20923
20919,d,20923
20923,f,20923
20922,d,20923
20922,c,20923
20922,f,20923
20922,e,20923
20923,b,20923
20923,d,20923
20923,c,20923
20923,e,20923
20922,b,20923
20924,b,20923
20924,d,20923
20920,e,20923
20920,f,20923
20920,c,20923
20920,d,20923
20920,b,20923
20921,d,20923
20921,c,20923
20921,f,20923
20921,b,20923
20924,c,20923
20924,f,20923
20924,e,20923
20921,e,20923
20924,e,20924
20925,d,20924
20925,b,20924
20925,e,20924
20924,b,20924
20924,d,20924
20923,d,20924
20923,c,20924
20923,f,20924
20925,f,20924
20924,c,20924
20924,f,20924
20923,b,20924
20925,c,20924
20923,e,20924
20922,e,20924
20920,b,20924
20920,d,20924
20920,c,20924
20920,f,20924
20920,e,20924
20921,b,20924
20921,e,20924
20921,f,20924
20921,d,20924
20922,f,20924
20922,c,20924
20922,d,20924
20922,b,20924
20921,c,20924
20925,b,20925
20921,b,20925
20924,b,20925
20924,d,20925
20926,d,20925
20924,f,20925
20924,e,20925
20926,c,20925
20921,d,20925
20926,b,20925
20925,e,20925
20925,f,20925
20924,c,20925
20921,c,20925
20921,f,20925
20921,e,20925
20922,e,20925
20922,f,20925
20922,c,20925
20922,d,20925
20922,b,20925
20925,c,20925
20923,b,20925
20923,d,20925
20923,c,20925
20925,d,20925
20923,e,20925
20926,f,20925
20926,e,20925
20923,f,20925
20927,e,20926
20927,f,20926
20927,c,20926
20926,b,20926
20926,d,20926
20925,b,20926
20925,c,20926
20925,f,20926
20925,e,20926
20926,c,20926
20926,f,20926
20926,e,20926
20927,b,20926
20925,d,20926
20927,d,20926
20922,f,20926
20923,e,20926
20923,c,20926
20924,b,20926
20924,d,20926
20924,c,20926
20924,e,20926
20924,f,20926
20922,c,20926
20922,d,20926
20922,b,20926
20923,f,20926
20923,b,20926
20923,d,20926
20922,e,20926
20926,d,20927
20926,e,20927
20927,b,20927
20927,d,20927
20927,e,20927
20928,e,20927
20926,b,20927
20928,d,20927
20928,b,20927
20923,d,20927
20923,e,20927
20924,e,20927
20924,d,20927
20924,b,20927
20925,b,20927
20925,d,20927
20925,e,20927
20923,b,20927
20924,b,20928
20928,b,20928
20928,d,20928
20927,d,20928
20927,b,20928
20925,b,20928
20925,d,20928
20924,d,20928
20929,b,20928
20929,d,20928
20926,d,20928
20926,b,20928
20928,f,20929
20929,b,20929
20929,d,20929
20929,c,20929
20929,f,20929
20930,f,20929
20928,b,20929
20930,c,20929
20930,d,20929
20930,b,20929
20928,c,20929
20928,d,20929
20925,b,20929
20925,f,20929
20926,f,20929
20926,c,20929
20926,d,20929
20926,b,20929
20927,f,20929
20927,c,20929
20927,d,20929
20927,b,20929
20925,c,20929
20925,d,20929
20929,b,20930
20929,d,20930
20929,c,20930
20929,f,20930
20929,e,20930
20930,d,20930
20926,b,20930
20930,c,20930
20930,f,20930
20930,e,20930
20931,b,20930
20931,d,20930
20931,c,20930
20931,f,20930
20931,e,20930
20927,c,20930
20930,b,20930
20926,d,20930
20927,f,20930
20928,f,20930
20928,d,20930
20928,b,20930
20928,c,20930
20928,e,20930
20926,c,20930
20926,f,20930
20927,e,20930
20927,b,20930
20927,d,20930
20926,e,20930
20931,b,20931
20930,b,20931
20931,e,20931
20930,d,20931
20930,c,20931
20932,b,20931
20931,f,20931
20931,c,20931
20931,d,20931
20932,d,20931
20927,d,20931
20930,f,20931
20932,c,20931
20932,f,20931
20932,e,20931
20928,e,20931
20928,f,20931
20928,c,20931
20928,d,20931
20927,b,20931
20928,b,20931
20929,d,20931
20929,c,20931
20929,f,20931
20929,e,20931
20927,e,20931
20927,f,20931
20927,c,20931
20929,b,20931
20930,e,20931
20931,d,20932
20933,b,20932
20931,c,20932
20931,f,20932
20931,e,20932
20932,e,20932
20932,f,20932
20932,c,20932
20932,d,20932
20932,b,20932
20931,b,20932
20933,d,20932
20928,e,20932
20933,f,20932
20928,c,20932
20928,d,20932
20928,b,20932
20929,b,20932
20929,d,20932
20929,c,20932
20929,f,20932
20929,e,20932
20933,c,20932
20930,b,20932
20930,d,20932
20933,e,20932
20930,c,20932
20930,e,20932
20928,f,20932
20930,f,20932
20933,e,20933
20932,e,20933
20933,b,20933
20933,d,20933
20933,c,20933
20933,f,20933
20932,b,20933
20932,c,20933
20932,f,20933
20934,e,20933
20934,f,20933
20934,d,20933
20934,b,20933
20932,d,20933
20934,c,20933
20931,b,20933
20930,e,20933
20929,b,20933
20930,b,20933
20930,d,20933
20931,d,20933
20931,c,20933
20931,e,20933
20931,f,20933
20930,f,20933
20929,e,20933
20929,f,20933
20929,c,20933
20929,d,20933
20930,c,20933
20933,b,20934
20935,c,20934
20933,d,20934
20930,b,20934
20933,f,20934
20933,e,20934
20935,d,20934
20934,e,20934
20934,f,20934
20934,c,20934
20934,d,20934
20933,c,20934
20935,b,20934
20934,b,20934
20930,c,20934
20932,b,20934
20931,d,20934
20931,c,20934
20930,d,20934
20932,d,20934
20932,c,20934
20930,e,20934
20932,f,20934
20931,f,20934
20931,e,20934
20935,e,20934
20935,f,20934
20930,f,20934
20932,e,20934
20931,b,20934
20936,e,20935
20934,e,20935
20934,d,20935
20935,e,20935
20935,d,20935
20935,b,20935
20934,b,20935
20931,d,20935
20936,b,20935
20932,e,20935
20931,b,20935
20931,e,20935
20936,d,20935
20933,e,20935
20933,b,20935
20933,d,20935
20932,d,20935
20932,b,20935
20932,d,20936
20935,b,20936
20937,b,20936
20935,d,20936
20932,b,20936
20936,d,20936
20936,b,20936
20934,d,20936
20934,b,20936
20933,b,20936
20933,d,20936
20937,d,20936
20936,b,20937
20938,d,20937
20936,d,20937
20936,c,20937
20936,f,20937
20937,b,20937
20937,d,20937
20937,c,20937
20937,f,20937
20938,c,20937
20938,b,20937
20938,f,20937
20933,b,20937
20933,f,20937
20934,f,20937
20934,c,20937
20934,d,20937
20934,b,20937
20935,d,20937
20935,c,20937
20935,f,20937
20935,b,20937
20933,c,20937
20933,d,20937
20939,d,20938
20939,b,20938
20934,d,20938
20934,b,20938
20938,b,20938
20937,f,20938
20937,e,20938
20937,b,20938
20937,d,20938
20937,c,20938
20939,c,20938
20938,f,20938
20938,e,20938
20938,c,20938
20938,d,20938
20935,f,20938
20935,b,20938
20935,e,20938
20935,c,20938
20935,d,20938
20939,e,20938
20934,e,20938
20934,f,20938
20934,c,20938
20936,b,20938
20939,f,20938
20936,c,20938
20936,f,20938
20936,e,20938
20936,d,20938
20939,d,20939
20939,c,20939
20940,e,20939
20940,f,20939
20940,c,20939
20940,d,20939
20938,d,20939
20938,c,20939
20938,f,20939
20938,e,20939
20939,f,20939
20939,e,20939
20938,b,20939
20939,b,20939
20940,b,20939
20935,f,20939
20936,e,20939
20936,f,20939
20936,c,20939
20936,d,20939
20936,b,20939
20937,b,20939
20937,d,20939
20937,c,20939
20937,f,20939
20935,e,20939
20935,b,20939
20935,c,20939
20935,d,20939
20937,e,20939
20941,b,20940
20936,c,20940
20936,d,20940
20936,b,20940
20940,b,20940
20940,d,20940
20939,b,20940
20939,c,20940
20939,f,20940
20939,e,20940
20936,f,20940
20940,c,20940
20940,f,20940
20940,e,20940
20939,d,20940
20941,d,20940
20941,f,20940
20937,b,20940
20937,e,20940
20937,f,20940
20937,c,20940
20937,d,20940
20941,c,20940
20938,b,20940
20938,d,20940
20938,c,20940
20938,f,20940
20936,e,20940
20941,e,20940
20938,e,20940
20942,d,20941
20942,e,20941
20942,f,20941
20942,c,20941
20941,b,20941
20941,d,20941
20941,c,20941
20940,b,20941
20940,c,20941
20940,f,20941
20940,e,20941
20941,f,20941
20941,e,20941
20942,b,20941
20940,d,20941
20937,f,20941
20937,e,20941
20938,e,20941
20938,f,20941
20939,d,20941
20939,c,20941
20939,f,20941
20939,b,20941
20939,e,20941
20938,d,20941
20938,b,20941
20938,c,20941
20937,b,20941
20937,d,20941
20937,c,20941
20941,f,20942
20941,d,20942
20941,c,20942
20941,b,20942
20938,c,20942
20943,e,20942
20943,f,20942
20943,d,20942
20943,b,20942
20942,e,20942
20942,f,20942
20942,c,20942
20941,e,20942
20943,c,20942
20942,d,20942
20938,d,20942
20939,e,20942
20939,f,20942
20939,c,20942
20939,d,20942
20939,b,20942
20940,b,20942
20938,b,20942
20940,c,20942
20940,d,20942
20940,e,20942
20938,e,20942
20938,f,20942
20942,b,20942
20940,f,20942
20944,b,20943
20943,e,20943
20942,e,20943
20942,d,20943
20943,d,20943
20943,b,20943
20944,d,20943
20944,e,20943
20939,e,20943
20942,b,20943
20939,b,20943
20940,b,20943
20940,e,20943
20941,b,20943
20941,d,20943
20941,e,20943
20939,d,20943
20940,d,20943
20945,b,20944
20944,d,20944
20944,b,20944
20942,d,20944
20941,d,20944
20941,b,20944
20942,b,20944
20943,d,20944
20943,b,20944
20940,d,20944
20940,b,20944
20945,d,20944
20946,c,20945
20946,d,20945
20946,b,20945
20945,b,20945
20944,f,20945
20945,f,20945
20946,f,20945
20944,b,20945
20944,d,20945
20944,c,20945
20945,d,20945
20945,c,20945
20941,f,20945
20943,f,20945
20941,c,20945
20941,d,20945
20941,b,20945
20943,c,20945
20943,d,20945
20942,b,20945
20943,b,20945
20942,d,20945
20942,f,20945
20942,c,20945
20945,b,20946
20945,d,20946
20945,c,20946
20945,f,20946
20946,d,20946
20947,c,20946
20947,d,20946
20947,b,20946
20946,e,20946
20945,e,20946
20947,e,20946
20946,f,20946
20946,b,20946
20946,c,20946
20947,f,20946
20943,d,20946
20942,f,20946
20943,e,20946
20943,f,20946
20943,c,20946
20943,b,20946
20942,e,20946
20944,b,20946
20944,d,20946
20944,c,20946
20944,f,20946
20942,c,20946
20942,d,20946
20942,b,20946
20944,e,20946
20948,d,20947
20943,c,20947
20943,d,20947
20943,b,20947
20947,b,20947
20947,d,20947
20947,c,20947
20946,d,20947
20946,c,20947
20946,f,20947
20943,f,20947
20947,f,20947
20947,e,20947
20946,b,20947
20946,e,20947
20948,b,20947
20948,e,20947
20944,e,20947
20944,f,20947
20944,c,20947
20944,d,20947
20948,f,20947
20943,e,20947
20945,b,20947
20945,d,20947
20945,c,20947
20944,b,20947
20945,e,20947
20945,f,20947
20948,c,20947
20948,e,20948
20944,b,20948
20947,e,20948
20947,f,20948
20947,c,20948
20947,d,20948
20949,d,20948
20948,f,20948
20948,c,20948
20948,d,20948
20948,b,20948
20949,c,20948
20949,f,20948
20949,e,20948
20949,b,20948
20947,b,20948
20944,d,20948
20946,b,20948
20944,c,20948
20944,f,20948
20944,e,20948
20945,b,20948
20945,d,20948
20945,f,20948
20945,e,20948
20945,c,20948
20946,d,20948
20946,e,20948
20946,f,20948
20946,c,20948
20945,d,20949
20945,c,20949
20945,f,20949
20945,b,20949
20948,b,20949
20949,b,20949
20948,c,20949
20948,f,20949
20948,e,20949
20950,d,20949
20950,b,20949
20949,e,20949
20949,f,20949
20948,d,20949
20950,c,20949
20945,e,20949
20950,f,20949
20946,e,20949
20946,f,20949
20946,c,20949
20949,c,20949
20946,b,20949
20947,b,20949
20947,d,20949
20947,c,20949
20946,d,20949
20947,e,20949
20950,e,20949
20947,f,20949
20949,d,20949
20950,c,20950
20949,e,20950
20949,f,20950
20949,c,20950
20949,d,20950
20950,e,20950
20950,d,20950
20950,b,20950
20951,b,20950
20951,d,20950
20951,c,20950
20951,f,20950
20951,e,20950
20950,f,20950
20949,b,20950
20946,f,20950
20946,b,20950
20947,c,20950
20948,b,20950
20948,d,20950
20948,c,20950
20947,d,20950
20946,e,20950
20947,b,20950
20947,f,20950
20947,e,20950
20946,c,20950
20948,f,20950
20948,e,20950
20946,d,20950
20952,d,20951
20950,e,20951
20950,b,20951
20951,b,20951
20951,d,20951
20951,e,20951
20952,e,20951
20950,d,20951
20952,b,20951
20947,d,20951
20947,e,20951
20948,e,20951
20948,d,20951
20948,b,20951
20949,b,20951
20949,d,20951
20949,e,20951
20947,b,20951
20948,b,20952
20952,b,20952
20952,d,20952
20951,d,20952
20951,b,20952
20949,b,20952
20949,d,20952
20948,d,20952
20953,b,20952
20953,d,20952
20950,d,20952
20950,b,20952
20952,f,20953
20953,b,20953
20953,d,20953
20953,c,20953
20953,f,20953
20954,f,20953
20954,c,20953
20954,d,20953
20954,b,20953
20952,b,20953
20952,c,20953
20952,d,20953
20949,b,20953
20949,d,20953
20951,b,20953
20951,d,20953
20951,c,20953
20951,f,20953
20949,c,20953
20949,f,20953
20950,b,20953
20950,d,20953
20950,c,20953
20950,f,20953
20953,d,20954
20953,b,20954
20955,d,20954
20953,c,20954
20953,f,20954
20951,c,20954
20954,b,20954
20954,d,20954
20954,c,20954
20954,f,20954
20954,e,20954
20955,e,20954
20955,f,20954
20955,c,20954
20950,b,20954
20950,d,20954
20953,e,20954
20955,b,20954
20951,d,20954
20950,e,20954
20951,b,20954
20950,f,20954
20952,d,20954
20952,c,20954
20952,f,20954
20952,e,20954
20952,b,20954
20950,c,20954
20951,f,20954
20951,e,20954
20951,b,20955
20951,e,20955
20951,f,20955
20951,c,20955
20951,d,20955
20955,f,20955
20954,d,20955
20954,c,20955
20954,f,20955
20954,e,20955
20955,b,20955
20955,d,20955
20955,c,20955
20955,e,20955
20954,b,20955
20956,b,20955
20956,d,20955
20952,e,20955
20952,f,20955
20952,c,20955
20952,d,20955
20952,b,20955
20953,d,20955
20953,c,20955
20953,f,20955
20953,b,20955
20956,c,20955
20956,f,20955
20956,e,20955
20953,e,20955
20956,e,20956
20957,d,20956
20957,b,20956
20957,e,20956
20956,b,20956
20956,d,20956
20955,d,20956
20955,c,20956
20955,f,20956
20957,f,20956
20956,c,20956
20956,f,20956
20955,b,20956
20957,c,20956
20955,e,20956
20952,b,20956
20953,b,20956
20953,d,20956
20954,b,20956
20954,d,20956
20954,c,20956
20954,f,20956
20954,e,20956
20953,c,20956
20953,f,20956
20953,e,20956
20952,e,20956
20952,f,20956
20952,c,20956
20952,d,20956
20953,b,20957
20956,b,20957
20956,d,20957
20958,d,20957
20956,f,20957
20956,e,20957
20958,c,20957
20953,d,20957
20958,b,20957
20957,e,20957
20957,f,20957
20957,c,20957
20956,c,20957
20953,c,20957
20953,f,20957
20953,e,20957
20954,e,20957
20954,f,20957
20954,c,20957
20954,d,20957
20954,b,20957
20957,b,20957
20955,b,20957
20955,d,20957
20955,c,20957
20957,d,20957
20955,e,20957
20958,f,20957
20958,e,20957
20955,f,20957
20959,e,20958
20959,f,20958
20959,c,20958
20958,b,20958
20958,d,20958
20957,b,20958
20957,c,20958
20957,f,20958
20957,e,20958
20958,c,20958
20958,f,20958
20958,e,20958
20959,b,20958
20957,d,20958
20959,d,20958
20954,f,20958
20955,e,20958
20955,c,20958
20956,b,20958
20956,d,20958
20956,c,20958
20956,e,20958
20956,f,20958
20954,c,20958
20954,d,20958
20954,b,20958
20955,f,20958
20955,b,20958
20955,d,20958
20954,e,20958
20958,d,20959
20958,e,20959
20959,b,20959
20959,d,20959
20959,e,20959
20960,e,20959
20958,b,20959
20960,d,20959
20960,b,20959
20955,d,20959
20955,e,20959
20956,e,20959
20956,d,20959
20956,b,20959
20957,b,20959
20957,d,20959
20957,e,20959
20955,b,20959
20956,b,20960
20960,b,20960
20960,d,20960
20959,d,20960
20959,b,20960
20957,b,20960
20957,d,20960
20956,d,20960
20961,b,20960
20961,d,20960
20958,d,20960
20958,b,20960
20960,c,20961
20960,f,20961
20961,b,20961
20961,d,20961
20961,c,20961
20962,f,20961
20962,c,20961
20962,d,20961
20961,f,20961
20960,b,20961
20960,d,20961
20962,b,20961
20957,b,20961
20958,c,20961
20958,d,20961
20958,b,20961
20957,f,20961
20959,f,20961
20959,c,20961
20959,d,20961
20959,b,20961
20958,f,20961
20957,d,20961
20957,c,20961
20961,b,20962
20961,d,20962
20961,c,20962
20961,f,20962
20959,c,20962
20962,b,20962
20962,d,20962
20962,c,20962
20962,f,20962
20962,e,20962
20963,e,20962
20963,f,20962
20963,c,20962
20963,d,20962
20958,b,20962
20961,e,20962
20963,b,20962
20958,c,20962
20958,f,20962
20958,e,20962
20959,b,20962
20959,d,20962
20960,b,20962
20960,d,20962
20960,c,20962
20960,f,20962
20958,d,20962
20959,f,20962
20959,e,20962
20960,e,20962
20963,e,20963
20959,b,20963
20963,b,20963
20959,e,20963
20959,f,20963
20959,c,20963
20959,d,20963
20962,d,20963
20962,c,20963
20962,f,20963
20962,e,20963
20963,d,20963
20963,c,20963
20963,f,20963
20962,b,20963
20964,b,20963
20964,c,20963
20964,f,20963
20964,e,20963
20960,e,20963
20960,f,20963
20960,c,20963
20961,e,20963
20961,f,20963
20961,c,20963
20961,d,20963
20961,b,20963
20964,d,20963
20960,d,20963
20960,b,20963
20965,f,20964
20965,c,20964
20965,d,20964
20963,f,20964
20963,d,20964
20963,c,20964
20965,b,20964
20964,e,20964
20964,f,20964
20964,c,20964
20964,d,20964
20964,b,20964
20963,b,20964
20965,e,20964
20963,e,20964
20962,e,20964
20960,d,20964
20960,c,20964
20960,f,20964
20960,e,20964
20961,b,20964
20961,c,20964
20961,f,20964
20960,b,20964
20961,d,20964
20962,f,20964
20962,c,20964
20962,d,20964
20962,b,20964
20961,e,20964
20965,b,20965
20961,d,20965
20961,b,20965
20964,b,20965
20966,b,20965
20964,c,20965
20964,f,20965
20964,e,20965
20966,d,20965
20961,c,20965
20965,e,20965
20965,f,20965
20964,d,20965
20961,f,20965
20961,e,20965
20966,c,20965
20962,e,20965
20962,f,20965
20962,c,20965
20962,d,20965
20962,b,20965
20965,c,20965
20963,b,20965
20963,d,20965
20963,c,20965
20965,d,20965
20963,e,20965
20966,f,20965
20966,e,20965
20963,f,20965
20967,e,20966
20967,f,20966
20967,c,20966
20966,b,20966
20966,d,20966
20965,b,20966
20965,c,20966
20965,f,20966
20965,e,20966
20966,c,20966
20966,f,20966
20966,e,20966
20967,b,20966
20965,d,20966
20967,d,20966
20962,f,20966
20963,e,20966
20963,c,20966
20963,d,20966
20964,b,20966
20964,d,20966
20964,e,20966
20964,f,20966
20962,c,20966
20962,d,20966
20962,b,20966
20963,f,20966
20963,b,20966
20964,c,20966
20962,e,20966
20966,b,20967
20966,d,20967
20967,b,20967
20967,d,20967
20967,e,20967
20968,e,20967
20966,e,20967
20968,d,20967
20968,b,20967
20963,d,20967
20963,e,20967
20964,e,20967
20964,d,20967
20964,b,20967
20965,b,20967
20965,d,20967
20965,e,20967
20963,b,20967
20964,b,20968
20968,b,20968
20968,d,20968
20967,d,20968
20967,b,20968
20965,b,20968
20965,d,20968
20964,d,20968
20969,b,20968
20969,d,20968
20966,d,20968
20966,b,20968
20968,f,20969
20969,b,20969
20969,d,20969
20969,c,20969
20969,f,20969
20970,c,20969
20968,b,20969
20970,d,20969
20970,b,20969
20970,f,20969
20968,c,20969
20968,d,20969
20965,b,20969
20965,f,20969
20967,b,20969
20967,d,20969
20967,c,20969
20967,f,20969
20965,d,20969
20965,c,20969
20966,b,20969
20966,d,20969
20966,c,20969
20966,f,20969
20969,c,20970
20969,b,20970
20969,e,20970
20967,c,20970
20969,d,20970
20969,f,20970
20970,b,20970
20970,d,20970
20970,c,20970
20970,f,20970
20970,e,20970
20971,b,20970
20971,d,20970
20971,c,20970
20971,f,20970
20971,e,20970
20966,b,20970
20966,d,20970
20967,f,20970
20968,f,20970
20968,d,20970
20968,b,20970
20966,c,20970
20968,c,20970
20968,e,20970
20966,f,20970
20967,e,20970
20967,b,20970
20967,d,20970
20966,e,20970
20971,b,20971
20967,e,20971
20972,b,20971
20970,b,20971
20970,d,20971
20970,c,20971
20971,e,20971
20971,f,20971
20971,c,20971
20971,d,20971
20972,d,20971
20967,b,20971
20967,d,20971
20972,c,20971
20972,f,20971
20972,e,20971
20968,e,20971
20968,f,20971
20968,c,20971
20968,d,20971
20968,b,20971
20969,b,20971
20969,d,20971
20969,c,20971
20969,f,20971
20969,e,20971
20967,f,20971
20967,c,20971
20970,f,20971
20970,e,20971
20971,b,20972
20971,d,20972
20971,c,20972
20971,f,20972
20971,e,20972
20972,e,20972
20972,f,20972
20972,c,20972
20972,d,20972
20972,b,20972
20973,b,20972
20973,d,20972
20968,e,20972
20973,f,20972
20968,c,20972
20968,d,20972
20968,b,20972
20969,b,20972
20969,d,20972
20969,c,20972
20969,f,20972
20969,e,20972
20973,c,20972
20970,b,20972
20970,d,20972
20973,e,20972
20970,c,20972
20970,e,20972
20968,f,20972
20970,f,20972
20974,b,20973
20973,b,20973
20973,d,20973
20973,c,20973
20973,f,20973
20973,e,20973
20972,b,20973
20972,c,20973
20972,f,20973
20972,e,20973
20974,e,20973
20974,c,20973
20974,d,20973
20972,d,20973
20974,f,20973
20969,e,20973
20970,e,20973
20970,f,20973
20970,b,20973
20971,b,20973
20971,d,20973
20971,c,20973
20971,e,20973
20971,f,20973
20969,f,20973
20969,c,20973
20969,d,20973
20969,b,20973
20970,c,20973
20970,d,20973
20973,c,20974
20973,b,20974
20973,d,20974
20973,f,20974
20975,b,20974
20975,e,20974
20975,f,20974
20975,c,20974
20974,e,20974
20974,f,20974
20974,b,20974
20973,e,20974
20975,d,20974
20970,b,20974
20970,d,20974
20971,e,20974
20971,f,20974
20971,c,20974
20971,d,20974
20971,b,20974
20972,b,20974
20972,d,20974
20974,d,20974
20972,f,20974
20972,c,20974
20970,e,20974
20970,f,20974
20970,c,20974
20972,e,20974
20974,c,20974
20975,b,20975
20976,d,20975
20976,b,20975
20974,e,20975
20974,d,20975
20974,b,20975
20971,e,20975
20975,e,20975
20975,d,20975
20976,e,20975
20971,d,20975
20972,e,20975
20972,b,20975
20971,b,20975
20973,b,20975
20973,d,20975
20973,e,20975
20972,d,20975
20975,d,20976
20975,b,20976
20972,b,20976
20972,d,20976
20973,b,20976
20973,d,20976
20976,b,20976
20976,d,20976
20977,b,20976
20977,d,20976
20974,d,20976
20974,b,20976
20976,c,20977
20976,f,20977
20977,b,20977
20977,d,20977
20977,c,20977
20977,f,20977
20978,f,20977
20978,c,20977
20976,d,20977
20976,b,20977
20973,f,20977
20978,b,20977
20974,b,20977
20974,d,20977
20978,d,20977
20975,b,20977
20975,d,20977
20975,c,20977
20973,b,20977
20974,c,20977
20975,f,20977
20973,d,20977
20973,c,20977
20974,f,20977
20974,b,20978
20979,b,20978
20979,d,20978
20977,b,20978
20977,e,20978
20977,c,20978
20977,f,20978
20979,c,20978
20978,e,20978
20978,f,20978
20978,c,20978
20978,d,20978
20978,b,20978
20977,d,20978
20975,b,20978
20975,d,20978
20974,e,20978
20975,c,20978
20975,f,20978
20975,e,20978
20979,e,20978
20974,f,20978
20974,c,20978
20974,d,20978
20976,b,20978
20979,f,20978
20976,c,20978
20976,f,20978
20976,e,20978
20976,d,20978
20979,d,20979
20979,c,20979
20978,e,20979
20980,f,20979
20980,c,20979
20980,b,20979
20978,b,20979
20978,d,20979
20978,c,20979
20978,f,20979
20980,e,20979
20979,f,20979
20979,e,20979
20979,b,20979
20980,d,20979
20975,d,20979
20975,b,20979
20975,f,20979
20975,c,20979
20976,e,20979
20976,f,20979
20977,b,20979
20977,c,20979
20977,f,20979
20977,d,20979
20976,c,20979
20976,d,20979
20976,b,20979
20975,e,20979
20977,e,20979
20980,c,20980
20979,b,20980
20976,b,20980
20976,d,20980
20976,c,20980
20976,f,20980
20980,f,20980
20979,d,20980
20979,c,20980
20979,f,20980
20980,d,20980
20979,e,20980
20977,b,20980
20981,f,20980
20981,c,20980
20981,d,20980
20977,e,20980
20977,f,20980
20977,c,20980
20977,d,20980
20980,b,20980
20980,e,20980
20978,b,20980
20978,d,20980
20978,c,20980
20978,f,20980
20978,e,20980
20981,b,20980
20981,e,20980
20976,e,20980
20982,d,20981
20980,c,20981
20980,d,20981
20980,f,20981
20980,e,20981
20982,b,20981
20981,e,20981
20981,f,20981
20981,c,20981
20981,d,20981
20980,b,20981
20982,c,20981
20977,e,20981
20982,e,20981
20977,c,20981
20977,d,20981
20977,b,20981
20978,b,20981
20978,d,20981
20978,c,20981
20978,f,20981
20978,e,20981
20982,f,20981
20977,f,20981
20981,b,20981
20979,c,20981
20979,d,20981
20979,e,20981
20979,f,20981
20979,b,20981
20982,b,20982
20982,d,20982
20982,c,20982
20982,f,20982
20982,e,20982
20983,d,20982
20981,d,20982
20981,c,20982
20981,f,20982
20981,e,20982
20983,f,20982
20983,c,20982
20981,b,20982
20983,e,20982
20983,b,20982
20978,c,20982
20979,c,20982
20979,d,20982
20979,b,20982
20980,b,20982
20978,e,20982
20978,f,20982
20979,f,20982
20978,d,20982
20979,e,20982
20980,d,20982
20980,c,20982
20980,f,20982
20980,e,20982
20978,b,20982
20983,b,20983
20982,e,20983
20982,d,20983
20984,d,20983
20983,d,20983
20983,e,20983
20984,e,20983
20982,b,20983
20984,b,20983
20979,d,20983
20979,e,20983
20980,e,20983
20980,d,20983
20980,b,20983
20981,b,20983
20981,d,20983
20981,e,20983
20979,b,20983
20984,b,20984
20983,d,20984
20983,b,20984
20981,b,20984
20981,d,20984
20984,d,20984
20980,b,20984
20980,d,20984
20985,b,20984
20985,d,20984
20982,d,20984
20982,b,20984
20984,c,20985
20986,c,20985
20984,f,20985
20985,b,20985
20986,f,20985
20985,f,20985
20985,c,20985
20985,d,20985
20984,d,20985
20984,b,20985
20986,b,20985
20983,b,20985
20982,f,20985
20982,c,20985
20982,d,20985
20982,b,20985
20981,f,20985
20981,c,20985
20983,d,20985
20983,c,20985
20986,d,20985
20981,d,20985
20981,b,20985
20983,f,20985
20985,e,20986
20986,e,20986
20987,d,20986
20985,f,20986
20985,c,20986
20985,d,20986
20985,b,20986
20986,f,20986
20986,c,20986
20986,d,20986
20986,b,20986
20987,b,20986
20983,d,20986
20987,c,20986
20987,e,20986
20983,c,20986
20983,f,20986
20983,e,20986
20982,e,20986
20987,f,20986
20982,c,20986
20982,d,20986
20982,b,20986
20984,b,20986
20982,f,20986
20984,d,20986
20984,e,20986
20983,b,20986
20984,c,20986
20984,f,20986
20986,f,20987
20986,e,20987
20987,c,20987
20986,c,20987
20986,d,20987
20988,c,20987
20987,f,20987
20987,e,20987
20988,e,20987
20988,f,20987
20987,d,20987
20987,b,20987
20986,b,20987
20988,b,20987
20984,b,20987
20988,d,20987
20983,b,20987
20983,d,20987
20984,e,20987
20984,f,20987
20984,c,20987
20984,d,20987
20983,c,20987
20985,e,20987
20985,f,20987
20985,c,20987
20985,d,20987
20985,b,20987
20983,e,20987
20983,f,20987
20989,b,20988
20987,b,20988
20987,e,20988
20987,c,20988
20987,f,20988
20984,b,20988
20988,e,20988
20988,f,20988
20988,c,20988
20988,d,20988
20988,b,20988
20987,d,20988
20984,d,20988
20984,c,20988
20984,f,20988
20985,c,20988
20984,e,20988
20985,f,20988
20986,b,20988
20986,d,20988
20986,c,20988
20986,f,20988
20985,d,20988
20986,e,20988
20989,e,20988
20989,f,20988
20989,c,20988
20989,d,20988
20985,e,20988
20985,b,20988
20990,e,20989
20990,f,20989
20990,b,20989
20988,e,20989
20988,d,20989
20988,c,20989
20988,f,20989
20990,c,20989
20989,e,20989
20989,f,20989
20989,c,20989
20989,d,20989
20988,b,20989
20990,d,20989
20989,b,20989
20986,e,20989
20986,b,20989
20986,d,20989
20986,c,20989
20987,b,20989
20987,d,20989
20987,c,20989
20987,f,20989
20986,f,20989
20985,e,20989
20985,f,20989
20985,c,20989
20985,d,20989
20985,b,20989
20987,e,20989
20989,d,20990
20989,b,20990
20989,c,20990
20990,f,20990
20989,e,20990
20991,f,20990
20991,c,20990
20991,d,20990
20991,e,20990
20990,e,20990
20990,c,20990
20989,f,20990
20991,b,20990
20986,b,20990
20986,d,20990
20987,e,20990
20987,f,20990
20987,c,20990
20987,d,20990
20987,b,20990
20986,e,20990
20990,b,20990
20988,d,20990
20988,c,20990
20988,b,20990
20988,e,20990
20986,f,20990
20986,c,20990
20988,f,20990
20990,d,20990
20992,d,20991
20990,e,20991
20990,d,20991
20990,b,20991
20992,b,20991
20991,e,20991
20991,d,20991
20991,b,20991
20992,e,20991
20987,d,20991
20987,b,20991
20988,b,20991
20988,d,20991
20988,e,20991
20987,e,20991
20989,b,20991
20989,d,20991
20989,e,20991
20993,d,20992
20992,d,20992
20992,b,20992
20991,d,20992
20991,b,20992
20988,b,20992
20988,d,20992
20989,b,20992
20993,b,20992
20990,d,20992
20990,b,20992
20989,d,20992
20989,b,20993
20989,d,20993
20989,c,20993
20992,b,20993
20994,d,20993
20994,b,20993
20992,c,20993
20992,f,20993
20993,f,20993
20993,c,20993
20993,d,20993
20993,b,20993
20992,d,20993
20994,c,20993
20991,c,20993
20991,b,20993
20990,f,20993
20991,f,20993
20989,f,20993
20991,d,20993
20994,f,20993
20990,b,20993
20990,d,20993
20990,c,20993
20995,e,20994
20995,f,20994
20995,c,20994
20993,b,20994
20993,d,20994
20994,b,20994
20994,d,20994
20993,c,20994
20993,f,20994
20993,e,20994
20994,f,20994
20994,c,20994
20994,e,20994
20991,d,20994
20995,b,20994
20990,e,20994
20991,b,20994
20992,b,20994
20992,d,20994
20992,c,20994
20992,f,20994
20992,e,20994
20995,d,20994
20991,c,20994
20991,f,20994
20991,e,20994
20990,c,20994
20990,d,20994
20990,b,20994
20990,f,20994
20991,b,20995
20994,b,20995
20994,e,20995
20994,c,20995
20994,f,20995
20991,d,20995
20995,e,20995
20995,f,20995
20995,c,20995
20995,d,20995
20995,b,20995
20994,d,20995
20996,b,20995
20992,e,20995
20996,c,20995
20992,c,20995
20992,d,20995
20992,b,20995
20991,e,20995
20992,f,20995
20991,c,20995
20993,b,20995
20993,d,20995
20993,c,20995
20991,f,20995
20993,e,20995
20996,f,20995
20993,f,20995
20996,e,20995
20996,d,20995
20996,b,20996
20995,f,20996
20995,c,20996
20995,d,20996
20995,b,20996
20996,c,20996
20996,f,20996
20995,e,20996
20996,e,20996
20997,b,20996
20997,d,20996
20997,c,20996
20997,f,20996
20996,d,20996
20992,c,20996
20994,b,20996
20992,e,20996
20993,b,20996
20994,d,20996
20994,c,20996
20994,f,20996
20994,e,20996
20993,d,20996
20993,f,20996
20993,e,20996
20992,f,20996
20997,e,20996
20992,d,20996
20992,b,20996
20993,c,20996
20996,b,20997
20996,d,20997
20993,c,20997
20996,f,20997
20996,e,20997
20998,b,20997
20993,b,20997
20997,e,20997
20997,f,20997
20997,c,20997
20997,d,20997
20996,c,20997
20993,d,20997
20997,b,20997
20993,e,20997
20994,c,20997
20994,f,20997
20993,f,20997
20995,b,20997
20995,d,20997
20995,c,20997
20995,f,20997
20994,d,20997
20995,e,20997
20998,e,20997
20998,f,20997
20998,c,20997
20998,d,20997
20994,e,20997
20994,b,20997
20999,e,20998
20999,f,20998
20999,c,20998
20999,b,20998
20997,d,20998
20997,c,20998
20997,f,20998
20997,e,20998
20998,f,20998
20998,c,20998
20998,d,20998
20998,b,20998
20997,b,20998
20999,d,20998
20998,e,20998
20995,e,20998
20994,f,20998
20994,c,20998
20994,d,20998
20996,e,20998
20996,f,20998
20996,c,20998
20996,d,20998
20994,b,20998
20994,e,20998
20995,f,20998
20996,b,20998
20995,c,20998
20995,d,20998
20995,b,20998
20998,b,20999
21000,b,20999
20998,d,20999
20999,b,20999
20999,d,20999
20998,e,20999
20995,e,20999
20995,d,20999
20999,e,20999
21000,e,20999
21000,d,20999
20997,e,20999
20997,d,20999
20997,b,20999
20996,b,20999
20996,d,20999
20996,e,20999
20995,b,20999
20999,b,21000
20999,d,21000
21000,b,21000
21000,d,21000
20996,b,21000
20998,b,21000
20997,b,21000
20997,d,21000
20996,d,21000
21001,b,21000
21001,d,21000
20998,d,21000
21002,c,21001
21002,f,21001
21001,f,21001
21000,d,21001
21001,d,21001
21000,c,21001
21001,b,21001
21000,f,21001
21000,b,21001
21001,c,21001
21002,d,21001
21002,b,21001
20997,b,21001
20997,d,21001
20998,f,21001
20998,c,21001
20998,d,21001
20999,f,21001
20999,c,21001
20999,d,21001
20999,b,21001
20998,b,21001
20997,f,21001
20997,c,21001
20999,c,21002
21003,d,21002
21003,b,21002
21001,b,21002
21001,f,21002
21001,c,21002
20999,b,21002
21001,e,21002
21002,e,21002
21002,f,21002
21002,c,21002
21002,d,21002
21002,b,21002
21001,d,21002
21003,f,21002
21003,c,21002
20998,e,21002
20999,f,21002
20999,e,21002
21003,e,21002
20998,f,21002
20998,c,21002
20998,d,21002
20998,b,21002
21000,b,21002
20999,d,21002
21000,c,21002
21000,f,21002
21000,e,21002
21000,d,21002
21004,e,21003
21003,d,21003
21003,c,21003
21004,f,21003
21004,c,21003
21004,d,21003
21004,b,21003
21002,b,21003
21002,d,21003
21002,c,21003
21002,f,21003
21002,e,21003
21003,f,21003
21003,e,21003
21003,b,21003
21001,d,21003
20999,b,21003
20999,f,21003
20999,d,21003
20999,c,21003
21000,e,21003
21001,b,21003
21001,c,21003
21001,f,21003
21001,e,21003
21000,f,21003
21000,d,21003
21000,b,21003
20999,e,21003
21000,c,21003
21004,f,21004
21003,b,21004
21000,b,21004
21000,d,21004
21000,c,21004
21000,f,21004
21000,e,21004
21003,d,21004
21003,c,21004
21003,f,21004
21004,c,21004
21004,e,21004
21004,b,21004
21005,e,21004
21005,f,21004
21005,c,21004
21001,e,21004
21001,f,21004
21001,c,21004
21001,d,21004
21004,d,21004
21001,b,21004
21002,b,21004
21002,d,21004
21002,c,21004
21002,f,21004
21002,e,21004
21005,b,21004
21003,e,21004
21005,d,21004
21001,f,21005
21004,c,21005
21004,d,21005
21004,f,21005
21004,e,21005
21006,d,21005
21006,b,21005
21005,e,21005
21005,f,21005
21005,c,21005
21004,b,21005
21006,c,21005
21003,b,21005
21006,e,21005
21001,c,21005
21001,d,21005
21001,b,21005
21005,b,21005
21002,b,21005
21002,d,21005
21002,c,21005
21002,f,21005
21002,e,21005
21006,f,21005
21005,d,21005
21003,d,21005
21003,c,21005
21001,e,21005
21003,f,21005
21003,e,21005
21007,b,21006
21006,b,21006
21006,d,21006
21006,c,21006
21007,e,21006
21006,f,21006
21006,e,21006
21005,b,21006
21005,c,21006
21005,f,21006
21005,e,21006
21007,c,21006
21007,d,21006
21005,d,21006
21007,f,21006
21002,e,21006
21002,c,21006
21002,d,21006
21002,b,21006
21003,b,21006
21003,d,21006
21003,c,21006
21003,f,21006
21003,e,21006
21004,b,21006
21004,d,21006
21002,f,21006
21004,e,21006
21004,f,21006
21004,c,21006
21004,e,21007
21004,d,21007
21007,b,21007
21007,d,21007
21007,e,21007
21006,e,21007
21006,d,21007
21006,b,21007
21004,b,21007
21003,e,21007
21003,b,21007
21003,d,21007
21005,d,21007
21005,e,21007
21008,b,21007
21008,d,21007
21008,e,21007
21005,b,21007
21008,d,21008
21004,d,21008
21007,b,21008
21007,d,21008
21009,d,21008
21008,b,21008
21004,b,21008
21009,b,21008
21005,d,21008
21005,b,21008
21006,d,21008
21006,b,21008
21008,f,21009
21008,c,21009
21008,d,21009
21009,c,21009
21010,d,21009
21008,b,21009
21009,d,21009
21009,b,21009
21005,b,21009
21005,d,21009
21005,c,21009
21010,b,21009
21009,f,21009
21010,f,21009
21010,c,21009
21006,b,21009
21006,f,21009
21007,f,21009
21007,c,21009
21007,d,21009
21007,b,21009
21005,f,21009
21006,d,21009
21006,c,21009
21011,d,21010
21011,c,21010
21011,f,21010
21009,b,21010
21009,d,21010
21009,c,21010
21010,d,21010
21010,b,21010
21010,f,21010
21009,e,21010
21011,e,21010
21010,c,21010
21011,b,21010
21009,f,21010
21010,e,21010
21007,d,21010
21006,f,21010
21007,e,21010
21007,f,21010
21007,c,21010
21007,b,21010
21006,e,21010
21008,b,21010
21008,d,21010
21008,c,21010
21008,f,21010
21006,c,21010
21006,d,21010
21006,b,21010
21008,e,21010
21012,b,21011
21007,c,21011
21007,d,21011
21007,b,21011
21011,b,21011
21011,d,21011
21011,c,21011
21010,d,21011
21010,c,21011
21010,f,21011
21010,e,21011
21007,f,21011
21011,f,21011
21011,e,21011
21010,b,21011
21012,d,21011
21012,c,21011
21012,e,21011
21008,e,21011
21008,f,21011
21008,c,21011
21008,d,21011
21012,f,21011
21007,e,21011
21009,b,21011
21009,d,21011
21009,c,21011
21008,b,21011
21009,e,21011
21009,f,21011
21013,e,21012
21013,f,21012
21008,b,21012
21013,c,21012
21012,b,21012
21012,d,21012
21012,c,21012
21012,f,21012
21011,c,21012
21011,f,21012
21011,e,21012
21012,e,21012
21013,b,21012
21013,d,21012
21011,b,21012
21008,d,21012
21011,d,21012
21010,b,21012
21009,b,21012
21009,d,21012
21008,c,21012
21009,c,21012
21009,f,21012
21009,e,21012
21008,e,21012
21010,d,21012
21010,c,21012
21010,f,21012
21008,f,21012
21010,e,21012
21014,e,21013
21010,f,21013
21010,e,21013
21012,b,21013
21012,d,21013
21012,c,21013
21012,f,21013
21013,e,21013
21013,f,21013
21013,c,21013
21013,d,21013
21013,b,21013
21014,d,21013
21014,c,21013
21014,f,21013
21009,b,21013
21009,d,21013
21010,c,21013
21009,f,21013
21011,b,21013
21011,d,21013
21011,c,21013
21011,f,21013
21011,e,21013
21014,b,21013
21009,c,21013
21012,e,21013
21010,b,21013
21010,d,21013
21009,e,21013
21013,e,21014
21013,f,21014
21014,e,21014
21013,d,21014
21013,b,21014
21014,c,21014
21014,d,21014
21015,b,21014
21015,d,21014
21015,c,21014
21014,f,21014
21013,c,21014
21010,f,21014
21015,e,21014
21010,c,21014
21010,d,21014
21010,b,21014
21011,b,21014
21011,d,21014
21011,c,21014
21011,f,21014
21011,e,21014
21015,f,21014
21014,b,21014
21010,e,21014
21012,b,21014
21012,d,21014
21012,c,21014
21012,f,21014
21012,e,21014
21016,d,21015
21014,e,21015
21014,d,21015
21015,e,21015
21015,d,21015
21015,b,21015
21016,b,21015
21016,e,21015
21014,b,21015
21011,d,21015
21011,e,21015
21012,b,21015
21012,d,21015
21012,e,21015
21013,b,21015
21013,d,21015
21013,e,21015
21011,b,21015
21017,d,21016
21015,d,21016
21015,b,21016
21012,b,21016
21012,d,21016
21017,b,21016
21016,d,21016
21013,d,21016
21016,b,21016
21014,b,21016
21014,d,21016
21013,b,21016
21017,f,21017
21016,c,21017
21016,d,21017
21016,b,21017
21018,c,21017
21017,c,21017
21017,d,21017
21013,f,21017
21017,b,21017
21018,b,21017
21018,d,21017
21016,f,21017
21018,f,21017
21013,c,21017
21015,c,21017
21013,d,21017
21013,b,21017
21015,f,21017
21015,d,21017
21015,b,21017
21014,b,21017
21014,d,21017
21014,f,21017
21014,c,21017
21019,e,21018
21017,b,21018
21017,d,21018
21017,c,21018
21018,d,21018
21019,c,21018
21019,d,21018
21019,b,21018
21018,e,21018
21017,e,21018
21018,f,21018
21018,c,21018
21018,b,21018
21019,f,21018
21017,f,21018
21014,b,21018
21014,d,21018
21016,b,21018
21016,d,21018
21016,c,21018
21016,f,21018
21014,c,21018
21016,e,21018
21014,e,21018
21015,b,21018
21015,d,21018
21015,c,21018
21015,f,21018
21015,e,21018
21014,f,21018
21018,d,21019
21018,c,21019
21018,f,21019
21018,b,21019
21018,e,21019
21015,b,21019
21020,b,21019
21019,b,21019
21019,d,21019
21019,c,21019
21019,f,21019
21019,e,21019
21020,e,21019
21020,f,21019
21020,c,21019
21016,e,21019
21015,d,21019
21020,d,21019
21017,d,21019
21017,b,21019
21015,f,21019
21015,e,21019
21016,b,21019
21016,d,21019
21016,c,21019
21016,f,21019
21015,c,21019
21017,f,21019
21017,c,21019
21017,e,21019
21019,e,21020
21020,e,21020
21019,c,21020
21019,d,21020
21019,b,21020
21016,e,21020
21020,f,21020
21020,c,21020
21020,d,21020
21020,b,21020
21016,f,21020
21016,c,21020
21016,d,21020
21019,f,21020
21016,b,21020
21021,d,21020
21017,e,21020
21017,f,21020
21017,c,21020
21017,d,21020
21021,b,21020
21018,b,21020
21018,d,21020
21018,c,21020
21018,f,21020
21017,b,21020
21021,c,21020
21021,f,21020
21021,e,21020
21018,e,21020
21021,e,21021
21022,b,21021
21022,d,21021
21022,c,21021
21022,f,21021
21021,b,21021
21020,d,21021
21020,c,21021
21020,f,21021
21020,e,21021
21021,d,21021
21021,c,21021
21021,f,21021
21020,b,21021
21022,e,21021
21017,e,21021
21018,e,21021
21018,f,21021
21018,b,21021
21019,b,21021
21019,d,21021
21019,c,21021
21019,e,21021
21019,f,21021
21017,c,21021
21017,d,21021
21017,b,21021
21018,d,21021
21018,c,21021
21017,f,21021
21021,c,21022
21021,b,21022
21021,d,21022
21021,f,21022
21022,e,21022
21023,e,21022
21023,f,21022
21023,c,21022
21023,b,21022
21022,f,21022
21022,b,21022
21021,e,21022
21023,d,21022
21018,b,21022
21018,d,21022
21019,e,21022
21019,f,21022
21019,c,21022
21019,d,21022
21019,b,21022
21020,b,21022
21020,d,21022
21022,d,21022
21020,f,21022
21020,c,21022
21018,e,21022
21018,f,21022
21018,c,21022
21020,e,21022
21022,c,21022
21023,b,21023
21024,d,21023
21024,b,21023
21019,e,21023
21022,e,21023
21022,d,21023
21022,b,21023
21023,e,21023
21023,d,21023
21024,e,21023
21019,d,21023
21019,b,21023
21020,b,21023
21020,d,21023
21020,e,21023
21021,b,21023
21021,d,21023
21021,e,21023
21025,d,21024
21024,d,21024
21024,b,21024
21023,d,21024
21023,b,21024
21020,b,21024
21020,d,21024
21021,b,21024
21021,d,21024
21025,b,21024
21022,b,21024
21022,d,21024
21023,c,21025
21021,c,21025
21021,d,21025
21024,d,21025
21024,c,21025
21021,b,21025
21026,b,21025
21026,d,21025
21026,c,21025
21026,f,21025
21022,b,21025
21024,f,21025
21023,f,21025
21023,d,21025
21023,b,21025
21022,d,21025
21022,c,21025
21022,f,21025
21025,f,21025
21025,c,21025
21025,d,21025
21025,b,21025
21021,f,21025
21024,b,21025
21025,d,21026
21025,b,21026
21026,c,21026
21025,f,21026
21026,b,21026
21026,d,21026
21027,c,21026
21027,f,21026
21027,e,21026
21026,e,21026
21026,f,21026
21025,c,21026
21025,e,21026
21023,c,21026
21027,b,21026
21022,f,21026
21022,e,21026
21024,b,21026
21024,d,21026
21024,c,21026
21024,f,21026
21024,e,21026
21023,b,21026
21023,d,21026
21023,f,21026
21023,e,21026
21022,d,21026
21022,b,21026
21027,d,21026
21022,c,21026
21023,b,21027
21026,b,21027
21026,e,21027
21026,c,21027
21026,f,21027
21023,d,21027
21027,e,21027
21027,f,21027
21027,c,21027
21027,d,21027
21027,b,21027
21026,d,21027
21024,f,21027
21024,e,21027
21028,c,21027
21024,c,21027
21024,d,21027
21024,b,21027
21028,d,21027
21023,f,21027
21023,c,21027
21025,b,21027
21025,d,21027
21025,c,21027
21023,e,21027
21025,e,21027
21028,f,21027
21028,e,21027
21025,f,21027
21028,b,21027
21029,e,21028
21027,f,21028
21027,c,21028
21027,d,21028
21028,d,21028
21028,c,21028
21028,f,21028
21027,e,21028
21028,e,21028
21029,b,21028
21029,d,21028
21029,c,21028
21029,f,21028
21028,b,21028
21027,b,21028
21026,b,21028
21025,d,21028
21025,e,21028
21024,b,21028
21024,d,21028
21024,c,21028
21024,f,21028
21025,f,21028
21025,c,21028
21024,e,21028
21026,e,21028
21026,f,21028
21026,c,21028
21026,d,21028
21025,b,21028
21025,d,21029
21028,b,21029
21028,d,21029
21030,d,21029
21028,f,21029
21028,e,21029
21030,c,21029
21025,b,21029
21030,b,21029
21029,e,21029
21029,f,21029
21029,c,21029
21028,c,21029
21029,b,21029
21029,d,21029
21025,f,21029
21026,e,21029
21026,f,21029
21026,c,21029
21026,d,21029
21026,b,21029
21025,c,21029
21027,b,21029
21027,d,21029
21027,c,21029
21025,e,21029
21027,e,21029
21030,f,21029
21030,e,21029
21027,f,21029
21031,e,21030
21031,f,21030
21031,c,21030
21030,b,21030
21030,d,21030
21029,b,21030
21029,c,21030
21029,f,21030
21029,e,21030
21030,c,21030
21030,f,21030
21030,e,21030
21031,d,21030
21029,d,21030
21026,f,21030
21031,b,21030
21027,b,21030
21027,c,21030
21028,b,21030
21028,d,21030
21028,c,21030
21027,d,21030
21026,e,21030
21027,f,21030
21026,b,21030
21027,e,21030
21026,c,21030
21028,f,21030
21028,e,21030
21026,d,21030
21030,e,21031
21032,d,21031
21030,b,21031
21031,b,21031
21031,d,21031
21031,e,21031
21032,e,21031
21030,d,21031
21032,b,21031
21027,d,21031
21027,e,21031
21028,e,21031
21028,d,21031
21028,b,21031
21029,b,21031
21029,d,21031
21029,e,21031
21027,b,21031
21028,b,21032
21032,b,21032
21032,d,21032
21031,d,21032
21031,b,21032
21029,b,21032
21029,d,21032
21028,d,21032
21033,b,21032
21033,d,21032
21030,d,21032
21030,b,21032
21032,b,21033
21033,b,21033
21033,d,21033
21033,c,21033
21033,f,21033
21034,f,21033
21034,c,21033
21034,d,21033
21034,b,21033
21032,f,21033
21032,c,21033
21032,d,21033
21029,b,21033
21029,d,21033
21031,b,21033
21031,d,21033
21031,c,21033
21031,f,21033
21029,c,21033
21029,f,21033
21030,b,21033
21030,d,21033
21030,c,21033
21030,f,21033
21033,d,21034
21033,b,21034
21031,d,21034
21033,c,21034
21033,f,21034
21031,c,21034
21034,b,21034
21034,d,21034
21034,c,21034
21034,f,21034
21034,e,21034
21035,e,21034
21035,f,21034
21035,c,21034
21030,b,21034
21030,d,21034
21033,e,21034
21035,b,21034
21030,e,21034
21035,d,21034
21031,b,21034
21030,f,21034
21032,d,21034
21032,c,21034
21032,f,21034
21032,e,21034
21032,b,21034
21030,c,21034
21031,f,21034
21031,e,21034
21031,b,21035
21031,e,21035
21031,f,21035
21031,c,21035
21031,d,21035
21035,f,21035
21034,d,21035
21034,c,21035
21034,f,21035
21034,e,21035
21035,b,21035
21035,d,21035
21035,c,21035
21035,e,21035
21034,b,21035
21036,b,21035
21036,d,21035
21032,e,21035
21032,f,21035
21032,c,21035
21032,d,21035
21032,b,21035
21033,d,21035
21033,c,21035
21033,f,21035
21033,b,21035
21036,c,21035
21036,f,21035
21036,e,21035
21033,e,21035
21036,e,21036
21037,d,21036
21037,b,21036
21037,e,21036
21036,b,21036
21036,d,21036
21035,d,21036
21035,c,21036
21035,f,21036
21037,f,21036
21036,c,21036
21036,f,21036
21035,b,21036
21037,c,21036
21035,e,21036
21034,e,21036
21032,b,21036
21032,d,21036
21032,c,21036
21032,f,21036
21032,e,21036
21033,d,21036
21033,c,21036
21033,e,21036
21033,b,21036
21034,f,21036
21034,c,21036
21034,d,21036
21034,b,21036
21033,f,21036
21033,f,21037
21033,d,21037
21033,b,21037
21036,b,21037
21038,b,21037
21036,c,21037
21036,f,21037
21036,e,21037
21033,c,21037
21037,e,21037
21037,f,21037
21037,c,21037
21036,d,21037
21037,b,21037
21037,d,21037
21038,d,21037
21034,d,21037
21034,c,21037
21033,e,21037
21034,f,21037
21035,b,21037
21035,d,21037
21035,c,21037
21034,b,21037
21035,f,21037
21034,e,21037
21038,e,21037
21038,f,21037
21038,c,21037
21035,e,21037
21039,e,21038
21039,f,21038
21039,c,21038
21037,b,21038
21034,e,21038
21037,c,21038
21037,f,21038
21037,e,21038
21038,e,21038
21038,f,21038
21038,c,21038
21038,d,21038
21038,b,21038
21037,d,21038
21034,f,21038
21039,b,21038
21035,e,21038
21034,c,21038
21034,d,21038
21039,d,21038
21036,e,21038
21036,f,21038
21036,c,21038
21034,b,21038
21035,c,21038
21035,f,21038
21036,b,21038
21035,d,21038
21036,d,21038
21035,b,21038
21035,e,21039
21038,d,21039
21038,e,21039
21039,b,21039
21038,b,21039
21039,d,21039
21036,b,21039
21035,d,21039
21040,e,21039
21039,e,21039
21040,b,21039
21040,d,21039
21037,e,21039
21037,d,21039
21037,b,21039
21036,d,21039
21036,e,21039
21035,b,21039
21039,b,21040
21040,d,21040
21039,d,21040
21040,b,21040
21037,b,21040
21041,b,21040
21037,d,21040
21041,d,21040
21036,d,21040
21036,b,21040
21038,b,21040
21038,d,21040
21040,d,21041
21042,d,21041
21040,f,21041
21040,b,21041
21041,f,21041
21041,c,21041
21041,d,21041
21041,b,21041
21042,b,21041
21040,c,21041
21042,c,21041
21042,f,21041
21037,f,21041
21038,d,21041
21038,b,21041
21037,b,21041
21037,c,21041
21037,d,21041
21039,b,21041
21038,c,21041
21039,d,21041
21039,c,21041
21039,f,21041
21038,f,21041
21041,d,21042
21043,f,21042
21042,e,21042
21043,b,21042
21041,b,21042
21041,c,21042
21042,c,21042
21043,e,21042
21041,e,21042
21042,f,21042
21043,c,21042
21042,b,21042
21042,d,21042
21041,f,21042
21043,d,21042
21039,d,21042
21038,b,21042
21038,d,21042
21040,b,21042
21040,d,21042
21040,c,21042
21040,f,21042
21038,c,21042
21040,e,21042
21038,e,21042
21039,b,21042
21039,c,21042
21039,f,21042
21039,e,21042
21038,f,21042
21042,d,21043
21042,c,21043
21042,f,21043
21039,b,21043
21042,b,21043
21042,e,21043
21044,d,21043
21043,b,21043
21043,d,21043
21043,c,21043
21043,f,21043
21043,e,21043
21044,e,21043
21044,f,21043
21044,c,21043
21039,d,21043
21039,c,21043
21044,b,21043
21041,f,21043
21041,d,21043
21041,b,21043
21039,e,21043
21040,b,21043
21040,d,21043
21040,c,21043
21040,f,21043
21040,e,21043
21041,c,21043
21039,f,21043
21041,e,21043
21043,f,21044
21043,e,21044
21043,d,21044
21043,b,21044
21044,e,21044
21044,f,21044
21044,c,21044
21044,d,21044
21044,b,21044
21040,e,21044
21040,f,21044
21040,c,21044
21043,c,21044
21040,d,21044
21040,b,21044
21041,f,21044
21041,e,21044
21041,b,21044
21045,b,21044
21042,b,21044
21042,d,21044
21042,c,21044
21042,f,21044
21042,e,21044
21045,e,21044
21045,f,21044
21045,c,21044
21045,d,21044
21041,c,21044
21041,d,21044
21046,e,21045
21046,f,21045
21046,c,21045
21046,d,21045
21044,e,21045
21044,d,21045
21044,c,21045
21044,f,21045
21045,e,21045
21045,f,21045
21045,c,21045
21045,d,21045
21044,b,21045
21046,b,21045
21045,b,21045
21042,e,21045
21042,b,21045
21042,d,21045
21042,c,21045
21043,b,21045
21043,d,21045
21043,c,21045
21043,f,21045
21042,f,21045
21041,e,21045
21041,f,21045
21041,c,21045
21041,d,21045
21041,b,21045
21043,e,21045
21045,d,21046
21045,b,21046
21045,c,21046
21046,f,21046
21045,e,21046
21047,f,21046
21047,c,21046
21047,d,21046
21047,e,21046
21046,e,21046
21046,c,21046
21045,f,21046
21047,b,21046
21042,b,21046
21042,d,21046
21043,e,21046
21043,f,21046
21043,c,21046
21043,d,21046
21043,b,21046
21042,e,21046
21046,b,21046
21044,d,21046
21044,c,21046
21044,b,21046
21044,e,21046
21042,f,21046
21042,c,21046
21044,f,21046
21046,d,21046
21048,d,21047
21046,e,21047
21046,d,21047
21046,b,21047
21048,b,21047
21047,e,21047
21047,d,21047
21047,b,21047
21048,e,21047
21043,d,21047
21043,b,21047
21044,b,21047
21044,d,21047
21044,e,21047
21043,e,21047
21045,b,21047
21045,d,21047
21045,e,21047
21049,d,21048
21048,d,21048
21048,b,21048
21047,d,21048
21047,b,21048
21044,b,21048
21044,d,21048
21045,b,21048
21049,b,21048
21046,d,21048
21046,b,21048
21045,d,21048
21045,b,21049
21045,d,21049
21045,c,21049
21048,b,21049
21050,d,21049
21050,b,21049
21048,c,21049
21048,f,21049
21049,f,21049
21049,c,21049
21049,d,21049
21049,b,21049
21048,d,21049
21050,c,21049
21047,c,21049
21047,b,21049
21046,f,21049
21047,f,21049
21045,f,21049
21047,d,21049
21050,f,21049
21046,b,21049
21046,d,21049
21046,c,21049
21051,e,21050
21051,f,21050
21051,c,21050
21049,b,21050
21049,d,21050
21050,b,21050
21050,d,21050
21049,c,21050
21049,f,21050
21049,e,21050
21050,f,21050
21050,c,21050
21050,e,21050
21047,d,21050
21051,b,21050
21047,b,21050
21051,d,21050
21048,b,21050
21048,d,21050
21048,c,21050
21048,f,21050
21048,e,21050
21047,c,21050
21047,f,21050
21047,e,21050
21046,c,21050
21046,d,21050
21046,b,21050
21046,e,21050
21046,f,21050
21047,b,21051
21047,d,21051
21050,e,21051
21050,d,21051
21050,c,21051
21050,f,21051
21052,b,21051
21051,e,21051
21051,f,21051
21051,c,21051
21051,d,21051
21051,b,21051
21050,b,21051
21048,f,21051
21048,e,21051
21052,f,21051
21048,c,21051
21048,d,21051
21048,b,21051
21052,c,21051
21047,f,21051
21047,c,21051
21049,b,21051
21049,d,21051
21047,e,21051
21049,f,21051
21052,e,21051
21049,c,21051
21052,d,21051
21049,e,21051
21052,c,21052
21051,e,21052
21051,f,21052
21051,c,21052
21051,d,21052
21052,e,21052
21052,d,21052
21052,b,21052
21053,b,21052
21053,d,21052
21053,c,21052
21053,f,21052
21053,e,21052
21052,f,21052
21051,b,21052
21049,d,21052
21048,b,21052
21049,c,21052
21050,b,21052
21050,d,21052
21050,c,21052
21050,f,21052
21050,e,21052
21049,b,21052
21049,f,21052
21048,e,21052
21048,f,21052
21048,c,21052
21048,d,21052
21049,e,21052
21049,b,21053
21049,d,21053
21054,d,21053
21052,b,21053
21049,f,21053
21052,c,21053
21052,f,21053
21052,e,21053
21049,c,21053
21053,e,21053
21053,f,21053
21053,c,21053
21053,d,21053
21052,d,21053
21054,b,21053
21053,b,21053
21054,c,21053
21050,c,21053
21049,e,21053
21051,b,21053
21051,d,21053
21051,c,21053
21051,f,21053
21050,d,21053
21051,e,21053
21050,e,21053
21054,e,21053
21054,f,21053
21050,f,21053
21050,b,21053
21055,e,21054
21055,f,21054
21055,c,21054
21053,e,21054
21053,d,21054
21053,c,21054
21053,f,21054
21054,e,21054
21054,f,21054
21054,c,21054
21054,d,21054
21054,b,21054
21053,b,21054
21050,f,21054
21055,b,21054
21051,e,21054
21050,c,21054
21050,e,21054
21050,d,21054
21052,e,21054
21052,f,21054
21052,c,21054
21052,d,21054
21050,b,21054
21051,c,21054
21051,f,21054
21055,d,21054
21052,b,21054
21051,d,21054
21051,b,21054
21051,e,21055
21054,d,21055
21054,e,21055
21055,e,21055
21055,b,21055
21054,b,21055
21055,d,21055
21052,d,21055
21051,d,21055
21056,b,21055
21056,d,21055
21056,e,21055
21053,e,21055
21053,d,21055
21053,b,21055
21052,b,21055
21052,e,21055
21051,b,21055
21056,d,21056
21055,d,21056
21057,d,21056
21055,b,21056
21056,b,21056
21057,b,21056
21053,d,21056
21052,d,21056
21053,b,21056
21054,d,21056
21054,b,21056
21052,b,21056
21058,b,21057
21053,b,21057
21053,d,21057
21053,c,21057
21057,f,21057
21056,c,21057
21056,f,21057
21057,c,21057
21057,d,21057
21058,d,21057
21057,b,21057
21056,d,21057
21056,b,21057
21055,f,21057
21055,c,21057
21055,d,21057
21055,b,21057
21053,f,21057
21054,b,21057
21054,d,21057
21054,c,21057
21054,f,21057
21058,f,21057
21058,c,21057
21059,c,21058
21059,b,21058
21059,d,21058
21057,c,21058
21057,d,21058
21059,f,21058
21057,f,21058
21057,e,21058
21058,e,21058
21058,f,21058
21058,c,21058
21058,d,21058
21058,b,21058
21057,b,21058
21059,e,21058
21054,e,21058
21056,c,21058
21054,c,21058
21054,d,21058
21054,b,21058
21056,e,21058
21055,b,21058
21056,f,21058
21056,d,21058
21056,b,21058
21055,d,21058
21055,c,21058
21055,f,21058
21054,f,21058
21055,e,21058
21058,b,21059
21058,d,21059
21059,d,21059
21058,f,21059
21060,f,21059
21060,c,21059
21060,d,21059
21060,b,21059
21058,e,21059
21059,e,21059
21059,f,21059
21059,c,21059
21058,c,21059
21060,e,21059
21059,b,21059
21055,c,21059
21056,e,21059
21056,f,21059
21056,c,21059
21056,d,21059
21056,b,21059
21057,b,21059
21057,d,21059
21057,c,21059
21057,f,21059
21055,f,21059
21055,e,21059
21055,d,21059
21055,b,21059
21057,e,21059
21060,e,21060
21056,c,21060
21056,d,21060
21056,b,21060
21060,b,21060
21060,d,21060
21059,d,21060
21059,c,21060
21059,f,21060
21059,e,21060
21056,f,21060
21060,c,21060
21060,f,21060
21059,b,21060
21061,b,21060
21056,e,21060
21061,c,21060
21057,d,21060
21061,d,21060
21058,b,21060
21058,d,21060
21058,c,21060
21058,f,21060
21058,e,21060
21057,c,21060
21057,f,21060
21057,e,21060
21061,e,21060
21061,f,21060
21057,b,21060
21062,c,21061
21062,f,21061
21062,e,21061
21060,b,21061
21062,d,21061
21060,c,21061
21060,f,21061
21057,f,21061
21062,b,21061
21061,e,21061
21061,f,21061
21061,c,21061
21061,d,21061
21061,b,21061
21060,d,21061
21057,e,21061
21060,e,21061
21057,c,21061
21057,d,21061
21057,b,21061
21058,f,21061
21058,b,21061
21058,c,21061
21059,b,21061
21059,e,21061
21059,f,21061
21059,c,21061
21059,d,21061
21058,d,21061
21058,e,21061
21061,b,21062
21061,d,21062
21061,c,21062
21058,d,21062
21061,e,21062
21063,c,21062
21063,d,21062
21062,e,21062
21062,f,21062
21062,c,21062
21062,d,21062
21061,f,21062
21063,b,21062
21062,b,21062
21058,c,21062
21059,e,21062
21059,f,21062
21059,c,21062
21059,d,21062
21059,b,21062
21060,b,21062
21058,b,21062
21060,c,21062
21060,d,21062
21060,e,21062
21063,e,21062
21063,f,21062
21058,e,21062
21058,f,21062
21060,f,21062
21063,e,21063
21062,e,21063
21062,d,21063
21062,b,21063
21063,d,21063
21063,b,21063
21064,e,21063
21059,d,21063
21064,b,21063
21059,b,21063
21061,b,21063
21059,e,21063
21061,d,21063
21061,e,21063
21060,e,21063
21064,d,21063
21060,d,21063
21060,b,21063
21063,b,21064
21065,b,21064
21060,b,21064
21060,d,21064
21063,d,21064
21064,d,21064
21062,d,21064
21062,b,21064
21061,b,21064
21061,d,21064
21064,b,21064
21065,d,21064
21065,f,21065
21066,f,21065
21064,c,21065
21064,f,21065
21065,b,21065
21065,d,21065
21065,c,21065
21066,d,21065
21066,b,21065
21064,b,21065
21066,c,21065
21064,d,21065
21061,b,21065
21062,f,21065
21063,b,21065
21063,d,21065
21063,c,21065
21063,f,21065
21061,d,21065
21061,c,21065
21061,f,21065
21062,b,21065
21062,d,21065
21062,c,21065
21065,d,21066
21065,b,21066
21065,e,21066
21065,c,21066
21065,f,21066
21063,c,21066
21063,d,21066
21066,b,21066
21066,d,21066
21066,c,21066
21066,f,21066
21066,e,21066
21067,e,21066
21067,f,21066
21067,c,21066
21067,d,21066
21062,b,21066
21067,b,21066
21062,d,21066
21062,e,21066
21063,b,21066
21062,f,21066
21064,d,21066
21064,c,21066
21064,f,21066
21064,e,21066
21064,b,21066
21062,c,21066
21063,f,21066
21063,e,21066
21063,e,21067
21063,f,21067
21063,c,21067
21063,d,21067
21066,b,21067
21067,f,21067
21066,c,21067
21066,f,21067
21066,e,21067
21063,b,21067
21067,b,21067
21067,d,21067
21067,c,21067
21067,e,21067
21066,d,21067
21065,b,21067
21064,e,21067
21064,c,21067
21068,b,21067
21065,d,21067
21065,c,21067
21065,f,21067
21065,e,21067
21064,f,21067
21064,b,21067
21068,e,21067
21068,f,21067
21068,c,21067
21068,d,21067
21064,d,21067
21069,e,21068
21069,f,21068
21069,b,21068
21069,c,21068
21067,e,21068
21067,d,21068
21067,c,21068
21067,f,21068
21068,e,21068
21068,f,21068
21068,c,21068
21068,d,21068
21068,b,21068
21067,b,21068
21069,d,21068
21066,d,21068
21066,b,21068
21065,b,21068
21065,d,21068
21065,c,21068
21066,c,21068
21066,f,21068
21066,e,21068
21065,f,21068
21064,e,21068
21064,f,21068
21064,c,21068
21064,d,21068
21064,b,21068
21065,e,21068
21068,b,21069
21065,b,21069
21068,d,21069
21065,c,21069
21068,f,21069
21068,e,21069
21070,d,21069
21065,d,21069
21070,b,21069
21069,e,21069
21069,f,21069
21069,c,21069
21068,c,21069
21065,f,21069
21069,d,21069
21069,b,21069
21066,d,21069
21066,c,21069
21065,e,21069
21067,b,21069
21067,d,21069
21067,c,21069
21067,f,21069
21066,b,21069
21067,e,21069
21066,e,21069
21070,e,21069
21070,f,21069
21070,c,21069
21066,f,21069
21071,e,21070
21071,f,21070
21071,c,21070
21069,b,21070
21071,b,21070
21069,c,21070
21069,f,21070
21069,e,21070
21070,e,21070
21070,f,21070
21070,c,21070
21070,d,21070
21070,b,21070
21069,d,21070
21071,d,21070
21068,b,21070
21066,e,21070
21066,f,21070
21066,c,21070
21068,e,21070
21068,f,21070
21068,c,21070
21066,d,21070
21066,b,21070
21067,e,21070
21068,d,21070
21067,f,21070
21067,b,21070
21067,d,21070
21067,c,21070
21070,b,21071
21070,e,21071
21070,d,21071
21072,b,21071
21067,b,21071
21071,b,21071
21067,e,21071
21071,d,21071
21071,e,21071
21072,e,21071
21072,d,21071
21069,e,21071
21069,d,21071
21069,b,21071
21068,b,21071
21068,d,21071
21068,e,21071
21067,d,21071
21072,b,21072
21071,b,21072
21071,d,21072
21072,d,21072
21068,b,21072
21068,d,21072
21069,b,21072
21069,d,21072
21073,b,21072
21073,d,21072
21070,d,21072
21070,b,21072
21074,c,21073
21074,f,21073
21073,f,21073
21072,b,21073
21072,d,21073
21073,b,21073
21072,f,21073
21072,c,21073
21073,c,21073
21073,d,21073
21074,b,21073
21071,f,21073
21069,b,21073
21069,d,21073
21070,c,21073
21070,d,21073
21070,b,21073
21071,c,21073
21071,d,21073
21071,b,21073
21074,d,21073
21069,f,21073
21069,c,21073
21070,f,21073
21071,d,21074
21075,d,21074
21075,b,21074
21073,f,21074
21073,d,21074
21073,c,21074
21075,c,21074
21073,e,21074
21074,e,21074
21074,f,21074
21074,c,21074
21074,d,21074
21074,b,21074
21073,b,21074
21075,f,21074
21075,e,21074
21070,e,21074
21071,f,21074
21071,e,21074
21071,b,21074
21070,f,21074
21070,c,21074
21070,d,21074
21070,b,21074
21072,b,21074
21071,c,21074
21072,c,21074
21072,f,21074
21072,e,21074
21072,d,21074
21075,d,21075
21075,c,21075
21076,e,21075
21076,f,21075
21076,c,21075
21076,d,21075
21074,b,21075
21074,d,21075
21074,c,21075
21074,f,21075
21074,e,21075
21075,f,21075
21075,e,21075
21076,b,21075
21075,b,21075
21073,b,21075
21071,c,21075
21071,f,21075
21071,d,21075
21071,b,21075
21073,d,21075
21073,c,21075
21073,f,21075
21071,e,21075
21073,e,21075
21072,b,21075
21072,d,21075
21072,c,21075
21072,f,21075
21072,e,21075
21075,b,21076
21075,c,21076
21072,b,21076
21075,d,21076
21077,d,21076
21075,f,21076
21072,d,21076
21076,b,21076
21076,d,21076
21076,c,21076
21076,f,21076
21076,e,21076
21077,e,21076
21077,f,21076
21077,b,21076
21075,e,21076
21072,c,21076
21077,c,21076
21072,e,21076
21073,e,21076
21073,f,21076
21073,c,21076
21073,d,21076
21073,b,21076
21074,b,21076
21074,d,21076
21072,f,21076
21074,f,21076
21074,e,21076
21074,c,21076
21075,b,21077
21074,b,21077
21076,b,21077
21076,d,21077
21076,c,21077
21076,f,21077
21076,e,21077
21078,d,21077
21077,e,21077
21077,c,21077
21077,d,21077
21077,b,21077
21073,b,21077
21073,d,21077
21073,c,21077
21077,f,21077
21078,c,21077
21078,b,21077
21074,e,21077
21075,d,21077
21075,c,21077
21075,f,21077
21075,e,21077
21073,e,21077
21078,f,21077
21073,f,21077
21074,d,21077
21074,c,21077
21074,f,21077
21078,e,21077
21077,e,21078
21079,d,21078
21077,c,21078
21077,f,21078
21077,b,21078
21079,b,21078
21078,e,21078
21078,f,21078
21078,c,21078
21078,d,21078
21077,d,21078
21078,b,21078
21079,f,21078
21074,b,21078
21074,d,21078
21074,c,21078
21074,f,21078
21074,e,21078
21075,b,21078
21075,d,21078
21075,c,21078
21079,c,21078
21075,e,21078
21075,f,21078
21076,b,21078
21076,d,21078
21076,c,21078
21076,f,21078
21076,e,21078
21079,e,21078
21079,e,21079
21078,e,21079
21078,d,21079
21079,d,21079
21079,b,21079
21080,e,21079
21080,d,21079
21080,b,21079
21078,b,21079
21075,b,21079
21077,b,21079
21077,d,21079
21076,b,21079
21075,e,21079
21076,e,21079
21075,d,21079
21076,d,21079
21077,e,21079
21078,b,21080
21081,b,21080
21079,d,21080
21079,b,21080
21077,b,21080
21080,d,21080
21077,d,21080
21081,d,21080
21076,d,21080
21076,b,21080
21078,d,21080
21080,b,21080
21082,b,21081
21082,d,21081
21077,c,21081
21080,b,21081
21080,d,21081
21080,c,21081
21080,f,21081
21081,f,21081
21081,c,21081
21081,d,21081
21081,b,21081
21082,c,21081
21082,f,21081
21079,d,21081
21077,f,21081
21077,d,21081
21079,f,21081
21077,b,21081
21078,b,21081
21078,d,21081
21079,c,21081
21079,b,21081
21078,c,21081
21078,f,21081
21081,b,21082
21083,c,21082
21082,d,21082
21082,b,21082
21082,e,21082
21082,f,21082
21081,d,21082
21081,c,21082
21081,f,21082
21081,e,21082
21082,c,21082
21083,f,21082
21083,e,21082
21083,b,21082
21080,f,21082
21078,b,21082
21078,d,21082
21078,c,21082
21078,e,21082
21079,e,21082
21079,f,21082
21079,c,21082
21080,e,21082
21078,f,21082
21080,c,21082
21080,d,21082
21080,b,21082
21083,d,21082
21079,d,21082
21079,b,21082
21080,c,21083
21079,b,21083
21082,b,21083
21083,e,21083
21082,c,21083
21082,f,21083
21082,e,21083
21079,d,21083
21083,f,21083
21083,c,21083
21083,d,21083
21083,b,21083
21082,d,21083
21080,f,21083
21084,b,21083
21079,f,21083
21080,d,21083
21080,b,21083
21079,e,21083
21084,d,21083
21079,c,21083
21081,b,21083
21081,d,21083
21081,c,21083
21080,e,21083
21081,e,21083
21084,c,21083
21084,f,21083
21084,e,21083
21081,f,21083
21085,f,21084
21085,c,21084
21085,d,21084
21085,b,21084
21084,e,21084
21083,b,21084
21083,c,21084
21083,f,21084
21085,e,21084
21084,b,21084
21084,d,21084
21084,c,21084
21084,f,21084
21083,d,21084
21083,e,21084
21082,b,21084
21081,d,21084
21081,e,21084
21081,f,21084
21080,b,21084
21080,d,21084
21080,c,21084
21080,f,21084
21081,c,21084
21082,e,21084
21082,f,21084
21082,c,21084
21082,d,21084
21081,b,21084
21080,e,21084
21084,b,21085
21081,d,21085
21084,d,21085
21084,c,21085
21086,c,21085
21084,e,21085
21086,f,21085
21081,b,21085
21086,d,21085
21086,b,21085
21085,e,21085
21085,f,21085
21085,b,21085
21084,f,21085
21085,d,21085
21085,c,21085
21081,f,21085
21082,e,21085
21082,f,21085
21082,c,21085
21082,d,21085
21082,b,21085
21081,c,21085
21083,b,21085
21083,d,21085
21083,c,21085
21081,e,21085
21083,e,21085
21086,e,21085
21083,f,21085
21082,e,21086
21087,e,21086
21087,f,21086
21086,b,21086
21086,d,21086
21086,c,21086
21085,b,21086
21085,c,21086
21085,f,21086
21085,e,21086
21086,f,21086
21087,b,21086
21087,d,21086
21087,c,21086
21085,d,21086
21082,f,21086
21086,e,21086
21082,c,21086
21084,b,21086
21084,d,21086
21084,c,21086
21084,f,21086
21083,c,21086
21083,f,21086
21083,b,21086
21083,d,21086
21082,d,21086
21084,e,21086
21082,b,21086
21083,e,21086
21087,b,21087
21086,e,21087
21088,b,21087
21086,b,21087
21087,d,21087
21087,e,21087
21088,e,21087
21088,d,21087
21086,d,21087
21083,d,21087
21083,e,21087
21084,e,21087
21084,d,21087
21084,b,21087
21085,b,21087
21085,d,21087
21085,e,21087
21083,b,21087
21084,b,21088
21087,d,21088
21087,b,21088
21085,b,21088
21085,d,21088
21088,b,21088
21088,d,21088
21089,b,21088
21089,d,21088
21086,d,21088
21086,b,21088
21084,d,21088
21088,d,21089
21090,c,21089
21088,c,21089
21088,f,21089
21089,b,21089
21090,f,21089
21089,f,21089
21089,c,21089
21089,d,21089
21088,b,21089
21090,b,21089
21085,b,21089
21085,d,21089
21086,c,21089
21087,f,21089
21086,d,21089
21086,b,21089
21087,c,21089
21087,d,21089
21087,b,21089
21090,d,21089
21085,f,21089
21085,c,21089
21086,f,21089
21087,d,21090
21091,d,21090
21091,b,21090
21089,f,21090
21089,d,21090
21089,c,21090
21091,c,21090
21089,e,21090
21090,e,21090
21090,f,21090
21090,c,21090
21090,d,21090
21090,b,21090
21089,b,21090
21087,b,21090
21091,f,21090
21086,f,21090
21087,f,21090
21087,e,21090
21086,e,21090
21091,e,21090
21086,c,21090
21086,d,21090
21086,b,21090
21088,b,21090
21087,c,21090
21088,c,21090
21088,f,21090
21088,e,21090
21088,d,21090
21092,e,21091
21091,d,21091
21091,c,21091
21092,f,21091
21092,c,21091
21092,b,21091
21090,b,21091
21090,d,21091
21090,c,21091
21090,f,21091
21090,e,21091
21091,f,21091
21091,e,21091
21091,b,21091
21092,d,21091
21087,d,21091
21088,e,21091
21088,f,21091
21088,c,21091
21088,d,21091
21088,b,21091
21087,e,21091
21089,b,21091
21089,d,21091
21089,c,21091
21087,c,21091
21089,e,21091
21087,f,21091
21087,b,21091
21089,f,21091
21088,d,21092
21088,b,21092
21092,b,21092
21092,d,21092
21092,c,21092
21092,f,21092
21091,d,21092
21091,c,21092
21091,f,21092
21091,e,21092
21088,c,21092
21092,e,21092
21093,b,21092
21091,b,21092
21093,d,21092
21093,f,21092
21093,e,21092
21089,e,21092
21089,f,21092
21089,c,21092
21089,d,21092
21089,b,21092
21093,c,21092
21090,b,21092
21090,d,21092
21090,c,21092
21088,e,21092
21090,e,21092
21090,f,21092
21088,f,21092
21094,b,21093
21093,e,21093
21092,e,21093
21092,f,21093
21092,c,21093
21092,d,21093
21094,c,21093
21093,f,21093
21093,c,21093
21093,d,21093
21093,b,21093
21094,f,21093
21094,e,21093
21089,f,21093
21094,d,21093
21092,b,21093
21089,e,21093
21089,b,21093
21090,d,21093
21090,b,21093
21090,e,21093
21089,d,21093
21091,c,21093
21091,f,21093
21090,c,21093
21091,e,21093
21091,d,21093
21091,b,21093
21090,f,21093
21089,c,21093
21093,c,21094
21093,e,21094
21095,d,21094
21093,b,21094
21093,f,21094
21093,d,21094
21094,d,21094
21094,c,21094
21094,f,21094
21094,e,21094
21095,e,21094
21095,f,21094
21095,c,21094
21094,b,21094
21090,b,21094
21095,b,21094
21090,c,21094
21091,e,21094
21091,f,21094
21091,c,21094
21091,d,21094
21091,b,21094
21092,b,21094
21092,d,21094
21092,c,21094
21092,f,21094
21090,d,21094
21092,e,21094
21090,f,21094
21090,e,21094
21092,d,21095
21091,d,21095
21091,b,21095
21095,b,21095
21095,d,21095
21094,e,21095
21094,d,21095
21091,e,21095
21096,e,21095
21094,b,21095
21092,e,21095
21093,b,21095
21093,d,21095
21093,e,21095
21096,d,21095
21092,b,21095
21095,e,21095
21096,b,21095
21096,d,21096
21095,b,21096
21095,d,21096
21096,b,21096
21097,b,21096
21092,b,21096
21092,d,21096
21097,d,21096
21093,b,21096
21093,d,21096
21094,d,21096
21094,b,21096
21098,f,21097
21096,b,21097
21096,f,21097
21098,b,21097
21098,d,21097
21098,c,21097
21093,b,21097
21096,d,21097
21095,f,21097
21097,f,21097
21095,d,21097
21097,b,21097
21097,d,21097
21097,c,21097
21094,f,21097
21094,c,21097
21094,d,21097
21094,b,21097
21093,f,21097
21093,c,21097
21093,d,21097
21095,b,21097
21095,c,21097
21096,c,21097
21097,f,21098
21097,c,21098
21097,d,21098
21097,b,21098
21099,d,21098
21099,c,21098
21098,b,21098
21098,d,21098
21098,c,21098
21098,f,21098
21099,f,21098
21098,e,21098
21099,b,21098
21097,e,21098
21099,e,21098
21095,d,21098
21094,d,21098
21094,f,21098
21094,c,21098
21095,e,21098
21096,b,21098
21094,b,21098
21096,c,21098
21096,f,21098
21096,e,21098
21096,d,21098
21095,c,21098
21095,b,21098
21094,e,21098
21095,f,21098
21098,b,21099
21098,d,21099
21095,b,21099
21095,d,21099
21095,c,21099
21095,f,21099
21099,f,21099
21099,c,21099
21098,c,21099
21100,b,21099
21099,d,21099
21098,f,21099
21096,b,21099
21100,d,21099
21100,c,21099
21100,f,21099
21096,e,21099
21096,f,21099
21096,c,21099
21096,d,21099
21099,b,21099
21099,e,21099
21097,b,21099
21097,d,21099
21097,c,21099
21097,f,21099
21097,e,21099
21100,e,21099
21098,e,21099
21095,e,21099
21101,e,21100
21099,f,21100
21099,d,21100
21099,c,21100
21099,e,21100
21100,e,21100
21100,f,21100
21100,c,21100
21100,d,21100
21100,b,21100
21099,b,21100
21096,b,21100
21096,d,21100
21098,e,21100
21101,d,21100
21101,b,21100
21097,e,21100
21098,b,21100
21098,d,21100
21098,c,21100
21098,f,21100
21101,f,21100
21097,f,21100
21097,c,21100
21097,d,21100
21097,b,21100
21096,e,21100
21096,f,21100
21096,c,21100
21101,c,21100
21100,b,21101
21101,d,21101
21101,c,21101
21101,f,21101
21101,e,21101
21102,b,21101
21100,e,21101
21100,f,21101
21100,c,21101
21100,d,21101
21102,d,21101
21101,b,21101
21102,f,21101
21097,b,21101
21097,d,21101
21097,c,21101
21097,f,21101
21097,e,21101
21098,b,21101
21098,d,21101
21098,c,21101
21098,f,21101
21102,c,21101
21098,e,21101
21102,e,21101
21099,b,21101
21099,d,21101
21099,e,21101
21099,f,21101
21099,c,21101
21103,c,21102
21102,b,21102
21102,d,21102
21102,c,21102
21102,f,21102
21101,b,21102
21101,d,21102
21101,c,21102
21101,f,21102
21101,e,21102
21103,e,21102
21103,f,21102
21103,b,21102
21102,e,21102
21103,d,21102
21099,e,21102
21098,c,21102
21098,d,21102
21098,b,21102
21100,e,21102
21100,f,21102
21100,c,21102
21100,d,21102
21098,f,21102
21100,b,21102
21099,f,21102
21099,c,21102
21099,d,21102
21098,e,21102
21099,b,21102
21102,b,21103
21102,d,21103
21103,d,21103
21103,b,21103
21104,b,21103
21102,e,21103
21099,e,21103
21099,d,21103
21103,e,21103
21104,e,21103
21104,d,21103
21101,e,21103
21101,d,21103
21101,b,21103
21100,b,21103
21100,d,21103
21100,e,21103
21099,b,21103
21103,b,21104
21103,d,21104
21104,b,21104
21100,d,21104
21104,d,21104
21100,b,21104
21102,b,21104
21101,b,21104
21101,d,21104
21105,b,21104
21105,d,21104
21102,d,21104
21106,c,21105
21106,f,21105
21105,f,21105
21104,b,21105
21104,d,21105
21105,d,21105
21105,b,21105
21104,f,21105
21104,c,21105
21105,c,21105
21106,d,21105
21106,b,21105
21101,b,21105
21101,d,21105
21102,f,21105
21102,c,21105
21102,d,21105
21103,f,21105
21103,c,21105
21103,d,21105
21103,b,21105
21102,b,21105
21101,f,21105
21101,c,21105
21103,c,21106
21107,d,21106
21107,b,21106
21105,b,21106
21105,f,21106
21105,c,21106
21107,c,21106
21105,e,21106
21106,e,21106
21106,f,21106
21106,c,21106
21106,d,21106
21106,b,21106
21105,d,21106
21103,b,21106
21107,f,21106
21102,e,21106
21103,f,21106
21103,e,21106
21107,e,21106
21102,f,21106
21102,c,21106
21102,d,21106
21102,b,21106
21104,b,21106
21103,d,21106
21104,c,21106
21104,f,21106
21104,e,21106
21104,d,21106
21107,d,21107
21107,c,21107
21108,e,21107
21108,f,21107
21108,c,21107
21108,d,21107
21106,b,21107
21106,d,21107
21106,c,21107
21106,f,21107
21106,e,21107
21107,f,21107
21107,e,21107
21108,b,21107
21107,b,21107
21105,d,21107
21103,d,21107
21103,e,21107
21103,c,21107
21103,f,21107
21105,b,21107
21103,b,21107
21105,c,21107
21105,f,21107
21105,e,21107
21104,e,21107
21104,c,21107
21104,d,21107
21104,b,21107
21104,f,21107
21107,b,21108
21104,b,21108
21104,d,21108
21104,c,21108
21104,f,21108
21104,e,21108
21108,f,21108
21107,d,21108
21107,c,21108
21107,f,21108
21108,c,21108
21108,e,21108
21108,b,21108
21109,e,21108
21109,f,21108
21109,c,21108
21105,e,21108
21105,f,21108
21105,c,21108
21105,d,21108
21108,d,21108
21105,b,21108
21106,b,21108
21106,d,21108
21106,c,21108
21106,f,21108
21106,e,21108
21109,b,21108
21107,e,21108
21109,d,21108
21105,f,21109
21108,c,21109
21108,d,21109
21108,f,21109
21108,e,21109
21110,d,21109
21110,b,21109
21109,e,21109
21109,f,21109
21109,c,21109
21108,b,21109
21110,c,21109
21107,b,21109
21110,e,21109
21105,c,21109
21105,d,21109
21105,b,21109
21109,b,21109
21106,b,21109
21106,d,21109
21106,c,21109
21106,f,21109
21106,e,21109
21110,f,21109
21109,d,21109
21105,e,21109
21107,d,21109
21107,e,21109
21107,f,21109
21107,c,21109
21111,d,21110
21110,b,21110
21110,d,21110
21110,c,21110
21110,f,21110
21110,e,21110
21109,b,21110
21109,d,21110
21109,c,21110
21109,f,21110
21109,e,21110
21111,f,21110
21111,c,21110
21111,b,21110
21111,e,21110
21106,e,21110
21106,f,21110
21108,b,21110
21108,d,21110
21107,c,21110
21107,d,21110
21107,b,21110
21107,f,21110
21107,e,21110
21108,c,21110
21108,f,21110
21108,e,21110
21106,b,21110
21106,d,21110
21106,c,21110
21111,d,21111
21110,e,21111
21110,d,21111
21110,b,21111
21111,b,21111
21111,e,21111
21107,e,21111
21107,d,21111
21108,e,21111
21108,d,21111
21112,b,21111
21112,d,21111
21112,e,21111
21108,b,21111
21109,b,21111
21107,b,21111
21109,e,21111
21109,d,21111
21111,b,21112
21112,b,21112
21111,d,21112
21108,d,21112
21112,d,21112
21113,d,21112
21108,b,21112
21113,b,21112
21109,d,21112
21109,b,21112
21110,d,21112
21110,b,21112
21112,f,21113
21112,c,21113
21112,d,21113
21113,c,21113
21114,d,21113
21112,b,21113
21113,d,21113
21113,b,21113
21109,b,21113
21109,d,21113
21109,c,21113
21114,b,21113
21113,f,21113
21114,f,21113
21114,c,21113
21110,b,21113
21110,f,21113
21111,f,21113
21111,c,21113
21111,d,21113
21111,b,21113
21109,f,21113
21110,d,21113
21110,c,21113
21115,c,21114
21115,f,21114
21115,e,21114
21113,b,21114
21113,d,21114
21113,c,21114
21114,d,21114
21114,b,21114
21114,e,21114
21113,e,21114
21114,f,21114
21114,c,21114
21115,d,21114
21113,f,21114
21115,b,21114
21111,d,21114
21110,e,21114
21111,e,21114
21111,f,21114
21111,c,21114
21111,b,21114
21112,b,21114
21112,d,21114
21112,c,21114
21112,f,21114
21110,f,21114
21110,c,21114
21110,d,21114
21110,b,21114
21112,e,21114
21115,e,21115
21111,c,21115
21111,d,21115
21111,b,21115
21116,d,21115
21115,b,21115
21114,b,21115
21114,c,21115
21114,f,21115
21114,e,21115
21111,f,21115
21115,d,21115
21115,c,21115
21115,f,21115
21114,d,21115
21116,b,21115
21116,c,21115
21116,e,21115
21116,f,21115
21111,e,21115
21113,b,21115
21113,d,21115
21113,c,21115
21113,f,21115
21112,b,21115
21113,e,21115
21112,c,21115
21112,f,21115
21112,e,21115
21112,d,21115
21117,c,21116
21117,f,21116
21112,b,21116
21115,b,21116
21115,e,21116
21115,c,21116
21115,f,21116
21117,d,21116
21117,b,21116
21116,e,21116
21116,f,21116
21116,c,21116
21116,d,21116
21116,b,21116
21115,d,21116
21112,d,21116
21117,e,21116
21112,f,21116
21113,e,21116
21113,f,21116
21113,c,21116
21114,b,21116
21114,d,21116
21114,c,21116
21114,f,21116
21114,e,21116
21112,e,21116
21112,c,21116
21113,b,21116
21113,d,21116
21113,e,21117
21113,f,21117
21113,c,21117
21113,d,21117
21113,b,21117
21117,f,21117
21116,b,21117
21116,d,21117
21116,c,21117
21116,f,21117
21117,b,21117
21117,d,21117
21117,c,21117
21117,e,21117
21118,e,21117
21116,e,21117
21118,f,21117
21118,c,21117
21118,d,21117
21114,e,21117
21114,f,21117
21118,b,21117
21115,e,21117
21115,f,21117
21115,c,21117
21115,d,21117
21115,b,21117
21114,c,21117
21114,d,21117
21114,b,21117
21119,b,21118
21117,f,21118
21117,d,21118
21117,c,21118
21119,d,21118
21118,d,21118
21118,c,21118
21118,f,21118
21118,e,21118
21114,e,21118
21117,b,21118
21117,e,21118
21114,f,21118
21119,f,21118
21114,c,21118
21114,d,21118
21114,b,21118
21115,b,21118
21115,d,21118
21115,c,21118
21115,f,21118
21115,e,21118
21119,c,21118
21118,b,21118
21116,b,21118
21116,d,21118
21116,c,21118
21116,f,21118
21116,e,21118
21119,e,21118
21120,d,21119
21119,e,21119
21118,d,21119
21120,e,21119
21119,d,21119
21119,b,21119
21120,b,21119
21118,e,21119
21118,b,21119
21115,e,21119
21115,b,21119
21117,e,21119
21116,b,21119
21116,d,21119
21116,e,21119
21117,b,21119
21117,d,21119
21115,d,21119
21120,d,21120
21119,d,21120
21119,b,21120
21116,b,21120
21116,d,21120
21120,b,21120
21121,b,21120
21117,d,21120
21117,b,21120
21118,d,21120
21118,b,21120
21121,d,21120
21121,c,21121
21121,f,21121
21121,b,21121
21120,f,21121
21120,b,21121
21120,d,21121
21122,f,21121
21117,f,21121
21122,c,21121
21121,d,21121
21120,c,21121
21117,c,21121
21122,b,21121
21118,f,21121
21118,c,21121
21118,d,21121
21118,b,21121
21119,b,21121
21119,d,21121
21119,c,21121
21119,f,21121
21122,d,21121
21117,d,21121
21117,b,21121
21122,e,21122
21123,d,21122
21123,b,21122
21118,d,21122
21118,b,21122
21122,b,21122
21122,d,21122
21121,b,21122
21121,d,21122
21121,c,21122
21121,f,21122
21123,c,21122
21122,c,21122
21122,f,21122
21121,e,21122
21119,d,21122
21119,c,21122
21119,b,21122
21119,f,21122
21119,e,21122
21123,e,21122
21118,e,21122
21118,f,21122
21118,c,21122
21120,b,21122
21123,f,21122
21120,c,21122
21120,f,21122
21120,e,21122
21120,d,21122
21123,d,21123
21123,c,21123
21124,e,21123
21124,f,21123
21124,c,21123
21124,d,21123
21122,b,21123
21122,d,21123
21122,c,21123
21122,f,21123
21122,e,21123
21123,f,21123
21123,e,21123
21124,b,21123
21123,b,21123
21121,d,21123
21119,d,21123
21119,b,21123
21119,e,21123
21119,c,21123
21120,b,21123
21120,d,21123
21120,c,21123
21120,f,21123
21120,e,21123
21121,e,21123
21121,f,21123
21121,c,21123
21119,f,21123
21121,b,21123
21124,e,21124
21120,e,21124
21120,b,21124
21120,c,21124
21120,d,21124
21124,f,21124
21123,b,21124
21123,d,21124
21123,c,21124
21120,f,21124
21124,c,21124
21123,e,21124
21124,b,21124
21125,f,21124
21125,c,21124
21125,d,21124
21121,e,21124
21121,f,21124
21121,c,21124
21121,d,21124
21121,b,21124
21125,b,21124
21122,b,21124
21122,d,21124
21122,c,21124
21122,f,21124
21122,e,21124
21123,f,21124
21124,d,21124
21125,e,21124
21124,d,21125
21124,c,21125
21124,f,21125
21124,e,21125
21126,b,21125
21125,e,21125
21125,f,21125
21125,c,21125
21125,d,21125
21124,b,21125
21126,d,21125
21121,f,21125
21126,f,21125
21121,c,21125
21121,d,21125
21121,b,21125
21121,e,21125
21122,b,21125
21122,d,21125
21122,c,21125
21122,f,21125
21122,e,21125
21126,c,21125
21125,b,21125
21126,e,21125
21123,b,21125
21123,d,21125
21123,e,21125
21123,f,21125
21123,c,21125
21127,b,21126
21126,b,21126
21126,d,21126
21126,c,21126
21126,f,21126
21125,b,21126
21125,d,21126
21125,c,21126
21125,f,21126
21125,e,21126
21127,f,21126
21127,c,21126
21126,e,21126
21127,e,21126
21127,d,21126
21122,c,21126
21123,c,21126
21123,d,21126
21123,b,21126
21124,b,21126
21122,e,21126
21122,f,21126
21123,e,21126
21122,d,21126
21123,f,21126
21124,d,21126
21124,c,21126
21124,f,21126
21124,e,21126
21122,b,21126
21127,b,21127
21126,e,21127
21126,d,21127
21128,d,21127
21127,d,21127
21127,e,21127
21128,e,21127
21126,b,21127
21128,b,21127
21123,d,21127
21123,e,21127
21124,e,21127
21124,d,21127
21124,b,21127
21125,b,21127
21125,d,21127
21125,e,21127
21123,b,21127
21128,b,21128
21127,d,21128
21127,b,21128
21125,b,21128
21128,d,21128
21125,d,21128
21124,b,21128
21124,d,21128
21129,b,21128
21129,d,21128
21126,d,21128
21126,b,21128
21128,b,21129
21128,f,21129
21129,b,21129
21129,d,21129
21130,c,21129
21130,f,21129
21129,f,21129
21129,c,21129
21128,c,21129
21128,d,21129
21130,b,21129
21130,d,21129
21125,b,21129
21125,d,21129
21126,f,21129
21126,c,21129
21126,d,21129
21126,b,21129
21127,f,21129
21127,c,21129
21127,d,21129
21127,b,21129
21125,f,21129
21125,c,21129
21131,b,21130
21126,b,21130
21129,b,21130
21127,d,21130
21129,c,21130
21131,d,21130
21129,e,21130
21130,e,21130
21130,f,21130
21130,c,21130
21130,d,21130
21130,b,21130
21129,d,21130
21129,f,21130
21131,c,21130
21131,e,21130
21127,c,21130
21127,f,21130
21127,e,21130
21131,f,21130
21126,f,21130
21126,c,21130
21126,d,21130
21128,b,21130
21126,e,21130
21128,c,21130
21128,d,21130
21127,b,21130
21128,f,21130
21128,e,21130
21130,f,21131
21132,c,21131
21131,c,21131
21130,c,21131
21130,d,21131
21131,f,21131
21131,e,21131
21132,e,21131
21132,f,21131
21130,e,21131
21131,d,21131
21131,b,21131
21130,b,21131
21132,d,21131
21129,b,21131
21127,e,21131
21127,f,21131
21127,c,21131
21128,c,21131
21129,d,21131
21129,c,21131
21129,f,21131
21128,b,21131
21129,e,21131
21128,e,21131
21127,d,21131
21127,b,21131
21132,b,21131
21128,f,21131
21128,d,21131
21128,b,21132
21128,d,21132
21132,e,21132
21128,c,21132
21131,b,21132
21131,d,21132
21131,c,21132
21131,f,21132
21131,e,21132
21133,b,21132
21133,d,21132
21132,c,21132
21133,f,21132
21129,e,21132
21129,f,21132
21129,c,21132
21129,d,21132
21129,b,21132
21128,e,21132
21128,f,21132
21130,b,21132
21130,d,21132
21130,c,21132
21130,f,21132
21130,e,21132
21132,b,21132
21132,d,21132
21132,f,21132
21133,e,21132
21133,c,21132
21132,b,21133
21132,d,21133
21134,b,21133
21132,f,21133
21134,e,21133
21134,d,21133
21133,b,21133
21133,d,21133
21133,c,21133
21133,f,21133
21134,f,21133
21134,c,21133
21133,e,21133
21132,c,21133
21132,e,21133
21131,b,21133
21130,e,21133
21130,d,21133
21130,b,21133
21129,e,21133
21130,c,21133
21131,d,21133
21131,c,21133
21131,f,21133
21130,f,21133
21129,f,21133
21129,c,21133
21129,b,21133
21129,d,21133
21131,e,21133
21134,f,21134
21134,c,21134
21133,b,21134
21133,d,21134
21133,f,21134
21133,e,21134
21135,e,21134
21135,f,21134
21135,c,21134
21135,b,21134
21133,c,21134
21135,d,21134
21134,e,21134
21130,b,21134
21131,e,21134
21131,f,21134
21131,c,21134
21131,d,21134
21131,b,21134
21130,e,21134
21132,b,21134
21134,b,21134
21132,c,21134
21132,d,21134
21132,e,21134
21130,f,21134
21130,c,21134
21130,d,21134
21132,f,21134
21134,d,21134
21136,d,21135
21136,b,21135
21135,e,21135
21134,e,21135
21134,d,21135
21134,b,21135
21135,d,21135
21135,b,21135
21136,e,21135
21131,d,21135
21131,e,21135
21132,d,21135
21132,b,21135
21132,e,21135
21133,b,21135
21133,d,21135
21133,e,21135
21131,b,21135
21134,b,21136
21137,b,21136
21137,d,21136
21136,d,21136
21136,b,21136
21135,d,21136
21133,d,21136
21133,b,21136
21134,d,21136
21135,b,21136
21132,d,21136
21132,b,21136
21138,d,21137
21138,b,21137
21137,b,21137
21137,f,21137
21137,c,21137
21138,c,21137
21136,b,21137
21136,d,21137
21136,c,21137
21136,f,21137
21137,d,21137
21138,f,21137
21133,f,21137
21135,c,21137
21135,f,21137
21133,c,21137
21133,d,21137
21133,b,21137
21134,b,21137
21134,d,21137
21135,d,21137
21135,b,21137
21134,c,21137
21134,f,21137
21137,b,21138
21139,f,21138
21138,d,21138
21138,b,21138
21138,f,21138
21138,c,21138
21137,d,21138
21137,c,21138
21137,f,21138
21137,e,21138
21139,c,21138
21139,e,21138
21138,e,21138
21135,c,21138
21139,b,21138
21134,e,21138
21135,b,21138
21136,b,21138
21136,d,21138
21136,c,21138
21136,f,21138
21134,f,21138
21136,e,21138
21139,d,21138
21135,f,21138
21135,e,21138
21134,d,21138
21134,b,21138
21135,d,21138
21134,c,21138
21135,b,21139
21138,f,21139
21138,d,21139
21138,c,21139
21140,b,21139
21138,e,21139
21139,e,21139
21139,f,21139
21139,c,21139
21139,d,21139
21139,b,21139
21138,b,21139
21136,f,21139
21136,e,21139
21140,f,21139
21136,c,21139
21136,d,21139
21136,b,21139
21140,c,21139
21135,f,21139
21135,c,21139
21135,d,21139
21137,b,21139
21137,d,21139
21135,e,21139
21137,f,21139
21140,e,21139
21137,c,21139
21140,d,21139
21137,e,21139
21140,c,21140
21139,e,21140
21139,f,21140
21139,c,21140
21139,d,21140
21140,e,21140
21140,d,21140
21140,b,21140
21141,b,21140
21141,d,21140
21141,c,21140
21141,f,21140
21141,e,21140
21140,f,21140
21139,b,21140
21136,f,21140
21138,b,21140
21137,b,21140
21138,d,21140
21138,c,21140
21138,f,21140
21138,e,21140
21137,c,21140
21137,d,21140
21136,e,21140
21136,c,21140
21136,d,21140
21136,b,21140
21137,e,21140
21137,f,21140
21140,d,21141
21140,b,21141
21140,c,21141
21137,c,21141
21140,e,21141
21142,d,21141
21142,b,21141
21137,b,21141
21141,e,21141
21141,f,21141
21141,c,21141
21141,b,21141
21140,f,21141
21137,d,21141
21141,d,21141
21139,b,21141
21138,d,21141
21138,c,21141
21137,f,21141
21139,d,21141
21139,c,21141
21139,f,21141
21139,e,21141
21138,b,21141
21138,f,21141
21142,e,21141
21142,f,21141
21142,c,21141
21137,e,21141
21138,e,21141
21143,e,21142
21143,f,21142
21143,c,21142
21141,b,21142
21143,b,21142
21141,c,21142
21141,f,21142
21141,e,21142
21142,e,21142
21142,f,21142
21142,c,21142
21142,d,21142
21142,b,21142
21141,d,21142
21143,d,21142
21138,e,21142
21139,e,21142
21138,f,21142
21138,c,21142
21138,d,21142
21140,e,21142
21140,f,21142
21140,c,21142
21138,b,21142
21140,b,21142
21139,f,21142
21140,d,21142
21139,c,21142
21139,d,21142
21139,b,21142
21142,d,21143
21144,b,21143
21142,e,21143
21143,b,21143
21142,b,21143
21143,d,21143
21139,e,21143
21139,d,21143
21143,e,21143
21144,e,21143
21144,d,21143
21141,e,21143
21141,d,21143
21141,b,21143
21140,b,21143
21140,d,21143
21140,e,21143
21139,b,21143
21140,d,21144
21143,b,21144
21143,d,21144
21144,b,21144
21144,d,21144
21140,b,21144
21142,b,21144
21141,b,21144
21141,d,21144
21145,b,21144
21145,d,21144
21142,d,21144
21146,c,21145
21146,f,21145
21145,f,21145
21144,b,21145
21144,d,21145
21145,d,21145
21145,b,21145
21144,f,21145
21144,c,21145
21145,c,21145
21146,d,21145
21146,b,21145
21141,b,21145
21141,d,21145
21142,f,21145
21142,c,21145
21142,d,21145
21142,b,21145
21143,f,21145
21143,c,21145
21143,d,21145
21143,b,21145
21141,f,21145
21141,c,21145
21143,c,21146
21147,b,21146
21145,b,21146
21145,e,21146
21145,c,21146
21145,f,21146
21147,d,21146
21146,e,21146
21146,f,21146
21146,c,21146
21146,d,21146
21146,b,21146
21145,d,21146
21143,b,21146
21147,c,21146
21147,e,21146
21143,f,21146
21143,e,21146
21142,e,21146
21142,f,21146
21147,f,21146
21142,d,21146
21142,b,21146
21144,b,21146
21142,c,21146
21144,c,21146
21144,d,21146
21143,d,21146
21144,f,21146
21144,e,21146
21147,c,21147
21146,f,21147
21146,e,21147
21146,c,21147
21146,d,21147
21147,f,21147
21147,e,21147
21148,e,21147
21148,f,21147
21148,c,21147
21147,d,21147
21147,b,21147
21146,b,21147
21148,b,21147
21148,d,21147
21143,e,21147
21144,b,21147
21145,b,21147
21145,d,21147
21145,c,21147
21145,f,21147
21145,e,21147
21144,d,21147
21144,c,21147
21144,f,21147
21144,e,21147
21143,c,21147
21143,d,21147
21143,b,21147
21143,f,21147
21144,b,21148
21147,b,21148
21149,b,21148
21147,c,21148
21147,f,21148
21144,d,21148
21148,e,21148
21148,f,21148
21148,c,21148
21148,d,21148
21148,b,21148
21147,d,21148
21147,e,21148
21144,c,21148
21144,f,21148
21145,c,21148
21144,e,21148
21145,f,21148
21146,b,21148
21146,d,21148
21146,c,21148
21146,f,21148
21145,d,21148
21146,e,21148
21149,e,21148
21149,f,21148
21149,c,21148
21149,d,21148
21145,e,21148
21145,b,21148
21150,e,21149
21150,f,21149
21150,b,21149
21148,e,21149
21148,d,21149
21148,c,21149
21148,f,21149
21150,c,21149
21149,e,21149
21149,f,21149
21149,c,21149
21149,b,21149
21148,b,21149
21150,d,21149
21149,d,21149
21146,e,21149
21146,b,21149
21146,d,21149
21146,f,21149
21146,c,21149
21147,b,21149
21147,d,21149
21147,f,21149
21147,c,21149
21145,e,21149
21145,f,21149
21145,c,21149
21145,d,21149
21145,b,21149
21147,e,21149
21149,d,21150
21151,e,21150
21149,b,21150
21149,c,21150
21150,f,21150
21149,e,21150
21151,f,21150
21151,c,21150
21151,d,21150
21150,e,21150
21150,c,21150
21149,f,21150
21151,b,21150
21146,b,21150
21146,d,21150
21147,e,21150
21147,f,21150
21147,c,21150
21147,d,21150
21147,b,21150
21146,e,21150
21150,b,21150
21148,d,21150
21148,c,21150
21148,b,21150
21148,e,21150
21146,f,21150
21146,c,21150
21148,f,21150
21150,d,21150
21152,d,21151
21150,e,21151
21150,d,21151
21150,b,21151
21152,b,21151
21151,e,21151
21151,d,21151
21151,b,21151
21152,e,21151
21147,d,21151
21147,e,21151
21147,b,21151
21148,b,21151
21148,d,21151
21148,e,21151
21149,b,21151
21149,d,21151
21149,e,21151
21153,d,21152
21152,d,21152
21152,b,21152
21151,d,21152
21151,b,21152
21148,b,21152
21148,d,21152
21149,b,21152
21153,b,21152
21149,d,21152
21150,b,21152
21150,d,21152
21151,c,21153
21152,b,21153
21152,d,21153
21152,c,21153
21152,f,21153
21154,b,21153
21154,d,21153
21154,c,21153
21154,f,21153
21149,b,21153
21153,f,21153
21149,f,21153
21151,d,21153
21151,b,21153
21150,b,21153
21150,d,21153
21150,c,21153
21150,f,21153
21153,c,21153
21153,d,21153
21153,b,21153
21149,c,21153
21151,f,21153
21149,d,21153
21153,b,21154
21154,f,21154
21153,c,21154
21153,f,21154
21154,c,21154
21154,b,21154
21154,d,21154
21155,f,21154
21155,c,21154
21155,e,21154
21154,e,21154
21153,d,21154
21153,e,21154
21151,d,21154
21155,b,21154
21150,e,21154
21151,b,21154
21152,b,21154
21152,d,21154
21152,c,21154
21152,f,21154
21150,f,21154
21152,e,21154
21151,c,21154
21151,f,21154
21151,e,21154
21150,d,21154
21150,b,21154
21155,d,21154
21150,c,21154
21151,b,21155
21154,f,21155
21154,d,21155
21154,c,21155
21156,b,21155
21154,e,21155
21155,e,21155
21155,f,21155
21155,c,21155
21155,d,21155
21155,b,21155
21154,b,21155
21152,f,21155
21152,e,21155
21156,f,21155
21152,c,21155
21152,d,21155
21152,b,21155
21151,e,21155
21156,c,21155
21151,c,21155
21151,d,21155
21153,b,21155
21153,d,21155
21151,f,21155
21153,f,21155
21156,e,21155
21153,c,21155
21156,d,21155
21153,e,21155
21156,d,21156
21155,f,21156
21155,c,21156
21155,d,21156
21155,b,21156
21156,f,21156
21156,e,21156
21157,b,21156
21155,e,21156
21157,d,21156
21157,c,21156
21157,f,21156
21156,c,21156
21156,b,21156
21152,c,21156
21154,b,21156
21152,e,21156
21153,b,21156
21154,d,21156
21154,c,21156
21154,f,21156
21154,e,21156
21153,d,21156
21153,f,21156
21153,e,21156
21152,f,21156
21152,d,21156
21152,b,21156
21157,e,21156
21153,c,21156
21156,b,21157
21156,d,21157
21153,c,21157
21156,f,21157
21156,e,21157
21158,b,21157
21153,b,21157
21157,e,21157
21157,f,21157
21157,c,21157
21157,d,21157
21156,c,21157
21153,d,21157
21157,b,21157
21153,e,21157
21154,c,21157
21154,f,21157
21153,f,21157
21155,b,21157
21155,d,21157
21155,c,21157
21155,f,21157
21154,d,21157
21155,e,21157
21158,e,21157
21158,f,21157
21158,c,21157
21158,d,21157
21154,e,21157
21154,b,21157
21159,f,21158
21159,c,21158
21159,e,21158
21158,e,21158
21157,d,21158
21157,c,21158
21157,f,21158
21157,e,21158
21158,f,21158
21158,c,21158
21158,d,21158
21158,b,21158
21157,b,21158
21159,b,21158
21159,d,21158
21154,f,21158
21156,b,21158
21155,f,21158
21155,c,21158
21155,d,21158
21155,b,21158
21154,e,21158
21154,c,21158
21155,e,21158
21156,d,21158
21156,c,21158
21156,f,21158
21156,e,21158
21154,b,21158
21154,d,21158
21158,d,21159
21160,b,21159
21159,b,21159
21159,d,21159
21158,e,21159
21158,b,21159
21155,d,21159
21159,e,21159
21160,e,21159
21160,d,21159
21157,e,21159
21157,d,21159
21157,b,21159
21156,b,21159
21156,d,21159
21156,e,21159
21155,b,21159
21155,e,21159
21159,b,21160
21159,d,21160
21160,b,21160
21160,d,21160
21156,b,21160
21158,d,21160
21157,b,21160
21157,d,21160
21156,d,21160
21161,b,21160
21161,d,21160
21158,b,21160
21162,c,21161
21162,f,21161
21161,f,21161
21160,c,21161
21160,f,21161
21161,d,21161
21161,b,21161
21160,b,21161
21160,d,21161
21161,c,21161
21162,d,21161
21162,b,21161
21157,b,21161
21157,d,21161
21158,f,21161
21158,c,21161
21158,d,21161
21159,f,21161
21159,c,21161
21159,d,21161
21159,b,21161
21158,b,21161
21157,f,21161
21157,c,21161
21159,c,21162
21163,b,21162
21158,b,21162
21161,b,21162
21161,f,21162
21161,c,21162
21163,d,21162
21161,e,21162
21162,e,21162
21162,f,21162
21162,c,21162
21162,d,21162
21162,b,21162
21161,d,21162
21159,b,21162
21163,c,21162
21163,e,21162
21159,f,21162
21159,e,21162
21163,f,21162
21158,e,21162
21158,f,21162
21158,c,21162
21158,d,21162
21160,b,21162
21159,d,21162
21160,c,21162
21160,f,21162
21160,e,21162
21160,d,21162
21163,b,21163
21163,d,21163
21164,f,21163
21164,c,21163
21164,d,21163
21164,b,21163
21162,b,21163
21162,d,21163
21162,c,21163
21162,f,21163
21162,e,21163
21163,c,21163
21163,f,21163
21163,e,21163
21164,e,21163
21161,d,21163
21161,b,21163
21160,e,21163
21160,f,21163
21160,c,21163
21160,d,21163
21160,b,21163
21159,e,21163
21161,c,21163
21161,f,21163
21159,f,21163
21159,c,21163
21159,d,21163
21159,b,21163
21161,e,21163
21164,e,21164
21160,c,21164
21160,d,21164
21160,b,21164
21164,b,21164
21164,d,21164
21163,b,21164
21163,d,21164
21163,c,21164
21160,f,21164
21163,f,21164
21164,f,21164
21164,c,21164
21163,e,21164
21160,e,21164
21162,b,21164
21165,f,21164
21165,c,21164
21165,d,21164
21161,e,21164
21161,f,21164
21161,c,21164
21165,b,21164
21162,e,21164
21162,f,21164
21162,c,21164
21162,d,21164
21161,d,21164
21165,e,21164
21161,b,21164
21164,f,21165
21164,d,21165
21164,c,21165
21165,d,21165
21165,c,21165
21165,f,21165
21165,e,21165
21166,b,21165
21164,e,21165
21164,b,21165
21166,d,21165
21161,f,21165
21166,f,21165
21161,c,21165
21161,d,21165
21161,b,21165
21162,b,21165
21162,d,21165
21162,c,21165
21162,f,21165
21162,e,21165
21166,c,21165
21161,e,21165
21165,b,21165
21163,d,21165
21166,e,21165
21163,c,21165
21163,e,21165
21163,b,21165
21163,f,21165
21166,b,21166
21166,d,21166
21166,c,21166
21167,e,21166
21166,f,21166
21165,b,21166
21165,c,21166
21165,f,21166
21165,e,21166
21167,f,21166
21167,d,21166
21166,e,21166
21165,d,21166
21167,c,21166
21167,b,21166
21162,f,21166
21164,b,21166
21163,f,21166
21163,c,21166
21163,d,21166
21163,b,21166
21162,e,21166
21162,c,21166
21163,e,21166
21164,d,21166
21164,c,21166
21164,f,21166
21164,e,21166
21162,b,21166
21162,d,21166
21166,d,21167
21168,b,21167
21167,b,21167
21167,d,21167
21166,e,21167
21166,b,21167
21163,d,21167
21167,e,21167
21168,e,21167
21168,d,21167
21165,e,21167
21165,d,21167
21165,b,21167
21164,b,21167
21164,d,21167
21164,e,21167
21163,b,21167
21163,e,21167
21167,b,21168
21167,d,21168
21168,b,21168
21168,d,21168
21164,b,21168
21166,d,21168
21165,b,21168
21165,d,21168
21164,d,21168
21169,b,21168
21169,d,21168
21166,b,21168
21170,c,21169
21170,f,21169
21169,f,21169
21168,c,21169
21168,f,21169
21169,d,21169
21169,b,21169
21168,b,21169
21168,d,21169
21169,c,21169
21170,d,21169
21170,b,21169
21165,b,21169
21165,d,21169
21166,f,21169
21166,c,21169
21166,d,21169
21167,f,21169
21167,c,21169
21167,d,21169
21167,b,21169
21166,b,21169
21165,f,21169
21165,c,21169
21167,c,21170
21171,b,21170
21166,b,21170
21169,b,21170
21169,f,21170
21169,c,21170
21171,d,21170
21169,e,21170
21170,e,21170
21170,f,21170
21170,c,21170
21170,d,21170
21170,b,21170
21169,d,21170
21167,b,21170
21171,c,21170
21171,e,21170
21167,f,21170
21167,e,21170
21171,f,21170
21166,e,21170
21166,f,21170
21166,c,21170
21166,d,21170
21168,b,21170
21167,d,21170
21168,c,21170
21168,f,21170
21168,e,21170
21168,d,21170
21171,b,21171
21171,d,21171
21172,f,21171
21172,c,21171
21172,d,21171
21172,b,21171
21170,b,21171
21170,d,21171
21170,c,21171
21170,f,21171
21170,e,21171
21171,c,21171
21171,f,21171
21171,e,21171
21172,e,21171
21169,d,21171
21167,b,21171
21167,f,21171
21167,d,21171
21167,c,21171
21168,e,21171
21169,b,21171
21169,c,21171
21169,f,21171
21169,e,21171
21168,f,21171
21168,d,21171
21168,b,21171
21167,e,21171
21168,c,21171
21172,f,21172
21171,b,21172
21168,b,21172
21168,d,21172
21168,c,21172
21168,f,21172
21168,e,21172
21171,d,21172
21171,c,21172
21171,f,21172
21172,c,21172
21172,e,21172
21172,b,21172
21173,e,21172
21173,f,21172
21173,c,21172
21169,e,21172
21169,f,21172
21169,c,21172
21169,d,21172
21172,d,21172
21169,b,21172
21170,b,21172
21170,d,21172
21170,c,21172
21170,f,21172
21170,e,21172
21173,b,21172
21171,e,21172
21173,d,21172
21169,f,21173
21172,c,21173
21172,d,21173
21172,f,21173
21172,e,21173
21174,d,21173
21174,b,21173
21173,e,21173
21173,f,21173
21173,c,21173
21172,b,21173
21174,c,21173
21171,b,21173
21174,e,21173
21169,c,21173
21169,d,21173
21169,b,21173
21173,b,21173
21170,b,21173
21170,d,21173
21170,c,21173
21170,f,21173
21170,e,21173
21174,f,21173
21173,d,21173
21171,d,21173
21171,c,21173
21169,e,21173
21171,f,21173
21171,e,21173
21175,b,21174
21174,b,21174
21174,d,21174
21174,c,21174
21175,e,21174
21174,f,21174
21174,e,21174
21173,b,21174
21173,c,21174
21173,f,21174
21173,e,21174
21175,c,21174
21175,d,21174
21173,d,21174
21175,f,21174
21170,e,21174
21170,c,21174
21170,d,21174
21170,b,21174
21171,b,21174
21171,d,21174
21171,c,21174
21171,f,21174
21171,e,21174
21172,b,21174
21172,d,21174
21170,f,21174
21172,e,21174
21172,f,21174
21172,c,21174
21172,e,21175
21172,d,21175
21175,b,21175
21175,d,21175
21175,e,21175
21174,e,21175
21174,d,21175
21174,b,21175
21172,b,21175
21171,e,21175
21171,b,21175
21171,d,21175
21173,d,21175
21173,e,21175
21176,b,21175
21176,d,21175
21176,e,21175
21173,b,21175
21176,d,21176
21172,d,21176
21175,b,21176
21175,d,21176
21177,d,21176
21176,b,21176
21172,b,21176
21177,b,21176
21173,d,21176
21173,b,21176
21174,d,21176
21174,b,21176
21176,f,21177
21176,c,21177
21176,d,21177
21177,c,21177
21178,d,21177
21176,b,21177
21177,d,21177
21177,b,21177
21173,b,21177
21173,d,21177
21173,c,21177
21178,b,21177
21177,f,21177
21178,f,21177
21178,c,21177
21174,b,21177
21174,f,21177
21175,f,21177
21175,c,21177
21175,d,21177
21175,b,21177
21173,f,21177
21174,d,21177
21174,c,21177
21179,c,21178
21179,f,21178
21179,e,21178
21177,b,21178
21177,d,21178
21177,c,21178
21178,d,21178
21178,b,21178
21178,e,21178
21177,e,21178
21178,f,21178
21178,c,21178
21179,d,21178
21177,f,21178
21179,b,21178
21175,d,21178
21174,f,21178
21174,d,21178
21174,c,21178
21174,e,21178
21176,b,21178
21174,b,21178
21176,c,21178
21176,f,21178
21176,e,21178
21176,d,21178
21175,f,21178
21175,c,21178
21175,b,21178
21175,e,21178
21179,e,21179
21175,b,21179
21175,d,21179
21175,c,21179
21175,f,21179
21180,b,21179
21179,f,21179
21178,b,21179
21179,c,21179
21178,d,21179
21178,c,21179
21179,d,21179
21180,d,21179
21178,f,21179
21180,c,21179
21180,f,21179
21180,e,21179
21176,e,21179
21176,f,21179
21176,c,21179
21179,b,21179
21176,d,21179
21175,e,21179
21177,b,21179
21177,d,21179
21177,c,21179
21177,f,21179
21177,e,21179
21176,b,21179
21178,e,21179
21179,c,21180
21179,d,21180
21181,b,21180
21179,f,21180
21179,e,21180
21180,e,21180
21180,f,21180
21180,c,21180
21180,d,21180
21180,b,21180
21179,b,21180
21181,d,21180
21176,d,21180
21181,f,21180
21176,c,21180
21176,f,21180
21176,e,21180
21177,b,21180
21177,d,21180
21177,c,21180
21177,f,21180
21177,e,21180
21181,c,21180
21176,b,21180
21178,b,21180
21181,e,21180
21178,c,21180
21178,e,21180
21178,d,21180
21178,f,21180
21182,b,21181
21181,b,21181
21181,d,21181
21181,c,21181
21181,f,21181
21181,e,21181
21180,b,21181
21180,c,21181
21180,f,21181
21180,e,21181
21182,e,21181
21182,c,21181
21182,d,21181
21180,d,21181
21182,f,21181
21179,e,21181
21177,b,21181
21178,c,21181
21178,d,21181
21178,b,21181
21177,e,21181
21177,f,21181
21177,c,21181
21177,d,21181
21178,f,21181
21179,b,21181
21178,e,21181
21179,c,21181
21179,f,21181
21179,d,21181
21182,b,21182
21182,d,21182
21182,c,21182
21182,f,21182
21182,e,21182
21181,e,21182
21181,f,21182
21181,c,21182
21181,b,21182
21183,e,21182
21183,f,21182
21183,c,21182
21181,d,21182
21183,b,21182
21178,d,21182
21179,e,21182
21179,f,21182
21179,c,21182
21179,d,21182
21179,b,21182
21183,d,21182
21180,b,21182
21180,d,21182
21180,c,21182
21180,f,21182
21178,b,21182
21180,e,21182
21178,e,21182
21178,f,21182
21178,c,21182
21179,d,21183
21183,b,21183
21182,e,21183
21182,d,21183
21182,b,21183
21179,e,21183
21183,e,21183
21180,e,21183
21181,b,21183
21181,d,21183
21181,e,21183
21180,b,21183
21179,b,21183
21184,b,21183
21184,d,21183
21184,e,21183
21180,d,21183
21183,d,21183
21184,b,21184
21184,d,21184
21185,d,21184
21183,d,21184
21183,b,21184
21185,b,21184
21181,d,21184
21180,d,21184
21181,b,21184
21182,b,21184
21180,b,21184
21182,d,21184
21184,c,21185
21184,d,21185
21184,b,21185
21185,f,21185
21185,c,21185
21185,d,21185
21181,b,21185
21181,d,21185
21181,c,21185
21186,b,21185
21186,d,21185
21184,f,21185
21186,f,21185
21185,b,21185
21182,b,21185
21182,f,21185
21182,c,21185
21182,d,21185
21181,f,21185
21183,b,21185
21183,d,21185
21186,c,21185
21183,f,21185
21183,c,21185
21185,e,21186
21185,f,21186
21186,d,21186
21186,e,21186
21186,f,21186
21186,c,21186
21185,c,21186
21185,d,21186
21185,b,21186
21187,e,21186
21187,f,21186
21187,c,21186
21182,f,21186
21186,b,21186
21182,e,21186
21187,b,21186
21183,e,21186
21183,f,21186
21183,c,21186
21183,d,21186
21183,b,21186
21184,b,21186
21184,d,21186
21184,c,21186
21184,f,21186
21187,d,21186
21182,c,21186
21182,d,21186
21182,b,21186
21184,e,21186
21187,e,21187
21183,c,21187
21183,d,21187
21183,b,21187
21187,b,21187
21187,d,21187
21186,d,21187
21186,c,21187
21186,f,21187
21186,e,21187
21183,f,21187
21187,c,21187
21187,f,21187
21186,b,21187
21188,b,21187
21188,d,21187
21188,c,21187
21184,c,21187
21184,e,21187
21183,e,21187
21185,b,21187
21185,d,21187
21185,c,21187
21185,f,21187
21185,e,21187
21184,f,21187
21188,e,21187
21188,f,21187
21184,d,21187
21184,b,21187
21189,b,21188
21189,d,21188
21189,c,21188
21189,f,21188
21187,e,21188
21187,d,21188
21187,c,21188
21187,f,21188
21188,e,21188
21188,f,21188
21188,c,21188
21188,d,21188
21188,b,21188
21187,b,21188
21189,e,21188
21186,b,21188
21185,e,21188
21184,b,21188
21184,d,21188
21184,c,21188
21184,f,21188
21184,e,21188
21185,d,21188
21185,c,21188
21185,b,21188
21186,e,21188
21186,f,21188
21186,c,21188
21186,d,21188
21185,f,21188
21185,c,21189
21185,d,21189
21185,b,21189
21188,b,21189
21190,b,21189
21188,c,21189
21188,f,21189
21188,e,21189
21189,b,21189
21189,e,21189
21189,f,21189
21189,c,21189
21188,d,21189
21185,f,21189
21189,d,21189
21190,d,21189
21186,d,21189
21186,c,21189
21185,e,21189
21186,f,21189
21187,b,21189
21187,d,21189
21187,c,21189
21186,b,21189
21187,f,21189
21186,e,21189
21190,e,21189
21190,f,21189
21190,c,21189
21187,e,21189
21191,e,21190
21191,f,21190
21191,c,21190
21189,b,21190
21186,e,21190
21189,c,21190
21189,f,21190
21189,e,21190
21190,e,21190
21190,f,21190
21190,c,21190
21190,d,21190
21190,b,21190
21189,d,21190
21186,f,21190
21191,b,21190
21187,e,21190
21186,c,21190
21186,d,21190
21191,d,21190
21188,e,21190
21188,f,21190
21188,c,21190
21186,b,21190
21187,c,21190
21187,f,21190
21188,b,21190
21187,d,21190
21188,d,21190
21187,b,21190
21187,e,21191
21190,d,21191
21190,e,21191
21191,b,21191
21190,b,21191
21191,d,21191
21188,b,21191
21187,d,21191
21192,e,21191
21191,e,21191
21192,b,21191
21192,d,21191
21189,e,21191
21189,d,21191
21189,b,21191
21188,d,21191
21188,e,21191
21187,b,21191
21191,b,21192
21192,d,21192
21191,d,21192
21192,b,21192
21189,d,21192
21193,b,21192
21193,d,21192
21189,b,21192
21188,d,21192
21188,b,21192
21190,d,21192
21190,b,21192
21192,d,21193
21192,f,21193
21194,c,21193
21192,b,21193
21193,f,21193
21193,c,21193
21193,d,21193
21193,b,21193
21194,b,21193
21194,d,21193
21192,c,21193
21189,b,21193
21194,f,21193
21189,f,21193
21190,d,21193
21190,b,21193
21189,c,21193
21189,d,21193
21190,c,21193
21191,d,21193
21191,b,21193
21191,c,21193
21191,f,21193
21190,f,21193
21195,f,21194
21193,b,21194
21193,d,21194
21194,e,21194
21195,b,21194
21193,c,21194
21194,d,21194
21194,c,21194
21195,e,21194
21193,e,21194
21194,f,21194
21195,c,21194
21194,b,21194
21193,f,21194
21195,d,21194
21191,c,21194
21190,c,21194
21190,d,21194
21190,f,21194
21192,b,21194
21190,b,21194
21192,c,21194
21192,f,21194
21192,e,21194
21192,d,21194
21191,f,21194
21191,d,21194
21191,b,21194
21190,e,21194
21191,e,21194
21194,b,21195
21191,b,21195
21191,d,21195
21191,c,21195
21191,f,21195
21195,e,21195
21195,f,21195
21194,d,21195
21195,c,21195
21194,c,21195
21195,d,21195
21196,d,21195
21196,b,21195
21196,c,21195
21196,f,21195
21196,e,21195
21192,e,21195
21192,f,21195
21192,c,21195
21192,d,21195
21192,b,21195
21191,e,21195
21193,b,21195
21193,d,21195
21193,c,21195
21193,f,21195
21193,e,21195
21194,f,21195
21195,b,21195
21194,e,21195
21195,c,21196
21195,d,21196
21197,b,21196
21195,f,21196
21195,e,21196
21196,e,21196
21196,f,21196
21196,c,21196
21196,d,21196
21196,b,21196
21195,b,21196
21197,d,21196
21192,d,21196
21197,f,21196
21192,c,21196
21192,f,21196
21192,e,21196
21193,b,21196
21193,d,21196
21193,c,21196
21193,f,21196
21193,e,21196
21197,c,21196
21192,b,21196
21194,b,21196
21197,e,21196
21194,c,21196
21194,e,21196
21194,d,21196
21194,f,21196
21198,b,21197
21197,b,21197
21197,d,21197
21197,c,21197
21197,f,21197
21197,e,21197
21196,b,21197
21196,c,21197
21196,f,21197
21196,e,21197
21198,e,21197
21198,c,21197
21198,d,21197
21196,d,21197
21198,f,21197
21193,f,21197
21194,e,21197
21194,f,21197
21194,b,21197
21195,b,21197
21195,d,21197
21195,c,21197
21195,e,21197
21195,f,21197
21194,d,21197
21193,c,21197
21193,d,21197
21193,b,21197
21194,c,21197
21193,e,21197
21197,c,21198
21197,b,21198
21197,d,21198
21197,f,21198
21198,e,21198
21199,e,21198
21199,f,21198
21199,c,21198
21199,b,21198
21198,f,21198
21198,b,21198
21197,e,21198
21199,d,21198
21194,b,21198
21194,d,21198
21195,e,21198
21195,f,21198
21195,c,21198
21195,d,21198
21195,b,21198
21196,b,21198
21196,d,21198
21198,d,21198
21196,f,21198
21196,c,21198
21194,e,21198
21194,f,21198
21194,c,21198
21196,e,21198
21198,c,21198
21199,b,21199
21200,d,21199
21200,b,21199
21195,e,21199
21198,e,21199
21198,d,21199
21198,b,21199
21199,e,21199
21199,d,21199
21200,e,21199
21195,d,21199
21195,b,21199
21196,b,21199
21196,d,21199
21196,e,21199
21197,b,21199
21197,d,21199
21197,e,21199
21201,d,21200
21200,d,21200
21200,b,21200
21199,d,21200
21199,b,21200
21196,b,21200
21196,d,21200
21197,b,21200
21197,d,21200
21201,b,21200
21198,b,21200
21198,d,21200
21199,c,21201
21197,c,21201
21197,d,21201
21200,d,21201
21200,c,21201
21197,b,21201
21198,b,21201
21202,b,21201
21202,d,21201
21202,c,21201
21202,f,21201
21200,f,21201
21199,f,21201
21199,d,21201
21199,b,21201
21198,d,21201
21198,c,21201
21198,f,21201
21201,f,21201
21201,c,21201
21201,d,21201
21201,b,21201
21197,f,21201
21200,b,21201
21201,d,21202
21201,b,21202
21202,c,21202
21201,f,21202
21202,b,21202
21202,d,21202
21203,c,21202
21203,f,21202
21203,e,21202
21202,e,21202
21202,f,21202
21201,c,21202
21201,e,21202
21199,d,21202
21203,b,21202
21198,e,21202
21200,b,21202
21200,d,21202
21200,c,21202
21200,f,21202
21200,e,21202
21198,f,21202
21199,b,21202
21199,c,21202
21199,f,21202
21199,e,21202
21198,d,21202
21198,b,21202
21203,d,21202
21198,c,21202
21199,b,21203
21202,f,21203
21202,d,21203
21202,c,21203
21199,d,21203
21202,e,21203
21203,e,21203
21203,f,21203
21203,c,21203
21203,d,21203
21203,b,21203
21202,b,21203
21204,b,21203
21200,e,21203
21204,c,21203
21200,c,21203
21200,d,21203
21200,b,21203
21200,f,21203
21199,f,21203
21199,c,21203
21201,b,21203
21201,d,21203
21199,e,21203
21201,f,21203
21204,f,21203
21204,e,21203
21201,c,21203
21204,d,21203
21201,e,21203
21204,b,21204
21203,f,21204
21203,c,21204
21203,d,21204
21204,c,21204
21204,f,21204
21204,e,21204
21205,b,21204
21205,d,21204
21205,c,21204
21205,f,21204
21205,e,21204
21204,d,21204
21203,b,21204
21203,e,21204
21202,e,21204
21201,e,21204
21201,f,21204
21200,b,21204
21200,d,21204
21200,c,21204
21200,f,21204
21201,c,21204
21201,d,21204
21202,f,21204
21202,c,21204
21202,d,21204
21202,b,21204
21201,b,21204
21200,e,21204
21204,b,21205
21201,d,21205
21204,d,21205
21204,c,21205
21206,d,21205
21204,e,21205
21206,f,21205
21206,c,21205
21201,b,21205
21206,b,21205
21205,e,21205
21205,f,21205
21205,b,21205
21204,f,21205
21205,d,21205
21205,c,21205
21201,f,21205
21202,e,21205
21202,f,21205
21202,c,21205
21202,d,21205
21202,b,21205
21201,c,21205
21203,b,21205
21203,d,21205
21203,c,21205
21201,e,21205
21203,e,21205
21206,e,21205
21203,f,21205
21207,e,21206
21207,f,21206
21207,c,21206
21206,b,21206
21206,d,21206
21206,c,21206
21205,b,21206
21205,c,21206
21205,f,21206
21205,e,21206
21206,f,21206
21206,e,21206
21202,e,21206
21207,d,21206
21205,d,21206
21202,f,21206
21207,b,21206
21203,d,21206
21204,b,21206
21204,d,21206
21204,c,21206
21204,f,21206
21203,c,21206
21203,f,21206
21203,b,21206
21203,e,21206
21202,d,21206
21202,c,21206
21204,e,21206
21202,b,21206
21206,e,21207
21208,d,21207
21206,b,21207
21207,b,21207
21207,d,21207
21207,e,21207
21208,e,21207
21206,d,21207
21208,b,21207
21203,d,21207
21203,e,21207
21204,e,21207
21204,d,21207
21204,b,21207
21205,b,21207
21205,d,21207
21205,e,21207
21203,b,21207
21204,b,21208
21208,b,21208
21208,d,21208
21207,d,21208
21207,b,21208
21205,b,21208
21205,d,21208
21204,d,21208
21209,b,21208
21209,d,21208
21206,d,21208
21206,b,21208
21208,f,21209
21209,b,21209
21209,d,21209
21209,c,21209
21209,f,21209
21210,f,21209
21210,c,21209
21210,d,21209
21210,b,21209
21208,b,21209
21208,d,21209
21208,c,21209
21205,b,21209
21205,d,21209
21207,b,21209
21207,d,21209
21207,c,21209
21207,f,21209
21205,c,21209
21205,f,21209
21206,b,21209
21206,d,21209
21206,c,21209
21206,f,21209
21209,d,21210
21209,b,21210
21207,d,21210
21209,c,21210
21209,f,21210
21207,c,21210
21210,b,21210
21210,d,21210
21210,c,21210
21210,f,21210
21210,e,21210
21211,e,21210
21211,f,21210
21211,c,21210
21206,b,21210
21206,d,21210
21209,e,21210
21211,b,21210
21206,c,21210
21211,d,21210
21206,f,21210
21206,e,21210
21207,b,21210
21208,b,21210
21208,c,21210
21208,f,21210
21208,d,21210
21207,e,21210
21207,f,21210
21208,e,21210
21207,d,21211
21210,b,21211
21212,b,21211
21210,d,21211
21207,c,21211
21207,f,21211
21207,e,21211
21210,c,21211
21210,f,21211
21210,e,21211
21211,e,21211
21212,d,21211
21211,f,21211
21212,f,21211
21207,b,21211
21208,e,21211
21208,f,21211
21208,c,21211
21208,d,21211
21208,b,21211
21209,b,21211
21212,c,21211
21209,d,21211
21209,f,21211
21209,e,21211
21211,b,21211
21211,d,21211
21211,c,21211
21212,e,21211
21209,c,21211
21211,b,21212
21211,d,21212
21213,d,21212
21211,f,21212
21213,c,21212
21212,b,21212
21212,d,21212
21212,c,21212
21212,f,21212
21213,e,21212
21212,e,21212
21213,b,21212
21211,c,21212
21211,e,21212
21213,f,21212
21209,d,21212
21209,e,21212
21208,b,21212
21208,d,21212
21208,c,21212
21208,f,21212
21209,f,21212
21209,c,21212
21208,e,21212
21210,e,21212
21210,f,21212
21210,c,21212
21210,d,21212
21210,b,21212
21209,b,21212
21209,c,21213
21212,b,21213
21212,d,21213
21214,d,21213
21212,f,21213
21212,e,21213
21214,c,21213
21209,b,21213
21214,b,21213
21213,e,21213
21213,f,21213
21213,c,21213
21212,c,21213
21209,d,21213
21213,d,21213
21209,f,21213
21210,e,21213
21210,f,21213
21210,c,21213
21210,d,21213
21210,b,21213
21213,b,21213
21211,b,21213
21211,d,21213
21211,c,21213
21209,e,21213
21211,e,21213
21214,f,21213
21214,e,21213
21211,f,21213
21215,e,21214
21215,f,21214
21215,c,21214
21214,b,21214
21214,d,21214
21213,b,21214
21213,c,21214
21213,f,21214
21213,e,21214
21214,c,21214
21214,f,21214
21215,b,21214
21215,d,21214
21213,d,21214
21210,f,21214
21214,e,21214
21210,e,21214
21211,c,21214
21212,b,21214
21212,d,21214
21212,c,21214
21211,d,21214
21211,b,21214
21211,f,21214
21210,d,21214
21210,b,21214
21212,f,21214
21212,e,21214
21210,c,21214
21211,e,21214
21215,b,21215
21214,e,21215
21214,d,21215
21216,b,21215
21215,d,21215
21215,e,21215
21216,e,21215
21216,d,21215
21214,b,21215
21211,d,21215
21211,e,21215
21212,e,21215
21212,d,21215
21212,b,21215
21213,b,21215
21213,d,21215
21213,e,21215
21211,b,21215
21212,b,21216
21215,d,21216
21215,b,21216
21213,b,21216
21213,d,21216
21216,b,21216
21216,d,21216
21217,b,21216
21217,d,21216
21214,d,21216
21214,b,21216
21212,d,21216
21216,d,21217
21218,c,21217
21216,c,21217
21216,f,21217
21217,b,21217
21218,f,21217
21217,f,21217
21217,c,21217
21217,d,21217
21216,b,21217
21218,b,21217
21215,f,21217
21213,b,21217
21213,d,21217
21214,c,21217
21214,d,21217
21214,b,21217
21218,d,21217
21215,c,21217
21215,d,21217
21215,b,21217
21213,f,21217
21214,f,21217
21213,c,21217
21219,d,21218
21219,b,21218
21217,c,21218
21217,d,21218
21219,c,21218
21217,f,21218
21217,e,21218
21218,e,21218
21218,f,21218
21218,c,21218
21218,d,21218
21218,b,21218
21217,b,21218
21215,b,21218
21219,f,21218
21214,e,21218
21215,c,21218
21215,f,21218
21215,e,21218
21219,e,21218
21214,f,21218
21214,c,21218
21214,d,21218
21214,b,21218
21215,d,21218
21216,d,21218
21216,c,21218
21216,f,21218
21216,e,21218
21216,b,21218
21219,d,21219
21219,c,21219
21219,f,21219
21220,e,21219
21220,f,21219
21220,c,21219
21218,b,21219
21218,d,21219
21218,c,21219
21218,f,21219
21219,e,21219
21218,e,21219
21220,b,21219
21219,b,21219
21220,d,21219
21215,c,21219
21216,e,21219
21216,f,21219
21216,c,21219
21216,d,21219
21216,b,21219
21215,e,21219
21217,b,21219
21217,d,21219
21217,c,21219
21215,d,21219
21217,e,21219
21215,f,21219
21215,b,21219
21217,f,21219
21216,d,21220
21216,b,21220
21220,b,21220
21220,d,21220
21220,c,21220
21220,f,21220
21219,d,21220
21219,c,21220
21219,f,21220
21219,e,21220
21216,c,21220
21220,e,21220
21221,b,21220
21219,b,21220
21221,d,21220
21221,f,21220
21221,e,21220
21217,e,21220
21217,f,21220
21217,c,21220
21217,d,21220
21217,b,21220
21221,c,21220
21218,b,21220
21218,d,21220
21218,c,21220
21216,e,21220
21218,e,21220
21218,f,21220
21216,f,21220
21222,b,21221
21221,e,21221
21220,e,21221
21220,f,21221
21220,c,21221
21220,d,21221
21222,c,21221
21221,f,21221
21221,c,21221
21221,d,21221
21221,b,21221
21222,f,21221
21222,e,21221
21217,f,21221
21222,d,21221
21220,b,21221
21217,e,21221
21219,e,21221
21218,e,21221
21219,d,21221
21219,b,21221
21219,c,21221
21219,f,21221
21217,c,21221
21218,c,21221
21218,d,21221
21218,b,21221
21217,b,21221
21217,d,21221
21218,f,21221
21221,b,21222
21221,f,21222
21221,d,21222
21221,c,21222
21218,f,21222
21223,d,21222
21223,f,21222
21223,c,21222
21223,b,21222
21222,e,21222
21222,f,21222
21222,c,21222
21221,e,21222
21218,b,21222
21222,d,21222
21218,c,21222
21219,e,21222
21219,f,21222
21219,c,21222
21219,d,21222
21219,b,21222
21220,b,21222
21218,d,21222
21220,c,21222
21220,d,21222
21220,e,21222
21218,e,21222
21223,e,21222
21222,b,21222
21220,f,21222
21224,b,21223
21222,e,21223
21222,d,21223
21223,e,21223
21223,d,21223
21223,b,21223
21224,d,21223
21224,e,21223
21219,e,21223
21222,b,21223
21219,b,21223
21220,b,21223
21220,e,21223
21221,b,21223
21221,d,21223
21221,e,21223
21219,d,21223
21220,d,21223
21225,b,21224
21224,d,21224
21224,b,21224
21222,d,21224
21221,b,21224
21222,b,21224
21221,d,21224
21223,d,21224
21225,d,21224
21220,d,21224
21220,b,21224
21223,b,21224
21226,c,21225
21226,d,21225
21226,b,21225
21225,b,21225
21224,f,21225
21225,f,21225
21226,f,21225
21224,b,21225
21224,d,21225
21224,c,21225
21225,d,21225
21225,c,21225
21221,c,21225
21223,f,21225
21221,d,21225
21221,f,21225
21223,c,21225
21223,d,21225
21221,b,21225
21223,b,21225
21222,b,21225
21222,f,21225
21222,c,21225
21222,d,21225
21227,e,21226
21225,b,21226
21225,d,21226
21225,c,21226
21225,f,21226
21226,d,21226
21227,c,21226
21227,d,21226
21227,b,21226
21226,e,21226
21225,e,21226
21226,f,21226
21226,b,21226
21226,c,21226
21227,f,21226
21223,d,21226
21222,d,21226
21222,f,21226
21222,c,21226
21223,e,21226
21224,b,21226
21222,b,21226
21224,c,21226
21224,f,21226
21224,e,21226
21224,d,21226
21223,c,21226
21223,b,21226
21222,e,21226
21223,f,21226
21226,b,21227
21226,d,21227
21223,b,21227
21223,d,21227
21223,c,21227
21223,f,21227
21227,f,21227
21227,c,21227
21226,c,21227
21228,b,21227
21227,d,21227
21226,f,21227
21224,b,21227
21228,d,21227
21228,c,21227
21228,f,21227
21224,e,21227
21224,f,21227
21224,c,21227
21224,d,21227
21227,b,21227
21227,e,21227
21225,b,21227
21225,d,21227
21225,c,21227
21225,f,21227
21225,e,21227
21228,e,21227
21226,e,21227
21223,e,21227
21229,e,21228
21227,f,21228
21227,d,21228
21227,c,21228
21227,e,21228
21228,e,21228
21228,f,21228
21228,c,21228
21228,d,21228
21228,b,21228
21227,b,21228
21224,b,21228
21224,d,21228
21226,e,21228
21229,d,21228
21229,b,21228
21225,e,21228
21226,b,21228
21226,d,21228
21226,c,21228
21226,f,21228
21229,f,21228
21225,f,21228
21225,c,21228
21225,d,21228
21225,b,21228
21224,e,21228
21224,f,21228
21224,c,21228
21229,c,21228
21228,b,21229
21229,d,21229
21229,c,21229
21229,f,21229
21229,e,21229
21230,b,21229
21228,e,21229
21228,f,21229
21228,c,21229
21228,d,21229
21230,d,21229
21229,b,21229
21230,f,21229
21225,b,21229
21225,d,21229
21225,c,21229
21225,f,21229
21225,e,21229
21226,b,21229
21226,d,21229
21226,c,21229
21226,f,21229
21230,c,21229
21226,e,21229
21230,e,21229
21227,b,21229
21227,d,21229
21227,e,21229
21227,f,21229
21227,c,21229
21231,d,21230
21230,b,21230
21230,d,21230
21230,c,21230
21230,f,21230
21229,b,21230
21229,d,21230
21229,c,21230
21229,f,21230
21229,e,21230
21231,f,21230
21231,c,21230
21231,b,21230
21231,e,21230
21230,e,21230
21227,e,21230
21226,c,21230
21226,d,21230
21226,b,21230
21228,e,21230
21228,f,21230
21228,c,21230
21228,d,21230
21226,f,21230
21228,b,21230
21227,f,21230
21227,c,21230
21227,d,21230
21226,e,21230
21227,b,21230
21230,b,21231
21230,d,21231
21231,d,21231
21231,b,21231
21232,b,21231
21230,e,21231
21227,e,21231
21227,d,21231
21231,e,21231
21232,e,21231
21232,d,21231
21229,e,21231
21229,d,21231
21229,b,21231
21228,b,21231
21228,d,21231
21228,e,21231
21227,b,21231
21231,b,21232
21231,d,21232
21232,b,21232
21228,d,21232
21232,d,21232
21228,b,21232
21230,b,21232
21229,b,21232
21229,d,21232
21233,b,21232
21233,d,21232
21230,d,21232
21234,c,21233
21234,f,21233
21233,f,21233
21232,b,21233
21232,d,21233
21233,d,21233
21233,b,21233
21232,f,21233
21232,c,21233
21233,c,21233
21234,d,21233
21234,b,21233
21229,b,21233
21229,d,21233
21230,f,21233
21230,c,21233
21230,d,21233
21231,f,21233
21231,c,21233
21231,d,21233
21231,b,21233
21230,b,21233
21229,f,21233
21229,c,21233
21231,c,21234
21235,d,21234
21235,b,21234
21233,b,21234
21233,f,21234
21233,c,21234
21235,c,21234
21233,e,21234
21234,e,21234
21234,f,21234
21234,c,21234
21234,d,21234
21234,b,21234
21233,d,21234
21231,b,21234
21235,f,21234
21230,e,21234
21231,f,21234
21231,e,21234
21235,e,21234
21230,f,21234
21230,c,21234
21230,d,21234
21230,b,21234
21232,b,21234
21231,d,21234
21232,c,21234
21232,f,21234
21232,e,21234
21232,d,21234
21235,d,21235
21235,c,21235
21236,e,21235
21236,f,21235
21236,c,21235
21236,d,21235
21234,b,21235
21234,d,21235
21234,c,21235
21234,f,21235
21234,e,21235
21235,f,21235
21235,e,21235
21236,b,21235
21235,b,21235
21233,d,21235
21231,d,21235
21231,e,21235
21231,c,21235
21231,f,21235
21233,b,21235
21231,b,21235
21233,c,21235
21233,f,21235
21233,e,21235
21232,e,21235
21232,c,21235
21232,d,21235
21232,b,21235
21232,f,21235
21235,b,21236
21232,b,21236
21232,d,21236
21232,c,21236
21232,f,21236
21232,e,21236
21236,f,21236
21235,d,21236
21235,c,21236
21235,f,21236
21236,c,21236
21236,e,21236
21236,b,21236
21237,e,21236
21237,f,21236
21237,c,21236
21233,e,21236
21233,f,21236
21233,c,21236
21233,d,21236
21236,d,21236
21233,b,21236
21234,b,21236
21234,d,21236
21234,c,21236
21234,f,21236
21234,e,21236
21237,b,21236
21235,e,21236
21237,d,21236
21233,f,21237
21236,c,21237
21236,d,21237
21236,f,21237
21236,e,21237
21238,d,21237
21238,b,21237
21237,e,21237
21237,f,21237
21237,c,21237
21236,b,21237
21238,c,21237
21235,b,21237
21238,e,21237
21233,c,21237
21233,d,21237
21233,b,21237
21237,b,21237
21234,b,21237
21234,d,21237
21234,c,21237
21234,f,21237
21234,e,21237
21238,f,21237
21237,d,21237
21233,e,21237
21235,d,21237
21235,e,21237
21235,f,21237
21235,c,21237
21239,d,21238
21238,b,21238
21238,d,21238
21238,c,21238
21238,f,21238
21238,e,21238
21237,b,21238
21237,d,21238
21237,c,21238
21237,f,21238
21237,e,21238
21239,f,21238
21239,c,21238
21239,b,21238
21239,e,21238
21234,e,21238
21234,f,21238
21236,b,21238
21236,d,21238
21235,c,21238
21235,d,21238
21235,b,21238
21235,f,21238
21235,e,21238
21236,c,21238
21236,f,21238
21236,e,21238
21234,b,21238
21234,d,21238
21234,c,21238
21239,d,21239
21238,e,21239
21238,d,21239
21238,b,21239
21239,b,21239
21239,e,21239
21235,e,21239
21235,d,21239
21236,e,21239
21236,d,21239
21240,b,21239
21240,d,21239
21240,e,21239
21236,b,21239
21237,b,21239
21235,b,21239
21237,e,21239
21237,d,21239
21239,b,21240
21240,b,21240
21239,d,21240
21236,d,21240
21240,d,21240
21241,d,21240
21236,b,21240
21241,b,21240
21237,d,21240
21237,b,21240
21238,d,21240
21238,b,21240
21240,f,21241
21240,c,21241
21240,d,21241
21241,c,21241
21242,d,21241
21240,b,21241
21241,d,21241
21241,b,21241
21237,b,21241
21237,d,21241
21237,c,21241
21242,b,21241
21241,f,21241
21242,f,21241
21242,c,21241
21238,b,21241
21238,f,21241
21239,f,21241
21239,c,21241
21239,d,21241
21239,b,21241
21237,f,21241
21238,d,21241
21238,c,21241
21243,d,21242
21243,c,21242
21243,f,21242
21241,b,21242
21241,d,21242
21241,c,21242
21242,d,21242
21242,b,21242
21242,f,21242
21241,e,21242
21243,e,21242
21242,c,21242
21243,b,21242
21241,f,21242
21242,e,21242
21239,d,21242
21238,f,21242
21239,e,21242
21239,f,21242
21239,c,21242
21239,b,21242
21238,e,21242
21240,b,21242
21240,d,21242
21240,c,21242
21240,f,21242
21238,c,21242
21238,d,21242
21238,b,21242
21240,e,21242
21244,b,21243
21239,c,21243
21239,d,21243
21239,b,21243
21243,b,21243
21243,d,21243
21243,c,21243
21242,d,21243
21242,c,21243
21242,f,21243
21242,e,21243
21239,f,21243
21243,f,21243
21243,e,21243
21242,b,21243
21244,d,21243
21244,c,21243
21244,e,21243
21240,e,21243
21240,f,21243
21240,c,21243
21240,d,21243
21244,f,21243
21239,e,21243
21241,b,21243
21241,d,21243
21241,c,21243
21240,b,21243
21241,e,21243
21241,f,21243
21245,e,21244
21240,b,21244
21245,c,21244
21244,b,21244
21244,d,21244
21244,c,21244
21244,f,21244
21243,b,21244
21243,c,21244
21243,f,21244
21243,e,21244
21244,e,21244
21245,b,21244
21245,d,21244
21243,d,21244
21240,d,21244
21245,f,21244
21242,b,21244
21241,b,21244
21241,d,21244
21240,c,21244
21241,c,21244
21241,f,21244
21241,e,21244
21240,e,21244
21242,d,21244
21242,c,21244
21242,f,21244
21240,f,21244
21242,e,21244
21242,b,21245
21242,e,21245
21246,b,21245
21244,b,21245
21244,d,21245
21244,c,21245
21244,f,21245
21241,b,21245
21246,e,21245
21245,f,21245
21245,c,21245
21245,d,21245
21245,b,21245
21246,d,21245
21246,c,21245
21246,f,21245
21245,e,21245
21241,d,21245
21242,f,21245
21241,f,21245
21243,b,21245
21243,d,21245
21243,c,21245
21243,f,21245
21243,e,21245
21241,c,21245
21244,e,21245
21242,d,21245
21242,c,21245
21241,e,21245
21246,e,21246
21245,f,21246
21245,c,21246
21247,b,21246
21245,b,21246
21246,f,21246
21246,c,21246
21246,d,21246
21247,d,21246
21245,e,21246
21242,e,21246
21245,d,21246
21242,f,21246
21247,f,21246
21242,c,21246
21242,d,21246
21242,b,21246
21243,b,21246
21243,d,21246
21243,c,21246
21243,f,21246
21243,e,21246
21247,c,21246
21246,b,21246
21244,b,21246
21244,d,21246
21244,c,21246
21244,f,21246
21244,e,21246
21247,e,21246
21248,d,21247
21247,e,21247
21246,d,21247
21247,d,21247
21247,b,21247
21248,e,21247
21248,b,21247
21246,e,21247
21246,b,21247
21243,d,21247
21243,e,21247
21245,e,21247
21244,b,21247
21244,d,21247
21244,e,21247
21245,b,21247
21245,d,21247
21243,b,21247
21248,d,21248
21247,d,21248
21247,b,21248
21244,b,21248
21244,d,21248
21248,b,21248
21246,b,21248
21249,b,21248
21249,d,21248
21246,d,21248
21245,b,21248
21245,d,21248
21250,d,21249
21245,f,21249
21250,c,21249
21248,b,21249
21250,f,21249
21248,c,21249
21249,f,21249
21249,c,21249
21249,d,21249
21249,b,21249
21248,f,21249
21248,d,21249
21245,c,21249
21250,b,21249
21246,f,21249
21246,c,21249
21246,d,21249
21246,b,21249
21247,d,21249
21247,c,21249
21247,f,21249
21247,b,21249
21245,d,21249
21245,b,21249
21250,e,21250
21251,b,21250
21246,d,21250
21246,b,21250
21250,b,21250
21249,e,21250
21250,d,21250
21249,d,21250
21249,c,21250
21249,f,21250
21251,d,21250
21250,c,21250
21250,f,21250
21249,b,21250
21247,c,21250
21247,f,21250
21251,e,21250
21247,e,21250
21247,d,21250
21247,b,21250
21251,f,21250
21246,f,21250
21246,c,21250
21248,b,21250
21248,d,21250
21246,e,21250
21248,f,21250
21248,c,21250
21251,c,21250
21248,e,21250
21251,c,21251
21250,e,21251
21250,f,21251
21250,c,21251
21250,d,21251
21251,d,21251
21251,e,21251
21252,b,21251
21252,e,21251
21252,c,21251
21252,f,21251
21251,b,21251
21251,f,21251
21250,b,21251
21252,d,21251
21247,d,21251
21248,e,21251
21248,f,21251
21248,c,21251
21248,d,21251
21248,b,21251
21247,e,21251
21249,b,21251
21249,d,21251
21249,c,21251
21247,c,21251
21249,e,21251
21247,f,21251
21247,b,21251
21249,f,21251
21248,d,21252
21248,b,21252
21252,b,21252
21252,c,21252
21252,f,21252
21252,e,21252
21251,d,21252
21251,c,21252
21251,f,21252
21248,c,21252
21253,b,21252
21253,d,21252
21251,b,21252
21251,e,21252
21252,d,21252
21253,f,21252
21249,e,21252
21249,f,21252
21249,c,21252
21249,d,21252
21253,c,21252
21248,e,21252
21250,b,21252
21250,d,21252
21250,c,21252
21249,b,21252
21250,e,21252
21253,e,21252
21250,f,21252
21248,f,21252
21253,f,21253
21253,c,21253
21252,e,21253
21252,f,21253
21252,c,21253
21254,b,21253
21252,b,21253
21253,d,21253
21253,b,21253
21254,d,21253
21254,c,21253
21249,f,21253
21254,f,21253
21254,e,21253
21253,e,21253
21252,d,21253
21249,e,21253
21249,d,21253
21249,b,21253
21250,e,21253
21249,c,21253
21251,c,21253
21251,f,21253
21250,b,21253
21251,e,21253
21251,d,21253
21251,b,21253
21250,c,21253
21250,f,21253
21250,d,21253
21253,d,21254
21253,b,21254
21253,e,21254
21253,f,21254
21253,c,21254
21254,d,21254
21254,c,21254
21254,f,21254
21254,e,21254
21255,e,21254
21255,f,21254
21255,c,21254
21254,b,21254
21250,b,21254
21255,b,21254
21250,c,21254
21255,d,21254
21251,e,21254
21251,f,21254
21251,c,21254
21251,d,21254
21251,b,21254
21252,b,21254
21252,d,21254
21252,c,21254
21250,d,21254
21252,e,21254
21252,f,21254
21250,f,21254
21250,e,21254
21256,e,21255
21251,b,21255
21255,b,21255
21255,d,21255
21255,e,21255
21254,e,21255
21254,d,21255
21254,b,21255
21251,e,21255
21251,d,21255
21252,d,21255
21253,b,21255
21253,d,21255
21253,e,21255
21252,b,21255
21256,b,21255
21256,d,21255
21252,e,21255
21256,b,21256
21257,b,21256
21255,b,21256
21256,d,21256
21255,d,21256
21257,d,21256
21253,b,21256
21253,d,21256
21254,d,21256
21254,b,21256
21252,b,21256
21252,d,21256
21258,b,21257
21258,d,21257
21253,b,21257
21253,d,21257
21253,c,21257
21257,f,21257
21256,c,21257
21256,f,21257
21257,c,21257
21257,d,21257
21257,b,21257
21256,d,21257
21256,b,21257
21255,f,21257
21255,c,21257
21255,d,21257
21255,b,21257
21253,f,21257
21254,b,21257
21254,d,21257
21254,c,21257
21254,f,21257
21258,f,21257
21258,c,21257
21259,c,21258
21259,b,21258
21259,d,21258
21257,c,21258
21257,d,21258
21259,f,21258
21257,f,21258
21257,e,21258
21258,e,21258
21258,f,21258
21258,c,21258
21258,d,21258
21258,b,21258
21257,b,21258
21259,e,21258
21254,e,21258
21256,c,21258
21254,c,21258
21254,d,21258
21254,b,21258
21256,e,21258
21256,f,21258
21254,f,21258
21256,d,21258
21256,b,21258
21255,b,21258
21255,d,21258
21255,c,21258
21255,f,21258
21255,e,21258
21258,b,21259
21258,d,21259
21259,d,21259
21258,f,21259
21259,b,21259
21260,f,21259
21260,c,21259
21260,d,21259
21260,b,21259
21259,e,21259
21259,f,21259
21259,c,21259
21258,c,21259
21260,e,21259
21258,e,21259
21255,d,21259
21255,b,21259
21255,c,21259
21255,f,21259
21257,b,21259
21255,e,21259
21257,c,21259
21257,f,21259
21257,e,21259
21257,d,21259
21256,f,21259
21256,c,21259
21256,d,21259
21256,b,21259
21256,e,21259
21256,b,21260
21256,d,21260
21256,c,21260
21256,f,21260
21256,e,21260
21260,e,21260
21259,b,21260
21259,d,21260
21260,f,21260
21259,c,21260
21260,c,21260
21259,e,21260
21260,b,21260
21261,f,21260
21261,c,21260
21261,d,21260
21257,e,21260
21257,f,21260
21257,c,21260
21257,d,21260
21257,b,21260
21261,b,21260
21258,b,21260
21258,d,21260
21258,c,21260
21258,f,21260
21258,e,21260
21259,f,21260
21260,d,21260
21261,e,21260
21260,c,21261
21260,d,21261
21260,f,21261
21260,e,21261
21262,b,21261
21261,e,21261
21261,f,21261
21261,c,21261
21261,d,21261
21260,b,21261
21262,d,21261
21257,e,21261
21262,f,21261
21257,c,21261
21257,d,21261
21257,b,21261
21258,b,21261
21258,d,21261
21258,c,21261
21258,f,21261
21258,e,21261
21262,c,21261
21257,f,21261
21261,b,21261
21262,e,21261
21259,d,21261
21259,c,21261
21259,b,21261
21259,f,21261
21259,e,21261
21263,b,21262
21262,b,21262
21262,d,21262
21263,e,21262
21262,c,21262
21262,f,21262
21261,b,21262
21261,c,21262
21261,f,21262
21261,e,21262
21263,c,21262
21263,d,21262
21261,d,21262
21263,f,21262
21262,e,21262
21258,c,21262
21259,c,21262
21259,d,21262
21259,b,21262
21260,b,21262
21258,e,21262
21258,f,21262
21259,e,21262
21258,d,21262
21259,f,21262
21260,d,21262
21260,c,21262
21260,f,21262
21260,e,21262
21258,b,21262
21263,b,21263
21262,e,21263
21262,d,21263
21264,d,21263
21263,d,21263
21263,e,21263
21264,e,21263
21262,b,21263
21264,b,21263
21259,d,21263
21259,e,21263
21260,e,21263
21260,d,21263
21260,b,21263
21261,b,21263
21261,d,21263
21261,e,21263
21259,b,21263
21264,b,21264
21264,d,21264
21263,d,21264
21263,b,21264
21261,b,21264
21261,d,21264
21260,d,21264
21260,b,21264
21265,b,21264
21265,d,21264
21262,d,21264
21262,b,21264
21265,b,21265
21265,d,21265
21264,b,21265
21265,c,21265
21265,f,21265
21266,f,21265
21266,c,21265
21266,d,21265
21266,b,21265
21264,f,21265
21264,c,21265
21264,d,21265
21261,b,21265
21261,d,21265
21263,b,21265
21263,d,21265
21263,c,21265
21263,f,21265
21261,c,21265
21261,f,21265
21262,b,21265
21262,d,21265
21262,c,21265
21262,f,21265
21265,d,21266
21265,b,21266
21263,d,21266
21265,c,21266
21265,f,21266
21263,c,21266
21266,b,21266
21266,d,21266
21266,c,21266
21266,f,21266
21266,e,21266
21267,e,21266
21267,f,21266
21267,c,21266
21262,b,21266
21262,d,21266
21265,e,21266
21267,b,21266
21262,c,21266
21262,f,21266
21262,e,21266
21267,d,21266
21263,b,21266
21264,b,21266
21264,c,21266
21264,f,21266
21264,d,21266
21263,e,21266
21263,f,21266
21264,e,21266
21263,d,21267
21266,b,21267
21268,b,21267
21266,d,21267
21263,c,21267
21263,f,21267
21263,e,21267
21266,c,21267
21266,f,21267
21266,e,21267
21267,e,21267
21268,d,21267
21267,f,21267
21268,f,21267
21263,b,21267
21264,e,21267
21264,f,21267
21264,c,21267
21264,d,21267
21264,b,21267
21265,b,21267
21268,c,21267
21265,d,21267
21265,f,21267
21265,e,21267
21267,b,21267
21267,d,21267
21267,c,21267
21268,e,21267
21265,c,21267
21267,b,21268
21267,d,21268
21269,d,21268
21267,f,21268
21269,c,21268
21268,b,21268
21268,d,21268
21268,c,21268
21268,f,21268
21269,e,21268
21268,e,21268
21269,b,21268
21267,c,21268
21267,e,21268
21269,f,21268
21264,b,21268
21264,e,21268
21266,b,21268
21266,d,21268
21266,c,21268
21266,f,21268
21266,e,21268
21265,b,21268
21265,c,21268
21264,f,21268
21264,c,21268
21264,d,21268
21265,f,21268
21265,e,21268
21265,d,21268
21268,d,21269
21268,b,21269
21268,c,21269
21270,c,21269
21268,e,21269
21270,f,21269
21265,b,21269
21270,d,21269
21270,b,21269
21269,e,21269
21269,f,21269
21269,c,21269
21268,f,21269
21265,d,21269
21265,c,21269
21265,f,21269
21266,e,21269
21266,f,21269
21266,c,21269
21266,d,21269
21266,b,21269
21269,b,21269
21267,b,21269
21267,d,21269
21267,c,21269
21265,e,21269
21267,e,21269
21270,e,21269
21267,f,21269
21269,d,21269
21270,f,21270
21270,c,21270
21269,e,21270
21269,f,21270
21269,c,21270
21271,b,21270
21269,b,21270
21270,d,21270
21270,b,21270
21271,d,21270
21271,c,21270
21271,f,21270
21271,e,21270
21270,e,21270
21269,d,21270
21266,f,21270
21266,e,21270
21268,b,21270
21268,d,21270
21268,c,21270
21268,f,21270
21267,f,21270
21267,c,21270
21267,e,21270
21267,b,21270
21267,d,21270
21266,d,21270
21268,e,21270
21266,c,21270
21266,b,21270
21270,e,21271
21272,d,21271
21270,b,21271
21271,b,21271
21271,d,21271
21271,e,21271
21272,e,21271
21267,b,21271
21270,d,21271
21267,e,21271
21268,e,21271
21268,d,21271
21268,b,21271
21269,b,21271
21269,d,21271
21269,e,21271
21267,d,21271
21272,b,21271
21268,d,21272
21273,d,21272
21273,b,21272
21272,b,21272
21272,d,21272
21270,d,21272
21271,d,21272
21269,b,21272
21270,b,21272
21269,d,21272
21271,b,21272
21268,b,21272
21273,c,21273
21274,b,21273
21274,f,21273
21274,c,21273
21273,f,21273
21272,b,21273
21272,c,21273
21272,f,21273
21273,d,21273
21274,d,21273
21272,d,21273
21273,b,21273
21269,f,21273
21270,f,21273
21270,c,21273
21270,d,21273
21270,b,21273
21271,b,21273
21271,d,21273
21271,c,21273
21271,f,21273
21269,c,21273
21269,d,21273
21269,b,21273
21274,e,21274
21275,c,21274
21275,d,21274
21275,b,21274
21270,b,21274
21273,e,21274
21274,b,21274
21273,b,21274
21273,d,21274
21273,c,21274
21275,f,21274
21274,c,21274
21274,f,21274
21274,d,21274
21273,f,21274
21271,c,21274
21270,e,21274
21271,f,21274
21271,e,21274
21271,b,21274
21271,d,21274
21270,f,21274
21270,c,21274
21270,d,21274
21272,b,21274
21275,e,21274
21272,c,21274
21272,f,21274
21272,e,21274
21272,d,21274
21275,c,21275
21275,f,21275
21276,e,21275
21276,f,21275
21276,c,21275
21276,d,21275
21274,b,21275
21274,d,21275
21274,c,21275
21274,f,21275
21275,e,21275
21274,e,21275
21276,b,21275
21275,d,21275
21275,b,21275
21271,c,21275
21272,e,21275
21272,f,21275
21272,c,21275
21272,d,21275
21272,b,21275
21273,b,21275
21273,d,21275
21273,c,21275
21273,f,21275
21271,f,21275
21271,e,21275
21271,d,21275
21271,b,21275
21273,e,21275
21277,b,21276
21272,c,21276
21272,d,21276
21272,b,21276
21276,b,21276
21276,c,21276
21275,d,21276
21275,c,21276
21275,f,21276
21272,f,21276
21276,f,21276
21276,e,21276
21275,b,21276
21275,e,21276
21276,d,21276
21277,c,21276
21273,e,21276
21273,f,21276
21273,c,21276
21273,d,21276
21277,d,21276
21274,b,21276
21274,d,21276
21274,c,21276
21274,f,21276
21273,b,21276
21272,e,21276
21277,f,21276
21277,e,21276
21274,e,21276
21278,e,21277
21278,f,21277
21278,c,21277
21273,f,21277
21277,b,21277
21277,d,21277
21278,b,21277
21276,c,21277
21276,f,21277
21276,e,21277
21277,c,21277
21278,d,21277
21277,f,21277
21277,e,21277
21276,d,21277
21276,b,21277
21273,e,21277
21273,c,21277
21274,c,21277
21274,d,21277
21275,b,21277
21274,b,21277
21273,b,21277
21273,d,21277
21274,f,21277
21275,d,21277
21274,e,21277
21275,f,21277
21275,e,21277
21275,c,21277
21279,c,21278
21279,f,21278
21277,b,21278
21279,e,21278
21277,d,21278
21277,f,21278
21277,e,21278
21279,d,21278
21278,f,21278
21278,c,21278
21278,b,21278
21278,d,21278
21278,e,21278
21277,c,21278
21279,b,21278
21274,d,21278
21275,e,21278
21275,f,21278
21275,c,21278
21275,d,21278
21275,b,21278
21276,b,21278
21276,d,21278
21276,c,21278
21276,f,21278
21274,b,21278
21276,e,21278
21274,e,21278
21274,f,21278
21274,c,21278
21275,d,21279
21279,b,21279
21278,e,21279
21278,d,21279
21278,b,21279
21275,e,21279
21279,e,21279
21276,e,21279
21277,d,21279
21277,e,21279
21276,b,21279
21276,d,21279
21275,b,21279
21280,b,21279
21280,d,21279
21280,e,21279
21277,b,21279
21279,d,21279
21280,b,21280
21281,d,21280
21281,b,21280
21279,d,21280
21279,b,21280
21280,d,21280
21277,b,21280
21278,d,21280
21278,b,21280
21276,d,21280
21276,b,21280
21277,d,21280
21277,c,21281
21281,f,21281
21280,d,21281
21280,c,21281
21277,b,21281
21280,f,21281
21281,c,21281
21282,d,21281
21281,d,21281
21281,b,21281
21277,d,21281
21282,b,21281
21280,b,21281
21279,c,21281
21279,d,21281
21279,b,21281
21277,f,21281
21278,b,21281
21278,d,21281
21278,c,21281
21278,f,21281
21282,f,21281
21282,c,21281
21279,f,21281
21283,d,21282
21283,b,21282
21281,c,21282
21281,d,21282
21283,c,21282
21281,f,21282
21281,e,21282
21282,e,21282
21282,f,21282
21282,c,21282
21282,d,21282
21282,b,21282
21281,b,21282
21283,f,21282
21278,e,21282
21280,d,21282
21283,e,21282
21279,f,21282
21278,f,21282
21279,c,21282
21280,b,21282
21279,e,21282
21280,c,21282
21279,d,21282
21280,e,21282
21279,b,21282
21278,b,21282
21278,d,21282
21278,c,21282
21280,f,21282
21282,b,21283
21282,d,21283
21283,b,21283
21284,c,21283
21284,e,21283
21283,e,21283
21282,f,21283
21282,e,21283
21283,f,21283
21283,c,21283
21283,d,21283
21282,c,21283
21284,f,21283
21284,d,21283
21281,b,21283
21280,d,21283
21280,b,21283
21279,e,21283
21280,e,21283
21281,d,21283
21281,c,21283
21281,f,21283
21280,c,21283
21281,e,21283
21284,b,21283
21279,f,21283
21279,c,21283
21279,d,21283
21279,b,21283
21280,f,21283
21280,c,21284
21280,f,21284
21280,b,21284
21280,d,21284
21281,d,21284
21285,b,21284
21283,d,21284
21283,c,21284
21283,f,21284
21283,e,21284
21283,b,21284
21285,d,21284
21284,f,21284
21285,f,21284
21281,e,21284
21281,f,21284
21281,c,21284
21281,b,21284
21284,b,21284
21280,e,21284
21282,b,21284
21285,c,21284
21282,d,21284
21282,f,21284
21282,e,21284
21284,d,21284
21284,c,21284
21284,e,21284
21285,e,21284
21282,c,21284
21284,b,21285
21284,d,21285
21286,b,21285
21284,f,21285
21286,d,21285
21285,b,21285
21285,d,21285
21285,c,21285
21285,f,21285
21286,e,21285
21286,f,21285
21286,c,21285
21285,e,21285
21284,c,21285
21284,e,21285
21283,e,21285
21282,e,21285
21282,d,21285
21282,b,21285
21281,e,21285
21282,c,21285
21283,b,21285
21283,d,21285
21283,c,21285
21282,f,21285
21281,f,21285
21281,c,21285
21281,d,21285
21281,b,21285
21283,f,21285
21286,b,21286
21286,f,21286
21285,b,21286
21285,d,21286
21285,c,21286
21285,e,21286
21287,e,21286
21287,f,21286
21287,c,21286
21287,b,21286
21286,e,21286
21285,f,21286
21287,d,21286
21286,c,21286
21282,b,21286
21283,e,21286
21283,f,21286
21283,c,21286
21283,d,21286
21283,b,21286
21282,e,21286
21284,b,21286
21286,d,21286
21284,c,21286
21284,d,21286
21284,e,21286
21282,f,21286
21282,c,21286
21282,d,21286
21284,f,21286
21288,d,21287
21288,b,21287
21286,e,21287
21286,d,21287
21283,e,21287
21287,e,21287
21287,d,21287
21287,b,21287
21288,e,21287
21283,d,21287
21286,b,21287
21284,d,21287
21284,e,21287
21285,b,21287
21285,d,21287
21285,e,21287
21284,b,21287
21283,b,21287
21289,b,21288
21289,d,21288
21287,d,21288
21287,b,21288
21284,b,21288
21284,d,21288
21285,b,21288
21285,d,21288
21288,d,21288
21286,d,21288
21286,b,21288
21288,b,21288
21290,c,21289
21288,b,21289
21288,d,21289
21288,c,21289
21288,f,21289
21289,f,21289
21289,c,21289
21289,d,21289
21290,b,21289
21290,d,21289
21289,b,21289
21290,f,21289
21285,f,21289
21287,f,21289
21285,c,21289
21285,d,21289
21285,b,21289
21287,c,21289
21287,d,21289
21286,b,21289
21287,b,21289
21286,d,21289
21286,f,21289
21286,c,21289
21289,b,21290
21289,d,21290
21289,c,21290
21289,f,21290
21290,d,21290
21291,f,21290
21291,c,21290
21291,d,21290
21291,b,21290
21289,e,21290
21290,e,21290
21290,f,21290
21290,b,21290
21290,c,21290
21291,e,21290
21287,d,21290
21286,d,21290
21286,c,21290
21286,b,21290
21288,b,21290
21288,d,21290
21288,c,21290
21288,f,21290
21286,f,21290
21288,e,21290
21287,b,21290
21287,c,21290
21287,f,21290
21287,e,21290
21286,e,21290
21290,d,21291
21290,b,21291
21290,f,21291
21287,b,21291
21290,c,21291
21290,e,21291
21287,d,21291
21291,b,21291
21291,d,21291
21291,c,21291
21291,f,21291
21291,e,21291
21292,e,21291
21292,f,21291
21292,c,21291
21292,d,21291
21287,c,21291
21292,b,21291
21289,f,21291
21289,c,21291
21289,d,21291
21289,b,21291
21287,e,21291
21288,b,21291
21288,d,21291
21288,c,21291
21288,f,21291
21288,e,21291
21289,e,21291
21287,f,21291
21291,b,21292
21291,c,21292
21291,f,21292
21291,e,21292
21292,e,21292
21292,f,21292
21292,c,21292
21292,d,21292
21292,b,21292
21288,e,21292
21288,f,21292
21288,c,21292
21291,d,21292
21293,b,21292
21288,d,21292
21293,c,21292
21288,b,21292
21289,e,21292
21289,f,21292
21289,c,21292
21293,d,21292
21289,b,21292
21290,b,21292
21290,d,21292
21290,c,21292
21289,d,21292
21290,e,21292
21293,f,21292
21293,e,21292
21290,f,21292
21294,d,21293
21294,c,21293
21294,f,21293
21294,e,21293
21293,b,21293
21293,d,21293
21292,d,21293
21292,c,21293
21292,e,21293
21293,c,21293
21293,f,21293
21293,e,21293
21292,b,21293
21294,b,21293
21292,f,21293
21290,e,21293
21290,b,21293
21290,f,21293
21291,b,21293
21290,d,21293
21291,d,21293
21291,c,21293
21291,f,21293
21289,e,21293
21289,f,21293
21289,c,21293
21289,d,21293
21289,b,21293
21290,c,21293
21291,e,21293
21293,d,21294
21293,b,21294
21293,c,21294
21294,e,21294
21293,e,21294
21295,f,21294
21295,c,21294
21295,d,21294
21294,f,21294
21294,b,21294
21293,f,21294
21295,b,21294
21290,b,21294
21290,d,21294
21291,e,21294
21291,f,21294
21291,c,21294
21291,d,21294
21291,b,21294
21294,d,21294
21292,d,21294
21292,c,21294
21292,f,21294
21292,b,21294
21295,e,21294
21290,e,21294
21290,f,21294
21290,c,21294
21292,e,21294
21294,c,21294
21296,b,21295
21295,e,21295
21295,d,21295
21294,e,21295
21294,d,21295
21294,b,21295
21291,e,21295
21296,d,21295
21295,b,21295
21296,e,21295
21291,d,21295
21292,b,21295
21292,d,21295
21292,e,21295
21293,b,21295
21293,d,21295
21293,e,21295
21291,b,21295
21297,b,21296
21297,d,21296
21295,d,21296
21295,b,21296
21292,b,21296
21292,d,21296
21293,b,21296
21296,d,21296
21293,d,21296
21294,b,21296
21296,b,21296
21294,d,21296
21296,f,21297
21297,f,21297
21297,c,21297
21296,d,21297
21296,b,21297
21298,c,21297
21297,d,21297
21297,b,21297
21298,b,21297
21298,d,21297
21296,c,21297
21298,f,21297
21293,c,21297
21295,f,21297
21293,d,21297
21293,b,21297
21293,f,21297
21295,c,21297
21294,b,21297
21294,d,21297
21295,d,21297
21295,b,21297
21294,c,21297
21294,f,21297
21297,b,21298
21297,d,21298
21297,c,21298
21298,b,21298
21298,d,21298
21299,c,21298
21299,d,21298
21298,e,21298
21297,f,21298
21297,e,21298
21298,f,21298
21298,c,21298
21299,e,21298
21299,f,21298
21299,b,21298
21294,f,21298
21295,e,21298
21295,f,21298
21295,c,21298
21295,d,21298
21295,b,21298
21294,e,21298
21296,b,21298
21296,d,21298
21296,c,21298
21294,c,21298
21296,e,21298
21294,d,21298
21294,b,21298
21296,f,21298
21295,c,21299
21295,d,21299
21295,b,21299
21299,b,21299
21299,d,21299
21299,c,21299
21298,b,21299
21298,d,21299
21298,c,21299
21300,b,21299
21299,e,21299
21298,e,21299
21299,f,21299
21298,f,21299
21296,e,21299
21300,f,21299
21296,f,21299
21296,c,21299
21296,d,21299
21300,c,21299
21295,e,21299
21295,f,21299
21297,b,21299
21297,d,21299
21296,b,21299
21297,f,21299
21300,e,21299
21297,c,21299
21300,d,21299
21297,e,21299
21300,c,21300
21299,e,21300
21299,f,21300
21299,c,21300
21299,d,21300
21300,e,21300
21300,d,21300
21300,b,21300
21301,b,21300
21301,d,21300
21301,c,21300
21301,f,21300
21300,f,21300
21299,b,21300
21296,b,21300
21298,b,21300
21297,e,21300
21297,f,21300
21297,c,21300
21297,d,21300
21297,b,21300
21298,d,21300
21298,c,21300
21298,f,21300
21298,e,21300
21301,e,21300
21296,d,21300
21296,c,21300
21296,f,21300
21296,e,21300
21301,e,21301
21297,d,21301
21297,b,21301
21301,d,21301
21300,b,21301
21300,d,21301
21300,c,21301
21300,f,21301
21300,e,21301
21297,c,21301
21301,c,21301
21301,f,21301
21302,b,21301
21297,f,21301
21301,b,21301
21302,d,21301
21298,f,21301
21298,e,21301
21297,e,21301
21298,b,21301
21299,b,21301
21299,d,21301
21299,c,21301
21298,c,21301
21299,f,21301
21302,e,21301
21302,f,21301
21302,c,21301
21299,e,21301
21298,d,21301
21303,e,21302
21303,f,21302
21303,c,21302
21303,d,21302
21301,e,21302
21301,d,21302
21301,c,21302
21301,f,21302
21302,f,21302
21302,c,21302
21302,d,21302
21302,b,21302
21301,b,21302
21302,e,21302
21303,b,21302
21299,e,21302
21298,f,21302
21298,c,21302
21298,d,21302
21300,e,21302
21300,f,21302
21300,c,21302
21300,d,21302
21298,b,21302
21298,e,21302
21299,f,21302
21300,b,21302
21299,c,21302
21299,d,21302
21299,b,21302
21302,b,21303
21304,b,21303
21302,d,21303
21303,b,21303
21303,d,21303
21302,e,21303
21299,e,21303
21299,d,21303
21303,e,21303
21304,e,21303
21304,d,21303
21301,e,21303
21301,d,21303
21301,b,21303
21300,b,21303
21300,d,21303
21300,e,21303
21299,b,21303
21303,b,21304
21303,d,21304
21304,b,21304
21304,d,21304
21300,b,21304
21302,b,21304
21301,b,21304
21301,d,21304
21305,b,21304
21305,d,21304
21302,d,21304
21300,d,21304
21306,c,21305
21306,f,21305
21305,f,21305
21304,d,21305
21304,c,21305
21305,d,21305
21305,b,21305
21304,f,21305
21304,b,21305
21305,c,21305
21306,d,21305
21306,b,21305
21301,b,21305
21301,d,21305
21302,f,21305
21302,c,21305
21302,d,21305
21303,f,21305
21303,c,21305
21303,d,21305
21303,b,21305
21301,c,21305
21302,b,21305
21301,f,21305
21303,c,21306
21307,d,21306
21307,b,21306
21305,b,21306
21305,e,21306
21305,c,21306
21305,f,21306
21303,b,21306
21306,e,21306
21306,f,21306
21306,c,21306
21306,d,21306
21306,b,21306
21305,d,21306
21307,f,21306
21307,c,21306
21302,f,21306
21303,f,21306
21303,e,21306
21302,e,21306
21307,e,21306
21302,c,21306
21302,d,21306
21302,b,21306
21304,b,21306
21303,d,21306
21304,c,21306
21304,f,21306
21304,e,21306
21304,d,21306
21308,e,21307
21307,d,21307
21307,c,21307
21308,f,21307
21308,c,21307
21308,d,21307
21308,b,21307
21306,b,21307
21306,d,21307
21306,c,21307
21306,e,21307
21306,f,21307
21307,f,21307
21307,e,21307
21307,b,21307
21305,d,21307
21303,f,21307
21303,e,21307
21304,b,21307
21304,d,21307
21304,c,21307
21304,f,21307
21304,e,21307
21303,c,21307
21303,d,21307
21305,b,21307
21305,c,21307
21303,b,21307
21305,e,21307
21305,f,21307
21307,f,21308
21307,c,21308
21307,d,21308
21307,b,21308
21309,e,21308
21309,f,21308
21309,c,21308
21305,e,21308
21305,f,21308
21305,c,21308
21304,b,21308
21304,d,21308
21304,c,21308
21304,f,21308
21308,f,21308
21308,c,21308
21308,d,21308
21308,b,21308
21307,e,21308
21305,b,21308
21309,b,21308
21309,d,21308
21306,e,21308
21306,f,21308
21306,c,21308
21306,d,21308
21306,b,21308
21304,e,21308
21305,d,21308
21308,e,21308
21309,b,21309
21305,f,21309
21308,d,21309
21308,c,21309
21308,e,21309
21310,d,21309
21310,b,21309
21309,e,21309
21309,f,21309
21309,c,21309
21308,b,21309
21308,f,21309
21307,b,21309
21310,f,21309
21305,c,21309
21305,d,21309
21305,b,21309
21306,b,21309
21306,d,21309
21306,c,21309
21306,f,21309
21306,e,21309
21310,c,21309
21305,e,21309
21309,d,21309
21310,e,21309
21307,c,21309
21307,e,21309
21307,d,21309
21307,f,21309
21311,e,21310
21310,b,21310
21310,d,21310
21310,c,21310
21310,f,21310
21310,e,21310
21309,b,21310
21309,c,21310
21309,f,21310
21309,e,21310
21311,f,21310
21311,d,21310
21311,b,21310
21309,d,21310
21311,c,21310
21306,e,21310
21308,b,21310
21306,d,21310
21306,b,21310
21307,b,21310
21307,d,21310
21307,c,21310
21307,f,21310
21307,e,21310
21306,c,21310
21308,d,21310
21306,f,21310
21308,f,21310
21308,e,21310
21308,c,21310
21308,e,21311
21308,d,21311
21311,b,21311
21311,d,21311
21310,e,21311
21312,b,21311
21310,b,21311
21308,b,21311
21312,d,21311
21312,e,21311
21307,b,21311
21307,d,21311
21307,e,21311
21309,d,21311
21309,e,21311
21311,e,21311
21309,b,21311
21310,d,21311
21311,b,21312
21312,d,21312
21311,d,21312
21312,b,21312
21308,b,21312
21310,d,21312
21309,b,21312
21309,d,21312
21308,d,21312
21313,b,21312
21313,d,21312
21310,b,21312
21314,c,21313
21314,f,21313
21313,f,21313
21312,c,21313
21312,f,21313
21313,d,21313
21313,b,21313
21312,b,21313
21312,d,21313
21313,c,21313
21314,d,21313
21314,b,21313
21309,b,21313
21309,d,21313
21310,f,21313
21310,c,21313
21310,d,21313
21310,b,21313
21311,f,21313
21311,c,21313
21311,d,21313
21311,b,21313
21309,f,21313
21309,c,21313
21311,c,21314
21310,b,21314
21313,b,21314
21313,e,21314
21313,c,21314
21313,f,21314
21315,b,21314
21314,e,21314
21314,f,21314
21314,c,21314
21314,d,21314
21314,b,21314
21313,d,21314
21311,b,21314
21315,d,21314
21315,f,21314
21311,f,21314
21311,e,21314
21310,e,21314
21315,c,21314
21310,c,21314
21310,d,21314
21312,b,21314
21312,d,21314
21310,f,21314
21312,f,21314
21315,e,21314
21312,c,21314
21311,d,21314
21312,e,21314
21314,e,21315
21316,c,21315
21314,c,21315
21314,d,21315
21315,d,21315
21315,c,21315
21315,f,21315
21315,e,21315
21316,e,21315
21316,f,21315
21315,b,21315
21314,f,21315
21314,b,21315
21316,b,21315
21312,b,21315
21311,e,21315
21313,b,21315
21313,d,21315
21313,c,21315
21313,f,21315
21313,e,21315
21311,f,21315
21311,c,21315
21316,d,21315
21312,c,21315
21312,f,21315
21312,e,21315
21311,d,21315
21311,b,21315
21312,d,21315
21317,b,21316
21315,f,21316
21315,d,21316
21315,c,21316
21312,b,21316
21315,e,21316
21316,e,21316
21316,f,21316
21316,c,21316
21316,d,21316
21316,b,21316
21315,b,21316
21312,d,21316
21312,c,21316
21312,e,21316
21313,f,21316
21313,e,21316
21313,b,21316
21312,f,21316
21314,b,21316
21314,d,21316
21314,c,21316
21313,c,21316
21314,f,21316
21317,e,21316
21317,f,21316
21317,c,21316
21317,d,21316
21314,e,21316
21313,d,21316
21318,c,21317
21317,e,21317
21318,e,21317
21318,f,21317
21316,e,21317
21316,d,21317
21316,c,21317
21316,f,21317
21318,d,21317
21317,f,21317
21317,c,21317
21317,b,21317
21316,b,21317
21318,b,21317
21317,d,21317
21314,e,21317
21313,e,21317
21314,f,21317
21314,b,21317
21315,b,21317
21315,d,21317
21315,c,21317
21315,f,21317
21314,d,21317
21313,f,21317
21313,c,21317
21313,d,21317
21313,b,21317
21314,c,21317
21315,e,21317
21317,d,21318
21317,b,21318
21317,c,21318
21318,f,21318
21317,e,21318
21319,e,21318
21319,f,21318
21319,c,21318
21319,b,21318
21318,e,21318
21318,c,21318
21317,f,21318
21319,d,21318
21314,b,21318
21314,d,21318
21315,e,21318
21315,f,21318
21315,c,21318
21315,d,21318
21315,b,21318
21314,e,21318
21318,b,21318
21316,d,21318
21316,c,21318
21316,b,21318
21316,e,21318
21314,f,21318
21314,c,21318
21316,f,21318
21318,d,21318
21320,d,21319
21320,b,21319
21318,e,21319
21318,d,21319
21318,b,21319
21319,e,21319
21319,d,21319
21319,b,21319
21320,e,21319
21315,d,21319
21315,e,21319
21315,b,21319
21316,b,21319
21316,d,21319
21316,e,21319
21317,b,21319
21317,d,21319
21317,e,21319
21321,d,21320
21320,d,21320
21320,b,21320
21319,d,21320
21319,b,21320
21316,b,21320
21316,d,21320
21317,b,21320
21321,b,21320
21318,b,21320
21318,d,21320
21317,d,21320
21319,c,21321
21317,b,21321
21320,b,21321
21320,d,21321
21320,c,21321
21322,b,21321
21322,d,21321
21322,c,21321
21322,f,21321
21320,f,21321
21317,c,21321
21319,f,21321
21321,f,21321
21319,d,21321
21319,b,21321
21318,b,21321
21318,d,21321
21318,c,21321
21318,f,21321
21321,c,21321
21321,d,21321
21321,b,21321
21317,f,21321
21317,d,21321
21321,b,21322
21322,c,21322
21321,c,21322
21321,f,21322
21322,b,21322
21322,d,21322
21323,c,21322
21323,f,21322
21323,e,21322
21322,e,21322
21322,f,21322
21321,d,21322
21321,e,21322
21319,d,21322
21323,b,21322
21318,e,21322
21319,b,21322
21320,b,21322
21320,d,21322
21320,c,21322
21320,f,21322
21318,f,21322
21320,e,21322
21319,c,21322
21319,f,21322
21319,e,21322
21318,d,21322
21318,b,21322
21323,d,21322
21318,c,21322
21319,b,21323
21322,f,21323
21322,d,21323
21322,c,21323
21324,b,21323
21322,e,21323
21323,e,21323
21323,f,21323
21323,c,21323
21323,d,21323
21323,b,21323
21322,b,21323
21320,f,21323
21320,e,21323
21324,f,21323
21320,c,21323
21320,d,21323
21320,b,21323
21319,e,21323
21324,c,21323
21319,c,21323
21319,d,21323
21321,b,21323
21321,d,21323
21319,f,21323
21321,f,21323
21324,e,21323
21321,c,21323
21324,d,21323
21321,e,21323
21324,d,21324
21323,f,21324
21323,c,21324
21323,d,21324
21323,b,21324
21324,f,21324
21324,e,21324
21325,b,21324
21323,e,21324
21325,d,21324
21325,c,21324
21325,f,21324
21324,c,21324
21324,b,21324
21320,c,21324
21322,b,21324
21320,e,21324
21321,b,21324
21322,d,21324
21322,c,21324
21322,f,21324
21322,e,21324
21321,d,21324
21321,f,21324
21321,e,21324
21320,f,21324
21320,d,21324
21320,b,21324
21325,e,21324
21321,c,21324
21324,b,21325
21324,d,21325
21321,c,21325
21324,f,21325
21324,e,21325
21326,b,21325
21321,b,21325
21325,e,21325
21325,f,21325
21325,c,21325
21325,d,21325
21324,c,21325
21321,d,21325
21325,b,21325
21321,e,21325
21322,c,21325
21322,f,21325
21321,f,21325
21323,b,21325
21323,d,21325
21323,c,21325
21323,f,21325
21322,d,21325
21323,e,21325
21326,e,21325
21326,f,21325
21326,c,21325
21326,d,21325
21322,e,21325
21322,b,21325
21327,f,21326
21327,c,21326
21327,d,21326
21327,e,21326
21325,d,21326
21325,c,21326
21325,f,21326
21325,e,21326
21326,f,21326
21326,c,21326
21326,d,21326
21326,b,21326
21325,b,21326
21327,b,21326
21326,e,21326
21323,e,21326
21322,c,21326
21322,d,21326
21322,b,21326
21324,e,21326
21324,f,21326
21324,c,21326
21324,d,21326
21322,f,21326
21324,b,21326
21323,f,21326
21323,c,21326
21323,d,21326
21322,e,21326
21323,b,21326
21326,b,21327
21326,d,21327
21327,d,21327
21327,b,21327
21328,b,21327
21326,e,21327
21323,e,21327
21323,d,21327
21327,e,21327
21328,e,21327
21328,d,21327
21325,e,21327
21325,d,21327
21325,b,21327
21324,b,21327
21324,d,21327
21324,e,21327
21323,b,21327
21327,b,21328
21327,d,21328
21328,b,21328
21324,d,21328
21328,d,21328
21324,b,21328
21326,b,21328
21325,b,21328
21325,d,21328
21329,b,21328
21329,d,21328
21326,d,21328
21330,c,21329
21330,f,21329
21329,f,21329
21328,b,21329
21328,d,21329
21329,d,21329
21329,b,21329
21328,f,21329
21328,c,21329
21329,c,21329
21330,d,21329
21330,b,21329
21325,b,21329
21325,d,21329
21326,f,21329
21326,c,21329
21326,d,21329
21327,f,21329
21327,c,21329
21327,d,21329
21327,b,21329
21326,b,21329
21325,f,21329
21325,c,21329
21327,c,21330
21331,d,21330
21331,b,21330
21329,b,21330
21329,f,21330
21329,c,21330
21331,c,21330
21329,e,21330
21330,e,21330
21330,f,21330
21330,c,21330
21330,d,21330
21330,b,21330
21329,d,21330
21327,b,21330
21331,f,21330
21326,e,21330
21327,f,21330
21327,e,21330
21331,e,21330
21326,f,21330
21326,c,21330
21326,d,21330
21326,b,21330
21328,b,21330
21327,d,21330
21328,c,21330
21328,f,21330
21328,e,21330
21328,d,21330
21331,d,21331
21331,c,21331
21332,e,21331
21332,f,21331
21332,c,21331
21332,d,21331
21330,b,21331
21330,d,21331
21330,c,21331
21330,f,21331
21330,e,21331
21331,f,21331
21331,e,21331
21332,b,21331
21331,b,21331
21329,d,21331
21327,c,21331
21327,e,21331
21329,b,21331
21327,b,21331
21329,c,21331
21329,f,21331
21329,e,21331
21328,e,21331
21328,c,21331
21328,d,21331
21328,b,21331
21327,f,21331
21327,d,21331
21328,f,21331
21332,f,21332
21332,c,21332
21328,e,21332
21328,b,21332
21328,c,21332
21328,d,21332
21331,b,21332
21331,d,21332
21331,c,21332
21328,f,21332
21332,d,21332
21331,e,21332
21331,f,21332
21333,f,21332
21333,c,21332
21333,d,21332
21329,e,21332
21329,f,21332
21329,c,21332
21329,d,21332
21329,b,21332
21333,e,21332
21330,b,21332
21330,d,21332
21330,c,21332
21330,f,21332
21330,e,21332
21333,b,21332
21332,b,21332
21332,e,21332
21332,c,21333
21332,d,21333
21332,f,21333
21332,e,21333
21334,b,21333
21333,e,21333
21333,f,21333
21333,c,21333
21333,d,21333
21332,b,21333
21334,d,21333
21329,f,21333
21334,f,21333
21329,c,21333
21329,d,21333
21329,b,21333
21330,b,21333
21330,d,21333
21330,c,21333
21330,f,21333
21330,e,21333
21334,c,21333
21329,e,21333
21333,b,21333
21334,e,21333
21331,d,21333
21331,e,21333
21331,f,21333
21331,b,21333
21331,c,21333
21334,e,21334
21334,b,21334
21334,d,21334
21334,c,21334
21334,f,21334
21333,b,21334
21333,c,21334
21333,f,21334
21333,e,21334
21335,e,21334
21335,c,21334
21335,d,21334
21333,d,21334
21335,f,21334
21335,b,21334
21331,e,21334
21330,c,21334
21330,d,21334
21330,b,21334
21332,e,21334
21332,f,21334
21332,c,21334
21332,d,21334
21330,f,21334
21332,b,21334
21331,f,21334
21331,c,21334
21331,d,21334
21330,e,21334
21331,b,21334
21334,b,21335
21334,d,21335
21335,d,21335
21335,b,21335
21336,b,21335
21334,e,21335
21331,e,21335
21331,d,21335
21335,e,21335
21336,e,21335
21336,d,21335
21333,e,21335
21333,d,21335
21333,b,21335
21332,b,21335
21332,d,21335
21332,e,21335
21331,b,21335
21335,b,21336
21335,d,21336
21336,b,21336
21336,d,21336
21332,b,21336
21334,d,21336
21333,b,21336
21333,d,21336
21332,d,21336
21337,b,21336
21337,d,21336
21334,b,21336
21338,c,21337
21338,f,21337
21337,f,21337
21336,c,21337
21336,f,21337
21337,d,21337
21337,b,21337
21336,b,21337
21336,d,21337
21337,c,21337
21338,d,21337
21338,b,21337
21333,b,21337
21333,d,21337
21334,f,21337
21334,c,21337
21334,d,21337
21335,f,21337
21335,c,21337
21335,d,21337
21335,b,21337
21334,b,21337
21333,f,21337
21333,c,21337
21335,c,21338
21339,b,21338
21334,b,21338
21337,b,21338
21337,f,21338
21337,c,21338
21339,d,21338
21337,e,21338
21338,e,21338
21338,f,21338
21338,c,21338
21338,d,21338
21338,b,21338
21337,d,21338
21335,b,21338
21339,c,21338
21339,e,21338
21335,f,21338
21335,e,21338
21339,f,21338
21334,e,21338
21334,f,21338
21334,c,21338
21334,d,21338
21336,b,21338
21335,d,21338
21336,c,21338
21336,f,21338
21336,e,21338
21336,d,21338
21339,b,21339
21339,d,21339
21340,f,21339
21340,c,21339
21340,d,21339
21340,b,21339
21338,b,21339
21338,d,21339
21338,c,21339
21338,f,21339
21338,e,21339
21339,c,21339
21339,f,21339
21339,e,21339
21340,e,21339
21337,d,21339
21335,b,21339
21335,f,21339
21335,d,21339
21335,c,21339
21336,e,21339
21337,b,21339
21337,c,21339
21337,f,21339
21337,e,21339
21336,f,21339
21336,d,21339
21336,b,21339
21335,e,21339
21336,c,21339
21340,f,21340
21339,b,21340
21336,b,21340
21336,d,21340
21336,c,21340
21336,f,21340
21336,e,21340
21339,d,21340
21339,c,21340
21339,f,21340
21340,c,21340
21340,e,21340
21340,b,21340
21341,e,21340
21341,f,21340
21341,c,21340
21337,e,21340
21337,f,21340
21337,c,21340
21337,d,21340
21340,d,21340
21337,b,21340
21338,b,21340
21338,d,21340
21338,c,21340
21338,f,21340
21338,e,21340
21341,b,21340
21339,e,21340
21341,d,21340
21337,f,21341
21340,c,21341
21340,d,21341
21340,f,21341
21340,e,21341
21342,d,21341
21342,b,21341
21341,e,21341
21341,f,21341
21341,c,21341
21340,b,21341
21342,c,21341
21339,b,21341
21342,e,21341
21337,c,21341
21337,d,21341
21337,b,21341
21341,b,21341
21338,b,21341
21338,d,21341
21338,c,21341
21338,f,21341
21338,e,21341
21342,f,21341
21341,d,21341
21339,d,21341
21339,c,21341
21337,e,21341
21339,f,21341
21339,e,21341
21343,b,21342
21342,b,21342
21342,d,21342
21342,c,21342
21343,e,21342
21342,f,21342
21342,e,21342
21341,b,21342
21341,c,21342
21341,f,21342
21341,e,21342
21343,c,21342
21343,d,21342
21341,d,21342
21343,f,21342
21338,e,21342
21338,c,21342
21338,d,21342
21338,b,21342
21339,b,21342
21339,d,21342
21339,c,21342
21339,f,21342
21339,e,21342
21340,b,21342
21340,d,21342
21338,f,21342
21340,e,21342
21340,f,21342
21340,c,21342
21340,e,21343
21340,d,21343
21343,b,21343
21343,d,21343
21343,e,21343
21342,e,21343
21342,d,21343
21342,b,21343
21340,b,21343
21339,e,21343
21339,b,21343
21339,d,21343
21341,d,21343
21341,e,21343
21344,b,21343
21344,d,21343
21344,e,21343
21341,b,21343
21344,d,21344
21340,d,21344
21343,b,21344
21343,d,21344
21345,d,21344
21344,b,21344
21340,b,21344
21345,b,21344
21341,d,21344
21341,b,21344
21342,d,21344
21342,b,21344
21344,f,21345
21344,c,21345
21344,d,21345
21345,c,21345
21346,d,21345
21344,b,21345
21345,d,21345
21345,b,21345
21341,b,21345
21341,d,21345
21341,c,21345
21346,b,21345
21345,f,21345
21346,f,21345
21346,c,21345
21342,b,21345
21342,f,21345
21343,f,21345
21343,c,21345
21343,d,21345
21343,b,21345
21341,f,21345
21342,d,21345
21342,c,21345
21347,c,21346
21347,f,21346
21347,e,21346
21345,b,21346
21345,d,21346
21345,c,21346
21346,d,21346
21346,b,21346
21346,e,21346
21345,e,21346
21346,f,21346
21346,c,21346
21347,d,21346
21345,f,21346
21347,b,21346
21343,d,21346
21342,d,21346
21342,c,21346
21342,b,21346
21344,b,21346
21344,d,21346
21344,c,21346
21344,f,21346
21342,f,21346
21344,e,21346
21343,b,21346
21343,c,21346
21343,f,21346
21343,e,21346
21342,e,21346
21346,d,21347
21346,b,21347
21346,f,21347
21343,b,21347
21346,c,21347
21346,e,21347
21343,d,21347
21347,b,21347
21347,d,21347
21347,c,21347
21347,f,21347
21347,e,21347
21348,e,21347
21348,f,21347
21348,c,21347
21348,d,21347
21343,c,21347
21348,b,21347
21345,f,21347
21345,c,21347
21345,d,21347
21345,b,21347
21343,e,21347
21344,b,21347
21344,d,21347
21344,c,21347
21344,f,21347
21344,e,21347
21345,e,21347
21343,f,21347
21347,b,21348
21347,c,21348
21347,f,21348
21347,e,21348
21348,e,21348
21348,f,21348
21348,c,21348
21348,d,21348
21348,b,21348
21344,e,21348
21344,f,21348
21344,c,21348
21347,d,21348
21349,b,21348
21344,d,21348
21349,c,21348
21344,b,21348
21345,e,21348
21345,f,21348
21345,c,21348
21349,d,21348
21345,b,21348
21346,b,21348
21346,d,21348
21346,c,21348
21345,d,21348
21346,e,21348
21349,f,21348
21349,e,21348
21346,f,21348
21350,c,21349
21350,f,21349
21350,e,21349
21350,b,21349
21349,b,21349
21349,d,21349
21348,d,21349
21348,c,21349
21348,e,21349
21349,c,21349
21349,f,21349
21349,e,21349
21348,b,21349
21350,d,21349
21348,f,21349
21346,e,21349
21346,f,21349
21347,b,21349
21346,b,21349
21347,d,21349
21347,c,21349
21347,e,21349
21347,f,21349
21345,e,21349
21345,f,21349
21345,c,21349
21345,d,21349
21346,c,21349
21346,d,21349
21345,b,21349
21349,c,21350
21349,b,21350
21349,d,21350
21350,e,21350
21349,e,21350
21351,e,21350
21351,f,21350
21351,c,21350
21351,b,21350
21350,f,21350
21350,b,21350
21349,f,21350
21351,d,21350
21346,b,21350
21346,d,21350
21347,e,21350
21347,f,21350
21347,c,21350
21347,d,21350
21347,b,21350
21350,d,21350
21348,d,21350
21348,c,21350
21348,b,21350
21348,e,21350
21346,e,21350
21346,f,21350
21346,c,21350
21348,f,21350
21350,c,21350
21352,b,21351
21351,e,21351
21352,d,21351
21350,e,21351
21350,d,21351
21350,b,21351
21347,e,21351
21351,d,21351
21351,b,21351
21352,e,21351
21347,d,21351
21348,d,21351
21348,b,21351
21348,e,21351
21349,b,21351
21349,d,21351
21349,e,21351
21347,b,21351
21353,b,21352
21351,d,21352
21351,b,21352
21348,b,21352
21348,d,21352
21349,b,21352
21353,d,21352
21349,d,21352
21352,d,21352
21350,d,21352
21350,b,21352
21352,b,21352
21354,c,21353
21352,b,21353
21352,d,21353
21352,c,21353
21352,f,21353
21353,f,21353
21353,c,21353
21353,d,21353
21353,b,21353
21354,b,21353
21354,d,21353
21354,f,21353
21349,f,21353
21351,f,21353
21349,c,21353
21349,d,21353
21349,b,21353
21351,c,21353
21350,b,21353
21351,d,21353
21351,b,21353
21350,d,21353
21350,c,21353
21350,f,21353
21353,b,21354
21353,d,21354
21353,c,21354
21354,b,21354
21355,c,21354
21355,d,21354
21355,b,21354
21354,e,21354
21353,e,21354
21355,e,21354
21354,f,21354
21354,c,21354
21354,d,21354
21355,f,21354
21353,f,21354
21350,f,21354
21351,e,21354
21351,f,21354
21351,c,21354
21351,d,21354
21351,b,21354
21350,e,21354
21352,b,21354
21352,d,21354
21352,c,21354
21350,c,21354
21352,e,21354
21350,d,21354
21350,b,21354
21352,f,21354
21351,c,21355
21351,d,21355
21351,b,21355
21355,b,21355
21355,d,21355
21355,c,21355
21354,b,21355
21354,d,21355
21354,c,21355
21354,f,21355
21356,d,21355
21355,e,21355
21356,b,21355
21355,f,21355
21354,e,21355
21356,c,21355
21356,e,21355
21352,e,21355
21352,f,21355
21352,c,21355
21352,d,21355
21356,f,21355
21351,e,21355
21351,f,21355
21353,b,21355
21353,d,21355
21352,b,21355
21353,f,21355
21353,e,21355
21353,c,21355
21357,e,21356
21356,b,21356
21357,c,21356
21357,d,21356
21356,d,21356
21356,c,21356
21355,b,21356
21355,d,21356
21355,c,21356
21355,f,21356
21355,e,21356
21356,e,21356
21357,b,21356
21356,f,21356
21352,b,21356
21357,f,21356
21353,f,21356
21353,d,21356
21352,d,21356
21352,c,21356
21352,f,21356
21352,e,21356
21353,b,21356
21353,c,21356
21353,e,21356
21354,b,21356
21354,e,21356
21354,f,21356
21354,c,21356
21354,d,21356
21353,f,21357
21353,b,21357
21353,d,21357
21356,b,21357
21356,d,21357
21358,d,21357
21356,f,21357
21356,e,21357
21358,c,21357
21358,b,21357
21357,e,21357
21357,f,21357
21357,b,21357
21356,c,21357
21353,c,21357
21357,c,21357
21353,e,21357
21354,e,21357
21354,f,21357
21354,c,21357
21354,d,21357
21357,d,21357
21355,b,21357
21355,d,21357
21355,c,21357
21355,f,21357
21354,b,21357
21358,f,21357
21358,e,21357
21355,e,21357
21359,b,21358
21359,e,21358
21359,f,21358
21359,c,21358
21359,d,21358
21358,b,21358
21358,d,21358
21357,d,21358
21357,c,21358
21357,f,21358
21357,e,21358
21358,c,21358
21358,f,21358
21354,e,21358
21357,b,21358
21354,f,21358
21358,e,21358
21356,b,21358
21354,b,21358
21354,d,21358
21354,c,21358
21356,e,21358
21356,f,21358
21356,d,21358
21356,c,21358
21355,b,21358
21355,d,21358
21355,c,21358
21355,f,21358
21355,e,21358
21355,b,21359
21358,b,21359
21358,e,21359
21359,b,21359
21360,b,21359
21355,d,21359
21358,d,21359
21359,d,21359
21359,e,21359
21360,e,21359
21360,d,21359
21357,e,21359
21357,d,21359
21357,b,21359
21356,b,21359
21356,d,21359
21356,e,21359
21355,e,21359
21359,b,21360
21359,d,21360
21360,b,21360
21360,d,21360
21356,b,21360
21358,b,21360
21357,b,21360
21357,d,21360
21358,d,21360
21356,d,21360
21361,b,21360
21361,d,21360
21361,b,21361
21361,d,21361
21360,c,21361
21361,c,21361
21361,f,21361
21362,f,21361
21362,c,21361
21360,f,21361
21360,b,21361
21360,d,21361
21362,b,21361
21358,d,21361
21359,f,21361
21357,b,21361
21357,d,21361
21357,f,21361
21358,b,21361
21358,f,21361
21358,c,21361
21357,c,21361
21359,c,21361
21359,d,21361
21359,b,21361
21362,d,21361
21359,d,21362
21363,d,21362
21363,b,21362
21361,b,21362
21361,e,21362
21361,c,21362
21361,f,21362
21363,c,21362
21362,e,21362
21362,f,21362
21362,c,21362
21362,d,21362
21362,b,21362
21361,d,21362
21359,b,21362
21363,f,21362
21358,f,21362
21359,f,21362
21359,e,21362
21358,e,21362
21363,e,21362
21358,c,21362
21358,d,21362
21358,b,21362
21360,b,21362
21359,c,21362
21360,c,21362
21360,f,21362
21360,e,21362
21360,d,21362
21363,d,21363
21363,c,21363
21364,f,21363
21364,c,21363
21364,e,21363
21364,b,21363
21362,b,21363
21362,d,21363
21362,c,21363
21362,f,21363
21362,e,21363
21363,f,21363
21363,e,21363
21363,b,21363
21364,d,21363
21359,d,21363
21359,b,21363
21359,f,21363
21359,c,21363
21360,e,21363
21360,f,21363
21361,b,21363
21361,c,21363
21361,f,21363
21361,d,21363
21360,c,21363
21360,d,21363
21360,b,21363
21359,e,21363
21361,e,21363
21364,c,21364
21363,b,21364
21360,b,21364
21360,d,21364
21360,c,21364
21360,f,21364
21364,f,21364
21363,d,21364
21363,c,21364
21363,f,21364
21364,d,21364
21363,e,21364
21361,b,21364
21365,f,21364
21365,c,21364
21365,d,21364
21361,e,21364
21361,f,21364
21361,c,21364
21361,d,21364
21364,b,21364
21364,e,21364
21362,b,21364
21362,d,21364
21362,c,21364
21362,f,21364
21362,e,21364
21365,b,21364
21365,e,21364
21360,e,21364
21361,f,21365
21364,c,21365
21364,d,21365
21364,f,21365
21364,e,21365
21366,b,21365
21365,e,21365
21365,f,21365
21365,c,21365
21365,d,21365
21364,b,21365
21366,d,21365
21361,e,21365
21366,f,21365
21361,c,21365
21361,d,21365
21361,b,21365
21362,b,21365
21362,d,21365
21362,c,21365
21362,f,21365
21362,e,21365
21366,c,21365
21365,b,21365
21366,e,21365
21363,d,21365
21363,e,21365
21363,f,21365
21363,b,21365
21363,c,21365
21367,b,21366
21366,b,21366
21366,d,21366
21366,c,21366
21366,f,21366
21365,b,21366
21365,c,21366
21365,f,21366
21365,e,21366
21367,f,21366
21367,c,21366
21367,d,21366
21365,d,21366
21367,e,21366
21366,e,21366
21362,c,21366
21363,c,21366
21363,d,21366
21363,b,21366
21364,b,21366
21362,e,21366
21362,f,21366
21363,e,21366
21362,d,21366
21363,f,21366
21364,d,21366
21364,c,21366
21364,f,21366
21364,e,21366
21362,b,21366
21367,b,21367
21366,e,21367
21366,d,21367
21368,d,21367
21367,d,21367
21367,e,21367
21368,e,21367
21366,b,21367
21368,b,21367
21363,d,21367
21363,e,21367
21364,e,21367
21364,d,21367
21364,b,21367
21365,b,21367
21365,d,21367
21365,e,21367
21363,b,21367
21368,b,21368
21368,d,21368
21367,d,21368
21367,b,21368
21365,b,21368
21365,d,21368
21364,d,21368
21369,b,21368
21369,d,21368
21366,d,21368
21366,b,21368
21364,b,21368
21368,b,21369
21370,f,21369
21368,f,21369
21369,b,21369
21369,d,21369
21369,c,21369
21370,c,21369
21370,d,21369
21370,b,21369
21369,f,21369
21368,c,21369
21368,d,21369
21365,b,21369
21365,d,21369
21366,f,21369
21367,b,21369
21367,d,21369
21367,c,21369
21367,f,21369
21365,c,21369
21365,f,21369
21366,b,21369
21366,d,21369
21366,c,21369
21369,d,21370
21369,b,21370
21371,d,21370
21369,c,21370
21369,f,21370
21367,c,21370
21370,b,21370
21370,d,21370
21370,c,21370
21370,f,21370
21370,e,21370
21371,e,21370
21371,f,21370
21371,c,21370
21367,d,21370
21366,b,21370
21369,e,21370
21371,b,21370
21366,f,21370
21366,e,21370
21367,b,21370
21366,c,21370
21368,d,21370
21368,c,21370
21368,f,21370
21368,e,21370
21368,b,21370
21366,d,21370
21367,f,21370
21367,e,21370
21367,b,21371
21367,e,21371
21367,f,21371
21367,c,21371
21367,d,21371
21371,f,21371
21370,d,21371
21370,c,21371
21370,f,21371
21370,e,21371
21371,b,21371
21371,d,21371
21371,c,21371
21371,e,21371
21370,b,21371
21372,b,21371
21372,d,21371
21368,e,21371
21368,f,21371
21368,c,21371
21368,d,21371
21368,b,21371
21369,d,21371
21369,c,21371
21369,f,21371
21369,b,21371
21372,c,21371
21372,f,21371
21372,e,21371
21369,e,21371
21372,e,21372
21373,d,21372
21373,b,21372
21373,e,21372
21372,b,21372
21372,d,21372
21371,d,21372
21371,c,21372
21371,f,21372
21373,f,21372
21372,c,21372
21372,f,21372
21371,b,21372
21373,c,21372
21371,e,21372
21368,b,21372
21369,b,21372
21369,d,21372
21370,b,21372
21370,d,21372
21370,c,21372
21370,f,21372
21369,c,21372
21370,e,21372
21368,e,21372
21368,f,21372
21368,c,21372
21368,d,21372
21369,e,21372
21369,f,21372
21372,d,21373
21369,b,21373
21372,b,21373
21372,c,21373
21374,d,21373
21372,e,21373
21374,f,21373
21374,c,21373
21369,d,21373
21374,b,21373
21373,e,21373
21373,f,21373
21373,b,21373
21372,f,21373
21373,d,21373
21369,c,21373
21369,e,21373
21370,e,21373
21370,f,21373
21370,c,21373
21370,d,21373
21370,b,21373
21369,f,21373
21371,b,21373
21371,d,21373
21371,c,21373
21373,c,21373
21371,e,21373
21374,e,21373
21371,f,21373
21375,e,21374
21375,f,21374
21375,c,21374
21374,b,21374
21374,d,21374
21374,c,21374
21373,b,21374
21373,c,21374
21373,f,21374
21373,e,21374
21374,f,21374
21374,e,21374
21370,e,21374
21375,b,21374
21373,d,21374
21375,d,21374
21370,f,21374
21371,d,21374
21372,b,21374
21372,d,21374
21372,c,21374
21372,f,21374
21371,c,21374
21371,f,21374
21371,b,21374
21371,e,21374
21370,d,21374
21370,c,21374
21372,e,21374
21370,b,21374
21374,e,21375
21376,d,21375
21374,b,21375
21375,b,21375
21375,d,21375
21375,e,21375
21376,e,21375
21374,d,21375
21376,b,21375
21371,d,21375
21371,e,21375
21372,e,21375
21372,d,21375
21372,b,21375
21373,b,21375
21373,d,21375
21373,e,21375
21371,b,21375
21372,b,21376
21376,b,21376
21376,d,21376
21375,d,21376
21375,b,21376
21373,b,21376
21373,d,21376
21377,b,21376
21377,d,21376
21374,d,21376
21374,b,21376
21372,d,21376
21376,b,21377
21376,f,21377
21378,f,21377
21377,b,21377
21377,d,21377
21377,c,21377
21378,c,21377
21378,d,21377
21378,b,21377
21377,f,21377
21376,c,21377
21376,d,21377
21373,c,21377
21374,c,21377
21374,d,21377
21374,b,21377
21373,f,21377
21373,b,21377
21374,f,21377
21375,b,21377
21373,d,21377
21375,f,21377
21375,c,21377
21375,d,21377
21375,c,21378
21377,d,21378
21377,b,21378
21377,c,21378
21377,f,21378
21378,b,21378
21378,d,21378
21378,c,21378
21378,f,21378
21378,e,21378
21375,d,21378
21379,e,21378
21379,f,21378
21379,c,21378
21379,d,21378
21374,b,21378
21377,e,21378
21379,b,21378
21374,d,21378
21374,c,21378
21374,f,21378
21374,e,21378
21375,b,21378
21376,b,21378
21376,c,21378
21376,f,21378
21376,d,21378
21375,e,21378
21375,f,21378
21376,e,21378
21375,c,21379
21378,b,21379
21380,d,21379
21378,d,21379
21375,f,21379
21375,e,21379
21378,c,21379
21378,f,21379
21378,e,21379
21379,e,21379
21380,b,21379
21380,c,21379
21379,f,21379
21380,e,21379
21375,b,21379
21376,e,21379
21376,f,21379
21376,c,21379
21376,d,21379
21376,b,21379
21377,b,21379
21380,f,21379
21377,d,21379
21377,f,21379
21377,e,21379
21379,b,21379
21379,d,21379
21379,c,21379
21375,d,21379
21377,c,21379
21379,b,21380
21379,d,21380
21381,d,21380
21379,f,21380
21381,c,21380
21380,b,21380
21380,d,21380
21380,c,21380
21380,f,21380
21381,f,21380
21380,e,21380
21381,b,21380
21379,c,21380
21379,e,21380
21378,b,21380
21381,e,21380
21376,e,21380
21377,b,21380
21378,d,21380
21378,c,21380
21378,f,21380
21378,e,21380
21377,d,21380
21377,f,21380
21377,e,21380
21376,f,21380
21376,c,21380
21376,d,21380
21376,b,21380
21377,c,21380
21380,b,21381
21380,d,21381
21377,c,21381
21380,f,21381
21380,e,21381
21382,b,21381
21377,b,21381
21381,e,21381
21381,f,21381
21381,c,21381
21381,d,21381
21380,c,21381
21377,d,21381
21381,b,21381
21377,e,21381
21378,c,21381
21378,f,21381
21377,f,21381
21379,b,21381
21379,d,21381
21379,c,21381
21379,f,21381
21378,d,21381
21379,e,21381
21382,e,21381
21382,f,21381
21382,c,21381
21382,d,21381
21378,e,21381
21378,b,21381
21383,f,21382
21383,c,21382
21383,d,21382
21383,e,21382
21381,d,21382
21381,c,21382
21381,f,21382
21381,e,21382
21382,f,21382
21382,c,21382
21382,d,21382
21382,b,21382
21381,b,21382
21383,b,21382
21382,e,21382
21378,c,21382
21379,c,21382
21379,d,21382
21379,b,21382
21380,b,21382
21378,e,21382
21378,f,21382
21379,e,21382
21378,d,21382
21379,f,21382
21380,d,21382
21380,c,21382
21380,f,21382
21380,e,21382
21378,b,21382
21383,b,21383
21382,e,21383
21382,d,21383
21384,d,21383
21383,d,21383
21383,e,21383
21384,e,21383
21382,b,21383
21384,b,21383
21379,d,21383
21379,e,21383
21380,e,21383
21380,d,21383
21380,b,21383
21381,b,21383
21381,d,21383
21381,e,21383
21379,b,21383
21384,b,21384
21384,d,21384
21383,d,21384
21383,b,21384
21380,d,21384
21381,b,21384
21381,d,21384
21380,b,21384
21385,b,21384
21385,d,21384
21382,d,21384
21382,b,21384
21384,f,21385
21385,b,21385
21385,d,21385
21385,c,21385
21385,f,21385
21386,f,21385
21386,c,21385
21386,d,21385
21386,b,21385
21384,b,21385
21384,c,21385
21384,d,21385
21381,d,21385
21381,b,21385
21383,b,21385
21383,d,21385
21383,c,21385
21383,f,21385
21381,c,21385
21381,f,21385
21382,b,21385
21382,d,21385
21382,c,21385
21382,f,21385
21385,d,21386
21385,b,21386
21385,e,21386
21385,c,21386
21385,f,21386
21383,c,21386
21382,b,21386
21386,b,21386
21386,d,21386
21386,c,21386
21386,f,21386
21386,e,21386
21387,e,21386
21387,f,21386
21387,c,21386
21383,d,21386
21382,d,21386
21387,b,21386
21382,c,21386
21382,e,21386
21383,b,21386
21387,d,21386
21384,d,21386
21384,c,21386
21384,f,21386
21384,e,21386
21384,b,21386
21382,f,21386
21383,f,21386
21383,e,21386
21383,e,21387
21383,f,21387
21383,c,21387
21383,d,21387
21386,b,21387
21387,f,21387
21386,c,21387
21386,f,21387
21386,e,21387
21383,b,21387
21387,b,21387
21387,d,21387
21387,c,21387
21387,e,21387
21386,d,21387
21385,b,21387
21384,e,21387
21384,c,21387
21388,b,21387
21385,d,21387
21385,c,21387
21385,f,21387
21385,e,21387
21384,f,21387
21384,b,21387
21388,e,21387
21388,f,21387
21388,c,21387
21388,d,21387
21384,d,21387
21389,e,21388
21389,f,21388
21389,b,21388
21389,c,21388
21387,e,21388
21387,d,21388
21387,c,21388
21387,f,21388
21388,e,21388
21388,f,21388
21388,c,21388
21388,d,21388
21388,b,21388
21387,b,21388
21389,d,21388
21386,b,21388
21385,f,21388
21384,b,21388
21384,d,21388
21384,c,21388
21384,f,21388
21384,e,21388
21385,b,21388
21385,e,21388
21385,d,21388
21386,e,21388
21386,f,21388
21386,c,21388
21386,d,21388
21385,c,21388
21389,b,21389
21385,b,21389
21388,b,21389
21388,d,21389
21390,d,21389
21388,f,21389
21388,e,21389
21390,c,21389
21385,d,21389
21390,b,21389
21389,e,21389
21389,f,21389
21388,c,21389
21389,c,21389
21385,c,21389
21385,e,21389
21386,e,21389
21386,f,21389
21386,c,21389
21386,d,21389
21386,b,21389
21385,f,21389
21387,b,21389
21387,d,21389
21387,c,21389
21389,d,21389
21387,e,21389
21390,f,21389
21390,e,21389
21387,f,21389
21391,e,21390
21391,f,21390
21391,c,21390
21390,b,21390
21390,d,21390
21389,b,21390
21389,c,21390
21389,f,21390
21389,e,21390
21390,c,21390
21390,f,21390
21390,e,21390
21391,b,21390
21389,d,21390
21391,d,21390
21386,f,21390
21387,e,21390
21387,c,21390
21388,b,21390
21388,d,21390
21388,c,21390
21388,e,21390
21388,f,21390
21386,c,21390
21386,d,21390
21386,b,21390
21387,f,21390
21387,b,21390
21387,d,21390
21386,e,21390
21390,d,21391
21390,e,21391
21391,b,21391
21391,d,21391
21391,e,21391
21392,e,21391
21390,b,21391
21392,d,21391
21392,b,21391
21387,d,21391
21387,e,21391
21388,e,21391
21388,d,21391
21388,b,21391
21389,b,21391
21389,d,21391
21389,e,21391
21387,b,21391
21388,b,21392
21392,b,21392
21392,d,21392
21391,d,21392
21391,b,21392
21389,b,21392
21389,d,21392
21388,d,21392
21393,b,21392
21393,d,21392
21390,d,21392
21390,b,21392
21392,c,21393
21392,f,21393
21393,b,21393
21393,d,21393
21393,c,21393
21394,c,21393
21394,d,21393
21394,b,21393
21393,f,21393
21392,b,21393
21394,f,21393
21392,d,21393
21389,c,21393
21389,d,21393
21389,b,21393
21390,f,21393
21390,c,21393
21390,d,21393
21391,f,21393
21391,c,21393
21391,d,21393
21391,b,21393
21390,b,21393
21389,f,21393
21395,b,21394
21391,d,21394
21390,b,21394
21393,b,21394
21391,c,21394
21393,c,21394
21395,d,21394
21393,e,21394
21394,e,21394
21394,f,21394
21394,c,21394
21394,d,21394
21394,b,21394
21393,d,21394
21393,f,21394
21395,c,21394
21395,e,21394
21391,f,21394
21391,e,21394
21391,b,21394
21395,f,21394
21390,f,21394
21390,c,21394
21390,d,21394
21392,b,21394
21390,e,21394
21392,c,21394
21392,f,21394
21392,e,21394
21392,d,21394
21395,b,21395
21395,d,21395
21396,c,21395
21396,f,21395
21396,e,21395
21395,e,21395
21394,b,21395
21394,d,21395
21394,c,21395
21394,f,21395
21394,e,21395
21395,c,21395
21395,f,21395
21396,d,21395
21396,b,21395
21393,d,21395
21392,c,21395
21392,d,21395
21392,b,21395
21393,b,21395
21393,c,21395
21393,f,21395
21392,f,21395
21393,e,21395
21391,f,21395
21391,c,21395
21391,d,21395
21391,b,21395
21391,e,21395
21392,e,21395
21392,c,21396
21396,f,21396
21392,d,21396
21397,b,21396
21392,f,21396
21397,d,21396
21395,b,21396
21395,d,21396
21395,c,21396
21392,b,21396
21397,c,21396
21396,c,21396
21397,e,21396
21393,e,21396
21393,f,21396
21393,c,21396
21393,d,21396
21393,b,21396
21392,e,21396
21394,b,21396
21394,d,21396
21394,c,21396
21394,f,21396
21394,e,21396
21396,b,21396
21396,d,21396
21395,f,21396
21396,e,21396
21397,f,21396
21395,e,21396
21398,c,21397
21396,b,21397
21396,e,21397
21396,c,21397
21396,f,21397
21398,d,21397
21397,d,21397
21397,c,21397
21397,f,21397
21397,e,21397
21398,e,21397
21398,f,21397
21396,d,21397
21398,b,21397
21397,b,21397
21394,e,21397
21394,d,21397
21394,b,21397
21394,c,21397
21395,b,21397
21395,d,21397
21395,c,21397
21395,f,21397
21394,f,21397
21393,e,21397
21393,f,21397
21393,c,21397
21393,d,21397
21393,b,21397
21395,e,21397
21398,b,21398
21397,b,21398
21397,d,21398
21397,c,21398
21399,e,21398
21397,e,21398
21399,f,21398
21399,c,21398
21399,d,21398
21398,e,21398
21397,f,21398
21399,b,21398
21398,f,21398
21394,b,21398
21395,e,21398
21395,f,21398
21395,c,21398
21395,d,21398
21395,b,21398
21394,e,21398
21396,b,21398
21398,d,21398
21396,c,21398
21396,f,21398
21396,d,21398
21394,f,21398
21394,c,21398
21394,d,21398
21396,e,21398
21398,c,21398
21400,d,21399
21400,b,21399
21395,e,21399
21398,e,21399
21398,d,21399
21398,b,21399
21399,e,21399
21399,d,21399
21399,b,21399
21400,e,21399
21395,d,21399
21396,e,21399
21396,d,21399
21397,b,21399
21397,d,21399
21397,e,21399
21396,b,21399
21395,b,21399
21401,d,21400
21399,d,21400
21399,b,21400
21396,b,21400
21396,d,21400
21397,b,21400
21401,b,21400
21400,d,21400
21400,b,21400
21398,d,21400
21398,b,21400
21397,d,21400
21400,c,21401
21400,f,21401
21401,f,21401
21400,b,21401
21402,f,21401
21401,c,21401
21401,d,21401
21402,b,21401
21402,d,21401
21401,b,21401
21402,c,21401
21400,d,21401
21397,f,21401
21399,c,21401
21399,f,21401
21399,d,21401
21399,b,21401
21397,c,21401
21397,d,21401
21397,b,21401
21398,b,21401
21398,d,21401
21398,c,21401
21398,f,21401
21401,b,21402
21401,d,21402
21402,d,21402
21402,b,21402
21402,e,21402
21402,f,21402
21402,c,21402
21403,c,21402
21401,c,21402
21401,f,21402
21401,e,21402
21403,f,21402
21403,e,21402
21399,d,21402
21403,b,21402
21398,e,21402
21399,b,21402
21400,b,21402
21400,d,21402
21400,c,21402
21400,f,21402
21400,e,21402
21399,c,21402
21399,f,21402
21399,e,21402
21398,d,21402
21398,b,21402
21403,d,21402
21398,f,21402
21398,c,21402
21399,b,21403
21399,d,21403
21402,e,21403
21402,d,21403
21402,c,21403
21402,f,21403
21404,b,21403
21403,e,21403
21403,f,21403
21403,c,21403
21403,d,21403
21403,b,21403
21402,b,21403
21400,f,21403
21400,e,21403
21404,f,21403
21400,c,21403
21400,d,21403
21400,b,21403
21404,c,21403
21399,f,21403
21399,c,21403
21401,b,21403
21401,d,21403
21399,e,21403
21401,f,21403
21404,e,21403
21401,c,21403
21404,d,21403
21401,e,21403
21404,c,21404
21403,e,21404
21403,f,21404
21403,c,21404
21403,d,21404
21404,e,21404
21404,d,21404
21404,b,21404
21405,e,21404
21405,b,21404
21405,d,21404
21405,c,21404
21405,f,21404
21404,f,21404
21403,b,21404
21400,e,21404
21401,c,21404
21401,b,21404
21400,b,21404
21400,d,21404
21400,c,21404
21400,f,21404
21401,e,21404
21401,f,21404
21401,d,21404
21402,e,21404
21402,f,21404
21402,c,21404
21402,d,21404
21402,b,21404
21401,c,21405
21401,b,21405
21404,b,21405
21404,d,21405
21406,d,21405
21404,f,21405
21404,e,21405
21406,c,21405
21401,d,21405
21406,b,21405
21405,e,21405
21405,f,21405
21405,c,21405
21404,c,21405
21405,b,21405
21405,d,21405
21401,e,21405
21402,e,21405
21402,f,21405
21402,c,21405
21402,d,21405
21401,f,21405
21403,b,21405
21403,d,21405
21403,c,21405
21403,f,21405
21402,b,21405
21406,f,21405
21406,e,21405
21403,e,21405
21407,b,21406
21407,e,21406
21407,f,21406
21407,c,21406
21406,b,21406
21406,d,21406
21405,b,21406
21405,c,21406
21405,f,21406
21405,e,21406
21406,c,21406
21406,f,21406
21406,e,21406
21405,d,21406
21402,f,21406
21407,d,21406
21403,b,21406
21403,c,21406
21404,b,21406
21404,d,21406
21404,c,21406
21403,d,21406
21402,e,21406
21403,f,21406
21402,b,21406
21403,e,21406
21402,c,21406
21404,f,21406
21404,e,21406
21402,d,21406
21406,e,21407
21408,d,21407
21406,b,21407
21407,b,21407
21407,d,21407
21407,e,21407
21408,e,21407
21406,d,21407
21408,b,21407
21403,d,21407
21403,e,21407
21404,e,21407
21404,d,21407
21404,b,21407
21405,b,21407
21405,d,21407
21405,e,21407
21403,b,21407
21404,b,21408
21408,b,21408
21408,d,21408
21407,d,21408
21407,b,21408
21405,b,21408
21405,d,21408
21409,b,21408
21409,d,21408
21406,d,21408
21406,b,21408
21404,d,21408
21408,d,21409
21408,b,21409
21409,b,21409
21409,d,21409
21409,c,21409
21409,f,21409
21410,f,21409
21410,c,21409
21410,d,21409
21410,b,21409
21408,f,21409
21408,c,21409
21405,d,21409
21405,b,21409
21407,b,21409
21407,d,21409
21407,c,21409
21407,f,21409
21405,c,21409
21405,f,21409
21406,b,21409
21406,d,21409
21406,c,21409
21406,f,21409
21409,d,21410
21409,b,21410
21409,e,21410
21409,c,21410
21409,f,21410
21407,c,21410
21406,b,21410
21410,b,21410
21410,d,21410
21410,c,21410
21410,f,21410
21410,e,21410
21411,e,21410
21411,f,21410
21411,c,21410
21407,d,21410
21406,d,21410
21411,b,21410
21406,c,21410
21411,d,21410
21407,b,21410
21406,e,21410
21408,d,21410
21408,c,21410
21408,f,21410
21408,e,21410
21408,b,21410
21406,f,21410
21407,f,21410
21407,e,21410
21407,e,21411
21407,f,21411
21407,c,21411
21407,d,21411
21410,b,21411
21411,f,21411
21410,c,21411
21410,f,21411
21410,e,21411
21407,b,21411
21411,b,21411
21411,d,21411
21411,c,21411
21411,e,21411
21410,d,21411
21409,b,21411
21408,e,21411
21408,c,21411
21412,b,21411
21409,d,21411
21409,c,21411
21409,f,21411
21409,e,21411
21408,f,21411
21408,b,21411
21412,e,21411
21412,f,21411
21412,c,21411
21412,d,21411
21408,d,21411
21413,e,21412
21413,f,21412
21413,b,21412
21413,c,21412
21411,e,21412
21411,d,21412
21411,c,21412
21411,f,21412
21412,e,21412
21412,f,21412
21412,c,21412
21412,d,21412
21412,b,21412
21411,b,21412
21413,d,21412
21408,b,21412
21408,d,21412
21409,e,21412
21409,f,21412
21409,c,21412
21409,d,21412
21409,b,21412
21410,d,21412
21410,c,21412
21410,f,21412
21410,b,21412
21408,c,21412
21408,f,21412
21408,e,21412
21410,e,21412
21409,c,21413
21409,d,21413
21409,b,21413
21413,b,21413
21412,f,21413
21412,b,21413
21412,d,21413
21412,c,21413
21409,f,21413
21413,f,21413
21413,e,21413
21413,c,21413
21413,d,21413
21412,e,21413
21409,e,21413
21410,f,21413
21410,e,21413
21410,b,21413
21411,b,21413
21411,d,21413
21411,c,21413
21410,c,21413
21411,f,21413
21414,d,21413
21414,b,21413
21414,c,21413
21414,f,21413
21414,e,21413
21411,e,21413
21410,d,21413
21414,b,21414
21415,d,21414
21413,d,21414
21413,c,21414
21413,f,21414
21415,c,21414
21414,c,21414
21414,f,21414
21414,e,21414
21415,b,21414
21413,b,21414
21413,e,21414
21410,f,21414
21415,e,21414
21410,c,21414
21410,d,21414
21410,b,21414
21411,b,21414
21411,d,21414
21411,c,21414
21411,f,21414
21411,e,21414
21415,f,21414
21414,d,21414
21410,e,21414
21412,b,21414
21412,d,21414
21412,c,21414
21412,f,21414
21412,e,21414
21416,d,21415
21414,e,21415
21414,d,21415
21414,b,21415
21415,e,21415
21415,d,21415
21415,b,21415
21416,b,21415
21416,e,21415
21412,d,21415
21413,e,21415
21413,b,21415
21413,d,21415
21411,b,21415
21412,b,21415
21411,e,21415
21411,d,21415
21412,e,21415
21417,b,21416
21414,b,21416
21412,b,21416
21415,d,21416
21415,b,21416
21413,b,21416
21416,d,21416
21416,b,21416
21413,d,21416
21417,d,21416
21412,d,21416
21414,d,21416
21418,b,21417
21418,d,21417
21413,c,21417
21416,b,21417
21416,d,21417
21416,c,21417
21416,f,21417
21417,f,21417
21417,c,21417
21417,d,21417
21417,b,21417
21418,c,21417
21418,f,21417
21415,c,21417
21413,d,21417
21415,f,21417
21413,b,21417
21414,b,21417
21414,d,21417
21415,d,21417
21415,b,21417
21414,c,21417
21413,f,21417
21414,f,21417
21418,d,21418
21417,b,21418
21417,d,21418
21419,e,21418
21419,f,21418
21418,b,21418
21418,e,21418
21418,f,21418
21417,c,21418
21417,f,21418
21417,e,21418
21418,c,21418
21419,c,21418
21419,d,21418
21419,b,21418
21414,f,21418
21414,e,21418
21415,b,21418
21415,d,21418
21416,b,21418
21416,d,21418
21416,c,21418
21416,f,21418
21416,e,21418
21415,c,21418
21415,f,21418
21415,e,21418
21414,c,21418
21414,d,21418
21414,b,21418
21415,b,21419
21418,b,21419
21418,d,21419
21416,f,21419
21418,f,21419
21418,e,21419
21415,d,21419
21419,e,21419
21419,f,21419
21419,c,21419
21419,d,21419
21419,b,21419
21418,c,21419
21416,e,21419
21420,b,21419
21415,c,21419
21416,b,21419
21416,d,21419
21420,d,21419
21417,b,21419
21417,d,21419
21417,c,21419
21417,f,21419
21415,e,21419
21417,e,21419
21420,e,21419
21420,f,21419
21420,c,21419
21416,c,21419
21415,f,21419
21420,e,21420
21421,b,21420
21421,d,21420
21421,c,21420
21419,e,21420
21419,d,21420
21419,c,21420
21419,f,21420
21421,e,21420
21420,f,21420
21420,c,21420
21420,d,21420
21420,b,21420
21419,b,21420
21421,f,21420
21418,e,21420
21417,c,21420
21416,b,21420
21416,d,21420
21416,c,21420
21416,f,21420
21417,b,21420
21417,e,21420
21417,f,21420
21416,e,21420
21418,f,21420
21418,c,21420
21418,d,21420
21418,b,21420
21417,d,21420
21417,c,21421
21417,b,21421
21420,b,21421
21422,d,21421
21420,c,21421
21420,f,21421
21420,e,21421
21417,d,21421
21422,b,21421
21421,e,21421
21421,f,21421
21421,c,21421
21420,d,21421
21421,d,21421
21421,b,21421
21422,c,21421
21418,e,21421
21418,f,21421
21418,c,21421
21418,d,21421
21417,f,21421
21417,e,21421
21419,b,21421
21419,d,21421
21419,c,21421
21418,b,21421
21419,e,21421
21422,f,21421
21422,e,21421
21419,f,21421
21423,c,21422
21423,f,21422
21423,e,21422
21422,b,21422
21422,d,21422
21421,b,21422
21421,c,21422
21421,f,21422
21421,e,21422
21422,c,21422
21422,f,21422
21422,e,21422
21421,d,21422
21418,f,21422
21423,b,21422
21419,e,21422
21418,c,21422
21418,d,21422
21418,e,21422
21418,b,21422
21420,e,21422
21420,f,21422
21420,c,21422
21423,d,21422
21420,b,21422
21419,f,21422
21420,d,21422
21419,c,21422
21419,d,21422
21419,b,21422
21419,e,21423
21422,d,21423
21422,e,21423
21423,d,21423
21423,b,21423
21422,b,21423
21423,e,21423
21420,d,21423
21419,d,21423
21424,b,21423
21424,d,21423
21424,e,21423
21421,e,21423
21421,d,21423
21421,b,21423
21420,b,21423
21420,e,21423
21419,b,21423
21423,d,21424
21424,b,21424
21424,d,21424
21423,b,21424
21425,d,21424
21425,b,21424
21421,d,21424
21420,d,21424
21421,b,21424
21422,b,21424
21420,b,21424
21422,d,21424
21424,c,21425
21424,d,21425
21424,b,21425
21425,f,21425
21425,c,21425
21425,d,21425
21421,b,21425
21421,d,21425
21421,c,21425
21426,b,21425
21426,d,21425
21424,f,21425
21426,f,21425
21425,b,21425
21422,b,21425
21422,f,21425
21422,c,21425
21422,d,21425
21421,f,21425
21423,b,21425
21423,d,21425
21426,c,21425
21423,f,21425
21423,c,21425
21425,e,21426
21425,f,21426
21426,d,21426
21426,e,21426
21426,f,21426
21426,c,21426
21425,c,21426
21425,d,21426
21425,b,21426
21427,e,21426
21427,f,21426
21427,c,21426
21427,d,21426
21426,b,21426
21422,e,21426
21427,b,21426
21423,e,21426
21423,f,21426
21423,c,21426
21423,d,21426
21423,b,21426
21424,b,21426
21424,d,21426
21424,c,21426
21424,f,21426
21422,f,21426
21422,c,21426
21422,d,21426
21422,b,21426
21424,e,21426
21427,e,21427
21423,d,21427
21423,b,21427
21427,b,21427
21427,d,21427
21426,b,21427
21426,c,21427
21426,f,21427
21426,e,21427
21423,c,21427
21427,c,21427
21427,f,21427
21426,d,21427
21423,f,21427
21428,b,21427
21423,e,21427
21424,c,21427
21424,f,21427
21424,e,21427
21425,b,21427
21425,d,21427
21425,c,21427
21425,f,21427
21424,d,21427
21425,e,21427
21428,e,21427
21428,f,21427
21428,c,21427
21428,d,21427
21424,b,21427
21429,d,21428
21429,c,21428
21429,f,21428
21429,b,21428
21427,e,21428
21427,d,21428
21427,c,21428
21427,f,21428
21428,e,21428
21428,f,21428
21428,c,21428
21428,b,21428
21427,b,21428
21429,e,21428
21428,d,21428
21426,e,21428
21425,e,21428
21424,b,21428
21424,d,21428
21424,c,21428
21424,f,21428
21424,e,21428
21425,f,21428
21425,b,21428
21425,d,21428
21426,f,21428
21426,c,21428
21426,d,21428
21426,b,21428
21425,c,21428
21425,d,21429
21430,f,21429
21428,b,21429
21428,d,21429
21430,b,21429
21428,f,21429
21428,e,21429
21430,c,21429
21430,d,21429
21425,b,21429
21429,e,21429
21429,f,21429
21429,b,21429
21428,c,21429
21429,d,21429
21429,c,21429
21425,f,21429
21426,e,21429
21426,f,21429
21426,c,21429
21426,d,21429
21426,b,21429
21425,c,21429
21427,b,21429
21427,d,21429
21427,c,21429
21425,e,21429
21427,e,21429
21430,e,21429
21427,f,21429
21431,e,21430
21431,f,21430
21431,c,21430
21430,b,21430
21430,d,21430
21430,c,21430
21430,f,21430
21429,d,21430
21429,c,21430
21429,f,21430
21429,e,21430
21426,e,21430
21431,b,21430
21431,d,21430
21429,b,21430
21426,f,21430
21430,e,21430
21428,b,21430
21427,d,21430
21427,b,21430
21426,b,21430
21428,e,21430
21428,f,21430
21426,d,21430
21426,c,21430
21428,d,21430
21428,c,21430
21427,c,21430
21427,f,21430
21427,e,21430
21427,b,21431
21432,b,21431
21427,d,21431
21430,e,21431
21430,b,21431
21427,e,21431
21430,d,21431
21431,d,21431
21431,e,21431
21432,e,21431
21432,d,21431
21429,e,21431
21429,d,21431
21429,b,21431
21428,b,21431
21428,d,21431
21428,e,21431
21431,b,21431
21432,b,21432
21431,b,21432
21431,d,21432
21432,d,21432
21428,b,21432
21428,d,21432
21429,b,21432
21429,d,21432
21433,b,21432
21433,d,21432
21430,d,21432
21430,b,21432
21434,c,21433
21434,f,21433
21433,f,21433
21432,b,21433
21432,d,21433
21433,b,21433
21432,f,21433
21432,c,21433
21433,c,21433
21433,d,21433
21434,b,21433
21431,f,21433
21429,b,21433
21429,d,21433
21430,c,21433
21430,d,21433
21430,b,21433
21431,c,21433
21431,d,21433
21431,b,21433
21434,d,21433
21429,f,21433
21429,c,21433
21430,f,21433
21431,d,21434
21435,d,21434
21435,b,21434
21433,f,21434
21433,d,21434
21433,c,21434
21435,c,21434
21433,e,21434
21434,e,21434
21434,f,21434
21434,c,21434
21434,d,21434
21434,b,21434
21433,b,21434
21435,f,21434
21435,e,21434
21430,e,21434
21431,f,21434
21431,e,21434
21431,b,21434
21430,f,21434
21430,c,21434
21430,d,21434
21430,b,21434
21432,b,21434
21431,c,21434
21432,c,21434
21432,f,21434
21432,e,21434
21432,d,21434
21435,d,21435
21435,c,21435
21436,f,21435
21436,e,21435
21436,c,21435
21436,d,21435
21434,b,21435
21434,d,21435
21434,c,21435
21434,f,21435
21434,e,21435
21435,f,21435
21435,e,21435
21436,b,21435
21435,b,21435
21431,d,21435
21431,c,21435
21432,e,21435
21432,f,21435
21432,c,21435
21432,d,21435
21432,b,21435
21433,b,21435
21433,d,21435
21433,c,21435
21433,f,21435
21431,f,21435
21431,e,21435
21431,b,21435
21433,e,21435
21437,b,21436
21432,c,21436
21432,d,21436
21432,b,21436
21436,b,21436
21436,d,21436
21436,c,21436
21435,d,21436
21435,c,21436
21435,f,21436
21435,e,21436
21432,f,21436
21436,f,21436
21436,e,21436
21435,b,21436
21437,d,21436
21437,e,21436
21437,f,21436
21433,e,21436
21433,f,21436
21433,c,21436
21433,d,21436
21437,c,21436
21434,b,21436
21434,d,21436
21434,c,21436
21434,f,21436
21433,b,21436
21432,e,21436
21434,e,21436
21438,e,21437
21438,f,21437
21438,c,21437
21433,e,21437
21437,b,21437
21437,d,21437
21437,c,21437
21438,d,21437
21436,c,21437
21436,f,21437
21436,e,21437
21437,f,21437
21437,e,21437
21438,b,21437
21436,d,21437
21436,b,21437
21433,f,21437
21433,d,21437
21434,c,21437
21435,b,21437
21435,d,21437
21434,d,21437
21434,b,21437
21433,b,21437
21434,f,21437
21433,c,21437
21435,c,21437
21434,e,21437
21435,e,21437
21435,f,21437
21438,b,21438
21438,d,21438
21438,c,21438
21438,f,21438
21438,e,21438
21437,e,21438
21437,f,21438
21437,c,21438
21439,d,21438
21439,e,21438
21439,f,21438
21437,b,21438
21439,c,21438
21437,d,21438
21439,b,21438
21434,d,21438
21435,e,21438
21435,f,21438
21435,c,21438
21435,d,21438
21435,b,21438
21436,b,21438
21436,d,21438
21436,c,21438
21436,f,21438
21434,b,21438
21436,e,21438
21434,c,21438
21434,f,21438
21434,e,21438
21440,d,21439
21435,d,21439
21435,b,21439
21439,b,21439
21439,d,21439
21438,e,21439
21438,d,21439
21435,e,21439
21440,e,21439
21438,b,21439
21436,e,21439
21436,d,21439
21437,b,21439
21437,d,21439
21437,e,21439
21436,b,21439
21439,e,21439
21440,b,21439
21439,b,21440
21439,d,21440
21440,d,21440
21440,b,21440
21441,d,21440
21441,b,21440
21437,d,21440
21437,b,21440
21436,d,21440
21436,b,21440
21438,d,21440
21438,b,21440
21440,d,21441
21440,f,21441
21442,d,21441
21440,b,21441
21441,f,21441
21441,c,21441
21441,d,21441
21441,b,21441
21437,b,21441
21442,b,21441
21440,c,21441
21442,c,21441
21442,f,21441
21437,f,21441
21438,d,21441
21438,b,21441
21437,c,21441
21437,d,21441
21439,b,21441
21438,c,21441
21439,d,21441
21439,f,21441
21438,f,21441
21439,c,21441
21441,b,21442
21443,e,21442
21441,d,21442
21443,b,21442
21443,d,21442
21441,c,21442
21442,d,21442
21442,c,21442
21441,e,21442
21442,e,21442
21442,f,21442
21443,f,21442
21442,b,21442
21441,f,21442
21443,c,21442
21439,d,21442
21438,d,21442
21438,c,21442
21438,b,21442
21440,b,21442
21440,d,21442
21440,c,21442
21440,f,21442
21438,f,21442
21440,e,21442
21439,b,21442
21439,c,21442
21439,f,21442
21439,e,21442
21438,e,21442
21442,d,21443
21442,b,21443
21442,f,21443
21439,b,21443
21442,c,21443
21442,e,21443
21439,d,21443
21443,b,21443
21443,d,21443
21443,c,21443
21443,f,21443
21443,e,21443
21444,e,21443
21444,f,21443
21444,c,21443
21444,d,21443
21439,c,21443
21444,b,21443
21441,f,21443
21441,c,21443
21441,d,21443
21441,b,21443
21439,e,21443
21440,b,21443
21440,d,21443
21440,c,21443
21440,f,21443
21440,e,21443
21441,e,21443
21439,f,21443
21443,b,21444
21443,c,21444
21443,f,21444
21443,e,21444
21444,e,21444
21444,f,21444
21444,c,21444
21444,d,21444
21444,b,21444
21440,e,21444
21440,f,21444
21440,c,21444
21443,d,21444
21445,b,21444
21440,d,21444
21445,c,21444
21440,b,21444
21441,e,21444
21441,f,21444
21441,c,21444
21445,d,21444
21441,b,21444
21442,b,21444
21442,d,21444
21442,c,21444
21441,d,21444
21442,e,21444
21445,f,21444
21445,e,21444
21442,f,21444
21446,d,21445
21446,c,21445
21446,f,21445
21446,e,21445
21445,b,21445
21445,d,21445
21444,d,21445
21444,c,21445
21444,e,21445
21445,c,21445
21445,f,21445
21445,e,21445
21444,b,21445
21446,b,21445
21444,f,21445
21442,e,21445
21442,b,21445
21442,f,21445
21443,b,21445
21442,d,21445
21443,d,21445
21443,c,21445
21443,f,21445
21441,e,21445
21441,f,21445
21441,c,21445
21441,d,21445
21441,b,21445
21442,c,21445
21443,e,21445
21445,d,21446
21445,b,21446
21445,c,21446
21446,e,21446
21445,e,21446
21447,f,21446
21447,c,21446
21447,d,21446
21446,f,21446
21446,b,21446
21445,f,21446
21447,b,21446
21442,b,21446
21442,d,21446
21443,e,21446
21443,f,21446
21443,c,21446
21443,d,21446
21443,b,21446
21446,d,21446
21444,d,21446
21444,c,21446
21444,f,21446
21444,b,21446
21447,e,21446
21442,e,21446
21442,f,21446
21442,c,21446
21444,e,21446
21446,c,21446
21448,b,21447
21447,e,21447
21447,d,21447
21446,e,21447
21446,d,21447
21446,b,21447
21443,e,21447
21448,d,21447
21447,b,21447
21448,e,21447
21443,d,21447
21444,b,21447
21444,d,21447
21444,e,21447
21445,b,21447
21445,d,21447
21445,e,21447
21443,b,21447
21449,b,21448
21449,d,21448
21447,d,21448
21447,b,21448
21444,b,21448
21444,d,21448
21445,b,21448
21448,d,21448
21445,d,21448
21446,b,21448
21448,b,21448
21446,d,21448
21448,f,21449
21449,f,21449
21449,c,21449
21448,d,21449
21448,b,21449
21450,c,21449
21449,d,21449
21449,b,21449
21450,b,21449
21450,d,21449
21448,c,21449
21450,f,21449
21445,c,21449
21447,f,21449
21445,d,21449
21445,b,21449
21446,b,21449
21445,f,21449
21447,c,21449
21446,d,21449
21447,d,21449
21447,b,21449
21446,c,21449
21446,f,21449
21449,b,21450
21449,d,21450
21449,c,21450
21450,d,21450
21450,c,21450
21451,c,21450
21451,d,21450
21451,b,21450
21449,e,21450
21450,e,21450
21450,f,21450
21450,b,21450
21451,e,21450
21451,f,21450
21449,f,21450
21446,e,21450
21447,e,21450
21447,f,21450
21447,c,21450
21447,d,21450
21447,b,21450
21448,b,21450
21448,d,21450
21448,c,21450
21448,f,21450
21446,f,21450
21446,c,21450
21446,d,21450
21446,b,21450
21448,e,21450
21451,e,21451
21447,f,21451
21447,c,21451
21447,d,21451
21447,b,21451
21451,b,21451
21450,b,21451
21450,d,21451
21450,c,21451
21450,f,21451
21452,b,21451
21451,c,21451
21451,f,21451
21451,d,21451
21450,e,21451
21452,d,21451
21452,f,21451
21448,d,21451
21452,c,21451
21448,c,21451
21447,e,21451
21449,b,21451
21449,d,21451
21449,c,21451
21449,f,21451
21449,e,21451
21448,f,21451
21448,e,21451
21452,e,21451
21448,b,21451
21453,d,21452
21453,c,21452
21453,e,21452
21451,b,21452
21451,e,21452
21451,c,21452
21451,f,21452
21453,b,21452
21452,e,21452
21452,f,21452
21452,c,21452
21452,d,21452
21452,b,21452
21451,d,21452
21448,b,21452
21453,f,21452
21449,d,21452
21449,e,21452
21448,d,21452
21448,c,21452
21448,f,21452
21448,e,21452
21449,f,21452
21449,c,21452
21450,e,21452
21450,f,21452
21450,c,21452
21450,d,21452
21450,b,21452
21449,b,21452
21452,b,21453
21449,c,21453
21452,d,21453
21452,c,21453
21454,d,21453
21452,e,21453
21454,f,21453
21454,c,21453
21449,b,21453
21454,b,21453
21453,e,21453
21453,f,21453
21453,b,21453
21452,f,21453
21449,d,21453
21453,c,21453
21449,f,21453
21450,e,21453
21450,f,21453
21450,c,21453
21450,d,21453
21450,b,21453
21453,d,21453
21451,d,21453
21451,c,21453
21451,f,21453
21451,b,21453
21449,e,21453
21454,e,21453
21451,e,21453
21455,d,21454
21455,e,21454
21455,f,21454
21455,c,21454
21454,b,21454
21454,d,21454
21453,b,21454
21453,c,21454
21453,f,21454
21453,e,21454
21454,c,21454
21454,f,21454
21450,e,21454
21455,b,21454
21453,d,21454
21450,f,21454
21454,e,21454
21452,d,21454
21452,c,21454
21452,f,21454
21451,e,21454
21451,f,21454
21451,c,21454
21451,d,21454
21452,b,21454
21452,e,21454
21450,c,21454
21450,d,21454
21450,b,21454
21451,b,21454
21456,b,21455
21455,b,21455
21451,b,21455
21451,d,21455
21454,e,21455
21454,b,21455
21454,d,21455
21455,d,21455
21455,e,21455
21456,e,21455
21453,e,21455
21453,d,21455
21453,b,21455
21452,b,21455
21452,d,21455
21452,e,21455
21456,d,21455
21451,e,21455
21455,b,21456
21455,d,21456
21456,b,21456
21456,d,21456
21452,d,21456
21454,b,21456
21452,b,21456
21453,b,21456
21457,b,21456
21457,d,21456
21453,d,21456
21454,d,21456
21458,c,21457
21458,f,21457
21457,f,21457
21456,d,21457
21456,c,21457
21457,d,21457
21457,b,21457
21456,f,21457
21456,b,21457
21457,c,21457
21458,d,21457
21458,b,21457
21453,b,21457
21453,d,21457
21454,f,21457
21454,c,21457
21454,d,21457
21455,f,21457
21455,c,21457
21455,d,21457
21455,b,21457
21454,b,21457
21453,f,21457
21453,c,21457
21455,b,21458
21459,d,21458
21459,b,21458
21457,b,21458
21457,f,21458
21457,c,21458
21459,c,21458
21457,e,21458
21458,e,21458
21458,f,21458
21458,c,21458
21458,d,21458
21458,b,21458
21457,d,21458
21455,d,21458
21459,f,21458
21454,f,21458
21455,f,21458
21455,e,21458
21454,e,21458
21459,e,21458
21454,c,21458
21454,d,21458
21454,b,21458
21456,b,21458
21455,c,21458
21456,c,21458
21456,f,21458
21456,e,21458
21456,d,21458
21459,d,21459
21459,c,21459
21460,f,21459
21460,c,21459
21460,d,21459
21460,b,21459
21458,b,21459
21458,d,21459
21458,c,21459
21458,f,21459
21460,e,21459
21459,f,21459
21459,e,21459
21459,b,21459
21458,e,21459
21455,d,21459
21456,e,21459
21456,f,21459
21456,c,21459
21456,d,21459
21456,b,21459
21455,e,21459
21457,b,21459
21457,d,21459
21457,c,21459
21455,c,21459
21457,e,21459
21455,f,21459
21455,b,21459
21457,f,21459
21456,d,21460
21456,b,21460
21460,b,21460
21460,d,21460
21460,c,21460
21460,f,21460
21459,d,21460
21459,c,21460
21459,f,21460
21459,e,21460
21456,c,21460
21460,e,21460
21461,b,21460
21459,b,21460
21461,d,21460
21461,f,21460
21461,e,21460
21457,e,21460
21457,f,21460
21457,c,21460
21457,d,21460
21457,b,21460
21461,c,21460
21458,b,21460
21458,d,21460
21458,c,21460
21456,e,21460
21458,e,21460
21458,f,21460
21456,f,21460
21462,b,21461
21461,e,21461
21460,e,21461
21460,f,21461
21460,c,21461
21460,d,21461
21462,c,21461
21461,f,21461
21461,c,21461
21461,d,21461
21461,b,21461
21462,f,21461
21462,e,21461
21457,f,21461
21462,d,21461
21460,b,21461
21457,e,21461
21457,c,21461
21458,f,21461
21459,b,21461
21459,d,21461
21458,c,21461
21458,d,21461
21458,b,21461
21457,b,21461
21458,e,21461
21459,c,21461
21457,d,21461
21459,e,21461
21459,f,21461
21462,d,21462
21463,d,21462
21461,b,21462
21463,b,21462
21463,c,21462
21463,f,21462
21461,c,21462
21461,f,21462
21463,e,21462
21462,e,21462
21462,f,21462
21462,c,21462
21462,b,21462
21461,e,21462
21458,b,21462
21461,d,21462
21458,c,21462
21458,d,21462
21460,c,21462
21460,d,21462
21460,b,21462
21459,b,21462
21459,d,21462
21459,c,21462
21460,e,21462
21460,f,21462
21459,f,21462
21459,e,21462
21458,e,21462
21458,f,21462
21459,e,21463
21463,b,21463
21459,b,21463
21459,d,21463
21462,e,21463
21462,d,21463
21460,b,21463
21463,d,21463
21463,e,21463
21464,b,21463
21464,d,21463
21461,e,21463
21461,d,21463
21461,b,21463
21460,e,21463
21464,e,21463
21460,d,21463
21462,b,21463
21463,b,21464
21463,d,21464
21464,d,21464
21464,b,21464
21465,b,21464
21460,b,21464
21460,d,21464
21465,d,21464
21461,b,21464
21461,d,21464
21462,d,21464
21462,b,21464
21466,f,21465
21464,b,21465
21464,f,21465
21466,b,21465
21466,d,21465
21466,c,21465
21465,f,21465
21464,d,21465
21463,f,21465
21465,c,21465
21463,d,21465
21465,b,21465
21465,d,21465
21462,f,21465
21462,c,21465
21462,d,21465
21462,b,21465
21461,f,21465
21461,c,21465
21461,d,21465
21461,b,21465
21463,b,21465
21463,c,21465
21464,c,21465
21465,f,21466
21465,c,21466
21465,d,21466
21465,b,21466
21467,d,21466
21467,c,21466
21466,b,21466
21466,d,21466
21466,c,21466
21466,f,21466
21466,e,21466
21467,f,21466
21467,b,21466
21465,e,21466
21467,e,21466
21463,d,21466
21462,f,21466
21462,d,21466
21462,b,21466
21463,b,21466
21463,c,21466
21463,f,21466
21463,e,21466
21462,c,21466
21464,b,21466
21464,d,21466
21464,c,21466
21462,e,21466
21464,e,21466
21464,f,21466
21463,b,21467
21464,c,21467
21464,e,21467
21468,d,21467
21466,b,21467
21466,d,21467
21463,d,21467
21466,c,21467
21466,e,21467
21468,b,21467
21467,e,21467
21467,f,21467
21467,c,21467
21467,d,21467
21467,b,21467
21466,f,21467
21463,c,21467
21464,f,21467
21464,d,21467
21464,b,21467
21463,e,21467
21465,b,21467
21465,d,21467
21465,c,21467
21463,f,21467
21465,f,21467
21465,e,21467
21468,c,21467
21468,f,21467
21468,e,21467
21469,d,21468
21469,e,21468
21469,f,21468
21468,b,21468
21468,d,21468
21469,b,21468
21468,c,21468
21467,d,21468
21467,c,21468
21467,f,21468
21469,c,21468
21468,f,21468
21468,e,21468
21467,b,21468
21467,e,21468
21464,d,21468
21464,b,21468
21464,c,21468
21464,f,21468
21464,e,21468
21465,b,21468
21465,d,21468
21465,f,21468
21465,e,21468
21466,b,21468
21465,c,21468
21466,e,21468
21466,f,21468
21466,c,21468
21466,d,21468
21465,b,21469
21465,c,21469
21465,f,21469
21465,d,21469
21468,b,21469
21465,e,21469
21468,c,21469
21468,f,21469
21468,e,21469
21470,b,21469
21469,e,21469
21469,f,21469
21469,c,21469
21468,d,21469
21470,d,21469
21469,d,21469
21470,c,21469
21466,f,21469
21469,b,21469
21466,b,21469
21467,b,21469
21467,d,21469
21467,c,21469
21467,f,21469
21467,e,21469
21466,e,21469
21470,e,21469
21470,f,21469
21466,c,21469
21466,d,21469
21471,f,21470
21471,e,21470
21471,c,21470
21471,d,21470
21469,e,21470
21469,d,21470
21469,c,21470
21469,f,21470
21470,e,21470
21470,f,21470
21470,c,21470
21470,d,21470
21470,b,21470
21469,b,21470
21471,b,21470
21466,e,21470
21468,b,21470
21466,d,21470
21466,b,21470
21467,b,21470
21467,d,21470
21467,c,21470
21467,f,21470
21467,e,21470
21466,c,21470
21468,d,21470
21466,f,21470
21468,f,21470
21468,e,21470
21468,c,21470
21468,e,21471
21468,d,21471
21471,b,21471
21471,d,21471
21470,e,21471
21472,b,21471
21470,b,21471
21468,b,21471
21472,d,21471
21472,e,21471
21467,b,21471
21467,d,21471
21467,e,21471
21469,d,21471
21469,e,21471
21471,e,21471
21469,b,21471
21470,d,21471
21471,b,21472
21472,d,21472
21471,d,21472
21472,b,21472
21468,b,21472
21470,d,21472
21469,b,21472
21469,d,21472
21468,d,21472
21473,b,21472
21473,d,21472
21470,b,21472
21474,c,21473
21474,f,21473
21473,f,21473
21472,c,21473
21472,f,21473
21473,d,21473
21473,b,21473
21472,b,21473
21472,d,21473
21473,c,21473
21474,d,21473
21474,b,21473
21469,b,21473
21469,d,21473
21470,f,21473
21470,c,21473
21470,d,21473
21470,b,21473
21471,f,21473
21471,c,21473
21471,d,21473
21471,b,21473
21469,f,21473
21469,c,21473
21471,c,21474
21470,b,21474
21473,b,21474
21473,e,21474
21473,c,21474
21473,f,21474
21475,b,21474
21474,e,21474
21474,f,21474
21474,c,21474
21474,d,21474
21474,b,21474
21473,d,21474
21471,b,21474
21475,d,21474
21475,f,21474
21471,f,21474
21471,e,21474
21470,e,21474
21475,c,21474
21470,c,21474
21470,d,21474
21472,b,21474
21472,d,21474
21470,f,21474
21472,f,21474
21475,e,21474
21472,c,21474
21471,d,21474
21472,e,21474
21474,e,21475
21476,c,21475
21474,c,21475
21474,d,21475
21475,d,21475
21475,c,21475
21475,f,21475
21475,e,21475
21476,e,21475
21476,f,21475
21475,b,21475
21474,f,21475
21474,b,21475
21476,b,21475
21472,b,21475
21476,d,21475
21471,b,21475
21471,d,21475
21472,e,21475
21472,f,21475
21472,c,21475
21472,d,21475
21471,c,21475
21473,e,21475
21473,f,21475
21473,c,21475
21473,d,21475
21473,b,21475
21471,e,21475
21471,f,21475
21477,b,21476
21475,b,21476
21475,e,21476
21475,c,21476
21475,f,21476
21472,b,21476
21476,e,21476
21476,f,21476
21476,c,21476
21476,d,21476
21476,b,21476
21475,d,21476
21472,d,21476
21472,c,21476
21472,f,21476
21473,c,21476
21472,e,21476
21473,f,21476
21474,b,21476
21474,d,21476
21474,c,21476
21474,f,21476
21473,d,21476
21474,e,21476
21477,e,21476
21477,f,21476
21477,c,21476
21477,d,21476
21473,e,21476
21473,b,21476
21478,e,21477
21478,f,21477
21478,b,21477
21476,e,21477
21476,d,21477
21476,c,21477
21476,f,21477
21478,c,21477
21477,e,21477
21477,f,21477
21477,c,21477
21477,d,21477
21476,b,21477
21478,d,21477
21477,b,21477
21474,e,21477
21474,b,21477
21474,d,21477
21474,c,21477
21475,b,21477
21475,d,21477
21475,c,21477
21475,f,21477
21474,f,21477
21473,e,21477
21473,f,21477
21473,c,21477
21473,d,21477
21473,b,21477
21475,e,21477
21477,d,21478
21477,b,21478
21477,c,21478
21478,f,21478
21477,e,21478
21479,f,21478
21479,c,21478
21479,d,21478
21479,e,21478
21478,e,21478
21478,c,21478
21477,f,21478
21479,b,21478
21474,b,21478
21474,d,21478
21475,e,21478
21475,f,21478
21475,c,21478
21475,d,21478
21475,b,21478
21474,e,21478
21478,b,21478
21476,d,21478
21476,c,21478
21476,b,21478
21476,e,21478
21474,f,21478
21474,c,21478
21476,f,21478
21478,d,21478
21480,d,21479
21478,e,21479
21478,d,21479
21478,b,21479
21480,b,21479
21479,e,21479
21479,d,21479
21479,b,21479
21480,e,21479
21475,d,21479
21475,b,21479
21476,b,21479
21476,d,21479
21476,e,21479
21475,e,21479
21477,b,21479
21477,d,21479
21477,e,21479
21481,d,21480
21480,d,21480
21480,b,21480
21479,d,21480
21479,b,21480
21476,b,21480
21476,d,21480
21477,b,21480
21481,b,21480
21478,d,21480
21478,b,21480
21477,d,21480
21477,b,21481
21477,d,21481
21477,c,21481
21480,b,21481
21482,d,21481
21482,b,21481
21480,c,21481
21480,f,21481
21481,f,21481
21481,c,21481
21481,d,21481
21481,b,21481
21480,d,21481
21482,c,21481
21479,c,21481
21479,b,21481
21478,f,21481
21479,f,21481
21477,f,21481
21479,d,21481
21482,f,21481
21478,b,21481
21478,d,21481
21478,c,21481
21483,e,21482
21483,f,21482
21483,c,21482
21481,b,21482
21481,d,21482
21482,b,21482
21482,d,21482
21481,c,21482
21481,f,21482
21481,e,21482
21482,f,21482
21482,c,21482
21482,e,21482
21479,d,21482
21483,b,21482
21479,b,21482
21483,d,21482
21480,b,21482
21480,d,21482
21480,c,21482
21480,f,21482
21480,e,21482
21479,c,21482
21479,f,21482
21479,e,21482
21478,c,21482
21478,d,21482
21478,b,21482
21478,e,21482
21478,f,21482
21479,b,21483
21479,d,21483
21482,e,21483
21482,d,21483
21482,c,21483
21482,f,21483
21484,b,21483
21483,e,21483
21483,f,21483
21483,c,21483
21483,d,21483
21483,b,21483
21482,b,21483
21480,f,21483
21480,e,21483
21484,f,21483
21480,c,21483
21480,d,21483
21480,b,21483
21484,c,21483
21479,f,21483
21479,c,21483
21481,b,21483
21481,d,21483
21479,e,21483
21481,f,21483
21484,e,21483
21481,c,21483
21484,d,21483
21481,e,21483
21484,c,21484
21483,e,21484
21483,f,21484
21483,c,21484
21483,d,21484
21484,e,21484
21484,d,21484
21484,b,21484
21485,b,21484
21485,d,21484
21485,c,21484
21485,f,21484
21485,e,21484
21484,f,21484
21483,b,21484
21481,d,21484
21480,b,21484
21481,c,21484
21482,b,21484
21482,d,21484
21482,c,21484
21482,f,21484
21482,e,21484
21481,b,21484
21481,f,21484
21480,e,21484
21480,f,21484
21480,c,21484
21480,d,21484
21481,e,21484
21481,b,21485
21481,d,21485
21486,d,21485
21484,b,21485
21481,f,21485
21484,c,21485
21484,f,21485
21484,e,21485
21481,c,21485
21485,e,21485
21485,f,21485
21485,c,21485
21485,d,21485
21484,d,21485
21486,b,21485
21485,b,21485
21486,c,21485
21482,c,21485
21481,e,21485
21483,b,21485
21483,d,21485
21483,c,21485
21483,f,21485
21482,d,21485
21483,e,21485
21482,e,21485
21486,e,21485
21486,f,21485
21482,f,21485
21482,b,21485
21487,e,21486
21487,f,21486
21487,c,21486
21485,e,21486
21485,d,21486
21485,c,21486
21485,f,21486
21486,e,21486
21486,f,21486
21486,c,21486
21486,d,21486
21486,b,21486
21485,b,21486
21482,f,21486
21487,b,21486
21483,e,21486
21482,c,21486
21482,e,21486
21482,d,21486
21484,e,21486
21484,f,21486
21484,c,21486
21484,d,21486
21482,b,21486
21483,c,21486
21483,f,21486
21487,d,21486
21484,b,21486
21483,d,21486
21483,b,21486
21483,e,21487
21486,d,21487
21486,e,21487
21487,e,21487
21487,b,21487
21486,b,21487
21487,d,21487
21484,d,21487
21483,d,21487
21488,b,21487
21488,d,21487
21488,e,21487
21485,e,21487
21485,d,21487
21485,b,21487
21484,b,21487
21484,e,21487
21483,b,21487
21489,b,21488
21487,d,21488
21488,b,21488
21487,b,21488
21488,d,21488
21489,d,21488
21485,d,21488
21486,d,21488
21484,b,21488
21486,b,21488
21485,b,21488
21484,d,21488
21489,f,21489
21488,d,21489
21488,c,21489
21485,d,21489
21485,b,21489
21488,f,21489
21489,d,21489
21489,b,21489
21490,d,21489
21489,c,21489
21485,c,21489
21490,b,21489
21488,b,21489
21487,c,21489
21487,d,21489
21487,b,21489
21485,f,21489
21486,b,21489
21486,d,21489
21486,c,21489
21486,f,21489
21490,f,21489
21490,c,21489
21487,f,21489
21491,d,21490
21491,b,21490
21489,c,21490
21489,d,21490
21491,c,21490
21489,f,21490
21489,e,21490
21490,e,21490
21490,f,21490
21490,c,21490
21490,d,21490
21490,b,21490
21489,b,21490
21491,f,21490
21486,e,21490
21486,f,21490
21486,c,21490
21486,d,21490
21486,b,21490
21487,b,21490
21487,d,21490
21487,c,21490
21487,f,21490
21487,e,21490
21491,e,21490
21488,c,21490
21488,b,21490
21488,e,21490
21488,f,21490
21488,d,21490
21492,d,21491
21491,d,21491
21491,c,21491
21491,f,21491
21490,e,21491
21490,b,21491
21490,d,21491
21490,c,21491
21490,f,21491
21491,e,21491
21492,f,21491
21492,c,21491
21492,b,21491
21492,e,21491
21491,b,21491
21487,c,21491
21488,e,21491
21488,f,21491
21488,c,21491
21488,d,21491
21488,b,21491
21489,b,21491
21489,d,21491
21489,c,21491
21489,f,21491
21487,f,21491
21487,e,21491
21487,d,21491
21487,b,21491
21489,e,21491
21492,e,21492
21488,d,21492
21488,b,21492
21492,b,21492
21492,d,21492
21493,d,21492
21491,d,21492
21491,c,21492
21491,f,21492
21491,e,21492
21488,c,21492
21492,c,21492
21492,f,21492
21491,b,21492
21493,b,21492
21488,f,21492
21493,f,21492
21489,e,21492
21489,f,21492
21489,c,21492
21489,d,21492
21489,b,21492
21493,c,21492
21490,b,21492
21490,d,21492
21490,c,21492
21488,e,21492
21490,e,21492
21493,e,21492
21490,f,21492
21494,e,21493
21494,f,21493
21494,c,21493
21493,b,21493
21493,d,21493
21493,c,21493
21493,f,21493
21492,d,21493
21492,c,21493
21492,f,21493
21489,f,21493
21493,e,21493
21494,b,21493
21494,d,21493
21492,b,21493
21489,e,21493
21492,e,21493
21489,c,21493
21489,d,21493
21489,b,21493
21490,b,21493
21490,d,21493
21490,e,21493
21490,f,21493
21491,e,21493
21491,f,21493
21491,c,21493
21491,d,21493
21491,b,21493
21490,c,21493
21493,b,21494
21493,d,21494
21493,c,21494
21490,c,21494
21493,e,21494
21495,d,21494
21495,b,21494
21490,b,21494
21494,f,21494
21494,c,21494
21494,d,21494
21493,f,21494
21494,e,21494
21494,b,21494
21490,f,21494
21492,d,21494
21491,d,21494
21491,c,21494
21490,d,21494
21492,c,21494
21492,f,21494
21492,b,21494
21492,e,21494
21491,e,21494
21495,e,21494
21495,f,21494
21495,c,21494
21490,e,21494
21491,f,21494
21491,b,21494
21496,e,21495
21494,e,21495
21494,d,21495
21495,e,21495
21495,d,21495
21495,b,21495
21494,b,21495
21491,d,21495
21496,b,21495
21491,b,21495
21491,e,21495
21496,d,21495
21493,b,21495
21493,e,21495
21493,d,21495
21492,e,21495
21492,d,21495
21492,b,21495
21495,d,21496
21497,b,21496
21497,d,21496
21492,b,21496
21492,d,21496
21496,d,21496
21496,b,21496
21494,d,21496
21494,b,21496
21493,b,21496
21493,d,21496
21495,b,21496
21498,d,21497
21496,c,21497
21498,b,21497
21496,f,21497
21497,b,21497
21497,d,21497
21497,c,21497
21497,f,21497
21498,c,21497
21496,b,21497
21498,f,21497
21496,d,21497
21493,b,21497
21493,d,21497
21495,b,21497
21495,d,21497
21495,c,21497
21495,f,21497
21493,c,21497
21493,f,21497
21494,b,21497
21494,d,21497
21494,c,21497
21494,f,21497
21497,d,21498
21497,b,21498
21499,d,21498
21497,c,21498
21497,f,21498
21495,c,21498
21498,b,21498
21498,d,21498
21498,c,21498
21498,f,21498
21498,e,21498
21499,e,21498
21499,f,21498
21499,c,21498
21494,b,21498
21494,d,21498
21497,e,21498
21499,b,21498
21495,d,21498
21494,e,21498
21495,b,21498
21494,f,21498
21496,d,21498
21496,c,21498
21496,f,21498
21496,e,21498
21496,b,21498
21494,c,21498
21495,f,21498
21495,e,21498
21495,b,21499
21495,e,21499
21495,f,21499
21495,c,21499
21495,d,21499
21499,f,21499
21498,d,21499
21498,c,21499
21498,f,21499
21498,e,21499
21499,b,21499
21499,d,21499
21499,c,21499
21499,e,21499
21498,b,21499
21500,b,21499
21500,d,21499
21496,e,21499
21496,f,21499
21496,c,21499
21496,d,21499
21496,b,21499
21497,d,21499
21497,c,21499
21497,f,21499
21497,b,21499
21500,c,21499
21500,f,21499
21500,e,21499
21497,e,21499
21500,e,21500
21501,d,21500
21501,b,21500
21501,e,21500
21500,b,21500
21500,d,21500
21499,d,21500
21499,c,21500
21499,f,21500
21501,f,21500
21500,c,21500
21500,f,21500
21499,b,21500
21501,c,21500
21499,e,21500
21496,b,21500
21497,b,21500
21497,d,21500
21498,b,21500
21498,d,21500
21498,c,21500
21498,f,21500
21498,e,21500
21497,c,21500
21497,f,21500
21497,e,21500
21496,e,21500
21496,f,21500
21496,c,21500
21496,d,21500
21497,b,21501
21500,b,21501
21500,d,21501
21502,d,21501
21500,f,21501
21500,e,21501
21502,c,21501
21497,d,21501
21502,b,21501
21501,e,21501
21501,f,21501
21501,c,21501
21500,c,21501
21497,c,21501
21497,f,21501
21497,e,21501
21498,e,21501
21498,f,21501
21498,c,21501
21498,d,21501
21498,b,21501
21501,b,21501
21499,b,21501
21499,d,21501
21499,c,21501
21501,d,21501
21499,e,21501
21502,f,21501
21502,e,21501
21499,f,21501
21503,e,21502
21503,f,21502
21503,c,21502
21502,b,21502
21502,d,21502
21501,b,21502
21501,c,21502
21501,f,21502
21501,e,21502
21502,c,21502
21502,f,21502
21502,e,21502
21503,b,21502
21501,d,21502
21503,d,21502
21498,f,21502
21499,e,21502
21499,c,21502
21500,b,21502
21500,d,21502
21500,c,21502
21500,e,21502
21500,f,21502
21498,c,21502
21498,d,21502
21498,b,21502
21499,f,21502
21499,b,21502
21499,d,21502
21498,e,21502
21502,d,21503
21502,e,21503
21503,b,21503
21503,d,21503
21503,e,21503
21504,e,21503
21502,b,21503
21504,d,21503
21504,b,21503
21499,d,21503
21499,e,21503
21500,e,21503
21500,d,21503
21500,b,21503
21501,b,21503
21501,d,21503
21501,e,21503
21499,b,21503
21500,b,21504
21504,b,21504
21504,d,21504
21503,d,21504
21503,b,21504
21501,b,21504
21501,d,21504
21500,d,21504
21505,b,21504
21505,d,21504
21502,d,21504
21502,b,21504
21504,c,21505
21504,f,21505
21505,b,21505
21505,d,21505
21505,c,21505
21506,c,21505
21506,d,21505
21506,f,21505
21505,f,21505
21504,b,21505
21504,d,21505
21506,b,21505
21501,b,21505
21502,c,21505
21502,d,21505
21502,b,21505
21501,f,21505
21503,f,21505
21503,c,21505
21503,d,21505
21503,b,21505
21502,f,21505
21501,d,21505
21501,c,21505
21505,b,21506
21505,d,21506
21505,c,21506
21505,f,21506
21503,c,21506
21506,b,21506
21506,d,21506
21506,c,21506
21506,f,21506
21506,e,21506
21507,e,21506
21507,f,21506
21507,c,21506
21507,d,21506
21502,b,21506
21505,e,21506
21507,b,21506
21502,f,21506
21502,e,21506
21503,b,21506
21503,d,21506
21504,b,21506
21504,d,21506
21504,c,21506
21504,f,21506
21502,d,21506
21502,c,21506
21503,f,21506
21503,e,21506
21504,e,21506
21508,b,21507
21503,b,21507
21503,e,21507
21503,f,21507
21503,c,21507
21503,d,21507
21507,e,21507
21506,c,21507
21506,f,21507
21506,e,21507
21507,b,21507
21507,d,21507
21507,c,21507
21507,f,21507
21506,d,21507
21506,b,21507
21508,c,21507
21508,f,21507
21508,e,21507
21504,e,21507
21504,f,21507
21504,c,21507
21505,e,21507
21505,f,21507
21505,c,21507
21505,d,21507
21505,b,21507
21508,d,21507
21504,d,21507
21504,b,21507
21509,f,21508
21509,c,21508
21509,d,21508
21507,f,21508
21507,d,21508
21507,c,21508
21509,b,21508
21508,e,21508
21508,f,21508
21508,c,21508
21508,d,21508
21508,b,21508
21507,b,21508
21509,e,21508
21507,e,21508
21506,e,21508
21504,d,21508
21504,c,21508
21504,f,21508
21504,e,21508
21505,b,21508
21505,c,21508
21505,f,21508
21504,b,21508
21505,d,21508
21506,f,21508
21506,c,21508
21506,d,21508
21506,b,21508
21505,e,21508
21509,b,21509
21505,d,21509
21505,b,21509
21508,b,21509
21510,b,21509
21508,c,21509
21508,f,21509
21508,e,21509
21510,d,21509
21505,c,21509
21509,e,21509
21509,f,21509
21508,d,21509
21505,f,21509
21505,e,21509
21510,c,21509
21506,e,21509
21506,f,21509
21506,c,21509
21506,d,21509
21506,b,21509
21509,c,21509
21507,b,21509
21507,d,21509
21507,c,21509
21509,d,21509
21507,e,21509
21510,f,21509
21510,e,21509
21507,f,21509
21511,e,21510
21511,f,21510
21511,c,21510
21510,b,21510
21510,d,21510
21509,b,21510
21509,c,21510
21509,f,21510
21509,e,21510
21510,c,21510
21510,f,21510
21510,e,21510
21511,b,21510
21509,d,21510
21511,d,21510
21506,f,21510
21507,e,21510
21507,c,21510
21507,d,21510
21508,b,21510
21508,d,21510
21508,e,21510
21508,f,21510
21506,c,21510
21506,d,21510
21506,b,21510
21507,f,21510
21507,b,21510
21508,c,21510
21506,e,21510
21510,b,21511
21510,d,21511
21511,b,21511
21511,d,21511
21511,e,21511
21512,e,21511
21510,e,21511
21512,d,21511
21512,b,21511
21507,d,21511
21507,e,21511
21508,e,21511
21508,d,21511
21508,b,21511
21509,b,21511
21509,d,21511
21509,e,21511
21507,b,21511
21508,b,21512
21512,b,21512
21512,d,21512
21511,d,21512
21511,b,21512
21509,b,21512
21509,d,21512
21508,d,21512
21513,b,21512
21513,d,21512
21510,d,21512
21510,b,21512
21512,f,21513
21513,b,21513
21513,d,21513
21513,c,21513
21513,f,21513
21514,c,21513
21512,b,21513
21514,d,21513
21514,b,21513
21514,f,21513
21512,c,21513
21512,d,21513
21509,b,21513
21509,f,21513
21511,b,21513
21511,d,21513
21511,c,21513
21511,f,21513
21509,d,21513
21509,c,21513
21510,b,21513
21510,d,21513
21510,c,21513
21510,f,21513
21513,c,21514
21513,b,21514
21513,e,21514
21511,c,21514
21513,d,21514
21513,f,21514
21514,b,21514
21514,d,21514
21514,c,21514
21514,f,21514
21514,e,21514
21515,b,21514
21515,d,21514
21515,c,21514
21515,f,21514
21515,e,21514
21510,b,21514
21510,d,21514
21511,f,21514
21512,f,21514
21512,d,21514
21512,b,21514
21510,c,21514
21512,c,21514
21512,e,21514
21510,f,21514
21511,e,21514
21511,b,21514
21511,d,21514
21510,e,21514
21515,b,21515
21511,e,21515
21516,b,21515
21514,b,21515
21514,d,21515
21514,c,21515
21515,e,21515
21515,f,21515
21515,c,21515
21515,d,21515
21516,d,21515
21511,b,21515
21511,d,21515
21516,c,21515
21516,f,21515
21516,e,21515
21512,e,21515
21512,f,21515
21512,c,21515
21512,d,21515
21512,b,21515
21513,b,21515
21513,d,21515
21513,c,21515
21513,f,21515
21513,e,21515
21511,f,21515
21511,c,21515
21514,f,21515
21514,e,21515
21515,b,21516
21515,d,21516
21515,c,21516
21515,f,21516
21515,e,21516
21516,e,21516
21516,f,21516
21516,c,21516
21516,d,21516
21516,b,21516
21517,b,21516
21517,d,21516
21512,e,21516
21517,f,21516
21512,c,21516
21512,d,21516
21512,b,21516
21513,b,21516
21513,d,21516
21513,c,21516
21513,f,21516
21513,e,21516
21517,c,21516
21514,b,21516
21514,d,21516
21517,e,21516
21514,c,21516
21514,e,21516
21512,f,21516
21514,f,21516
21518,e,21517
21517,b,21517
21517,d,21517
21517,c,21517
21517,f,21517
21517,e,21517
21516,b,21517
21516,c,21517
21516,f,21517
21516,e,21517
21518,f,21517
21518,d,21517
21518,b,21517
21516,d,21517
21518,c,21517
21513,e,21517
21514,e,21517
21514,b,21517
21514,f,21517
21515,b,21517
21515,d,21517
21515,c,21517
21515,e,21517
21515,f,21517
21514,c,21517
21513,f,21517
21513,c,21517
21513,d,21517
21513,b,21517
21514,d,21517
21517,d,21518
21517,b,21518
21517,c,21518
21514,d,21518
21517,e,21518
21519,c,21518
21519,d,21518
21519,b,21518
21518,f,21518
21518,c,21518
21517,f,21518
21518,e,21518
21518,b,21518
21518,d,21518
21515,e,21518
21515,f,21518
21515,c,21518
21515,d,21518
21515,b,21518
21516,b,21518
21514,b,21518
21516,c,21518
21516,f,21518
21516,d,21518
21519,e,21518
21519,f,21518
21514,e,21518
21514,f,21518
21514,c,21518
21516,e,21518
21519,e,21519
21519,d,21519
21518,e,21519
21518,d,21519
21518,b,21519
21519,b,21519
21520,e,21519
21515,d,21519
21520,b,21519
21515,b,21519
21517,b,21519
21520,d,21519
21517,d,21519
21517,e,21519
21516,e,21519
21515,e,21519
21516,d,21519
21516,b,21519
21519,b,21520
21521,b,21520
21516,b,21520
21516,d,21520
21519,d,21520
21520,d,21520
21518,d,21520
21518,b,21520
21517,b,21520
21517,d,21520
21520,b,21520
21521,d,21520
21521,f,21521
21520,d,21521
21520,c,21521
21520,f,21521
21521,b,21521
21521,d,21521
21521,c,21521
21522,c,21521
21522,d,21521
21520,b,21521
21522,f,21521
21522,b,21521
21517,b,21521
21518,c,21521
21518,d,21521
21518,b,21521
21517,f,21521
21517,d,21521
21518,f,21521
21519,b,21521
21517,c,21521
21519,f,21521
21519,c,21521
21519,d,21521
21521,f,21522
21521,d,21522
21521,b,21522
21521,c,21522
21523,d,21522
21519,c,21522
21522,b,21522
21522,d,21522
21522,c,21522
21522,f,21522
21522,e,21522
21523,e,21522
21523,f,21522
21523,c,21522
21519,d,21522
21518,b,21522
21521,e,21522
21523,b,21522
21518,f,21522
21518,e,21522
21519,b,21522
21518,c,21522
21520,d,21522
21520,c,21522
21520,f,21522
21520,e,21522
21520,b,21522
21518,d,21522
21519,f,21522
21519,e,21522
21519,b,21523
21519,e,21523
21519,f,21523
21519,c,21523
21519,d,21523
21523,f,21523
21522,d,21523
21522,c,21523
21522,f,21523
21522,e,21523
21523,b,21523
21523,d,21523
21523,c,21523
21523,e,21523
21522,b,21523
21524,b,21523
21524,d,21523
21520,e,21523
21520,f,21523
21520,c,21523
21520,d,21523
21520,b,21523
21521,d,21523
21521,c,21523
21521,f,21523
21521,b,21523
21524,c,21523
21524,f,21523
21524,e,21523
21521,e,21523
21524,e,21524
21525,d,21524
21525,b,21524
21525,e,21524
21524,b,21524
21524,d,21524
21523,d,21524
21523,c,21524
21523,f,21524
21525,f,21524
21524,c,21524
21524,f,21524
21523,b,21524
21525,c,21524
21523,e,21524
21522,e,21524
21520,b,21524
21520,d,21524
21520,c,21524
21520,f,21524
21520,e,21524
21521,b,21524
21521,e,21524
21521,f,21524
21521,d,21524
21522,f,21524
21522,c,21524
21522,d,21524
21522,b,21524
21521,c,21524
21525,b,21525
21521,b,21525
21524,b,21525
21524,d,21525
21526,d,21525
21524,f,21525
21524,e,21525
21526,c,21525
21521,d,21525
21526,b,21525
21525,e,21525
21525,f,21525
21524,c,21525
21521,c,21525
21521,f,21525
21521,e,21525
21522,e,21525
21522,f,21525
21522,c,21525
21522,d,21525
21522,b,21525
21525,c,21525
21523,b,21525
21523,d,21525
21523,c,21525
21525,d,21525
21523,e,21525
21526,f,21525
21526,e,21525
21523,f,21525
21527,e,21526
21527,f,21526
21527,c,21526
21526,b,21526
21526,d,21526
21525,b,21526
21525,c,21526
21525,f,21526
21525,e,21526
21526,c,21526
21526,f,21526
21526,e,21526
21527,b,21526
21525,d,21526
21527,d,21526
21522,f,21526
21523,e,21526
21523,c,21526
21524,b,21526
21524,d,21526
21524,c,21526
21524,e,21526
21524,f,21526
21522,c,21526
21522,d,21526
21522,b,21526
21523,f,21526
21523,b,21526
21523,d,21526
21522,e,21526
21526,d,21527
21526,e,21527
21527,b,21527
21527,d,21527
21527,e,21527
21528,e,21527
21526,b,21527
21528,d,21527
21528,b,21527
21523,d,21527
21523,e,21527
21524,e,21527
21524,d,21527
21524,b,21527
21525,b,21527
21525,d,21527
21525,e,21527
21523,b,21527
21524,b,21528
21528,b,21528
21528,d,21528
21527,d,21528
21527,b,21528
21525,b,21528
21525,d,21528
21524,d,21528
21529,b,21528
21529,d,21528
21526,d,21528
21526,b,21528
21528,f,21529
21529,b,21529
21529,d,21529
21529,c,21529
21529,f,21529
21530,f,21529
21528,b,21529
21530,c,21529
21530,d,21529
21530,b,21529
21528,c,21529
21528,d,21529
21525,b,21529
21525,f,21529
21526,f,21529
21526,c,21529
21526,d,21529
21526,b,21529
21527,f,21529
21527,c,21529
21527,d,21529
21527,b,21529
21525,c,21529
21525,d,21529
21529,b,21530
21529,d,21530
21529,c,21530
21529,f,21530
21529,e,21530
21530,d,21530
21526,b,21530
21530,c,21530
21530,f,21530
21530,e,21530
21531,b,21530
21531,d,21530
21531,c,21530
21531,f,21530
21531,e,21530
21527,c,21530
21530,b,21530
21526,d,21530
21527,f,21530
21528,f,21530
21528,d,21530
21528,b,21530
21528,c,21530
21528,e,21530
21526,c,21530
21526,f,21530
21527,e,21530
21527,b,21530
21527,d,21530
21526,e,21530
21531,b,21531
21530,b,21531
21531,e,21531
21530,d,21531
21530,c,21531
21532,b,21531
21531,f,21531
21531,c,21531
21531,d,21531
21532,d,21531
21527,d,21531
21530,f,21531
21532,c,21531
21532,f,21531
21532,e,21531
21528,e,21531
21528,f,21531
21528,c,21531
21528,d,21531
21527,b,21531
21528,b,21531
21529,d,21531
21529,c,21531
21529,f,21531
21529,e,21531
21527,e,21531
21527,f,21531
21527,c,21531
21529,b,21531
21530,e,21531
21531,d,21532
21533,b,21532
21531,c,21532
21531,f,21532
21531,e,21532
21532,e,21532
21532,f,21532
21532,c,21532
21532,d,21532
21532,b,21532
21531,b,21532
21533,d,21532
21528,e,21532
21533,f,21532
21528,c,21532
21528,d,21532
21528,b,21532
21529,b,21532
21529,d,21532
21529,c,21532
21529,f,21532
21529,e,21532
21533,c,21532
21530,b,21532
21530,d,21532
21533,e,21532
21530,c,21532
21530,e,21532
21528,f,21532
21530,f,21532
21533,e,21533
21532,e,21533
21533,b,21533
21533,d,21533
21533,c,21533
21533,f,21533
21532,b,21533
21532,c,21533
21532,f,21533
21534,e,21533
21534,f,21533
21534,d,21533
21534,b,21533
21532,d,21533
21534,c,21533
21531,b,21533
21530,e,21533
21529,b,21533
21530,b,21533
21530,d,21533
21531,d,21533
21531,c,21533
21531,e,21533
21531,f,21533
21530,f,21533
21529,e,21533
21529,f,21533
21529,c,21533
21529,d,21533
21530,c,21533
21533,b,21534
21535,c,21534
21533,d,21534
21530,b,21534
21533,f,21534
21533,e,21534
21535,d,21534
21534,e,21534
21534,f,21534
21534,c,21534
21534,d,21534
21533,c,21534
21535,b,21534
21534,b,21534
21530,c,21534
21532,b,21534
21531,d,21534
21531,c,21534
21530,d,21534
21532,d,21534
21532,c,21534
21530,e,21534
21532,f,21534
21531,f,21534
21531,e,21534
21535,e,21534
21535,f,21534
21530,f,21534
21532,e,21534
21531,b,21534
21536,e,21535
21534,e,21535
21534,d,21535
21535,e,21535
21535,d,21535
21535,b,21535
21534,b,21535
21531,d,21535
21536,b,21535
21532,e,21535
21531,b,21535
21531,e,21535
21536,d,21535
21533,e,21535
21533,b,21535
21533,d,21535
21532,d,21535
21532,b,21535
21532,d,21536
21535,b,21536
21537,b,21536
21535,d,21536
21532,b,21536
21536,d,21536
21536,b,21536
21534,d,21536
21534,b,21536
21533,b,21536
21533,d,21536
21537,d,21536
21536,b,21537
21538,d,21537
21536,d,21537
21536,c,21537
21536,f,21537
21537,b,21537
21537,d,21537
21537,c,21537
21537,f,21537
21538,c,21537
21538,b,21537
21538,f,21537
21533,b,21537
21533,f,21537
21534,f,21537
21534,c,21537
21534,d,21537
21534,b,21537
21535,d,21537
21535,c,21537
21535,f,21537
21535,b,21537
21533,c,21537
21533,d,21537
21539,d,21538
21539,b,21538
21534,d,21538
21534,b,21538
21538,b,21538
21537,f,21538
21537,e,21538
21537,b,21538
21537,d,21538
21537,c,21538
21539,c,21538
21538,f,21538
21538,e,21538
21538,c,21538
21538,d,21538
21535,f,21538
21535,b,21538
21535,e,21538
21535,c,21538
21535,d,21538
21539,e,21538
21534,e,21538
21534,f,21538
21534,c,21538
21536,b,21538
21539,f,21538
21536,c,21538
21536,f,21538
21536,e,21538
21536,d,21538
21539,d,21539
21539,c,21539
21540,e,21539
21540,f,21539
21540,c,21539
21540,d,21539
21538,d,21539
21538,c,21539
21538,f,21539
21538,e,21539
21539,f,21539
21539,e,21539
21538,b,21539
21539,b,21539
21540,b,21539
21535,f,21539
21536,e,21539
21536,f,21539
21536,c,21539
21536,d,21539
21536,b,21539
21537,b,21539
21537,d,21539
21537,c,21539
21537,f,21539
21535,e,21539
21535,b,21539
21535,c,21539
21535,d,21539
21537,e,21539
21541,b,21540
21536,c,21540
21536,d,21540
21536,b,21540
21540,b,21540
21540,d,21540
21539,b,21540
21539,c,21540
21539,f,21540
21539,e,21540
21536,f,21540
21540,c,21540
21540,f,21540
21540,e,21540
21539,d,21540
21541,d,21540
21541,f,21540
21537,b,21540
21537,e,21540
21537,f,21540
21537,c,21540
21537,d,21540
21541,c,21540
21538,b,21540
21538,d,21540
21538,c,21540
21538,f,21540
21536,e,21540
21541,e,21540
21538,e,21540
21542,d,21541
21542,e,21541
21542,f,21541
21542,c,21541
21541,b,21541
21541,d,21541
21541,c,21541
21540,b,21541
21540,c,21541
21540,f,21541
21540,e,21541
21541,f,21541
21541,e,21541
21542,b,21541
21540,d,21541
21537,f,21541
21537,e,21541
21538,e,21541
21538,f,21541
21539,d,21541
21539,c,21541
21539,f,21541
21539,b,21541
21539,e,21541
21538,d,21541
21538,b,21541
21538,c,21541
21537,b,21541
21537,d,21541
21537,c,21541
21541,f,21542
21541,d,21542
21541,c,21542
21541,b,21542
21538,c,21542
21543,e,21542
21543,f,21542
21543,d,21542
21543,b,21542
21542,e,21542
21542,f,21542
21542,c,21542
21541,e,21542
21543,c,21542
21542,d,21542
21538,d,21542
21539,e,21542
21539,f,21542
21539,c,21542
21539,d,21542
21539,b,21542
21540,b,21542
21538,b,21542
21540,c,21542
21540,d,21542
21540,e,21542
21538,e,21542
21538,f,21542
21542,b,21542
21540,f,21542
21544,b,21543
21543,e,21543
21542,e,21543
21542,d,21543
21543,d,21543
21543,b,21543
21544,d,21543
21544,e,21543
21539,e,21543
21542,b,21543
21539,b,21543
21540,b,21543
21540,e,21543
21541,b,21543
21541,d,21543
21541,e,21543
21539,d,21543
21540,d,21543
21545,b,21544
21544,d,21544
21544,b,21544
21542,d,21544
21541,d,21544
21541,b,21544
21542,b,21544
21543,d,21544
21543,b,21544
21540,d,21544
21540,b,21544
21545,d,21544
21546,c,21545
21546,d,21545
21546,b,21545
21545,b,21545
21544,f,21545
21545,f,21545
21546,f,21545
21544,b,21545
21544,d,21545
21544,c,21545
21545,d,21545
21545,c,21545
21541,f,21545
21543,f,21545
21541,c,21545
21541,d,21545
21541,b,21545
21543,c,21545
21543,d,21545
21542,b,21545
21543,b,21545
21542,d,21545
21542,f,21545
21542,c,21545
21545,b,21546
21545,d,21546
21545,c,21546
21545,f,21546
21546,d,21546
21547,c,21546
21547,d,21546
21547,b,21546
21546,e,21546
21545,e,21546
21547,e,21546
21546,f,21546
21546,b,21546
21546,c,21546
21547,f,21546
21543,d,21546
21542,f,21546
21543,e,21546
21543,f,21546
21543,c,21546
21543,b,21546
21542,e,21546
21544,b,21546
21544,d,21546
21544,c,21546
21544,f,21546
21542,c,21546
21542,d,21546
21542,b,21546
21544,e,21546
21548,d,21547
21543,c,21547
21543,d,21547
21543,b,21547
21547,b,21547
21547,d,21547
21547,c,21547
21546,d,21547
21546,c,21547
21546,f,21547
21543,f,21547
21547,f,21547
21547,e,21547
21546,b,21547
21546,e,21547
21548,b,21547
21548,e,21547
21544,e,21547
21544,f,21547
21544,c,21547
21544,d,21547
21548,f,21547
21543,e,21547
21545,b,21547
21545,d,21547
21545,c,21547
21544,b,21547
21545,e,21547
21545,f,21547
21548,c,21547
21548,e,21548
21544,b,21548
21547,e,21548
21547,f,21548
21547,c,21548
21547,d,21548
21549,d,21548
21548,f,21548
21548,c,21548
21548,d,21548
21548,b,21548
21549,c,21548
21549,f,21548
21549,e,21548
21549,b,21548
21547,b,21548
21544,d,21548
21546,b,21548
21544,c,21548
21544,f,21548
21544,e,21548
21545,b,21548
21545,d,21548
21545,f,21548
21545,e,21548
21545,c,21548
21546,d,21548
21546,e,21548
21546,f,21548
21546,c,21548
21545,d,21549
21545,c,21549
21545,f,21549
21545,b,21549
21548,b,21549
21549,b,21549
21548,c,21549
21548,f,21549
21548,e,21549
21550,d,21549
21550,b,21549
21549,e,21549
21549,f,21549
21548,d,21549
21550,c,21549
21545,e,21549
21550,f,21549
21546,e,21549
21546,f,21549
21546,c,21549
21549,c,21549
21546,b,21549
21547,b,21549
21547,d,21549
21547,c,21549
21546,d,21549
21547,e,21549
21550,e,21549
21547,f,21549
21549,d,21549
21550,c,21550
21549,e,21550
21549,f,21550
21549,c,21550
21549,d,21550
21550,e,21550
21550,d,21550
21550,b,21550
21551,b,21550
21551,d,21550
21551,c,21550
21551,f,21550
21551,e,21550
21550,f,21550
21549,b,21550
21546,f,21550
21546,b,21550
21547,c,21550
21548,b,21550
21548,d,21550
21548,c,21550
21547,d,21550
21546,e,21550
21547,b,21550
21547,f,21550
21547,e,21550
21546,c,21550
21548,f,21550
21548,e,21550
21546,d,21550
21552,d,21551
21550,e,21551
21550,b,21551
21551,b,21551
21551,d,21551
21551,e,21551
21552,e,21551
21550,d,21551
21552,b,21551
21547,d,21551
21547,e,21551
21548,e,21551
21548,d,21551
21548,b,21551
21549,b,21551
21549,d,21551
21549,e,21551
21547,b,21551
21548,b,21552
21552,b,21552
21552,d,21552
21551,d,21552
21551,b,21552
21549,b,21552
21549,d,21552
21548,d,21552
21553,b,21552
21553,d,21552
21550,d,21552
21550,b,21552
21552,f,21553
21553,b,21553
21553,d,21553
21553,c,21553
21553,f,21553
21554,f,21553
21554,c,21553
21554,d,21553
21554,b,21553
21552,b,21553
21552,d,21553
21552,c,21553
21549,b,21553
21549,d,21553
21551,b,21553
21551,d,21553
21551,c,21553
21551,f,21553
21549,c,21553
21549,f,21553
21550,b,21553
21550,d,21553
21550,c,21553
21550,f,21553
21553,d,21554
21553,b,21554
21555,d,21554
21553,c,21554
21553,f,21554
21551,c,21554
21554,b,21554
21554,d,21554
21554,c,21554
21554,f,21554
21554,e,21554
21555,e,21554
21555,f,21554
21555,c,21554
21550,b,21554
21550,d,21554
21553,e,21554
21555,b,21554
21550,f,21554
21550,e,21554
21551,b,21554
21551,d,21554
21552,d,21554
21552,c,21554
21552,f,21554
21552,e,21554
21552,b,21554
21550,c,21554
21551,f,21554
21551,e,21554
21551,b,21555
21551,e,21555
21551,f,21555
21551,c,21555
21551,d,21555
21555,f,21555
21554,d,21555
21554,c,21555
21554,f,21555
21554,e,21555
21555,b,21555
21555,d,21555
21555,c,21555
21555,e,21555
21554,b,21555
21556,b,21555
21556,d,21555
21552,e,21555
21552,f,21555
21552,c,21555
21552,d,21555
21552,b,21555
21553,d,21555
21553,c,21555
21553,f,21555
21553,b,21555
21556,c,21555
21556,f,21555
21556,e,21555
21553,e,21555
21556,e,21556
21557,d,21556
21557,b,21556
21557,e,21556
21556,b,21556
21556,d,21556
21555,d,21556
21555,c,21556
21555,f,21556
21557,f,21556
21556,c,21556
21556,f,21556
21555,b,21556
21557,c,21556
21555,e,21556
21552,b,21556
21553,b,21556
21553,d,21556
21554,b,21556
21554,d,21556
21554,c,21556
21554,f,21556
21554,e,21556
21553,c,21556
21553,f,21556
21553,e,21556
21552,e,21556
21552,f,21556
21552,c,21556
21552,d,21556
21553,b,21557
21556,b,21557
21556,d,21557
21558,d,21557
21556,f,21557
21556,e,21557
21558,c,21557
21553,d,21557
21558,b,21557
21557,e,21557
21557,f,21557
21557,c,21557
21556,c,21557
21553,c,21557
21553,f,21557
21553,e,21557
21554,e,21557
21554,f,21557
21554,c,21557
21554,d,21557
21554,b,21557
21557,b,21557
21555,b,21557
21555,d,21557
21555,c,21557
21557,d,21557
21555,e,21557
21558,f,21557
21558,e,21557
21555,f,21557
21559,e,21558
21559,f,21558
21559,c,21558
21558,b,21558
21558,d,21558
21557,b,21558
21557,c,21558
21557,f,21558
21557,e,21558
21558,c,21558
21558,f,21558
21558,e,21558
21559,b,21558
21557,d,21558
21559,d,21558
21554,f,21558
21555,e,21558
21555,c,21558
21556,b,21558
21556,d,21558
21556,c,21558
21556,e,21558
21556,f,21558
21554,c,21558
21554,d,21558
21554,b,21558
21555,f,21558
21555,b,21558
21555,d,21558
21554,e,21558
21558,d,21559
21558,e,21559
21559,b,21559
21559,d,21559
21559,e,21559
21560,e,21559
21558,b,21559
21560,d,21559
21560,b,21559
21555,d,21559
21555,e,21559
21556,e,21559
21556,d,21559
21556,b,21559
21557,b,21559
21557,d,21559
21557,e,21559
21555,b,21559
21556,b,21560
21560,b,21560
21560,d,21560
21559,d,21560
21559,b,21560
21557,b,21560
21557,d,21560
21556,d,21560
21561,b,21560
21561,d,21560
21558,d,21560
21558,b,21560
21560,c,21561
21560,f,21561
21561,b,21561
21561,d,21561
21561,c,21561
21562,f,21561
21562,c,21561
21562,d,21561
21561,f,21561
21560,b,21561
21560,d,21561
21562,b,21561
21557,b,21561
21558,c,21561
21558,d,21561
21558,b,21561
21557,f,21561
21559,f,21561
21559,c,21561
21559,d,21561
21559,b,21561
21558,f,21561
21557,d,21561
21557,c,21561
21561,b,21562
21561,d,21562
21561,c,21562
21561,f,21562
21559,c,21562
21562,b,21562
21562,d,21562
21562,c,21562
21562,f,21562
21562,e,21562
21563,e,21562
21563,f,21562
21563,c,21562
21563,d,21562
21558,b,21562
21561,e,21562
21563,b,21562
21558,c,21562
21558,f,21562
21558,e,21562
21559,b,21562
21559,d,21562
21560,b,21562
21560,d,21562
21560,c,21562
21560,f,21562
21558,d,21562
21559,f,21562
21559,e,21562
21560,e,21562
21563,e,21563
21559,b,21563
21563,b,21563
21559,e,21563
21559,f,21563
21559,c,21563
21559,d,21563
21562,d,21563
21562,c,21563
21562,f,21563
21562,e,21563
21563,d,21563
21563,c,21563
21563,f,21563
21562,b,21563
21564,b,21563
21564,c,21563
21564,f,21563
21564,e,21563
21560,e,21563
21560,f,21563
21560,c,21563
21561,e,21563
21561,f,21563
21561,c,21563
21561,d,21563
21561,b,21563
21564,d,21563
21560,d,21563
21560,b,21563
21565,f,21564
21565,c,21564
21565,d,21564
21563,f,21564
21563,d,21564
21563,c,21564
21565,b,21564
21564,e,21564
21564,f,21564
21564,c,21564
21564,d,21564
21564,b,21564
21563,b,21564
21565,e,21564
21563,e,21564
21562,e,21564
21560,d,21564
21560,c,21564
21560,f,21564
21560,e,21564
21561,b,21564
21561,c,21564
21561,f,21564
21560,b,21564
21561,d,21564
21562,f,21564
21562,c,21564
21562,d,21564
21562,b,21564
21561,e,21564
21565,b,21565
21561,d,21565
21561,b,21565
21564,b,21565
21566,b,21565
21564,c,21565
21564,f,21565
21564,e,21565
21566,d,21565
21561,c,21565
21565,e,21565
21565,f,21565
21564,d,21565
21561,f,21565
21561,e,21565
21566,c,21565
21562,e,21565
21562,f,21565
21562,c,21565
21562,d,21565
21562,b,21565
21565,c,21565
21563,b,21565
21563,d,21565
21563,c,21565
21565,d,21565
21563,e,21565
21566,f,21565
21566,e,21565
21563,f,21565
21567,e,21566
21567,f,21566
21567,c,21566
21566,b,21566
21566,d,21566
21565,b,21566
21565,c,21566
21565,f,21566
21565,e,21566
21566,c,21566
21566,f,21566
21566,e,21566
21567,b,21566
21565,d,21566
21567,d,21566
21562,f,21566
21563,e,21566
21563,c,21566
21563,d,21566
21564,b,21566
21564,d,21566
21564,e,21566
21564,f,21566
21562,c,21566
21562,d,21566
21562,b,21566
21563,f,21566
21563,b,21566
21564,c,21566
21562,e,21566
21566,b,21567
21566,d,21567
21567,b,21567
21567,d,21567
21567,e,21567
21568,e,21567
21566,e,21567
21568,d,21567
21568,b,21567
21563,d,21567
21563,e,21567
21564,e,21567
21564,d,21567
21564,b,21567
21565,b,21567
21565,d,21567
21565,e,21567
21563,b,21567
21564,b,21568
21568,b,21568
21568,d,21568
21567,d,21568
21567,b,21568
21565,b,21568
21565,d,21568
21564,d,21568
21569,b,21568
21569,d,21568
21566,d,21568
21566,b,21568
21568,f,21569
21569,b,21569
21569,d,21569
21569,c,21569
21569,f,21569
21570,c,21569
21568,b,21569
21570,d,21569
21570,b,21569
21570,f,21569
21568,c,21569
21568,d,21569
21565,b,21569
21565,f,21569
21567,b,21569
21567,d,21569
21567,c,21569
21567,f,21569
21565,d,21569
21565,c,21569
21566,b,21569
21566,d,21569
21566,c,21569
21566,f,21569
21569,c,21570
21569,b,21570
21569,e,21570
21567,c,21570
21569,d,21570
21569,f,21570
21570,b,21570
21570,d,21570
21570,c,21570
21570,f,21570
21570,e,21570
21571,b,21570
21571,d,21570
21571,c,21570
21571,f,21570
21571,e,21570
21566,b,21570
21566,d,21570
21567,f,21570
21568,f,21570
21568,d,21570
21568,b,21570
21566,c,21570
21568,c,21570
21568,e,21570
21566,f,21570
21567,e,21570
21567,b,21570
21567,d,21570
21566,e,21570
21571,b,21571
21567,e,21571
21572,b,21571
21570,b,21571
21570,d,21571
21570,c,21571
21571,e,21571
21571,f,21571
21571,c,21571
21571,d,21571
21572,d,21571
21567,b,21571
21567,d,21571
21572,c,21571
21572,f,21571
21572,e,21571
21568,e,21571
21568,f,21571
21568,c,21571
21568,d,21571
21568,b,21571
21569,b,21571
21569,d,21571
21569,c,21571
21569,f,21571
21569,e,21571
21567,f,21571
21567,c,21571
21570,f,21571
21570,e,21571
21571,b,21572
21571,d,21572
21571,c,21572
21571,f,21572
21571,e,21572
21572,e,21572
21572,f,21572
21572,c,21572
21572,d,21572
21572,b,21572
21573,b,21572
21573,d,21572
21568,e,21572
21573,f,21572
21568,c,21572
21568,d,21572
21568,b,21572
21569,b,21572
21569,d,21572
21569,c,21572
21569,f,21572
21569,e,21572
21573,c,21572
21570,b,21572
21570,d,21572
21573,e,21572
21570,c,21572
21570,e,21572
21568,f,21572
21570,f,21572
21574,b,21573
21573,b,21573
21573,d,21573
21573,c,21573
21573,f,21573
21573,e,21573
21572,b,21573
21572,c,21573
21572,f,21573
21572,e,21573
21574,e,21573
21574,c,21573
21574,d,21573
21572,d,21573
21574,f,21573
21569,e,21573
21570,e,21573
21570,f,21573
21570,b,21573
21571,b,21573
21571,d,21573
21571,c,21573
21571,e,21573
21571,f,21573
21569,f,21573
21569,c,21573
21569,d,21573
21569,b,21573
21570,c,21573
21570,d,21573
21573,c,21574
21573,b,21574
21573,d,21574
21573,f,21574
21575,b,21574
21575,e,21574
21575,f,21574
21575,c,21574
21574,e,21574
21574,f,21574
21574,b,21574
21573,e,21574
21575,d,21574
21570,b,21574
21570,d,21574
21571,e,21574
21571,f,21574
21571,c,21574
21571,d,21574
21571,b,21574
21572,b,21574
21572,d,21574
21574,d,21574
21572,f,21574
21572,c,21574
21570,e,21574
21570,f,21574
21570,c,21574
21572,e,21574
21574,c,21574
21575,b,21575
21576,d,21575
21576,b,21575
21574,e,21575
21574,d,21575
21574,b,21575
21571,e,21575
21575,e,21575
21575,d,21575
21576,e,21575
21571,d,21575
21572,e,21575
21572,b,21575
21571,b,21575
21573,b,21575
21573,d,21575
21573,e,21575
21572,d,21575
21575,d,21576
21575,b,21576
21572,b,21576
21572,d,21576
21573,b,21576
21573,d,21576
21576,b,21576
21576,d,21576
21577,b,21576
21577,d,21576
21574,d,21576
21574,b,21576
21576,c,21577
21576,f,21577
21577,b,21577
21577,d,21577
21577,c,21577
21577,f,21577
21578,f,21577
21578,c,21577
21576,d,21577
21576,b,21577
21573,f,21577
21578,b,21577
21574,b,21577
21574,d,21577
21578,d,21577
21575,b,21577
21575,d,21577
21575,c,21577
21573,b,21577
21574,c,21577
21575,f,21577
21573,d,21577
21573,c,21577
21574,f,21577
21574,b,21578
21579,b,21578
21579,d,21578
21577,b,21578
21577,e,21578
21577,c,21578
21577,f,21578
21579,c,21578
21578,e,21578
21578,f,21578
21578,c,21578
21578,d,21578
21578,b,21578
21577,d,21578
21575,b,21578
21575,d,21578
21574,e,21578
21575,c,21578
21575,f,21578
21575,e,21578
21579,e,21578
21574,f,21578
21574,c,21578
21574,d,21578
21576,b,21578
21579,f,21578
21576,c,21578
21576,f,21578
21576,e,21578
21576,d,21578
21579,d,21579
21579,c,21579
21578,e,21579
21580,f,21579
21580,c,21579
21580,b,21579
21578,b,21579
21578,d,21579
21578,c,21579
21578,f,21579
21580,e,21579
21579,f,21579
21579,e,21579
21579,b,21579
21580,d,21579
21575,d,21579
21575,b,21579
21575,f,21579
21575,c,21579
21576,e,21579
21576,f,21579
21577,b,21579
21577,c,21579
21577,f,21579
21577,d,21579
21576,c,21579
21576,d,21579
21576,b,21579
21575,e,21579
21577,e,21579
21580,c,21580
21579,b,21580
21576,b,21580
21576,d,21580
21576,c,21580
21576,f,21580
21580,f,21580
21579,d,21580
21579,c,21580
21579,f,21580
21580,d,21580
21579,e,21580
21577,b,21580
21581,f,21580
21581,c,21580
21581,d,21580
21577,e,21580
21577,f,21580
21577,c,21580
21577,d,21580
21580,b,21580
21580,e,21580
21578,b,21580
21578,d,21580
21578,c,21580
21578,f,21580
21578,e,21580
21581,b,21580
21581,e,21580
21576,e,21580
21582,d,21581
21580,c,21581
21580,d,21581
21580,f,21581
21580,e,21581
21582,b,21581
21581,e,21581
21581,f,21581
21581,c,21581
21581,d,21581
21580,b,21581
21582,c,21581
21577,e,21581
21582,e,21581
21577,c,21581
21577,d,21581
21577,b,21581
21578,b,21581
21578,d,21581
21578,c,21581
21578,f,21581
21578,e,21581
21582,f,21581
21577,f,21581
21581,b,21581
21579,c,21581
21579,d,21581
21579,e,21581
21579,f,21581
21579,b,21581
21582,b,21582
21582,d,21582
21582,c,21582
21582,f,21582
21582,e,21582
21583,d,21582
21581,d,21582
21581,c,21582
21581,f,21582
21581,e,21582
21583,f,21582
21583,c,21582
21581,b,21582
21583,e,21582
21583,b,21582
21578,c,21582
21579,c,21582
21579,d,21582
21579,b,21582
21580,b,21582
21578,e,21582
21578,f,21582
21579,f,21582
21578,d,21582
21579,e,21582
21580,d,21582
21580,c,21582
21580,f,21582
21580,e,21582
21578,b,21582
21583,b,21583
21582,e,21583
21582,d,21583
21584,d,21583
21583,d,21583
21583,e,21583
21584,e,21583
21582,b,21583
21584,b,21583
21579,d,21583
21579,e,21583
21580,e,21583
21580,d,21583
21580,b,21583
21581,b,21583
21581,d,21583
21581,e,21583
21579,b,21583
21584,b,21584
21583,d,21584
21583,b,21584
21581,b,21584
21581,d,21584
21584,d,21584
21580,b,21584
21580,d,21584
21585,b,21584
21585,d,21584
21582,d,21584
21582,b,21584
21584,c,21585
21586,c,21585
21584,f,21585
21585,b,21585
21586,f,21585
21585,f,21585
21585,c,21585
21585,d,21585
21584,d,21585
21584,b,21585
21586,b,21585
21583,b,21585
21582,f,21585
21582,c,21585
21582,d,21585
21582,b,21585
21581,f,21585
21581,c,21585
21583,d,21585
21583,c,21585
21586,d,21585
21581,d,21585
21581,b,21585
21583,f,21585
21585,e,21586
21586,e,21586
21587,d,21586
21585,f,21586
21585,c,21586
21585,d,21586
21585,b,21586
21586,f,21586
21586,c,21586
21586,d,21586
21586,b,21586
21587,b,21586
21583,d,21586
21587,c,21586
21587,e,21586
21583,c,21586
21583,f,21586
21583,e,21586
21582,e,21586
21587,f,21586
21582,c,21586
21582,d,21586
21582,b,21586
21584,b,21586
21582,f,21586
21584,d,21586
21584,e,21586
21583,b,21586
21584,c,21586
21584,f,21586
21586,f,21587
21586,e,21587
21587,c,21587
21586,c,21587
21586,d,21587
21588,c,21587
21587,f,21587
21587,e,21587
21588,e,21587
21588,f,21587
21587,d,21587
21587,b,21587
21586,b,21587
21588,b,21587
21584,b,21587
21588,d,21587
21583,b,21587
21583,d,21587
21584,e,21587
21584,f,21587
21584,c,21587
21584,d,21587
21583,c,21587
21585,e,21587
21585,f,21587
21585,c,21587
21585,d,21587
21585,b,21587
21583,e,21587
21583,f,21587
21589,b,21588
21587,b,21588
21587,e,21588
21587,c,21588
21587,f,21588
21584,b,21588
21588,e,21588
21588,f,21588
21588,c,21588
21588,d,21588
21588,b,21588
21587,d,21588
21584,d,21588
21584,c,21588
21584,f,21588
21585,c,21588
21584,e,21588
21585,f,21588
21586,b,21588
21586,d,21588
21586,c,21588
21586,f,21588
21585,d,21588
21586,e,21588
21589,e,21588
21589,f,21588
21589,c,21588
21589,d,21588
21585,e,21588
21585,b,21588
21590,e,21589
21590,f,21589
21590,b,21589
21588,e,21589
21588,d,21589
21588,c,21589
21588,f,21589
21590,c,21589
21589,e,21589
21589,f,21589
21589,c,21589
21589,d,21589
21588,b,21589
21590,d,21589
21589,b,21589
21586,e,21589
21586,b,21589
21586,d,21589
21586,c,21589
21587,b,21589
21587,d,21589
21587,c,21589
21587,f,21589
21586,f,21589
21585,e,21589
21585,f,21589
21585,c,21589
21585,d,21589
21585,b,21589
21587,e,21589
21589,d,21590
21589,b,21590
21589,c,21590
21590,f,21590
21589,e,21590
21591,f,21590
21591,c,21590
21591,d,21590
21591,e,21590
21590,e,21590
21590,c,21590
21589,f,21590
21591,b,21590
21586,b,21590
21586,d,21590
21587,e,21590
21587,f,21590
21587,c,21590
21587,d,21590
21587,b,21590
21586,e,21590
21590,b,21590
21588,d,21590
21588,c,21590
21588,b,21590
21588,e,21590
21586,f,21590
21586,c,21590
21588,f,21590
21590,d,21590
21592,d,21591
21590,e,21591
21590,d,21591
21590,b,21591
21592,b,21591
21591,e,21591
21591,d,21591
21591,b,21591
21592,e,21591
21587,d,21591
21587,b,21591
21588,b,21591
21588,d,21591
21588,e,21591
21587,e,21591
21589,b,21591
21589,d,21591
21589,e,21591
21593,d,21592
21592,d,21592
21592,b,21592
21591,d,21592
21591,b,21592
21588,b,21592
21588,d,21592
21589,b,21592
21593,b,21592
21590,d,21592
21590,b,21592
21589,d,21592
21589,b,21593
21589,d,21593
21589,c,21593
21592,b,21593
21594,d,21593
21594,b,21593
21592,c,21593
21592,f,21593
21593,f,21593
21593,c,21593
21593,d,21593
21593,b,21593
21592,d,21593
21594,c,21593
21591,c,21593
21591,b,21593
21590,f,21593
21591,f,21593
21589,f,21593
21591,d,21593
21594,f,21593
21590,b,21593
21590,d,21593
21590,c,21593
21595,e,21594
21595,f,21594
21595,c,21594
21593,b,21594
21593,d,21594
21594,b,21594
21594,d,21594
21593,c,21594
21593,f,21594
21593,e,21594
21594,f,21594
21594,c,21594
21594,e,21594
21591,d,21594
21595,b,21594
21590,e,21594
21591,b,21594
21592,b,21594
21592,d,21594
21592,c,21594
21592,f,21594
21592,e,21594
21595,d,21594
21591,c,21594
21591,f,21594
21591,e,21594
21590,c,21594
21590,d,21594
21590,b,21594
21590,f,21594
21591,b,21595
21594,b,21595
21594,e,21595
21594,c,21595
21594,f,21595
21591,d,21595
21595,e,21595
21595,f,21595
21595,c,21595
21595,d,21595
21595,b,21595
21594,d,21595
21596,b,21595
21592,e,21595
21596,c,21595
21592,c,21595
21592,d,21595
21592,b,21595
21591,e,21595
21592,f,21595
21591,c,21595
21593,b,21595
21593,d,21595
21593,c,21595
21591,f,21595
21593,e,21595
21596,f,21595
21593,f,21595
21596,e,21595
21596,d,21595
21596,b,21596
21595,f,21596
21595,c,21596
21595,d,21596
21595,b,21596
21596,c,21596
21596,f,21596
21595,e,21596
21596,e,21596
21597,b,21596
21597,d,21596
21597,c,21596
21597,f,21596
21596,d,21596
21592,c,21596
21594,b,21596
21592,e,21596
21593,b,21596
21594,d,21596
21594,c,21596
21594,f,21596
21594,e,21596
21593,d,21596
21593,f,21596
21593,e,21596
21592,f,21596
21597,e,21596
21592,d,21596
21592,b,21596
21593,c,21596
21596,b,21597
21596,d,21597
21593,c,21597
21596,f,21597
21596,e,21597
21598,b,21597
21593,b,21597
21597,e,21597
21597,f,21597
21597,c,21597
21597,d,21597
21596,c,21597
21593,d,21597
21597,b,21597
21593,e,21597
21594,c,21597
21594,f,21597
21593,f,21597
21595,b,21597
21595,d,21597
21595,c,21597
21595,f,21597
21594,d,21597
21595,e,21597
21598,e,21597
21598,f,21597
21598,c,21597
21598,d,21597
21594,e,21597
21594,b,21597
21599,e,21598
21599,f,21598
21599,c,21598
21599,b,21598
21597,d,21598
21597,c,21598
21597,f,21598
21597,e,21598
21598,f,21598
21598,c,21598
21598,d,21598
21598,b,21598
21597,b,21598
21599,d,21598
21598,e,21598
21595,e,21598
21594,f,21598
21594,c,21598
21594,d,21598
21596,e,21598
21596,f,21598
21596,c,21598
21596,d,21598
21594,b,21598
21594,e,21598
21595,f,21598
21596,b,21598
21595,c,21598
21595,d,21598
21595,b,21598
21598,b,21599
21600,b,21599
21598,d,21599
21599,b,21599
21599,d,21599
21598,e,21599
21595,e,21599
21595,d,21599
21599,e,21599
21600,e,21599
21600,d,21599
21597,e,21599
21597,d,21599
21597,b,21599
21596,b,21599
21596,d,21599
21596,e,21599
21595,b,21599
21599,b,21600
21599,d,21600
21600,b,21600
21600,d,21600
21596,b,21600
21598,b,21600
21597,b,21600
21597,d,21600
21596,d,21600
21601,b,21600
21601,d,21600
21598,d,21600
21602,c,21601
21602,f,21601
21601,f,21601
21600,d,21601
21601,d,21601
21600,c,21601
21601,b,21601
21600,f,21601
21600,b,21601
21601,c,21601
21602,d,21601
21602,b,21601
21597,b,21601
21597,d,21601
21598,f,21601
21598,c,21601
21598,d,21601
21599,f,21601
21599,c,21601
21599,d,21601
21599,b,21601
21598,b,21601
21597,f,21601
21597,c,21601
21599,c,21602
21603,d,21602
21603,b,21602
21601,b,21602
21601,f,21602
21601,c,21602
21599,b,21602
21601,e,21602
21602,e,21602
21602,f,21602
21602,c,21602
21602,d,21602
21602,b,21602
21601,d,21602
21603,f,21602
21603,c,21602
21598,e,21602
21599,f,21602
21599,e,21602
21603,e,21602
21598,f,21602
21598,c,21602
21598,d,21602
21598,b,21602
21600,b,21602
21599,d,21602
21600,c,21602
21600,f,21602
21600,e,21602
21600,d,21602
21604,e,21603
21603,d,21603
21603,c,21603
21604,f,21603
21604,c,21603
21604,d,21603
21604,b,21603
21602,b,21603
21602,d,21603
21602,c,21603
21602,f,21603
21602,e,21603
21603,f,21603
21603,e,21603
21603,b,21603
21601,d,21603
21599,b,21603
21599,f,21603
21599,d,21603
21599,c,21603
21600,e,21603
21601,b,21603
21601,c,21603
21601,f,21603
21601,e,21603
21600,f,21603
21600,d,21603
21600,b,21603
21599,e,21603
21600,c,21603
21604,f,21604
21603,b,21604
21600,b,21604
21600,d,21604
21600,c,21604
21600,f,21604
21600,e,21604
21603,d,21604
21603,c,21604
21603,f,21604
21604,c,21604
21604,e,21604
21604,b,21604
21605,e,21604
21605,f,21604
21605,c,21604
21601,e,21604
21601,f,21604
21601,c,21604
21601,d,21604
21604,d,21604
21601,b,21604
21602,b,21604
21602,d,21604
21602,c,21604
21602,f,21604
21602,e,21604
21605,b,21604
21603,e,21604
21605,d,21604
21601,f,21605
21604,c,21605
21604,d,21605
21604,f,21605
21604,e,21605
21606,d,21605
21606,b,21605
21605,e,21605
21605,f,21605
21605,c,21605
21604,b,21605
21606,c,21605
21603,b,21605
21606,e,21605
21601,c,21605
21601,d,21605
21601,b,21605
21605,b,21605
21602,b,21605
21602,d,21605
21602,c,21605
21602,f,21605
21602,e,21605
21606,f,21605
21605,d,21605
21603,d,21605
21603,c,21605
21601,e,21605
21603,f,21605
21603,e,21605
21607,b,21606
21606,b,21606
21606,d,21606
21606,c,21606
21607,e,21606
21606,f,21606
21606,e,21606
21605,b,21606
21605,c,21606
21605,f,21606
21605,e,21606
21607,c,21606
21607,d,21606
21605,d,21606
21607,f,21606
21602,e,21606
21602,c,21606
21602,d,21606
21602,b,21606
21603,b,21606
21603,d,21606
21603,c,21606
21603,f,21606
21603,e,21606
21604,b,21606
21604,d,21606
21602,f,21606
21604,e,21606
21604,f,21606
21604,c,21606
21604,e,21607
21604,d,21607
21607,b,21607
21607,d,21607
21607,e,21607
21606,e,21607
21606,d,21607
21606,b,21607
21604,b,21607
21603,e,21607
21603,b,21607
21603,d,21607
21605,d,21607
21605,e,21607
21608,b,21607
21608,d,21607
21608,e,21607
21605,b,21607
21608,d,21608
21604,d,21608
21607,b,21608
21607,d,21608
21609,d,21608
21608,b,21608
21604,b,21608
21609,b,21608
21605,d,21608
21605,b,21608
21606,d,21608
21606,b,21608
21608,f,21609
21608,c,21609
21608,d,21609
21609,c,21609
21610,d,21609
21608,b,21609
21609,d,21609
21609,b,21609
21605,b,21609
21605,d,21609
21605,c,21609
21610,b,21609
21609,f,21609
21610,f,21609
21610,c,21609
21606,b,21609
21606,f,21609
21607,f,21609
21607,c,21609
21607,d,21609
21607,b,21609
21605,f,21609
21606,d,21609
21606,c,21609
21611,d,21610
21611,c,21610
21611,f,21610
21609,b,21610
21609,d,21610
21609,c,21610
21610,d,21610
21610,b,21610
21610,f,21610
21609,e,21610
21611,e,21610
21610,c,21610
21611,b,21610
21609,f,21610
21610,e,21610
21607,d,21610
21606,f,21610
21607,e,21610
21607,f,21610
21607,c,21610
21607,b,21610
21606,e,21610
21608,b,21610
21608,d,21610
21608,c,21610
21608,f,21610
21606,c,21610
21606,d,21610
21606,b,21610
21608,e,21610
21612,b,21611
21607,c,21611
21607,d,21611
21607,b,21611
21611,b,21611
21611,d,21611
21611,c,21611
21610,d,21611
21610,c,21611
21610,f,21611
21610,e,21611
21607,f,21611
21611,f,21611
21611,e,21611
21610,b,21611
21612,d,21611
21612,c,21611
21612,e,21611
21608,e,21611
21608,f,21611
21608,c,21611
21608,d,21611
21612,f,21611
21607,e,21611
21609,b,21611
21609,d,21611
21609,c,21611
21608,b,21611
21609,e,21611
21609,f,21611
21613,e,21612
21613,f,21612
21608,b,21612
21613,c,21612
21612,b,21612
21612,d,21612
21612,c,21612
21612,f,21612
21611,c,21612
21611,f,21612
21611,e,21612
21612,e,21612
21613,b,21612
21613,d,21612
21611,b,21612
21608,d,21612
21611,d,21612
21610,b,21612
21609,b,21612
21609,d,21612
21608,c,21612
21609,c,21612
21609,f,21612
21609,e,21612
21608,e,21612
21610,d,21612
21610,c,21612
21610,f,21612
21608,f,21612
21610,e,21612
21614,e,21613
21610,f,21613
21610,e,21613
21612,b,21613
21612,d,21613
21612,c,21613
21612,f,21613
21613,e,21613
21613,f,21613
21613,c,21613
21613,d,21613
21613,b,21613
21614,d,21613
21614,c,21613
21614,f,21613
21609,b,21613
21609,d,21613
21610,c,21613
21609,f,21613
21611,b,21613
21611,d,21613
21611,c,21613
21611,f,21613
21611,e,21613
21614,b,21613
21609,c,21613
21612,e,21613
21610,b,21613
21610,d,21613
21609,e,21613
21613,e,21614
21613,f,21614
21614,e,21614
21613,d,21614
21613,b,21614
21614,c,21614
21614,d,21614
21615,b,21614
21615,d,21614
21615,c,21614
21614,f,21614
21613,c,21614
21610,f,21614
21615,e,21614
21610,c,21614
21610,d,21614
21610,b,21614
21611,b,21614
21611,d,21614
21611,c,21614
21611,f,21614
21611,e,21614
21615,f,21614
21614,b,21614
21610,e,21614
21612,b,21614
21612,d,21614
21612,c,21614
21612,f,21614
21612,e,21614
21616,d,21615
21614,e,21615
21614,d,21615
21615,e,21615
21615,d,21615
21615,b,21615
21616,b,21615
21616,e,21615
21614,b,21615
21611,d,21615
21611,e,21615
21612,b,21615
21612,d,21615
21612,e,21615
21613,b,21615
21613,d,21615
21613,e,21615
21611,b,21615
21617,d,21616
21615,d,21616
21615,b,21616
21612,b,21616
21612,d,21616
21617,b,21616
21616,d,21616
21613,d,21616
21616,b,21616
21614,b,21616
21614,d,21616
21613,b,21616
21617,f,21617
21616,c,21617
21616,d,21617
21616,b,21617
21618,c,21617
21617,c,21617
21617,d,21617
21613,f,21617
21617,b,21617
21618,b,21617
21618,d,21617
21616,f,21617
21618,f,21617
21613,c,21617
21615,c,21617
21613,d,21617
21613,b,21617
21615,f,21617
21615,d,21617
21615,b,21617
21614,b,21617
21614,d,21617
21614,f,21617
21614,c,21617
21619,e,21618
21617,b,21618
21617,d,21618
21617,c,21618
21618,d,21618
21619,c,21618
21619,d,21618
21619,b,21618
21618,e,21618
21617,e,21618
21618,f,21618
21618,c,21618
21618,b,21618
21619,f,21618
21617,f,21618
21614,b,21618
21614,d,21618
21616,b,21618
21616,d,21618
21616,c,21618
21616,f,21618
21614,c,21618
21616,e,21618
21614,e,21618
21615,b,21618
21615,d,21618
21615,c,21618
21615,f,21618
21615,e,21618
21614,f,21618
21618,d,21619
21618,c,21619
21618,f,21619
21618,b,21619
21618,e,21619
21615,b,21619
21620,b,21619
21619,b,21619
21619,d,21619
21619,c,21619
21619,f,21619
21619,e,21619
21620,e,21619
21620,f,21619
21620,c,21619
21616,e,21619
21615,d,21619
21620,d,21619
21617,d,21619
21617,b,21619
21615,f,21619
21615,e,21619
21616,b,21619
21616,d,21619
21616,c,21619
21616,f,21619
21615,c,21619
21617,f,21619
21617,c,21619
21617,e,21619
21619,e,21620
21620,e,21620
21619,c,21620
21619,d,21620
21619,b,21620
21616,e,21620
21620,f,21620
21620,c,21620
21620,d,21620
21620,b,21620
21616,f,21620
21616,c,21620
21616,d,21620
21619,f,21620
21616,b,21620
21621,d,21620
21617,e,21620
21617,f,21620
21617,c,21620
21617,d,21620
21621,b,21620
21618,b,21620
21618,d,21620
21618,c,21620
21618,f,21620
21617,b,21620
21621,c,21620
21621,f,21620
21621,e,21620
21618,e,21620
21621,e,21621
21622,b,21621
21622,d,21621
21622,c,21621
21622,f,21621
21621,b,21621
21620,d,21621
21620,c,21621
21620,f,21621
21620,e,21621
21621,d,21621
21621,c,21621
21621,f,21621
21620,b,21621
21622,e,21621
21617,e,21621
21618,e,21621
21618,f,21621
21618,b,21621
21619,b,21621
21619,d,21621
21619,c,21621
21619,e,21621
21619,f,21621
21617,c,21621
21617,d,21621
21617,b,21621
21618,d,21621
21618,c,21621
21617,f,21621
21621,c,21622
21621,b,21622
21621,d,21622
21621,f,21622
21622,e,21622
21623,e,21622
21623,f,21622
21623,c,21622
21623,b,21622
21622,f,21622
21622,b,21622
21621,e,21622
21623,d,21622
21618,b,21622
21618,d,21622
21619,e,21622
21619,f,21622
21619,c,21622
21619,d,21622
21619,b,21622
21620,b,21622
21620,d,21622
21622,d,21622
21620,f,21622
21620,c,21622
21618,e,21622
21618,f,21622
21618,c,21622
21620,e,21622
21622,c,21622
21623,b,21623
21624,d,21623
21624,b,21623
21619,e,21623
21622,e,21623
21622,d,21623
21622,b,21623
21623,e,21623
21623,d,21623
21624,e,21623
21619,d,21623
21619,b,21623
21620,b,21623
21620,d,21623
21620,e,21623
21621,b,21623
21621,d,21623
21621,e,21623
21625,d,21624
21624,d,21624
21624,b,21624
21623,d,21624
21623,b,21624
21620,b,21624
21620,d,21624
21621,b,21624
21621,d,21624
21625,b,21624
21622,b,21624
21622,d,21624
21623,c,21625
21621,c,21625
21621,d,21625
21624,d,21625
21624,c,21625
21621,b,21625
21626,b,21625
21626,d,21625
21626,c,21625
21626,f,21625
21622,b,21625
21624,f,21625
21623,f,21625
21623,d,21625
21623,b,21625
21622,d,21625
21622,c,21625
21622,f,21625
21625,f,21625
21625,c,21625
21625,d,21625
21625,b,21625
21621,f,21625
21624,b,21625
21625,d,21626
21625,b,21626
21626,c,21626
21625,f,21626
21626,b,21626
21626,d,21626
21627,c,21626
21627,f,21626
21627,e,21626
21626,e,21626
21626,f,21626
21625,c,21626
21625,e,21626
21623,c,21626
21627,b,21626
21622,f,21626
21622,e,21626
21624,b,21626
21624,d,21626
21624,c,21626
21624,f,21626
21624,e,21626
21623,b,21626
21623,d,21626
21623,f,21626
21623,e,21626
21622,d,21626
21622,b,21626
21627,d,21626
21622,c,21626
21623,b,21627
21626,b,21627
21626,e,21627
21626,c,21627
21626,f,21627
21623,d,21627
21627,e,21627
21627,f,21627
21627,c,21627
21627,d,21627
21627,b,21627
21626,d,21627
21624,f,21627
21624,e,21627
21628,c,21627
21624,c,21627
21624,d,21627
21624,b,21627
21628,d,21627
21623,f,21627
21623,c,21627
21625,b,21627
21625,d,21627
21625,c,21627
21623,e,21627
21625,e,21627
21628,f,21627
21628,e,21627
21625,f,21627
21628,b,21627
21627,f,21628
21629,e,21628
21627,c,21628
21627,d,21628
21628,d,21628
21628,c,21628
21628,f,21628
21627,e,21628
21628,e,21628
21629,b,21628
21629,d,21628
21629,c,21628
21629,f,21628
21628,b,21628
21627,b,21628
21626,d,21628
21625,d,21628
21625,e,21628
21624,b,21628
21624,d,21628
21624,c,21628
21624,f,21628
21625,f,21628
21625,c,21628
21624,e,21628
21626,e,21628
21626,f,21628
21626,c,21628
21626,b,21628
21625,b,21628
21625,d,21629
21628,b,21629
21628,d,21629
21630,d,21629
21628,f,21629
21628,e,21629
21630,c,21629
21625,b,21629
21630,b,21629
21629,e,21629
21629,f,21629
21629,c,21629
21628,c,21629
21629,b,21629
21629,d,21629
21625,f,21629
21626,e,21629
21626,f,21629
21626,c,21629
21626,d,21629
21626,b,21629
21625,c,21629
21627,b,21629
21627,d,21629
21627,c,21629
21625,e,21629
21627,e,21629
21630,f,21629
21630,e,21629
21627,f,21629
21631,e,21630
21631,f,21630
21631,c,21630
21630,b,21630
21630,d,21630
21629,b,21630
21629,c,21630
21629,f,21630
21629,e,21630
21630,c,21630
21630,f,21630
21630,e,21630
21631,d,21630
21629,d,21630
21626,f,21630
21631,b,21630
21627,b,21630
21627,c,21630
21628,b,21630
21628,d,21630
21628,c,21630
21627,d,21630
21626,e,21630
21627,f,21630
21626,b,21630
21627,e,21630
21626,c,21630
21628,f,21630
21628,e,21630
21626,d,21630
21630,e,21631
21632,d,21631
21630,b,21631
21631,b,21631
21631,d,21631
21631,e,21631
21632,e,21631
21630,d,21631
21632,b,21631
21627,d,21631
21627,e,21631
21628,e,21631
21628,d,21631
21628,b,21631
21629,b,21631
21629,d,21631
21629,e,21631
21627,b,21631
21628,b,21632
21632,b,21632
21632,d,21632
21631,d,21632
21631,b,21632
21629,b,21632
21629,d,21632
21628,d,21632
21633,b,21632
21633,d,21632
21630,d,21632
21630,b,21632
21632,b,21633
21633,b,21633
21633,d,21633
21633,c,21633
21633,f,21633
21634,f,21633
21634,c,21633
21634,d,21633
21634,b,21633
21632,f,21633
21632,c,21633
21632,d,21633
21629,b,21633
21629,d,21633
21631,b,21633
21631,d,21633
21631,c,21633
21631,f,21633
21629,c,21633
21629,f,21633
21630,b,21633
21630,d,21633
21630,c,21633
21630,f,21633
21633,d,21634
21633,b,21634
21631,d,21634
21633,c,21634
21633,f,21634
21631,c,21634
21634,b,21634
21634,d,21634
21634,c,21634
21634,f,21634
21634,e,21634
21635,e,21634
21635,f,21634
21635,c,21634
21630,b,21634
21630,d,21634
21633,e,21634
21635,b,21634
21630,e,21634
21635,d,21634
21631,b,21634
21630,f,21634
21632,d,21634
21632,c,21634
21632,f,21634
21632,e,21634
21632,b,21634
21630,c,21634
21631,f,21634
21631,e,21634
21631,b,21635
21631,e,21635
21631,f,21635
21631,c,21635
21631,d,21635
21635,f,21635
21634,d,21635
21634,c,21635
21634,f,21635
21634,e,21635
21635,b,21635
21635,d,21635
21635,c,21635
21635,e,21635
21634,b,21635
21636,b,21635
21636,d,21635
21632,e,21635
21632,f,21635
21632,c,21635
21632,d,21635
21632,b,21635
21633,d,21635
21633,c,21635
21633,f,21635
21633,b,21635
21636,c,21635
21636,f,21635
21636,e,21635
21633,e,21635
21636,e,21636
21637,d,21636
21637,b,21636
21637,e,21636
21636,b,21636
21636,d,21636
21635,d,21636
21635,c,21636
21635,f,21636
21637,f,21636
21636,c,21636
21636,f,21636
21635,b,21636
21637,c,21636
21635,e,21636
21634,e,21636
21632,b,21636
21632,d,21636
21632,c,21636
21632,f,21636
21632,e,21636
21633,d,21636
21633,c,21636
21633,e,21636
21633,b,21636
21634,f,21636
21634,c,21636
21634,d,21636
21634,b,21636
21633,f,21636
21633,f,21637
21633,d,21637
21633,b,21637
21636,b,21637
21638,b,21637
21636,c,21637
21636,f,21637
21636,e,21637
21633,c,21637
21637,e,21637
21637,f,21637
21637,c,21637
21636,d,21637
21637,b,21637
21637,d,21637
21638,d,21637
21634,d,21637
21634,c,21637
21633,e,21637
21634,f,21637
21635,b,21637
21635,d,21637
21635,c,21637
21634,b,21637
21635,f,21637
21634,e,21637
21638,e,21637
21638,f,21637
21638,c,21637
21635,e,21637
21639,e,21638
21639,f,21638
21639,c,21638
21637,b,21638
21634,e,21638
21637,c,21638
21637,f,21638
21637,e,21638
21638,e,21638
21638,f,21638
21638,c,21638
21638,d,21638
21638,b,21638
21637,d,21638
21634,f,21638
21639,b,21638
21635,e,21638
21634,c,21638
21634,d,21638
21639,d,21638
21636,e,21638
21636,f,21638
21636,c,21638
21634,b,21638
21635,c,21638
21635,f,21638
21636,b,21638
21635,d,21638
21636,d,21638
21635,b,21638
21635,e,21639
21638,d,21639
21638,e,21639
21639,b,21639
21638,b,21639
21639,d,21639
21636,b,21639
21635,d,21639
21640,e,21639
21639,e,21639
21640,b,21639
21640,d,21639
21637,e,21639
21637,d,21639
21637,b,21639
21636,d,21639
21636,e,21639
21635,b,21639
21639,b,21640
21640,d,21640
21639,d,21640
21640,b,21640
21637,b,21640
21641,b,21640
21637,d,21640
21641,d,21640
21636,d,21640
21636,b,21640
21638,b,21640
21638,d,21640
21640,d,21641
21642,d,21641
21640,f,21641
21640,b,21641
21641,f,21641
21641,c,21641
21641,d,21641
21641,b,21641
21642,b,21641
21640,c,21641
21642,c,21641
21642,f,21641
21637,f,21641
21638,d,21641
21638,b,21641
21637,b,21641
21637,c,21641
21637,d,21641
21639,b,21641
21638,c,21641
21639,d,21641
21639,c,21641
21639,f,21641
21638,f,21641
21641,d,21642
21643,f,21642
21642,e,21642
21643,b,21642
21641,b,21642
21641,c,21642
21642,c,21642
21643,e,21642
21641,e,21642
21642,f,21642
21643,c,21642
21642,b,21642
21642,d,21642
21641,f,21642
21643,d,21642
21639,d,21642
21638,b,21642
21638,d,21642
21640,b,21642
21640,d,21642
21640,c,21642
21640,f,21642
21638,c,21642
21640,e,21642
21638,e,21642
21639,b,21642
21639,c,21642
21639,f,21642
21639,e,21642
21638,f,21642
21642,d,21643
21642,c,21643
21642,f,21643
21639,b,21643
21642,b,21643
21642,e,21643
21644,d,21643
21643,b,21643
21643,d,21643
21643,c,21643
21643,f,21643
21643,e,21643
21644,e,21643
21644,f,21643
21644,c,21643
21639,d,21643
21639,c,21643
21644,b,21643
21641,f,21643
21641,d,21643
21641,b,21643
21639,e,21643
21640,b,21643
21640,d,21643
21640,c,21643
21640,f,21643
21640,e,21643
21641,c,21643
21639,f,21643
21641,e,21643
21643,f,21644
21643,e,21644
21643,d,21644
21643,b,21644
21644,e,21644
21644,f,21644
21644,c,21644
21644,d,21644
21644,b,21644
21640,e,21644
21640,f,21644
21640,c,21644
21643,c,21644
21640,d,21644
21640,b,21644
21641,f,21644
21641,e,21644
21641,b,21644
21645,b,21644
21642,b,21644
21642,d,21644
21642,c,21644
21642,f,21644
21642,e,21644
21645,e,21644
21645,f,21644
21645,c,21644
21645,d,21644
21641,c,21644
21641,d,21644
21646,e,21645
21646,f,21645
21646,c,21645
21646,d,21645
21644,e,21645
21644,d,21645
21644,c,21645
21644,f,21645
21645,e,21645
21645,f,21645
21645,c,21645
21645,d,21645
21644,b,21645
21646,b,21645
21645,b,21645
21642,e,21645
21642,b,21645
21642,d,21645
21642,c,21645
21643,b,21645
21643,d,21645
21643,c,21645
21643,f,21645
21642,f,21645
21641,e,21645
21641,f,21645
21641,c,21645
21641,d,21645
21641,b,21645
21643,e,21645
21645,d,21646
21645,b,21646
21645,c,21646
21646,f,21646
21645,e,21646
21647,f,21646
21647,c,21646
21647,d,21646
21647,e,21646
21646,e,21646
21646,c,21646
21645,f,21646
21647,b,21646
21642,b,21646
21642,d,21646
21643,e,21646
21643,f,21646
21643,c,21646
21643,d,21646
21643,b,21646
21642,e,21646
21646,b,21646
21644,d,21646
21644,c,21646
21644,b,21646
21644,e,21646
21642,f,21646
21642,c,21646
21644,f,21646
21646,d,21646
21648,d,21647
21646,e,21647
21646,d,21647
21646,b,21647
21648,b,21647
21647,e,21647
21647,d,21647
21647,b,21647
21648,e,21647
21643,d,21647
21643,b,21647
21644,b,21647
21644,d,21647
21644,e,21647
21643,e,21647
21645,b,21647
21645,d,21647
21645,e,21647
21649,d,21648
21648,d,21648
21648,b,21648
21647,d,21648
21647,b,21648
21644,b,21648
21644,d,21648
21645,b,21648
21649,b,21648
21646,d,21648
21646,b,21648
21645,d,21648
21645,b,21649
21645,d,21649
21645,c,21649
21648,b,21649
21650,d,21649
21650,b,21649
21648,c,21649
21648,f,21649
21649,f,21649
21649,c,21649
21649,d,21649
21649,b,21649
21648,d,21649
21650,c,21649
21647,c,21649
21647,b,21649
21646,f,21649
21647,f,21649
21645,f,21649
21647,d,21649
21650,f,21649
21646,b,21649
21646,d,21649
21646,c,21649
21651,e,21650
21651,f,21650
21651,c,21650
21649,b,21650
21649,d,21650
21650,b,21650
21650,d,21650
21649,c,21650
21649,f,21650
21649,e,21650
21650,f,21650
21650,c,21650
21650,e,21650
21647,d,21650
21651,b,21650
21647,b,21650
21651,d,21650
21648,b,21650
21648,d,21650
21648,c,21650
21648,f,21650
21648,e,21650
21647,c,21650
21647,f,21650
21647,e,21650
21646,c,21650
21646,d,21650
21646,b,21650
21646,e,21650
21646,f,21650
21647,b,21651
21647,d,21651
21650,e,21651
21650,d,21651
21650,c,21651
21650,f,21651
21652,b,21651
21651,e,21651
21651,f,21651
21651,c,21651
21651,d,21651
21651,b,21651
21650,b,21651
21648,f,21651
21648,e,21651
21652,f,21651
21648,c,21651
21648,d,21651
21648,b,21651
21652,c,21651
21647,f,21651
21647,c,21651
21649,b,21651
21649,d,21651
21647,e,21651
21649,f,21651
21652,e,21651
21649,c,21651
21652,d,21651
21649,e,21651
21652,c,21652
21651,e,21652
21651,f,21652
21651,c,21652
21651,d,21652
21652,e,21652
21652,d,21652
21652,b,21652
21653,b,21652
21653,d,21652
21653,c,21652
21653,f,21652
21653,e,21652
21652,f,21652
21651,b,21652
21649,d,21652
21648,b,21652
21649,c,21652
21650,b,21652
21650,d,21652
21650,c,21652
21650,f,21652
21650,e,21652
21649,b,21652
21649,f,21652
21648,e,21652
21648,f,21652
21648,c,21652
21648,d,21652
21649,e,21652
21649,b,21653
21649,d,21653
21654,d,21653
21652,b,21653
21649,f,21653
21652,c,21653
21652,f,21653
21652,e,21653
21649,c,21653
21653,e,21653
21653,f,21653
21653,c,21653
21653,d,21653
21652,d,21653
21654,b,21653
21653,b,21653
21654,c,21653
21650,c,21653
21649,e,21653
21651,b,21653
21651,d,21653
21651,c,21653
21651,f,21653
21650,d,21653
21651,e,21653
21650,e,21653
21654,e,21653
21654,f,21653
21650,f,21653
21650,b,21653
21655,e,21654
21655,f,21654
21655,c,21654
21653,e,21654
21653,d,21654
21653,c,21654
21653,f,21654
21654,e,21654
21654,f,21654
21654,c,21654
21654,d,21654
21654,b,21654
21653,b,21654
21650,f,21654
21655,b,21654
21651,e,21654
21650,c,21654
21650,e,21654
21650,d,21654
21652,e,21654
21652,f,21654
21652,c,21654
21652,d,21654
21650,b,21654
21651,c,21654
21651,f,21654
21655,d,21654
21652,b,21654
21651,d,21654
21651,b,21654
21651,e,21655
21654,d,21655
21654,e,21655
21655,e,21655
21655,b,21655
21654,b,21655
21655,d,21655
21652,d,21655
21651,d,21655
21656,b,21655
21656,d,21655
21656,e,21655
21653,e,21655
21653,d,21655
21653,b,21655
21652,b,21655
21652,e,21655
21651,b,21655
21656,d,21656
21655,d,21656
21657,d,21656
21655,b,21656
21656,b,21656
21657,b,21656
21653,d,21656
21652,d,21656
21653,b,21656
21654,d,21656
21654,b,21656
21652,b,21656
21658,b,21657
21653,b,21657
21653,d,21657
21653,c,21657
21657,f,21657
21656,c,21657
21656,f,21657
21657,c,21657
21657,d,21657
21658,d,21657
21657,b,21657
21656,d,21657
21656,b,21657
21655,f,21657
21655,c,21657
21655,d,21657
21655,b,21657
21653,f,21657
21654,b,21657
21654,d,21657
21654,c,21657
21654,f,21657
21658,f,21657
21658,c,21657
21659,c,21658
21659,b,21658
21659,d,21658
21657,c,21658
21657,d,21658
21659,f,21658
21657,f,21658
21657,e,21658
21658,e,21658
21658,f,21658
21658,c,21658
21658,d,21658
21658,b,21658
21657,b,21658
21659,e,21658
21654,e,21658
21656,c,21658
21654,c,21658
21654,d,21658
21654,b,21658
21656,e,21658
21655,b,21658
21656,f,21658
21656,d,21658
21656,b,21658
21655,d,21658
21655,c,21658
21655,f,21658
21654,f,21658
21655,e,21658
21658,b,21659
21658,d,21659
21659,d,21659
21658,f,21659
21660,f,21659
21660,c,21659
21660,d,21659
21660,b,21659
21658,e,21659
21659,e,21659
21659,f,21659
21659,c,21659
21658,c,21659
21660,e,21659
21659,b,21659
21655,c,21659
21656,e,21659
21656,f,21659
21656,c,21659
21656,d,21659
21656,b,21659
21657,b,21659
21657,d,21659
21657,c,21659
21657,f,21659
21655,f,21659
21655,e,21659
21655,d,21659
21655,b,21659
21657,e,21659
21660,e,21660
21656,c,21660
21656,d,21660
21656,b,21660
21660,b,21660
21660,d,21660
21659,d,21660
21659,c,21660
21659,f,21660
21659,e,21660
21656,f,21660
21660,c,21660
21660,f,21660
21659,b,21660
21661,b,21660
21656,e,21660
21661,c,21660
21657,d,21660
21661,d,21660
21658,b,21660
21658,d,21660
21658,c,21660
21658,f,21660
21658,e,21660
21657,c,21660
21657,f,21660
21657,e,21660
21661,e,21660
21661,f,21660
21657,b,21660
21662,c,21661
21662,f,21661
21662,e,21661
21660,b,21661
21662,d,21661
21660,c,21661
21660,f,21661
21657,f,21661
21662,b,21661
21661,e,21661
21661,f,21661
21661,c,21661
21661,d,21661
21661,b,21661
21660,d,21661
21657,e,21661
21660,e,21661
21657,c,21661
21657,d,21661
21657,b,21661
21658,f,21661
21658,b,21661
21658,c,21661
21659,b,21661
21659,e,21661
21659,f,21661
21659,c,21661
21659,d,21661
21658,d,21661
21658,e,21661
21661,b,21662
21661,d,21662
21661,c,21662
21658,d,21662
21661,e,21662
21663,c,21662
21663,d,21662
21662,e,21662
21662,f,21662
21662,c,21662
21662,d,21662
21661,f,21662
21663,b,21662
21662,b,21662
21658,c,21662
21659,e,21662
21659,f,21662
21659,c,21662
21659,d,21662
21659,b,21662
21660,b,21662
21658,b,21662
21660,c,21662
21660,d,21662
21660,e,21662
21663,e,21662
21663,f,21662
21658,e,21662
21658,f,21662
21660,f,21662
21663,e,21663
21662,e,21663
21662,d,21663
21662,b,21663
21663,d,21663
21663,b,21663
21664,e,21663
21659,d,21663
21664,b,21663
21659,b,21663
21661,b,21663
21659,e,21663
21661,d,21663
21661,e,21663
21660,e,21663
21664,d,21663
21660,d,21663
21660,b,21663
21663,b,21664
21665,b,21664
21660,b,21664
21660,d,21664
21663,d,21664
21664,d,21664
21662,d,21664
21662,b,21664
21661,b,21664
21661,d,21664
21664,b,21664
21665,d,21664
21665,f,21665
21664,d,21665
21666,f,21665
21664,f,21665
21665,b,21665
21665,d,21665
21665,c,21665
21666,d,21665
21666,b,21665
21664,b,21665
21666,c,21665
21664,c,21665
21661,b,21665
21662,f,21665
21663,b,21665
21663,d,21665
21663,c,21665
21663,f,21665
21661,d,21665
21661,c,21665
21661,f,21665
21662,b,21665
21662,d,21665
21662,c,21665
21665,d,21666
21665,b,21666
21665,e,21666
21665,c,21666
21665,f,21666
21663,c,21666
21663,d,21666
21666,b,21666
21666,d,21666
21666,c,21666
21666,f,21666
21666,e,21666
21667,e,21666
21667,f,21666
21667,c,21666
21667,d,21666
21662,b,21666
21667,b,21666
21662,d,21666
21662,e,21666
21663,b,21666
21662,f,21666
21664,d,21666
21664,c,21666
21664,f,21666
21664,e,21666
21664,b,21666
21662,c,21666
21663,f,21666
21663,e,21666
21663,e,21667
21663,f,21667
21663,c,21667
21663,d,21667
21666,b,21667
21667,f,21667
21666,c,21667
21666,f,21667
21666,e,21667
21663,b,21667
21667,b,21667
21667,d,21667
21667,c,21667
21667,e,21667
21666,d,21667
21665,b,21667
21664,e,21667
21664,c,21667
21668,b,21667
21665,d,21667
21665,c,21667
21665,f,21667
21665,e,21667
21664,f,21667
21664,b,21667
21668,e,21667
21668,f,21667
21668,c,21667
21668,d,21667
21664,d,21667
21669,e,21668
21669,f,21668
21669,b,21668
21669,c,21668
21667,e,21668
21667,d,21668
21667,c,21668
21667,f,21668
21668,e,21668
21668,f,21668
21668,c,21668
21668,d,21668
21668,b,21668
21667,b,21668
21669,d,21668
21666,d,21668
21666,b,21668
21665,b,21668
21665,d,21668
21665,c,21668
21666,c,21668
21666,f,21668
21666,e,21668
21665,f,21668
21664,e,21668
21664,f,21668
21664,c,21668
21664,d,21668
21664,b,21668
21665,e,21668
21668,b,21669
21665,b,21669
21668,d,21669
21665,c,21669
21668,f,21669
21668,e,21669
21670,d,21669
21665,d,21669
21670,b,21669
21669,e,21669
21669,f,21669
21669,c,21669
21668,c,21669
21665,f,21669
21669,d,21669
21669,b,21669
21666,d,21669
21666,c,21669
21665,e,21669
21667,b,21669
21667,d,21669
21667,c,21669
21667,f,21669
21666,b,21669
21667,e,21669
21666,e,21669
21670,e,21669
21670,f,21669
21670,c,21669
21666,f,21669
21671,e,21670
21671,f,21670
21671,c,21670
21669,b,21670
21671,b,21670
21669,c,21670
21669,f,21670
21669,e,21670
21670,e,21670
21670,f,21670
21670,c,21670
21670,d,21670
21670,b,21670
21669,d,21670
21671,d,21670
21668,b,21670
21666,e,21670
21666,f,21670
21666,c,21670
21668,e,21670
21668,f,21670
21668,c,21670
21666,d,21670
21666,b,21670
21667,e,21670
21668,d,21670
21667,f,21670
21667,b,21670
21667,d,21670
21667,c,21670
21670,b,21671
21670,e,21671
21670,d,21671
21672,b,21671
21667,b,21671
21671,b,21671
21667,e,21671
21671,d,21671
21671,e,21671
21672,e,21671
21672,d,21671
21669,e,21671
21669,d,21671
21669,b,21671
21668,b,21671
21668,d,21671
21668,e,21671
21667,d,21671
21672,b,21672
21671,b,21672
21671,d,21672
21672,d,21672
21668,b,21672
21668,d,21672
21669,b,21672
21669,d,21672
21673,b,21672
21673,d,21672
21670,d,21672
21670,b,21672
21674,c,21673
21674,f,21673
21673,f,21673
21672,b,21673
21672,d,21673
21673,b,21673
21672,f,21673
21672,c,21673
21673,c,21673
21673,d,21673
21674,b,21673
21671,f,21673
21669,b,21673
21669,d,21673
21670,c,21673
21670,d,21673
21670,b,21673
21671,c,21673
21671,d,21673
21671,b,21673
21674,d,21673
21669,f,21673
21669,c,21673
21670,f,21673
21671,d,21674
21675,d,21674
21675,b,21674
21673,f,21674
21673,d,21674
21673,c,21674
21675,c,21674
21673,e,21674
21674,e,21674
21674,f,21674
21674,c,21674
21674,d,21674
21674,b,21674
21673,b,21674
21675,f,21674
21675,e,21674
21670,e,21674
21671,f,21674
21671,e,21674
21671,b,21674
21670,f,21674
21670,c,21674
21670,d,21674
21670,b,21674
21672,b,21674
21671,c,21674
21672,c,21674
21672,f,21674
21672,e,21674
21672,d,21674
21675,d,21675
21675,c,21675
21676,e,21675
21676,f,21675
21676,c,21675
21676,d,21675
21674,b,21675
21674,d,21675
21674,c,21675
21674,f,21675
21674,e,21675
21675,f,21675
21675,e,21675
21676,b,21675
21675,b,21675
21673,b,21675
21671,c,21675
21671,f,21675
21671,d,21675
21671,b,21675
21673,d,21675
21673,c,21675
21673,f,21675
21671,e,21675
21673,e,21675
21672,b,21675
21672,d,21675
21672,c,21675
21672,f,21675
21672,e,21675
21675,b,21676
21675,c,21676
21672,b,21676
21675,d,21676
21677,d,21676
21675,f,21676
21672,d,21676
21676,b,21676
21676,d,21676
21676,c,21676
21676,f,21676
21676,e,21676
21677,e,21676
21677,f,21676
21677,b,21676
21675,e,21676
21672,c,21676
21677,c,21676
21672,e,21676
21673,e,21676
21673,f,21676
21673,c,21676
21673,d,21676
21673,b,21676
21674,b,21676
21674,d,21676
21672,f,21676
21674,f,21676
21674,e,21676
21674,c,21676
21675,b,21677
21674,b,21677
21676,b,21677
21676,d,21677
21676,c,21677
21676,f,21677
21676,e,21677
21678,d,21677
21677,e,21677
21677,c,21677
21677,d,21677
21677,b,21677
21673,b,21677
21673,d,21677
21673,c,21677
21677,f,21677
21678,c,21677
21678,b,21677
21674,e,21677
21675,d,21677
21675,c,21677
21675,f,21677
21675,e,21677
21673,e,21677
21678,f,21677
21673,f,21677
21674,d,21677
21674,c,21677
21674,f,21677
21678,e,21677
21677,e,21678
21679,d,21678
21677,c,21678
21677,f,21678
21677,b,21678
21679,b,21678
21678,e,21678
21678,f,21678
21678,c,21678
21678,d,21678
21677,d,21678
21678,b,21678
21679,f,21678
21674,b,21678
21674,d,21678
21674,c,21678
21674,f,21678
21674,e,21678
21675,b,21678
21675,d,21678
21675,c,21678
21679,c,21678
21675,e,21678
21675,f,21678
21676,b,21678
21676,d,21678
21676,c,21678
21676,f,21678
21676,e,21678
21679,e,21678
21679,e,21679
21678,e,21679
21678,d,21679
21679,d,21679
21679,b,21679
21680,e,21679
21680,d,21679
21680,b,21679
21678,b,21679
21675,b,21679
21677,b,21679
21677,d,21679
21676,b,21679
21675,e,21679
21676,e,21679
21675,d,21679
21676,d,21679
21677,e,21679
21678,b,21680
21681,b,21680
21679,d,21680
21679,b,21680
21677,b,21680
21680,d,21680
21677,d,21680
21681,d,21680
21676,d,21680
21676,b,21680
21678,d,21680
21680,b,21680
21682,b,21681
21682,d,21681
21677,c,21681
21680,b,21681
21680,d,21681
21680,c,21681
21680,f,21681
21681,f,21681
21681,c,21681
21681,d,21681
21681,b,21681
21682,c,21681
21682,f,21681
21679,d,21681
21677,f,21681
21677,d,21681
21679,f,21681
21677,b,21681
21678,b,21681
21678,d,21681
21679,c,21681
21679,b,21681
21678,c,21681
21678,f,21681
21681,b,21682
21683,c,21682
21682,d,21682
21682,b,21682
21682,e,21682
21682,f,21682
21681,d,21682
21681,c,21682
21681,f,21682
21681,e,21682
21682,c,21682
21683,f,21682
21683,e,21682
21683,b,21682
21680,f,21682
21678,b,21682
21678,d,21682
21678,c,21682
21678,e,21682
21679,e,21682
21679,f,21682
21679,c,21682
21680,e,21682
21678,f,21682
21680,c,21682
21680,d,21682
21680,b,21682
21683,d,21682
21679,d,21682
21679,b,21682
21680,c,21683
21679,b,21683
21682,b,21683
21683,e,21683
21682,c,21683
21682,f,21683
21682,e,21683
21679,d,21683
21683,f,21683
21683,c,21683
21683,d,21683
21683,b,21683
21682,d,21683
21680,f,21683
21684,b,21683
21679,f,21683
21680,d,21683
21680,b,21683
21679,e,21683
21684,d,21683
21679,c,21683
21681,b,21683
21681,d,21683
21681,c,21683
21680,e,21683
21681,e,21683
21684,c,21683
21684,f,21683
21684,e,21683
21681,f,21683
21685,f,21684
21685,c,21684
21685,d,21684
21685,b,21684
21684,e,21684
21683,b,21684
21683,c,21684
21685,e,21684
21683,f,21684
21684,b,21684
21684,d,21684
21684,c,21684
21684,f,21684
21683,d,21684
21683,e,21684
21682,d,21684
21681,d,21684
21681,e,21684
21681,f,21684
21680,b,21684
21680,d,21684
21680,c,21684
21680,f,21684
21681,c,21684
21682,e,21684
21682,f,21684
21682,c,21684
21682,b,21684
21681,b,21684
21680,e,21684
21684,b,21685
21681,d,21685
21684,d,21685
21684,c,21685
21686,c,21685
21684,e,21685
21686,f,21685
21681,b,21685
21686,d,21685
21686,b,21685
21685,e,21685
21685,f,21685
21685,b,21685
21684,f,21685
21685,d,21685
21685,c,21685
21681,f,21685
21682,e,21685
21682,f,21685
21682,c,21685
21682,d,21685
21682,b,21685
21681,c,21685
21683,b,21685
21683,d,21685
21683,c,21685
21681,e,21685
21683,e,21685
21686,e,21685
21683,f,21685
21682,e,21686
21687,e,21686
21687,f,21686
21686,b,21686
21686,d,21686
21686,c,21686
21685,b,21686
21685,c,21686
21685,f,21686
21685,e,21686
21686,f,21686
21687,b,21686
21687,d,21686
21687,c,21686
21685,d,21686
21682,f,21686
21686,e,21686
21682,c,21686
21684,b,21686
21684,d,21686
21684,c,21686
21684,f,21686
21683,c,21686
21683,f,21686
21683,b,21686
21683,d,21686
21682,d,21686
21684,e,21686
21682,b,21686
21683,e,21686
21687,b,21687
21686,e,21687
21688,b,21687
21686,b,21687
21687,d,21687
21687,e,21687
21688,e,21687
21688,d,21687
21686,d,21687
21683,d,21687
21683,e,21687
21684,e,21687
21684,d,21687
21684,b,21687
21685,b,21687
21685,d,21687
21685,e,21687
21683,b,21687
21684,b,21688
21687,d,21688
21687,b,21688
21685,b,21688
21685,d,21688
21688,b,21688
21688,d,21688
21689,b,21688
21689,d,21688
21686,d,21688
21686,b,21688
21684,d,21688
21688,d,21689
21690,c,21689
21688,c,21689
21688,f,21689
21689,b,21689
21690,f,21689
21689,f,21689
21689,c,21689
21689,d,21689
21688,b,21689
21690,b,21689
21685,b,21689
21685,d,21689
21687,f,21689
21686,c,21689
21686,d,21689
21686,b,21689
21687,c,21689
21687,d,21689
21687,b,21689
21690,d,21689
21685,f,21689
21685,c,21689
21686,f,21689
21687,d,21690
21691,d,21690
21691,b,21690
21689,f,21690
21689,d,21690
21689,c,21690
21691,c,21690
21689,e,21690
21690,e,21690
21690,f,21690
21690,c,21690
21690,d,21690
21690,b,21690
21689,b,21690
21687,b,21690
21691,f,21690
21686,f,21690
21687,f,21690
21687,e,21690
21686,e,21690
21691,e,21690
21686,c,21690
21686,d,21690
21686,b,21690
21688,b,21690
21687,c,21690
21688,c,21690
21688,f,21690
21688,e,21690
21688,d,21690
21692,e,21691
21691,d,21691
21691,c,21691
21692,f,21691
21692,d,21691
21692,b,21691
21690,b,21691
21690,d,21691
21690,c,21691
21690,f,21691
21690,e,21691
21691,f,21691
21691,e,21691
21691,b,21691
21692,c,21691
21687,d,21691
21688,e,21691
21688,f,21691
21688,c,21691
21688,d,21691
21688,b,21691
21687,e,21691
21689,b,21691
21689,d,21691
21689,c,21691
21687,c,21691
21689,e,21691
21687,f,21691
21687,b,21691
21689,f,21691
21688,d,21692
21688,b,21692
21692,b,21692
21692,d,21692
21692,c,21692
21692,f,21692
21691,d,21692
21691,c,21692
21691,f,21692
21691,e,21692
21688,c,21692
21692,e,21692
21693,b,21692
21691,b,21692
21693,d,21692
21693,f,21692
21693,e,21692
21689,e,21692
21689,f,21692
21689,c,21692
21689,d,21692
21689,b,21692
21693,c,21692
21690,b,21692
21690,d,21692
21690,c,21692
21688,e,21692
21690,e,21692
21690,f,21692
21688,f,21692
21694,b,21693
21693,e,21693
21692,e,21693
21692,f,21693
21692,c,21693
21692,d,21693
21694,c,21693
21693,f,21693
21693,c,21693
21693,d,21693
21693,b,21693
21694,f,21693
21694,e,21693
21689,f,21693
21694,d,21693
21692,b,21693
21689,e,21693
21689,b,21693
21690,d,21693
21690,b,21693
21690,e,21693
21689,d,21693
21691,c,21693
21691,f,21693
21690,c,21693
21691,e,21693
21691,d,21693
21691,b,21693
21690,f,21693
21689,c,21693
21693,c,21694
21693,e,21694
21695,d,21694
21693,b,21694
21693,f,21694
21693,d,21694
21694,d,21694
21694,c,21694
21694,f,21694
21694,e,21694
21695,e,21694
21695,f,21694
21695,c,21694
21694,b,21694
21690,b,21694
21695,b,21694
21690,c,21694
21691,e,21694
21691,f,21694
21691,c,21694
21691,d,21694
21691,b,21694
21692,b,21694
21692,d,21694
21692,c,21694
21692,f,21694
21690,d,21694
21692,e,21694
21690,f,21694
21690,e,21694
21692,d,21695
21691,d,21695
21691,b,21695
21695,b,21695
21695,d,21695
21694,e,21695
21694,d,21695
21691,e,21695
21696,e,21695
21694,b,21695
21692,e,21695
21693,b,21695
21693,d,21695
21693,e,21695
21696,d,21695
21692,b,21695
21695,e,21695
21696,b,21695
21696,d,21696
21695,b,21696
21695,d,21696
21696,b,21696
21697,b,21696
21692,b,21696
21692,d,21696
21697,d,21696
21693,b,21696
21693,d,21696
21694,d,21696
21694,b,21696
21698,f,21697
21696,b,21697
21696,f,21697
21698,b,21697
21698,d,21697
21698,c,21697
21693,b,21697
21696,d,21697
21695,f,21697
21697,f,21697
21695,d,21697
21697,b,21697
21697,d,21697
21697,c,21697
21694,f,21697
21694,c,21697
21694,d,21697
21694,b,21697
21693,f,21697
21693,c,21697
21693,d,21697
21695,b,21697
21695,c,21697
21696,c,21697
21697,f,21698
21697,c,21698
21697,d,21698
21697,b,21698
21699,d,21698
21699,c,21698
21698,b,21698
21698,d,21698
21698,c,21698
21698,f,21698
21699,f,21698
21698,e,21698
21699,b,21698
21697,e,21698
21699,e,21698
21695,d,21698
21694,f,21698
21694,b,21698
21694,e,21698
21695,b,21698
21695,c,21698
21695,f,21698
21695,e,21698
21694,d,21698
21696,b,21698
21696,d,21698
21696,c,21698
21694,c,21698
21696,e,21698
21696,f,21698
21695,b,21699
21696,c,21699
21696,e,21699
21698,b,21699
21698,d,21699
21698,c,21699
21695,d,21699
21698,f,21699
21700,d,21699
21700,b,21699
21699,e,21699
21699,f,21699
21699,c,21699
21699,d,21699
21699,b,21699
21698,e,21699
21695,c,21699
21696,f,21699
21696,d,21699
21696,b,21699
21695,e,21699
21697,b,21699
21697,d,21699
21697,c,21699
21695,f,21699
21697,e,21699
21697,f,21699
21700,c,21699
21700,f,21699
21700,e,21699
21701,e,21700
21700,b,21700
21700,d,21700
21701,c,21700
21699,b,21700
21700,e,21700
21699,c,21700
21699,f,21700
21699,e,21700
21701,f,21700
21700,c,21700
21701,d,21700
21701,b,21700
21700,f,21700
21699,d,21700
21696,d,21700
21698,c,21700
21696,b,21700
21697,e,21700
21697,f,21700
21697,c,21700
21698,b,21700
21698,f,21700
21698,e,21700
21698,d,21700
21697,b,21700
21696,c,21700
21697,d,21700
21696,f,21700
21696,e,21700
21697,f,21701
21697,c,21701
21697,d,21701
21697,b,21701
21702,b,21701
21700,b,21701
21700,d,21701
21700,c,21701
21700,f,21701
21701,c,21701
21701,f,21701
21700,e,21701
21701,e,21701
21697,e,21701
21701,d,21701
21702,c,21701
21698,e,21701
21702,d,21701
21698,d,21701
21698,b,21701
21699,b,21701
21699,d,21701
21698,f,21701
21699,c,21701
21699,e,21701
21701,b,21701
21702,e,21701
21702,f,21701
21699,f,21701
21698,c,21701
21703,c,21702
21703,d,21702
21703,b,21702
21703,f,21702
21701,e,21702
21701,d,21702
21701,c,21702
21703,e,21702
21701,f,21702
21702,f,21702
21702,c,21702
21702,d,21702
21702,b,21702
21701,b,21702
21702,e,21702
21700,f,21702
21698,c,21702
21699,c,21702
21699,d,21702
21699,b,21702
21700,b,21702
21698,e,21702
21698,f,21702
21699,e,21702
21698,d,21702
21699,f,21702
21700,d,21702
21700,c,21702
21700,e,21702
21698,b,21702
21703,b,21703
21702,e,21703
21704,d,21703
21702,b,21703
21703,d,21703
21703,e,21703
21704,e,21703
21702,d,21703
21704,b,21703
21699,d,21703
21699,e,21703
21700,e,21703
21700,d,21703
21700,b,21703
21701,b,21703
21701,d,21703
21701,e,21703
21699,b,21703
21704,b,21704
21704,d,21704
21703,d,21704
21703,b,21704
21700,d,21704
21701,b,21704
21701,d,21704
21700,b,21704
21705,b,21704
21705,d,21704
21702,d,21704
21702,b,21704
21704,f,21705
21705,b,21705
21705,d,21705
21705,c,21705
21705,f,21705
21706,f,21705
21706,c,21705
21706,d,21705
21706,b,21705
21704,b,21705
21704,d,21705
21704,c,21705
21701,d,21705
21701,b,21705
21703,b,21705
21703,d,21705
21703,c,21705
21703,f,21705
21701,c,21705
21701,f,21705
21702,b,21705
21702,d,21705
21702,c,21705
21702,f,21705
21705,d,21706
21705,b,21706
21705,e,21706
21705,c,21706
21705,f,21706
21703,c,21706
21702,b,21706
21706,b,21706
21706,d,21706
21706,c,21706
21706,f,21706
21706,e,21706
21707,e,21706
21707,f,21706
21707,c,21706
21703,d,21706
21702,d,21706
21707,b,21706
21702,c,21706
21702,e,21706
21703,b,21706
21702,f,21706
21704,d,21706
21704,c,21706
21704,f,21706
21704,e,21706
21704,b,21706
21707,d,21706
21703,f,21706
21703,e,21706
21703,e,21707
21703,f,21707
21703,c,21707
21703,d,21707
21706,b,21707
21707,f,21707
21706,c,21707
21706,f,21707
21706,e,21707
21703,b,21707
21707,b,21707
21707,d,21707
21707,c,21707
21707,e,21707
21706,d,21707
21705,b,21707
21704,e,21707
21704,c,21707
21708,b,21707
21705,d,21707
21705,c,21707
21705,f,21707
21705,e,21707
21704,f,21707
21704,b,21707
21708,e,21707
21708,f,21707
21708,c,21707
21708,d,21707
21704,d,21707
21709,e,21708
21709,f,21708
21709,b,21708
21709,c,21708
21707,e,21708
21707,d,21708
21707,c,21708
21707,f,21708
21708,e,21708
21708,f,21708
21708,c,21708
21708,d,21708
21708,b,21708
21707,b,21708
21709,d,21708
21706,d,21708
21706,b,21708
21705,b,21708
21705,d,21708
21705,c,21708
21706,c,21708
21706,f,21708
21706,e,21708
21705,f,21708
21704,e,21708
21704,f,21708
21704,c,21708
21704,d,21708
21704,b,21708
21705,e,21708
21708,b,21709
21705,b,21709
21708,d,21709
21709,b,21709
21708,f,21709
21708,e,21709
21710,c,21709
21705,d,21709
21710,d,21709
21710,b,21709
21709,e,21709
21709,f,21709
21708,c,21709
21709,c,21709
21705,c,21709
21705,e,21709
21706,e,21709
21706,f,21709
21706,c,21709
21706,d,21709
21706,b,21709
21705,f,21709
21707,b,21709
21707,d,21709
21707,c,21709
21709,d,21709
21707,e,21709
21710,f,21709
21710,e,21709
21707,f,21709
21711,e,21710
21711,f,21710
21711,c,21710
21710,b,21710
21710,d,21710
21709,b,21710
21709,c,21710
21709,f,21710
21709,e,21710
21710,c,21710
21710,f,21710
21710,e,21710
21711,b,21710
21709,d,21710
21711,d,21710
21706,f,21710
21707,e,21710
21707,c,21710
21708,b,21710
21708,d,21710
21708,c,21710
21708,e,21710
21708,f,21710
21706,c,21710
21706,d,21710
21706,b,21710
21707,f,21710
21707,b,21710
21707,d,21710
21706,e,21710
21710,d,21711
21710,e,21711
21711,b,21711
21711,d,21711
21711,e,21711
21712,e,21711
21710,b,21711
21712,d,21711
21712,b,21711
21707,d,21711
21707,e,21711
21708,e,21711
21708,d,21711
21708,b,21711
21709,b,21711
21709,d,21711
21709,e,21711
21707,b,21711
21708,b,21712
21712,b,21712
21712,d,21712
21711,d,21712
21711,b,21712
21709,b,21712
21709,d,21712
21708,d,21712
21713,b,21712
21713,d,21712
21710,d,21712
21710,b,21712
21712,f,21713
21713,b,21713
21713,d,21713
21713,c,21713
21713,f,21713
21714,f,21713
21714,c,21713
21714,d,21713
21714,b,21713
21712,b,21713
21712,d,21713
21712,c,21713
21709,f,21713
21709,c,21713
21709,d,21713
21709,b,21713
21710,f,21713
21710,c,21713
21711,f,21713
21711,c,21713
21711,d,21713
21711,b,21713
21710,d,21713
21710,b,21713
21711,d,21714
21710,d,21714
21710,b,21714
21713,b,21714
21711,c,21714
21713,c,21714
21713,f,21714
21715,b,21714
21714,e,21714
21714,f,21714
21714,c,21714
21714,d,21714
21714,b,21714
21713,d,21714
21713,e,21714
21715,d,21714
21715,f,21714
21711,f,21714
21711,e,21714
21711,b,21714
21710,e,21714
21715,c,21714
21710,c,21714
21712,b,21714
21712,d,21714
21710,f,21714
21712,f,21714
21712,e,21714
21715,e,21714
21712,c,21714
21714,e,21715
21716,c,21715
21716,f,21715
21716,e,21715
21715,e,21715
21714,f,21715
21714,b,21715
21714,d,21715
21714,c,21715
21715,b,21715
21715,d,21715
21715,c,21715
21715,f,21715
21716,d,21715
21716,b,21715
21713,b,21715
21712,c,21715
21712,d,21715
21712,b,21715
21711,c,21715
21713,d,21715
21713,c,21715
21712,f,21715
21713,f,21715
21711,e,21715
21711,f,21715
21711,d,21715
21711,b,21715
21713,e,21715
21712,e,21715
21712,d,21716
21716,c,21716
21712,b,21716
21717,b,21716
21712,c,21716
21717,d,21716
21715,b,21716
21715,d,21716
21715,c,21716
21716,f,21716
21717,c,21716
21716,d,21716
21717,e,21716
21713,e,21716
21713,f,21716
21713,c,21716
21713,d,21716
21713,b,21716
21712,e,21716
21712,f,21716
21714,b,21716
21714,d,21716
21714,c,21716
21714,f,21716
21714,e,21716
21716,b,21716
21715,f,21716
21716,e,21716
21717,f,21716
21715,e,21716
21718,d,21717
21716,b,21717
21716,e,21717
21716,c,21717
21716,f,21717
21718,e,21717
21718,b,21717
21717,d,21717
21717,c,21717
21717,f,21717
21718,f,21717
21718,c,21717
21716,d,21717
21717,e,21717
21717,b,21717
21714,e,21717
21714,d,21717
21714,b,21717
21713,e,21717
21714,c,21717
21715,b,21717
21715,d,21717
21715,c,21717
21714,f,21717
21715,e,21717
21713,f,21717
21713,c,21717
21713,d,21717
21713,b,21717
21715,f,21717
21718,b,21718
21718,e,21718
21717,b,21718
21717,d,21718
21717,e,21718
21717,f,21718
21719,e,21718
21719,f,21718
21719,c,21718
21719,b,21718
21717,c,21718
21719,d,21718
21718,f,21718
21714,b,21718
21715,e,21718
21715,f,21718
21715,c,21718
21715,d,21718
21715,b,21718
21714,e,21718
21716,b,21718
21718,d,21718
21716,c,21718
21716,f,21718
21716,d,21718
21716,e,21718
21714,f,21718
21714,c,21718
21714,d,21718
21718,c,21718
21720,d,21719
21720,b,21719
21715,e,21719
21718,e,21719
21718,d,21719
21718,b,21719
21719,e,21719
21719,d,21719
21720,e,21719
21719,b,21719
21715,d,21719
21716,d,21719
21717,b,21719
21717,d,21719
21717,e,21719
21716,b,21719
21715,b,21719
21716,e,21719
21721,b,21720
21721,d,21720
21720,d,21720
21720,b,21720
21718,d,21720
21718,b,21720
21717,d,21720
21717,b,21720
21719,d,21720
21719,b,21720
21716,b,21720
21716,d,21720
21722,c,21721
21722,d,21721
21722,b,21721
21720,f,21721
21721,d,21721
21721,f,21721
21722,f,21721
21720,b,21721
21720,d,21721
21720,c,21721
21721,b,21721
21721,c,21721
21719,c,21721
21719,f,21721
21719,d,21721
21719,b,21721
21717,f,21721
21717,c,21721
21717,d,21721
21717,b,21721
21718,b,21721
21718,d,21721
21718,c,21721
21718,f,21721
21722,d,21722
21721,b,21722
21721,d,21722
21723,e,21722
21722,b,21722
21722,e,21722
21722,f,21722
21722,c,21722
21721,c,21722
21721,f,21722
21721,e,21722
21723,f,21722
21723,c,21722
21719,d,21722
21723,b,21722
21718,e,21722
21719,b,21722
21720,b,21722
21720,d,21722
21720,c,21722
21720,f,21722
21720,e,21722
21719,c,21722
21719,f,21722
21719,e,21722
21718,d,21722
21718,b,21722
21723,d,21722
21718,f,21722
21718,c,21722
21719,b,21723
21719,d,21723
21722,e,21723
21722,d,21723
21722,c,21723
21722,f,21723
21724,b,21723
21723,e,21723
21723,f,21723
21723,c,21723
21723,d,21723
21723,b,21723
21722,b,21723
21720,f,21723
21720,e,21723
21724,f,21723
21720,c,21723
21720,d,21723
21720,b,21723
21724,c,21723
21719,f,21723
21719,c,21723
21721,b,21723
21721,d,21723
21719,e,21723
21721,f,21723
21724,e,21723
21721,c,21723
21724,d,21723
21721,e,21723
21724,c,21724
21723,e,21724
21723,f,21724
21723,c,21724
21723,d,21724
21724,e,21724
21724,d,21724
21724,b,21724
21725,b,21724
21725,d,21724
21725,c,21724
21725,f,21724
21725,e,21724
21724,f,21724
21723,b,21724
21720,f,21724
21720,b,21724
21721,b,21724
21721,d,21724
21722,b,21724
21722,d,21724
21722,c,21724
21722,f,21724
21722,e,21724
21721,c,21724
21721,f,21724
21721,e,21724
21720,e,21724
21720,c,21724
21720,d,21724
21721,b,21725
21721,d,21725
21724,b,21725
21724,d,21725
21721,f,21725
21724,f,21725
21724,e,21725
21721,c,21725
21726,b,21725
21725,e,21725
21725,f,21725
21725,c,21725
21725,d,21725
21724,c,21725
21726,d,21725
21725,b,21725
21726,c,21725
21722,e,21725
21722,f,21725
21722,c,21725
21722,d,21725
21721,e,21725
21723,b,21725
21723,d,21725
21723,c,21725
21722,b,21725
21723,e,21725
21726,f,21725
21726,e,21725
21723,f,21725
21727,c,21726
21727,f,21726
21727,e,21726
21726,b,21726
21726,d,21726
21725,b,21726
21725,c,21726
21725,f,21726
21725,e,21726
21726,c,21726
21726,f,21726
21726,e,21726
21725,d,21726
21722,f,21726
21727,b,21726
21724,b,21726
21722,c,21726
21722,d,21726
21722,b,21726
21727,d,21726
21724,e,21726
21724,f,21726
21724,c,21726
21722,e,21726
21724,d,21726
21723,e,21726
21723,f,21726
21723,c,21726
21723,b,21726
21723,d,21726
21726,e,21727
21726,d,21727
21727,d,21727
21727,b,21727
21726,b,21727
21723,b,21727
21724,b,21727
21723,e,21727
21727,e,21727
21728,b,21727
21728,d,21727
21728,e,21727
21725,e,21727
21725,d,21727
21725,b,21727
21724,d,21727
21724,e,21727
21723,d,21727
21727,b,21728
21727,d,21728
21728,d,21728
21728,b,21728
21725,d,21728
21729,b,21728
21729,d,21728
21725,b,21728
21724,d,21728
21724,b,21728
21726,d,21728
21726,b,21728
21728,d,21729
21728,f,21729
21730,d,21729
21728,b,21729
21729,f,21729
21729,c,21729
21729,d,21729
21729,b,21729
21725,b,21729
21730,b,21729
21728,c,21729
21730,c,21729
21730,f,21729
21725,f,21729
21726,d,21729
21726,b,21729
21725,c,21729
21725,d,21729
21727,b,21729
21726,c,21729
21727,d,21729
21727,f,21729
21726,f,21729
21727,c,21729
21729,b,21730
21731,e,21730
21729,d,21730
21731,b,21730
21731,d,21730
21729,c,21730
21730,d,21730
21730,c,21730
21729,e,21730
21730,e,21730
21730,f,21730
21731,f,21730
21730,b,21730
21729,f,21730
21731,c,21730
21727,c,21730
21726,f,21730
21726,d,21730
21726,c,21730
21726,e,21730
21728,b,21730
21726,b,21730
21728,c,21730
21728,f,21730
21728,e,21730
21728,d,21730
21727,f,21730
21727,d,21730
21727,b,21730
21727,e,21730
21732,b,21731
21727,b,21731
21727,d,21731
21727,c,21731
21727,f,21731
21731,e,21731
21731,f,21731
21730,b,21731
21731,c,21731
21730,d,21731
21730,c,21731
21731,d,21731
21732,d,21731
21730,f,21731
21732,c,21731
21732,f,21731
21732,e,21731
21728,e,21731
21728,f,21731
21728,c,21731
21731,b,21731
21728,d,21731
21727,e,21731
21729,b,21731
21729,d,21731
21729,c,21731
21729,f,21731
21729,e,21731
21728,b,21731
21730,e,21731
21731,c,21732
21731,d,21732
21733,b,21732
21731,f,21732
21731,e,21732
21732,e,21732
21732,f,21732
21732,c,21732
21732,d,21732
21732,b,21732
21731,b,21732
21733,d,21732
21728,d,21732
21733,f,21732
21728,c,21732
21728,f,21732
21728,e,21732
21729,b,21732
21729,d,21732
21729,c,21732
21729,f,21732
21729,e,21732
21733,c,21732
21728,b,21732
21730,b,21732
21733,e,21732
21730,c,21732
21730,e,21732
21730,d,21732
21730,f,21732
21733,e,21733
21732,e,21733
21733,b,21733
21733,d,21733
21733,c,21733
21733,f,21733
21732,b,21733
21732,c,21733
21732,f,21733
21734,e,21733
21734,f,21733
21734,d,21733
21734,b,21733
21732,d,21733
21734,c,21733
21731,b,21733
21730,e,21733
21729,e,21733
21730,f,21733
21730,b,21733
21731,d,21733
21731,c,21733
21731,e,21733
21731,f,21733
21729,f,21733
21729,c,21733
21729,d,21733
21729,b,21733
21730,c,21733
21730,d,21733
21733,d,21734
21733,b,21734
21733,c,21734
21735,b,21734
21733,e,21734
21735,c,21734
21735,d,21734
21734,e,21734
21734,f,21734
21734,c,21734
21733,f,21734
21734,b,21734
21734,d,21734
21730,d,21734
21731,e,21734
21731,f,21734
21731,c,21734
21731,d,21734
21731,b,21734
21730,e,21734
21730,b,21734
21732,d,21734
21732,c,21734
21732,b,21734
21732,e,21734
21735,e,21734
21735,f,21734
21730,f,21734
21730,c,21734
21732,f,21734
21735,e,21735
21731,e,21735
21734,e,21735
21734,d,21735
21734,b,21735
21735,d,21735
21735,b,21735
21736,e,21735
21731,d,21735
21736,b,21735
21731,b,21735
21733,b,21735
21736,d,21735
21733,d,21735
21733,e,21735
21732,e,21735
21732,d,21735
21732,b,21735
21737,d,21736
21733,b,21736
21737,b,21736
21732,b,21736
21735,b,21736
21735,d,21736
21736,d,21736
21734,d,21736
21734,b,21736
21733,d,21736
21736,b,21736
21732,d,21736
21738,b,21737
21736,b,21737
21736,d,21737
21736,f,21737
21737,b,21737
21737,d,21737
21737,c,21737
21738,c,21737
21738,d,21737
21737,f,21737
21738,f,21737
21736,c,21737
21733,f,21737
21733,b,21737
21734,f,21737
21735,b,21737
21735,d,21737
21735,c,21737
21735,f,21737
21733,d,21737
21733,c,21737
21734,b,21737
21734,d,21737
21734,c,21737
21737,c,21738
21737,d,21738
21737,b,21738
21735,d,21738
21737,f,21738
21737,e,21738
21738,b,21738
21738,c,21738
21738,f,21738
21738,e,21738
21739,b,21738
21739,d,21738
21739,c,21738
21739,f,21738
21739,e,21738
21738,d,21738
21734,b,21738
21735,c,21738
21736,f,21738
21736,d,21738
21736,b,21738
21734,d,21738
21736,c,21738
21735,e,21738
21736,e,21738
21734,c,21738
21735,f,21738
21734,e,21738
21735,b,21738
21734,f,21738
21735,e,21739
21735,f,21739
21738,b,21739
21738,d,21739
21738,c,21739
21739,e,21739
21739,f,21739
21739,c,21739
21739,d,21739
21739,b,21739
21740,d,21739
21735,b,21739
21735,d,21739
21740,c,21739
21740,f,21739
21740,e,21739
21736,e,21739
21736,f,21739
21736,c,21739
21740,b,21739
21736,d,21739
21736,b,21739
21737,b,21739
21737,d,21739
21737,c,21739
21737,f,21739
21737,e,21739
21735,c,21739
21738,f,21739
21738,e,21739
21739,d,21740
21741,b,21740
21739,c,21740
21739,f,21740
21739,e,21740
21740,e,21740
21740,f,21740
21740,c,21740
21740,d,21740
21740,b,21740
21739,b,21740
21741,d,21740
21736,f,21740
21741,f,21740
21736,e,21740
21736,d,21740
21736,b,21740
21737,b,21740
21737,d,21740
21737,c,21740
21737,f,21740
21737,e,21740
21741,c,21740
21738,b,21740
21738,d,21740
21741,e,21740
21738,c,21740
21738,e,21740
21736,c,21740
21738,f,21740
21742,b,21741
21741,b,21741
21741,d,21741
21741,c,21741
21741,f,21741
21741,e,21741
21740,b,21741
21740,c,21741
21740,f,21741
21740,e,21741
21742,e,21741
21742,c,21741
21742,d,21741
21740,d,21741
21742,f,21741
21737,f,21741
21738,e,21741
21738,f,21741
21738,b,21741
21739,b,21741
21739,d,21741
21739,c,21741
21739,e,21741
21739,f,21741
21737,e,21741
21738,c,21741
21737,c,21741
21737,d,21741
21737,b,21741
21738,d,21741
21741,c,21742
21741,b,21742
21741,d,21742
21741,f,21742
21742,e,21742
21743,e,21742
21743,f,21742
21743,c,21742
21743,b,21742
21742,f,21742
21742,c,21742
21741,e,21742
21743,d,21742
21738,b,21742
21738,d,21742
21739,e,21742
21739,f,21742
21739,c,21742
21739,d,21742
21739,b,21742
21740,b,21742
21742,b,21742
21740,c,21742
21740,f,21742
21740,d,21742
21738,e,21742
21738,f,21742
21738,c,21742
21740,e,21742
21742,d,21742
21744,d,21743
21744,b,21743
21743,e,21743
21742,e,21743
21742,d,21743
21742,b,21743
21743,d,21743
21743,b,21743
21744,e,21743
21739,d,21743
21740,b,21743
21739,e,21743
21740,d,21743
21740,e,21743
21741,b,21743
21741,d,21743
21741,e,21743
21739,b,21743
21743,d,21744
21743,b,21744
21740,b,21744
21740,d,21744
21741,b,21744
21741,d,21744
21745,b,21744
21742,b,21744
21744,d,21744
21745,d,21744
21742,d,21744
21744,b,21744
21746,d,21745
21746,b,21745
21745,b,21745
21745,d,21745
21746,c,21745
21745,f,21745
21744,f,21745
21744,c,21745
21744,d,21745
21744,b,21745
21745,c,21745
21746,f,21745
21741,f,21745
21743,c,21745
21741,c,21745
21743,f,21745
21743,d,21745
21741,d,21745
21741,b,21745
21742,b,21745
21743,b,21745
21742,d,21745
21742,c,21745
21742,f,21745
21745,b,21746
21745,d,21746
21746,d,21746
21746,b,21746
21747,e,21746
21746,e,21746
21746,f,21746
21745,c,21746
21745,f,21746
21745,e,21746
21746,c,21746
21747,c,21746
21747,f,21746
21743,d,21746
21747,b,21746
21743,b,21746
21747,d,21746
21744,b,21746
21744,d,21746
21744,c,21746
21744,f,21746
21744,e,21746
21743,c,21746
21743,f,21746
21743,e,21746
21742,c,21746
21742,d,21746
21742,b,21746
21742,e,21746
21742,f,21746
21743,b,21747
21743,d,21747
21746,e,21747
21746,d,21747
21746,c,21747
21746,f,21747
21748,b,21747
21747,e,21747
21747,f,21747
21747,c,21747
21747,d,21747
21747,b,21747
21746,b,21747
21748,d,21747
21744,e,21747
21748,f,21747
21744,c,21747
21744,d,21747
21744,b,21747
21744,f,21747
21743,f,21747
21743,c,21747
21745,b,21747
21745,d,21747
21743,e,21747
21745,f,21747
21748,e,21747
21745,c,21747
21748,c,21747
21745,e,21747
21748,c,21748
21747,f,21748
21747,c,21748
21747,d,21748
21747,b,21748
21748,e,21748
21748,b,21748
21749,b,21748
21749,d,21748
21749,c,21748
21749,f,21748
21749,e,21748
21748,f,21748
21748,d,21748
21747,e,21748
21746,e,21748
21745,b,21748
21744,b,21748
21744,d,21748
21744,c,21748
21744,f,21748
21744,e,21748
21745,e,21748
21745,f,21748
21745,d,21748
21746,f,21748
21746,c,21748
21746,d,21748
21746,b,21748
21745,c,21748
21745,c,21749
21745,b,21749
21748,b,21749
21748,d,21749
21750,b,21749
21748,f,21749
21748,e,21749
21750,c,21749
21750,d,21749
21745,d,21749
21749,e,21749
21749,f,21749
21749,b,21749
21748,c,21749
21749,d,21749
21749,c,21749
21745,e,21749
21746,d,21749
21745,f,21749
21747,b,21749
21747,d,21749
21747,c,21749
21747,f,21749
21747,e,21749
21746,c,21749
21746,f,21749
21746,e,21749
21750,e,21749
21750,f,21749
21746,b,21749
21751,c,21750
21751,f,21750
21751,e,21750
21749,b,21750
21751,d,21750
21749,c,21750
21749,f,21750
21749,e,21750
21746,e,21750
21750,e,21750
21750,f,21750
21750,c,21750
21750,d,21750
21750,b,21750
21749,d,21750
21746,f,21750
21751,b,21750
21747,b,21750
21747,c,21750
21748,b,21750
21748,d,21750
21748,c,21750
21747,d,21750
21747,f,21750
21746,b,21750
21747,e,21750
21746,c,21750
21748,f,21750
21748,e,21750
21746,d,21750
21751,b,21751
21750,e,21751
21752,d,21751
21750,b,21751
21751,d,21751
21751,e,21751
21752,e,21751
21750,d,21751
21752,b,21751
21747,d,21751
21747,e,21751
21748,e,21751
21748,d,21751
21748,b,21751
21749,b,21751
21749,d,21751
21749,e,21751
21747,b,21751
21752,b,21752
21752,d,21752
21751,d,21752
21751,b,21752
21749,b,21752
21749,d,21752
21748,d,21752
21753,b,21752
21753,d,21752
21750,d,21752
21750,b,21752
21748,b,21752
21752,d,21753
21752,b,21753
21753,b,21753
21753,d,21753
21753,c,21753
21753,f,21753
21754,f,21753
21754,c,21753
21754,d,21753
21754,b,21753
21752,f,21753
21752,c,21753
21749,b,21753
21749,d,21753
21751,b,21753
21751,d,21753
21751,c,21753
21751,f,21753
21749,c,21753
21749,f,21753
21750,b,21753
21750,d,21753
21750,c,21753
21750,f,21753
21753,d,21754
21753,b,21754
21751,d,21754
21753,c,21754
21753,f,21754
21751,c,21754
21754,b,21754
21754,d,21754
21754,c,21754
21754,f,21754
21754,e,21754
21755,e,21754
21755,f,21754
21755,c,21754
21750,b,21754
21750,d,21754
21753,e,21754
21755,b,21754
21750,c,21754
21750,f,21754
21750,e,21754
21755,d,21754
21751,b,21754
21752,b,21754
21752,c,21754
21752,f,21754
21752,d,21754
21751,e,21754
21751,f,21754
21752,e,21754
21751,d,21755
21754,b,21755
21756,b,21755
21754,d,21755
21751,c,21755
21751,f,21755
21751,e,21755
21754,c,21755
21754,f,21755
21754,e,21755
21755,e,21755
21756,d,21755
21755,f,21755
21756,f,21755
21751,b,21755
21752,e,21755
21752,f,21755
21752,c,21755
21752,d,21755
21752,b,21755
21753,b,21755
21756,c,21755
21753,d,21755
21753,f,21755
21753,e,21755
21755,b,21755
21755,d,21755
21755,c,21755
21756,e,21755
21753,c,21755
21755,b,21756
21755,d,21756
21757,d,21756
21755,f,21756
21757,c,21756
21756,b,21756
21756,d,21756
21756,c,21756
21756,f,21756
21757,e,21756
21756,e,21756
21757,b,21756
21755,c,21756
21755,e,21756
21757,f,21756
21753,c,21756
21752,b,21756
21752,d,21756
21752,c,21756
21752,f,21756
21753,b,21756
21753,e,21756
21753,f,21756
21752,e,21756
21754,e,21756
21754,f,21756
21754,c,21756
21754,d,21756
21754,b,21756
21753,d,21756
21753,c,21757
21753,b,21757
21756,b,21757
21758,d,21757
21756,c,21757
21756,f,21757
21756,e,21757
21753,d,21757
21758,b,21757
21757,e,21757
21757,f,21757
21757,c,21757
21756,d,21757
21757,d,21757
21757,b,21757
21758,c,21757
21754,e,21757
21754,f,21757
21754,c,21757
21754,d,21757
21753,f,21757
21753,e,21757
21755,b,21757
21755,d,21757
21755,c,21757
21754,b,21757
21755,e,21757
21758,f,21757
21758,e,21757
21755,f,21757
21759,c,21758
21759,f,21758
21759,e,21758
21758,b,21758
21758,d,21758
21757,b,21758
21757,c,21758
21757,f,21758
21757,e,21758
21758,c,21758
21758,f,21758
21758,e,21758
21757,d,21758
21754,f,21758
21759,b,21758
21756,b,21758
21754,c,21758
21754,d,21758
21754,b,21758
21759,d,21758
21756,e,21758
21756,f,21758
21756,c,21758
21754,e,21758
21756,d,21758
21755,e,21758
21755,f,21758
21755,c,21758
21755,b,21758
21755,d,21758
21758,e,21759
21758,d,21759
21759,d,21759
21759,b,21759
21758,b,21759
21755,b,21759
21756,b,21759
21755,e,21759
21759,e,21759
21760,b,21759
21760,d,21759
21760,e,21759
21757,e,21759
21757,d,21759
21757,b,21759
21756,d,21759
21756,e,21759
21755,d,21759
21759,b,21760
21759,d,21760
21760,d,21760
21760,b,21760
21757,b,21760
21761,b,21760
21757,d,21760
21761,d,21760
21756,d,21760
21756,b,21760
21758,d,21760
21758,b,21760
21760,d,21761
21760,f,21761
21762,d,21761
21760,b,21761
21761,f,21761
21761,c,21761
21761,d,21761
21761,b,21761
21757,b,21761
21762,b,21761
21760,c,21761
21762,c,21761
21762,f,21761
21757,f,21761
21758,d,21761
21758,b,21761
21757,c,21761
21757,d,21761
21759,b,21761
21758,c,21761
21759,d,21761
21759,f,21761
21758,f,21761
21759,c,21761
21761,b,21762
21763,e,21762
21761,d,21762
21763,b,21762
21763,d,21762
21761,c,21762
21762,d,21762
21762,c,21762
21761,e,21762
21762,e,21762
21762,f,21762
21763,f,21762
21762,b,21762
21761,f,21762
21763,c,21762
21759,d,21762
21758,d,21762
21758,c,21762
21758,b,21762
21760,b,21762
21760,d,21762
21760,c,21762
21760,f,21762
21758,f,21762
21760,e,21762
21759,b,21762
21759,c,21762
21759,f,21762
21759,e,21762
21758,e,21762
21762,b,21763
21764,d,21763
21762,c,21763
21759,b,21763
21762,d,21763
21762,e,21763
21759,d,21763
21763,b,21763
21763,d,21763
21763,c,21763
21763,f,21763
21763,e,21763
21764,e,21763
21764,f,21763
21764,c,21763
21762,f,21763
21759,c,21763
21764,b,21763
21761,f,21763
21761,d,21763
21761,b,21763
21759,e,21763
21760,b,21763
21760,d,21763
21760,c,21763
21760,f,21763
21760,e,21763
21761,c,21763
21759,f,21763
21761,e,21763
21763,f,21764
21763,e,21764
21763,d,21764
21763,b,21764
21764,e,21764
21764,f,21764
21764,c,21764
21764,d,21764
21764,b,21764
21760,e,21764
21760,f,21764
21760,c,21764
21763,c,21764
21760,d,21764
21760,b,21764
21761,f,21764
21761,e,21764
21761,b,21764
21765,b,21764
21762,b,21764
21762,d,21764
21762,c,21764
21762,f,21764
21762,e,21764
21765,e,21764
21765,f,21764
21765,c,21764
21765,d,21764
21761,c,21764
21761,d,21764
21766,f,21765
21766,c,21765
21766,d,21765
21766,b,21765
21764,e,21765
21764,d,21765
21764,c,21765
21766,e,21765
21765,f,21765
21765,c,21765
21765,d,21765
21765,b,21765
21764,b,21765
21765,e,21765
21764,f,21765
21762,e,21765
21762,d,21765
21762,b,21765
21761,e,21765
21762,c,21765
21763,b,21765
21763,d,21765
21763,c,21765
21762,f,21765
21763,e,21765
21761,f,21765
21761,c,21765
21761,d,21765
21761,b,21765
21763,f,21765
21766,b,21766
21766,f,21766
21765,b,21766
21765,d,21766
21765,e,21766
21765,f,21766
21767,e,21766
21767,f,21766
21767,c,21766
21767,b,21766
21765,c,21766
21767,d,21766
21766,e,21766
21762,b,21766
21763,e,21766
21763,f,21766
21763,c,21766
21763,d,21766
21763,b,21766
21762,e,21766
21764,b,21766
21766,d,21766
21764,c,21766
21764,f,21766
21764,d,21766
21764,e,21766
21762,f,21766
21762,c,21766
21762,d,21766
21766,c,21766
21768,d,21767
21768,b,21767
21763,e,21767
21766,e,21767
21766,d,21767
21766,b,21767
21767,e,21767
21767,d,21767
21768,e,21767
21767,b,21767
21763,d,21767
21763,b,21767
21764,b,21767
21764,d,21767
21764,e,21767
21765,b,21767
21765,d,21767
21765,e,21767
21769,d,21768
21768,d,21768
21768,b,21768
21767,d,21768
21767,b,21768
21764,b,21768
21764,d,21768
21765,b,21768
21765,d,21768
21769,b,21768
21766,d,21768
21766,b,21768
21770,b,21769
21766,b,21769
21765,d,21769
21765,c,21769
21765,f,21769
21765,b,21769
21768,b,21769
21768,c,21769
21768,f,21769
21769,f,21769
21769,c,21769
21769,d,21769
21769,b,21769
21768,d,21769
21770,d,21769
21767,f,21769
21770,f,21769
21766,f,21769
21766,c,21769
21770,c,21769
21767,b,21769
21767,d,21769
21767,c,21769
21766,d,21769
21770,f,21770
21770,c,21770
21770,d,21770
21769,e,21770
21770,b,21770
21769,c,21770
21769,d,21770
21769,b,21770
21771,f,21770
21771,c,21770
21771,d,21770
21771,b,21770
21771,e,21770
21770,e,21770
21769,f,21770
21766,f,21770
21767,e,21770
21767,f,21770
21767,c,21770
21767,d,21770
21767,b,21770
21766,e,21770
21768,b,21770
21768,d,21770
21768,c,21770
21766,c,21770
21768,e,21770
21766,d,21770
21766,b,21770
21768,f,21770
21767,d,21771
21767,b,21771
21771,b,21771
21771,d,21771
21771,c,21771
21771,f,21771
21770,d,21771
21770,c,21771
21770,f,21771
21770,e,21771
21767,c,21771
21771,e,21771
21768,e,21771
21770,b,21771
21772,b,21771
21772,c,21771
21772,f,21771
21768,f,21771
21768,c,21771
21768,d,21771
21768,b,21771
21772,d,21771
21767,f,21771
21769,b,21771
21769,d,21771
21769,c,21771
21767,e,21771
21769,e,21771
21772,e,21771
21769,f,21771
21773,e,21772
21773,f,21772
21773,c,21772
21773,d,21772
21772,b,21772
21772,d,21772
21771,b,21772
21771,c,21772
21771,f,21772
21771,e,21772
21772,f,21772
21772,e,21772
21773,b,21772
21772,c,21772
21768,b,21772
21771,d,21772
21770,b,21772
21768,e,21772
21769,b,21772
21768,d,21772
21769,d,21772
21769,c,21772
21769,f,21772
21769,e,21772
21768,f,21772
21770,d,21772
21770,c,21772
21768,c,21772
21770,e,21772
21770,f,21772
21770,f,21773
21770,e,21773
21774,d,21773
21772,b,21773
21772,d,21773
21772,c,21773
21769,b,21773
21772,e,21773
21773,f,21773
21773,c,21773
21773,d,21773
21773,b,21773
21774,e,21773
21774,c,21773
21774,f,21773
21773,e,21773
21769,d,21773
21770,c,21773
21769,f,21773
21770,b,21773
21771,b,21773
21771,d,21773
21771,c,21773
21771,f,21773
21771,e,21773
21774,b,21773
21769,c,21773
21772,f,21773
21770,d,21773
21769,e,21773
21773,f,21774
21773,e,21774
21773,d,21774
21773,b,21774
21774,d,21774
21774,f,21774
21774,e,21774
21775,b,21774
21775,d,21774
21775,c,21774
21774,c,21774
21773,c,21774
21770,f,21774
21775,e,21774
21770,c,21774
21770,d,21774
21770,b,21774
21771,b,21774
21771,d,21774
21771,c,21774
21771,f,21774
21771,e,21774
21775,f,21774
21774,b,21774
21770,e,21774
21772,b,21774
21772,d,21774
21772,c,21774
21772,f,21774
21772,e,21774
21776,d,21775
21774,e,21775
21774,b,21775
21775,e,21775
21775,d,21775
21775,b,21775
21776,b,21775
21776,e,21775
21774,d,21775
21771,b,21775
21773,b,21775
21773,d,21775
21773,e,21775
21772,d,21775
21772,b,21775
21771,d,21775
21771,e,21775
21772,e,21775
21774,d,21776
21774,b,21776
21772,b,21776
21775,b,21776
21773,b,21776
21776,d,21776
21776,b,21776
21773,d,21776
21777,d,21776
21772,d,21776
21777,b,21776
21775,d,21776
21778,b,21777
21778,d,21777
21773,c,21777
21776,b,21777
21776,d,21777
21776,c,21777
21776,f,21777
21777,f,21777
21777,c,21777
21777,d,21777
21777,b,21777
21778,c,21777
21778,f,21777
21775,c,21777
21773,d,21777
21775,f,21777
21773,b,21777
21773,f,21777
21774,b,21777
21775,d,21777
21775,b,21777
21774,d,21777
21774,c,21777
21774,f,21777
21778,d,21778
21777,b,21778
21777,d,21778
21779,f,21778
21778,b,21778
21779,e,21778
21778,e,21778
21778,f,21778
21777,c,21778
21777,f,21778
21777,e,21778
21778,c,21778
21779,c,21778
21779,d,21778
21779,b,21778
21776,e,21778
21774,b,21778
21774,d,21778
21774,c,21778
21774,e,21778
21775,e,21778
21775,f,21778
21775,c,21778
21774,f,21778
21776,f,21778
21776,c,21778
21776,d,21778
21776,b,21778
21775,d,21778
21775,b,21778
21780,d,21779
21775,b,21779
21778,b,21779
21778,e,21779
21778,c,21779
21778,f,21779
21775,d,21779
21779,e,21779
21779,f,21779
21779,c,21779
21779,d,21779
21779,b,21779
21778,d,21779
21780,b,21779
21776,e,21779
21780,c,21779
21776,c,21779
21776,d,21779
21776,b,21779
21775,e,21779
21776,f,21779
21775,c,21779
21777,b,21779
21777,d,21779
21777,c,21779
21775,f,21779
21777,e,21779
21780,f,21779
21780,e,21779
21777,f,21779
21781,f,21780
21781,c,21780
21781,d,21780
21781,b,21780
21780,b,21780
21780,d,21780
21779,c,21780
21779,f,21780
21779,e,21780
21780,c,21780
21780,f,21780
21780,e,21780
21779,b,21780
21781,e,21780
21779,d,21780
21778,b,21780
21777,d,21780
21777,c,21780
21778,d,21780
21778,c,21780
21777,f,21780
21778,f,21780
21778,e,21780
21777,e,21780
21776,e,21780
21776,f,21780
21776,c,21780
21776,d,21780
21776,b,21780
21777,b,21780
21777,b,21781
21777,d,21781
21780,b,21781
21777,f,21781
21780,c,21781
21780,f,21781
21780,e,21781
21777,c,21781
21782,b,21781
21781,e,21781
21781,f,21781
21781,c,21781
21780,d,21781
21781,b,21781
21781,d,21781
21782,d,21781
21778,d,21781
21778,c,21781
21777,e,21781
21778,f,21781
21779,b,21781
21779,d,21781
21779,c,21781
21778,b,21781
21779,f,21781
21778,e,21781
21782,e,21781
21782,f,21781
21782,c,21781
21779,e,21781
21783,e,21782
21783,f,21782
21783,c,21782
21781,b,21782
21778,e,21782
21781,c,21782
21781,f,21782
21781,e,21782
21782,e,21782
21782,f,21782
21782,c,21782
21782,d,21782
21782,b,21782
21781,d,21782
21778,f,21782
21783,b,21782
21779,e,21782
21778,c,21782
21778,d,21782
21783,d,21782
21780,e,21782
21780,f,21782
21780,c,21782
21778,b,21782
21779,c,21782
21779,f,21782
21780,d,21782
21780,b,21782
21779,d,21782
21779,b,21782
21779,e,21783
21782,d,21783
21782,e,21783
21783,b,21783
21782,b,21783
21783,d,21783
21780,b,21783
21779,d,21783
21784,e,21783
21783,e,21783
21784,b,21783
21784,d,21783
21781,e,21783
21781,d,21783
21781,b,21783
21780,d,21783
21780,e,21783
21779,b,21783
21783,b,21784
21784,d,21784
21783,d,21784
21784,b,21784
21781,b,21784
21785,b,21784
21781,d,21784
21780,d,21784
21780,b,21784
21785,d,21784
21782,d,21784
21782,b,21784
21784,d,21785
21784,f,21785
21786,d,21785
21784,b,21785
21785,f,21785
21785,c,21785
21785,d,21785
21785,b,21785
21781,b,21785
21786,b,21785
21784,c,21785
21786,c,21785
21786,f,21785
21781,f,21785
21782,f,21785
21783,f,21785
21783,c,21785
21783,d,21785
21783,b,21785
21781,d,21785
21781,c,21785
21782,b,21785
21782,d,21785
21782,c,21785
21787,d,21786
21787,b,21786
21787,e,21786
21785,b,21786
21785,d,21786
21786,d,21786
21786,c,21786
21785,e,21786
21786,e,21786
21786,f,21786
21787,f,21786
21786,b,21786
21785,c,21786
21787,c,21786
21785,f,21786
21782,e,21786
21783,e,21786
21783,f,21786
21783,c,21786
21783,d,21786
21783,b,21786
21784,b,21786
21784,d,21786
21784,c,21786
21784,f,21786
21782,f,21786
21782,c,21786
21782,d,21786
21782,b,21786
21784,e,21786
21787,e,21787
21783,c,21787
21783,d,21787
21783,b,21787
21787,b,21787
21787,d,21787
21786,d,21787
21786,c,21787
21786,f,21787
21783,f,21787
21787,c,21787
21787,f,21787
21786,b,21787
21786,e,21787
21784,e,21787
21788,b,21787
21784,c,21787
21784,f,21787
21788,d,21787
21783,e,21787
21785,b,21787
21785,d,21787
21785,c,21787
21784,d,21787
21785,f,21787
21788,e,21787
21788,f,21787
21788,c,21787
21785,e,21787
21784,b,21787
21789,b,21788
21789,d,21788
21789,c,21788
21789,f,21788
21787,e,21788
21787,d,21788
21787,c,21788
21787,f,21788
21788,f,21788
21788,c,21788
21788,d,21788
21788,b,21788
21787,b,21788
21788,e,21788
21784,b,21788
21786,b,21788
21785,e,21788
21785,f,21788
21785,c,21788
21785,d,21788
21785,b,21788
21786,d,21788
21786,c,21788
21786,f,21788
21789,e,21788
21784,d,21788
21784,c,21788
21784,f,21788
21784,e,21788
21786,e,21788
21789,e,21789
21785,b,21789
21789,d,21789
21788,b,21789
21788,d,21789
21788,f,21789
21788,e,21789
21790,b,21789
21785,d,21789
21789,c,21789
21789,f,21789
21788,c,21789
21785,c,21789
21789,b,21789
21790,d,21789
21786,e,21789
21786,f,21789
21786,c,21789
21786,d,21789
21786,b,21789
21785,f,21789
21787,b,21789
21787,d,21789
21787,c,21789
21785,e,21789
21787,e,21789
21790,c,21789
21790,f,21789
21790,e,21789
21787,f,21789
21791,d,21790
21791,c,21790
21791,f,21790
21790,b,21790
21790,d,21790
21789,d,21790
21789,c,21790
21789,f,21790
21789,e,21790
21790,c,21790
21790,f,21790
21791,e,21790
21789,b,21790
21791,b,21790
21790,e,21790
21786,c,21790
21787,c,21790
21787,d,21790
21787,b,21790
21788,b,21790
21786,e,21790
21786,f,21790
21787,e,21790
21786,d,21790
21787,f,21790
21788,d,21790
21788,c,21790
21788,f,21790
21788,e,21790
21786,b,21790
21791,b,21791
21790,e,21791
21790,d,21791
21792,d,21791
21791,d,21791
21791,e,21791
21792,e,21791
21790,b,21791
21792,b,21791
21787,d,21791
21787,e,21791
21788,e,21791
21788,d,21791
21788,b,21791
21789,b,21791
21789,d,21791
21789,e,21791
21787,b,21791
21792,b,21792
21791,d,21792
21791,b,21792
21792,d,21792
21789,b,21792
21789,d,21792
21788,b,21792
21788,d,21792
21793,b,21792
21793,d,21792
21790,d,21792
21790,b,21792
21792,b,21793
21792,f,21793
21793,b,21793
21793,d,21793
21794,c,21793
21794,f,21793
21793,f,21793
21793,c,21793
21792,c,21793
21792,d,21793
21794,b,21793
21794,d,21793
21789,b,21793
21789,d,21793
21790,f,21793
21790,c,21793
21790,d,21793
21790,b,21793
21791,f,21793
21791,c,21793
21791,d,21793
21791,b,21793
21789,f,21793
21789,c,21793
21795,b,21794
21790,b,21794
21793,b,21794
21791,d,21794
21793,c,21794
21795,d,21794
21793,e,21794
21794,e,21794
21794,f,21794
21794,c,21794
21794,d,21794
21794,b,21794
21793,d,21794
21793,f,21794
21795,c,21794
21795,e,21794
21791,c,21794
21791,f,21794
21791,e,21794
21795,f,21794
21790,f,21794
21790,c,21794
21790,d,21794
21792,b,21794
21790,e,21794
21792,c,21794
21792,d,21794
21791,b,21794
21792,f,21794
21792,e,21794
21794,f,21795
21796,c,21795
21795,c,21795
21794,c,21795
21794,d,21795
21795,f,21795
21795,e,21795
21796,e,21795
21796,f,21795
21794,e,21795
21795,d,21795
21795,b,21795
21794,b,21795
21796,d,21795
21792,b,21795
21796,b,21795
21791,b,21795
21791,d,21795
21792,e,21795
21792,f,21795
21792,c,21795
21792,d,21795
21791,c,21795
21793,e,21795
21793,f,21795
21793,c,21795
21793,d,21795
21793,b,21795
21791,e,21795
21791,f,21795
21797,b,21796
21795,b,21796
21795,e,21796
21795,c,21796
21795,f,21796
21792,b,21796
21796,e,21796
21796,f,21796
21796,c,21796
21796,d,21796
21796,b,21796
21795,d,21796
21792,d,21796
21792,c,21796
21792,e,21796
21793,d,21796
21793,c,21796
21797,d,21796
21792,f,21796
21794,b,21796
21794,d,21796
21794,c,21796
21794,f,21796
21794,e,21796
21793,f,21796
21793,e,21796
21797,e,21796
21797,f,21796
21797,c,21796
21793,b,21796
21798,e,21797
21798,f,21797
21798,b,21797
21796,b,21797
21798,c,21797
21796,c,21797
21796,f,21797
21796,e,21797
21797,e,21797
21797,f,21797
21797,c,21797
21797,d,21797
21797,b,21797
21796,d,21797
21798,d,21797
21793,f,21797
21794,e,21797
21794,f,21797
21794,b,21797
21795,b,21797
21795,d,21797
21795,c,21797
21795,e,21797
21795,f,21797
21793,e,21797
21794,c,21797
21793,c,21797
21793,d,21797
21793,b,21797
21794,d,21797
21797,c,21798
21797,b,21798
21797,d,21798
21797,f,21798
21798,e,21798
21799,e,21798
21799,f,21798
21799,c,21798
21799,b,21798
21798,f,21798
21798,c,21798
21797,e,21798
21799,d,21798
21794,b,21798
21794,d,21798
21795,e,21798
21795,f,21798
21795,c,21798
21795,d,21798
21795,b,21798
21796,b,21798
21798,b,21798
21796,c,21798
21796,f,21798
21796,d,21798
21794,e,21798
21794,f,21798
21794,c,21798
21796,e,21798
21798,d,21798
21800,d,21799
21800,b,21799
21799,e,21799
21798,e,21799
21798,d,21799
21798,b,21799
21799,d,21799
21799,b,21799
21800,e,21799
21795,d,21799
21795,e,21799
21796,d,21799
21796,b,21799
21796,e,21799
21797,b,21799
21797,d,21799
21797,e,21799
21795,b,21799
21798,b,21800
21801,b,21800
21801,d,21800
21800,d,21800
21800,b,21800
21799,d,21800
21797,d,21800
21797,b,21800
21798,d,21800
21799,b,21800
21796,d,21800
21796,b,21800
21802,d,21801
21802,b,21801
21801,b,21801
21801,f,21801
21801,c,21801
21802,c,21801
21800,b,21801
21800,d,21801
21800,c,21801
21800,f,21801
21801,d,21801
21802,f,21801
21797,f,21801
21799,c,21801
21799,f,21801
21797,c,21801
21797,d,21801
21797,b,21801
21798,b,21801
21798,d,21801
21799,d,21801
21799,b,21801
21798,c,21801
21798,f,21801
21801,b,21802
21803,f,21802
21802,d,21802
21802,b,21802
21802,f,21802
21802,c,21802
21801,d,21802
21801,c,21802
21801,f,21802
21801,e,21802
21803,c,21802
21803,e,21802
21802,e,21802
21799,c,21802
21803,b,21802
21798,e,21802
21799,b,21802
21800,b,21802
21800,d,21802
21800,c,21802
21800,f,21802
21798,f,21802
21800,e,21802
21803,d,21802
21799,f,21802
21799,e,21802
21798,d,21802
21798,b,21802
21799,d,21802
21798,c,21802
21799,b,21803
21802,f,21803
21802,d,21803
21802,c,21803
21804,b,21803
21802,e,21803
21803,e,21803
21803,f,21803
21803,c,21803
21803,d,21803
21803,b,21803
21802,b,21803
21800,f,21803
21800,e,21803
21804,f,21803
21800,c,21803
21800,d,21803
21800,b,21803
21804,c,21803
21799,f,21803
21799,c,21803
21799,d,21803
21801,b,21803
21801,d,21803
21799,e,21803
21801,f,21803
21804,e,21803
21801,c,21803
21804,d,21803
21801,e,21803
21804,c,21804
21803,e,21804
21803,f,21804
21803,c,21804
21803,d,21804
21804,e,21804
21804,d,21804
21804,b,21804
21805,b,21804
21805,d,21804
21805,c,21804
21805,f,21804
21805,e,21804
21804,f,21804
21803,b,21804
21800,f,21804
21802,b,21804
21801,b,21804
21801,d,21804
21802,d,21804
21802,c,21804
21802,f,21804
21802,e,21804
21800,e,21804
21801,f,21804
21801,e,21804
21800,c,21804
21800,d,21804
21800,b,21804
21801,c,21804
21804,b,21805
21801,b,21805
21804,d,21805
21801,c,21805
21804,f,21805
21804,e,21805
21806,b,21805
21801,d,21805
21805,e,21805
21805,f,21805
21805,c,21805
21805,b,21805
21804,c,21805
21801,f,21805
21805,d,21805
21803,e,21805
21802,f,21805
21802,e,21805
21802,b,21805
21801,e,21805
21803,b,21805
21803,d,21805
21803,c,21805
21803,f,21805
21802,d,21805
21806,e,21805
21806,f,21805
21806,c,21805
21806,d,21805
21802,c,21805
21807,f,21806
21807,c,21806
21807,d,21806
21807,e,21806
21806,e,21806
21805,e,21806
21805,d,21806
21805,c,21806
21805,f,21806
21806,f,21806
21806,c,21806
21806,d,21806
21806,b,21806
21805,b,21806
21807,b,21806
21804,c,21806
21802,f,21806
21804,b,21806
21803,f,21806
21803,c,21806
21803,d,21806
21803,b,21806
21802,e,21806
21802,c,21806
21803,e,21806
21804,d,21806
21804,f,21806
21804,e,21806
21802,b,21806
21802,d,21806
21807,d,21807
21806,b,21807
21807,b,21807
21806,e,21807
21808,b,21807
21806,d,21807
21803,d,21807
21807,e,21807
21808,e,21807
21808,d,21807
21805,e,21807
21805,d,21807
21805,b,21807
21804,b,21807
21804,d,21807
21804,e,21807
21803,b,21807
21803,e,21807
21807,b,21808
21807,d,21808
21808,b,21808
21808,d,21808
21804,b,21808
21806,d,21808
21805,b,21808
21805,d,21808
21809,b,21808
21809,d,21808
21804,d,21808
21806,b,21808
21810,c,21809
21810,f,21809
21809,f,21809
21808,c,21809
21809,c,21809
21809,d,21809
21809,b,21809
21808,b,21809
21808,d,21809
21808,f,21809
21810,d,21809
21810,b,21809
21805,b,21809
21805,d,21809
21806,f,21809
21806,c,21809
21806,d,21809
21807,f,21809
21807,c,21809
21807,d,21809
21807,b,21809
21805,c,21809
21806,b,21809
21805,f,21809
21807,b,21810
21811,b,21810
21806,b,21810
21809,b,21810
21809,e,21810
21809,c,21810
21809,f,21810
21811,d,21810
21810,e,21810
21810,f,21810
21810,c,21810
21810,d,21810
21810,b,21810
21809,d,21810
21807,d,21810
21811,c,21810
21811,e,21810
21807,f,21810
21807,e,21810
21811,f,21810
21806,f,21810
21806,c,21810
21806,d,21810
21808,b,21810
21808,d,21810
21806,e,21810
21808,f,21810
21808,c,21810
21807,c,21810
21808,e,21810
21811,c,21811
21810,e,21811
21810,f,21811
21810,c,21811
21812,e,21811
21810,d,21811
21811,e,21811
21812,b,21811
21812,d,21811
21812,c,21811
21812,f,21811
21811,d,21811
21811,b,21811
21811,f,21811
21810,b,21811
21809,c,21811
21807,f,21811
21807,e,21811
21808,b,21811
21808,d,21811
21808,c,21811
21808,f,21811
21808,e,21811
21807,c,21811
21807,d,21811
21809,b,21811
21809,d,21811
21807,b,21811
21809,e,21811
21809,f,21811
21811,f,21812
21811,c,21812
21811,d,21812
21811,b,21812
21813,e,21812
21813,f,21812
21813,c,21812
21809,e,21812
21809,f,21812
21809,c,21812
21808,b,21812
21808,d,21812
21808,c,21812
21808,f,21812
21812,f,21812
21812,c,21812
21812,d,21812
21812,b,21812
21811,e,21812
21809,b,21812
21813,b,21812
21813,d,21812
21810,e,21812
21810,f,21812
21810,c,21812
21810,d,21812
21810,b,21812
21808,e,21812
21809,d,21812
21812,e,21812
21813,b,21813
21809,f,21813
21812,d,21813
21812,c,21813
21812,e,21813
21814,d,21813
21814,b,21813
21813,e,21813
21813,f,21813
21813,c,21813
21812,b,21813
21812,f,21813
21811,b,21813
21814,f,21813
21809,c,21813
21809,d,21813
21809,b,21813
21810,b,21813
21810,d,21813
21810,c,21813
21810,f,21813
21810,e,21813
21814,c,21813
21809,e,21813
21813,d,21813
21814,e,21813
21811,c,21813
21811,e,21813
21811,d,21813
21811,f,21813
21815,b,21814
21814,b,21814
21814,d,21814
21814,c,21814
21814,f,21814
21814,e,21814
21813,b,21814
21813,c,21814
21813,f,21814
21813,e,21814
21815,f,21814
21815,e,21814
21815,d,21814
21813,d,21814
21815,c,21814
21810,c,21814
21810,e,21814
21812,b,21814
21812,d,21814
21811,f,21814
21811,c,21814
21811,d,21814
21811,b,21814
21810,f,21814
21811,e,21814
21812,c,21814
21812,f,21814
21812,e,21814
21810,b,21814
21810,d,21814
21815,d,21815
21814,d,21815
21814,b,21815
21815,b,21815
21815,e,21815
21814,e,21815
21811,e,21815
21811,d,21815
21812,e,21815
21816,b,21815
21816,d,21815
21816,e,21815
21812,d,21815
21813,e,21815
21811,b,21815
21813,d,21815
21813,b,21815
21812,b,21815
21812,d,21816
21815,b,21816
21816,b,21816
21815,d,21816
21816,d,21816
21817,d,21816
21812,b,21816
21817,b,21816
21813,d,21816
21813,b,21816
21814,d,21816
21814,b,21816
21816,f,21817
21816,c,21817
21816,d,21817
21817,c,21817
21818,c,21817
21816,b,21817
21817,d,21817
21817,b,21817
21813,b,21817
21813,d,21817
21813,c,21817
21818,b,21817
21817,f,21817
21818,f,21817
21818,d,21817
21814,b,21817
21814,f,21817
21815,f,21817
21815,c,21817
21815,d,21817
21815,b,21817
21813,f,21817
21814,d,21817
21814,c,21817
21819,c,21818
21819,f,21818
21819,e,21818
21817,b,21818
21817,d,21818
21818,d,21818
21818,b,21818
21818,e,21818
21817,f,21818
21817,e,21818
21818,f,21818
21819,d,21818
21817,c,21818
21819,b,21818
21818,c,21818
21814,b,21818
21814,c,21818
21814,d,21818
21816,b,21818
21816,d,21818
21816,c,21818
21816,f,21818
21814,f,21818
21816,e,21818
21815,b,21818
21815,d,21818
21815,c,21818
21815,f,21818
21815,e,21818
21814,e,21818
21818,d,21819
21818,b,21819
21818,f,21819
21820,b,21819
21818,c,21819
21818,e,21819
21819,b,21819
21819,d,21819
21819,c,21819
21819,f,21819
21819,e,21819
21816,e,21819
21820,e,21819
21820,f,21819
21820,c,21819
21815,b,21819
21815,d,21819
21820,d,21819
21817,c,21819
21817,d,21819
21817,b,21819
21815,f,21819
21815,e,21819
21816,b,21819
21816,d,21819
21816,c,21819
21816,f,21819
21815,c,21819
21817,e,21819
21817,f,21819
21816,e,21820
21819,c,21820
21819,d,21820
21819,b,21820
21820,e,21820
21820,f,21820
21820,c,21820
21820,d,21820
21820,b,21820
21816,f,21820
21816,c,21820
21816,d,21820
21819,e,21820
21819,f,21820
21816,b,21820
21821,b,21820
21817,e,21820
21817,f,21820
21817,c,21820
21817,d,21820
21818,b,21820
21818,d,21820
21818,c,21820
21818,f,21820
21817,b,21820
21821,e,21820
21821,d,21820
21821,c,21820
21821,f,21820
21818,e,21820
21822,d,21821
21822,c,21821
21822,f,21821
21821,e,21821
21822,e,21821
21821,f,21821
21820,d,21821
21820,c,21821
21820,f,21821
21820,e,21821
21821,b,21821
21821,d,21821
21821,c,21821
21820,b,21821
21822,b,21821
21819,e,21821
21817,b,21821
21818,c,21821
21818,d,21821
21818,b,21821
21817,e,21821
21817,f,21821
21817,c,21821
21817,d,21821
21818,e,21821
21819,b,21821
21818,f,21821
21819,c,21821
21819,f,21821
21819,d,21821
21822,d,21822
21823,c,21822
21823,f,21822
21823,e,21822
21823,d,21822
21821,b,21822
21821,f,21822
21821,e,21822
21822,e,21822
21822,f,21822
21822,c,21822
21822,b,21822
21821,c,21822
21821,d,21822
21823,b,21822
21818,d,21822
21819,e,21822
21819,f,21822
21819,c,21822
21819,d,21822
21819,b,21822
21818,e,21822
21820,b,21822
21820,d,21822
21820,c,21822
21818,b,21822
21820,e,21822
21820,f,21822
21818,c,21822
21818,f,21822
21824,e,21823
21819,b,21823
21823,b,21823
21823,d,21823
21823,e,21823
21822,e,21823
21822,d,21823
21822,b,21823
21819,e,21823
21820,d,21823
21821,b,21823
21821,d,21823
21821,e,21823
21820,b,21823
21824,b,21823
21824,d,21823
21820,e,21823
21819,d,21823
21825,d,21824
21824,b,21824
21825,b,21824
21823,b,21824
21824,d,21824
21823,d,21824
21821,b,21824
21820,d,21824
21821,d,21824
21822,b,21824
21822,d,21824
21820,b,21824
21824,f,21825
21824,c,21825
21824,d,21825
21824,b,21825
21826,c,21825
21825,c,21825
21825,d,21825
21821,b,21825
21821,d,21825
21821,c,21825
21826,b,21825
21826,d,21825
21825,f,21825
21825,b,21825
21822,d,21825
21822,f,21825
21822,c,21825
21822,b,21825
21821,f,21825
21823,b,21825
21823,d,21825
21826,f,21825
21823,f,21825
21823,c,21825
21827,d,21826
21827,c,21826
21827,f,21826
21827,e,21826
21825,b,21826
21825,d,21826
21825,c,21826
21826,b,21826
21826,f,21826
21826,c,21826
21826,e,21826
21825,e,21826
21822,f,21826
21825,f,21826
21826,d,21826
21822,e,21826
21827,b,21826
21823,b,21826
21823,e,21826
21823,f,21826
21823,c,21826
21823,d,21826
21824,b,21826
21824,c,21826
21824,f,21826
21824,d,21826
21822,b,21826
21822,d,21826
21822,c,21826
21824,e,21826
21826,b,21827
21826,d,21827
21828,b,21827
21826,c,21827
21826,f,21827
21826,e,21827
21823,b,21827
21823,d,21827
21823,c,21827
21823,f,21827
21823,e,21827
21828,d,21827
21827,f,21827
21828,f,21827
21824,e,21827
21824,f,21827
21824,c,21827
21824,d,21827
21824,b,21827
21827,b,21827
21825,b,21827
21828,c,21827
21825,d,21827
21825,f,21827
21825,e,21827
21827,d,21827
21827,c,21827
21827,e,21827
21828,e,21827
21825,c,21827
21827,b,21828
21827,d,21828
21829,c,21828
21827,f,21828
21829,f,21828
21828,b,21828
21828,d,21828
21828,c,21828
21828,f,21828
21829,e,21828
21828,e,21828
21829,b,21828
21829,d,21828
21827,c,21828
21827,e,21828
21826,e,21828
21824,d,21828
21825,e,21828
21825,f,21828
21825,c,21828
21825,d,21828
21825,b,21828
21824,e,21828
21826,b,21828
21826,d,21828
21826,c,21828
21824,c,21828
21824,b,21828
21824,f,21828
21826,f,21828
21829,e,21829
21829,f,21829
21825,c,21829
21828,c,21829
21828,d,21829
21828,b,21829
21829,c,21829
21829,d,21829
21829,b,21829
21830,e,21829
21825,b,21829
21825,d,21829
21828,e,21829
21828,f,21829
21825,e,21829
21830,f,21829
21830,c,21829
21830,d,21829
21826,e,21829
21826,f,21829
21826,c,21829
21826,d,21829
21826,b,21829
21827,b,21829
21825,f,21829
21827,c,21829
21827,f,21829
21827,e,21829
21830,b,21829
21827,d,21829
21829,f,21830
21829,e,21830
21829,c,21830
21829,d,21830
21829,b,21830
21830,d,21830
21830,c,21830
21830,f,21830
21830,e,21830
21831,b,21830
21831,d,21830
21826,f,21830
21831,f,21830
21826,c,21830
21826,d,21830
21826,b,21830
21827,b,21830
21827,d,21830
21827,c,21830
21827,f,21830
21827,e,21830
21831,c,21830
21830,b,21830
21826,e,21830
21828,b,21830
21828,d,21830
21828,c,21830
21828,f,21830
21828,e,21830
21831,e,21830
21832,b,21831
21830,e,21831
21832,e,21831
21830,b,21831
21831,d,21831
21831,b,21831
21831,e,21831
21832,d,21831
21830,d,21831
21828,d,21831
21829,b,21831
21829,d,21831
21829,e,21831
21828,b,21831
21827,d,21831
21827,e,21831
21827,b,21831
21828,e,21831
21828,b,21832
21828,d,21832
21832,d,21832
21831,b,21832
21832,b,21832
21833,b,21832
21830,d,21832
21830,b,21832
21829,b,21832
21829,d,21832
21833,d,21832
21831,d,21832
21834,b,21833
21829,f,21833
21829,c,21833
21832,b,21833
21832,d,21833
21832,c,21833
21832,f,21833
21833,f,21833
21833,c,21833
21833,d,21833
21833,b,21833
21834,d,21833
21834,c,21833
21831,c,21833
21829,d,21833
21829,b,21833
21830,b,21833
21830,d,21833
21830,c,21833
21831,f,21833
21831,d,21833
21831,b,21833
21834,f,21833
21830,f,21833
21834,b,21834
21833,b,21834
21833,d,21834
21835,e,21834
21835,f,21834
21834,e,21834
21834,f,21834
21833,c,21834
21833,f,21834
21833,e,21834
21834,c,21834
21834,d,21834
21835,c,21834
21835,d,21834
21835,b,21834
21832,e,21834
21830,b,21834
21830,d,21834
21830,c,21834
21830,e,21834
21831,e,21834
21831,f,21834
21831,c,21834
21830,f,21834
21832,f,21834
21832,c,21834
21832,d,21834
21832,b,21834
21831,d,21834
21831,b,21834
21836,d,21835
21831,b,21835
21834,b,21835
21834,e,21835
21834,c,21835
21834,f,21835
21831,d,21835
21835,e,21835
21835,f,21835
21835,c,21835
21835,d,21835
21835,b,21835
21834,d,21835
21836,b,21835
21832,e,21835
21836,c,21835
21832,c,21835
21832,d,21835
21832,b,21835
21831,e,21835
21832,f,21835
21831,c,21835
21833,b,21835
21833,d,21835
21833,c,21835
21831,f,21835
21833,e,21835
21836,f,21835
21836,e,21835
21833,f,21835
21837,f,21836
21837,c,21836
21837,d,21836
21837,b,21836
21836,b,21836
21836,d,21836
21835,c,21836
21835,f,21836
21835,e,21836
21836,c,21836
21836,f,21836
21836,e,21836
21835,b,21836
21837,e,21836
21835,d,21836
21834,b,21836
21833,d,21836
21833,c,21836
21834,d,21836
21834,c,21836
21833,f,21836
21834,f,21836
21834,e,21836
21833,e,21836
21832,e,21836
21832,f,21836
21832,c,21836
21832,d,21836
21832,b,21836
21833,b,21836
21833,b,21837
21833,d,21837
21836,b,21837
21833,f,21837
21836,c,21837
21836,f,21837
21836,e,21837
21833,c,21837
21838,b,21837
21837,e,21837
21837,f,21837
21837,c,21837
21836,d,21837
21837,b,21837
21837,d,21837
21838,d,21837
21834,d,21837
21834,c,21837
21833,e,21837
21834,f,21837
21835,b,21837
21835,d,21837
21835,c,21837
21834,b,21837
21835,f,21837
21834,e,21837
21838,e,21837
21838,f,21837
21838,c,21837
21835,e,21837
21839,e,21838
21839,f,21838
21839,c,21838
21837,b,21838
21834,e,21838
21837,c,21838
21837,f,21838
21837,e,21838
21838,e,21838
21838,f,21838
21838,c,21838
21838,d,21838
21838,b,21838
21837,d,21838
21834,f,21838
21839,b,21838
21835,e,21838
21834,c,21838
21834,d,21838
21839,d,21838
21836,e,21838
21836,f,21838
21836,c,21838
21834,b,21838
21835,c,21838
21835,f,21838
21836,d,21838
21836,b,21838
21835,d,21838
21835,b,21838
21835,e,21839
21838,d,21839
21838,e,21839
21839,b,21839
21838,b,21839
21839,d,21839
21836,b,21839
21835,d,21839
21840,e,21839
21839,e,21839
21840,b,21839
21840,d,21839
21837,e,21839
21837,d,21839
21837,b,21839
21836,d,21839
21836,e,21839
21835,b,21839
21839,b,21840
21840,d,21840
21839,d,21840
21840,b,21840
21837,b,21840
21841,b,21840
21837,d,21840
21836,d,21840
21836,b,21840
21841,d,21840
21838,d,21840
21838,b,21840
21840,d,21841
21840,f,21841
21842,d,21841
21840,b,21841
21841,f,21841
21841,c,21841
21841,d,21841
21841,b,21841
21837,b,21841
21842,b,21841
21840,c,21841
21842,c,21841
21842,f,21841
21837,f,21841
21838,d,21841
21838,b,21841
21837,c,21841
21837,d,21841
21839,b,21841
21838,c,21841
21839,d,21841
21839,f,21841
21838,f,21841
21839,c,21841
21841,b,21842
21843,f,21842
21841,d,21842
21843,b,21842
21843,e,21842
21841,c,21842
21842,d,21842
21842,c,21842
21841,e,21842
21842,e,21842
21842,f,21842
21843,c,21842
21842,b,21842
21841,f,21842
21843,d,21842
21838,f,21842
21838,e,21842
21839,e,21842
21839,f,21842
21839,c,21842
21839,d,21842
21839,b,21842
21840,b,21842
21840,d,21842
21840,c,21842
21840,f,21842
21838,c,21842
21838,d,21842
21838,b,21842
21840,e,21842
21844,d,21843
21839,c,21843
21839,d,21843
21839,b,21843
21843,b,21843
21843,d,21843
21843,c,21843
21842,d,21843
21842,c,21843
21842,f,21843
21839,f,21843
21843,f,21843
21843,e,21843
21842,b,21843
21842,e,21843
21844,b,21843
21844,e,21843
21840,e,21843
21840,f,21843
21840,c,21843
21840,d,21843
21844,f,21843
21839,e,21843
21841,b,21843
21841,d,21843
21841,c,21843
21840,b,21843
21841,e,21843
21841,f,21843
21844,c,21843
21844,e,21844
21840,b,21844
21843,e,21844
21843,f,21844
21843,c,21844
21843,d,21844
21845,d,21844
21844,f,21844
21844,c,21844
21844,d,21844
21844,b,21844
21845,c,21844
21845,f,21844
21845,e,21844
21845,b,21844
21843,b,21844
21840,d,21844
21842,b,21844
21840,c,21844
21840,f,21844
21840,e,21844
21841,b,21844
21841,d,21844
21841,f,21844
21841,e,21844
21841,c,21844
21842,d,21844
21842,e,21844
21842,f,21844
21842,c,21844
21841,d,21845
21841,c,21845
21841,f,21845
21841,b,21845
21844,b,21845
21845,b,21845
21844,c,21845
21844,f,21845
21844,e,21845
21846,d,21845
21846,b,21845
21845,e,21845
21845,f,21845
21844,d,21845
21846,c,21845
21841,e,21845
21846,f,21845
21842,e,21845
21842,f,21845
21842,c,21845
21845,c,21845
21842,b,21845
21843,b,21845
21843,d,21845
21843,c,21845
21842,d,21845
21843,e,21845
21846,e,21845
21843,f,21845
21845,d,21845
21846,c,21846
21845,e,21846
21845,f,21846
21845,c,21846
21845,d,21846
21846,e,21846
21846,d,21846
21846,b,21846
21847,b,21846
21847,d,21846
21847,c,21846
21847,f,21846
21847,e,21846
21846,f,21846
21845,b,21846
21842,f,21846
21842,b,21846
21843,c,21846
21844,b,21846
21844,d,21846
21844,c,21846
21843,d,21846
21842,e,21846
21843,b,21846
21843,f,21846
21843,e,21846
21842,c,21846
21844,f,21846
21844,e,21846
21842,d,21846
21848,d,21847
21846,e,21847
21846,b,21847
21847,b,21847
21847,d,21847
21847,e,21847
21848,e,21847
21846,d,21847
21848,b,21847
21843,d,21847
21843,e,21847
21844,e,21847
21844,d,21847
21844,b,21847
21845,b,21847
21845,d,21847
21845,e,21847
21843,b,21847
21844,b,21848
21848,b,21848
21848,d,21848
21847,d,21848
21847,b,21848
21845,b,21848
21845,d,21848
21844,d,21848
21849,b,21848
21849,d,21848
21846,d,21848
21846,b,21848
21848,c,21849
21848,f,21849
21849,b,21849
21849,d,21849
21849,c,21849
21850,c,21849
21850,d,21849
21850,b,21849
21849,f,21849
21848,b,21849
21848,d,21849
21850,f,21849
21845,c,21849
21845,d,21849
21845,b,21849
21846,f,21849
21846,c,21849
21846,d,21849
21846,b,21849
21847,f,21849
21847,c,21849
21847,d,21849
21847,b,21849
21845,f,21849
21851,b,21850
21846,b,21850
21849,b,21850
21849,d,21850
21847,c,21850
21849,f,21850
21851,d,21850
21850,e,21850
21850,f,21850
21850,c,21850
21850,d,21850
21850,b,21850
21847,d,21850
21849,c,21850
21849,e,21850
21851,c,21850
21851,e,21850
21847,f,21850
21847,e,21850
21847,b,21850
21846,e,21850
21851,f,21850
21846,c,21850
21846,d,21850
21848,b,21850
21846,f,21850
21848,c,21850
21848,f,21850
21848,e,21850
21848,d,21850
21851,b,21851
21850,e,21851
21852,c,21851
21852,f,21851
21852,e,21851
21851,e,21851
21850,f,21851
21850,b,21851
21850,d,21851
21850,c,21851
21851,d,21851
21851,c,21851
21851,f,21851
21852,d,21851
21852,b,21851
21849,b,21851
21848,f,21851
21848,c,21851
21848,d,21851
21848,b,21851
21847,c,21851
21849,d,21851
21849,c,21851
21848,e,21851
21849,f,21851
21847,e,21851
21847,f,21851
21847,d,21851
21847,b,21851
21849,e,21851
21848,c,21852
21852,f,21852
21853,b,21852
21848,d,21852
21852,c,21852
21853,d,21852
21851,b,21852
21851,d,21852
21851,c,21852
21848,b,21852
21853,c,21852
21852,d,21852
21853,e,21852
21849,e,21852
21849,f,21852
21849,c,21852
21849,d,21852
21849,b,21852
21848,e,21852
21848,f,21852
21850,b,21852
21850,d,21852
21850,c,21852
21850,f,21852
21850,e,21852
21852,b,21852
21851,f,21852
21852,e,21852
21853,f,21852
21851,e,21852
21854,c,21853
21852,b,21853
21852,e,21853
21852,c,21853
21852,f,21853
21854,d,21853
21853,d,21853
21853,c,21853
21853,f,21853
21853,e,21853
21854,e,21853
21854,f,21853
21852,d,21853
21854,b,21853
21853,b,21853
21850,e,21853
21850,d,21853
21850,b,21853
21850,c,21853
21851,b,21853
21851,d,21853
21851,c,21853
21851,f,21853
21850,f,21853
21849,e,21853
21849,f,21853
21849,c,21853
21849,d,21853
21849,b,21853
21851,e,21853
21854,b,21854
21853,b,21854
21853,d,21854
21853,c,21854
21855,e,21854
21853,e,21854
21855,f,21854
21855,c,21854
21855,d,21854
21854,e,21854
21853,f,21854
21855,b,21854
21854,f,21854
21852,d,21854
21851,e,21854
21851,f,21854
21851,c,21854
21851,d,21854
21851,b,21854
21850,e,21854
21852,b,21854
21854,d,21854
21852,c,21854
21852,f,21854
21854,c,21854
21850,f,21854
21850,c,21854
21850,d,21854
21850,b,21854
21852,e,21854
21856,d,21855
21856,b,21855
21851,e,21855
21854,e,21855
21854,d,21855
21854,b,21855
21855,e,21855
21855,d,21855
21856,e,21855
21855,b,21855
21851,d,21855
21852,e,21855
21852,d,21855
21853,b,21855
21853,d,21855
21853,e,21855
21852,b,21855
21851,b,21855
21857,d,21856
21855,d,21856
21855,b,21856
21852,b,21856
21852,d,21856
21853,b,21856
21857,b,21856
21856,d,21856
21856,b,21856
21854,d,21856
21854,b,21856
21853,d,21856
21856,c,21857
21856,f,21857
21857,f,21857
21856,b,21857
21858,f,21857
21857,c,21857
21857,d,21857
21858,b,21857
21858,d,21857
21857,b,21857
21858,c,21857
21856,d,21857
21853,f,21857
21855,c,21857
21855,f,21857
21855,d,21857
21855,b,21857
21853,c,21857
21853,d,21857
21853,b,21857
21854,b,21857
21854,d,21857
21854,c,21857
21854,f,21857
21857,b,21858
21857,d,21858
21858,d,21858
21858,b,21858
21858,e,21858
21858,f,21858
21858,c,21858
21859,c,21858
21857,c,21858
21857,f,21858
21857,e,21858
21859,f,21858
21859,e,21858
21855,d,21858
21859,b,21858
21854,e,21858
21855,b,21858
21856,b,21858
21856,d,21858
21856,c,21858
21856,f,21858
21856,e,21858
21855,c,21858
21855,f,21858
21855,e,21858
21854,d,21858
21854,b,21858
21859,d,21858
21854,f,21858
21854,c,21858
21855,b,21859
21855,d,21859
21858,e,21859
21858,d,21859
21858,c,21859
21858,f,21859
21860,b,21859
21859,e,21859
21859,f,21859
21859,c,21859
21859,d,21859
21859,b,21859
21858,b,21859
21856,f,21859
21856,e,21859
21860,f,21859
21856,c,21859
21856,d,21859
21856,b,21859
21860,c,21859
21855,f,21859
21855,c,21859
21857,b,21859
21857,d,21859
21855,e,21859
21857,f,21859
21860,e,21859
21857,c,21859
21860,d,21859
21857,e,21859
21860,c,21860
21859,e,21860
21859,f,21860
21859,c,21860
21859,d,21860
21860,e,21860
21860,d,21860
21860,b,21860
21861,b,21860
21861,d,21860
21861,c,21860
21861,f,21860
21861,e,21860
21860,f,21860
21859,b,21860
21858,d,21860
21857,f,21860
21857,b,21860
21856,b,21860
21856,d,21860
21856,c,21860
21856,f,21860
21856,e,21860
21857,e,21860
21857,d,21860
21858,e,21860
21858,f,21860
21858,c,21860
21857,c,21860
21858,b,21860
21861,b,21861
21857,b,21861
21860,b,21861
21860,d,21861
21862,c,21861
21860,f,21861
21860,e,21861
21862,f,21861
21857,d,21861
21862,d,21861
21862,b,21861
21861,e,21861
21861,f,21861
21860,c,21861
21861,d,21861
21857,c,21861
21857,e,21861
21858,e,21861
21858,f,21861
21858,c,21861
21858,d,21861
21858,b,21861
21857,f,21861
21859,b,21861
21859,d,21861
21859,c,21861
21861,c,21861
21859,e,21861
21862,e,21861
21859,f,21861
21863,e,21862
21863,f,21862
21863,c,21862
21862,b,21862
21862,d,21862
21862,c,21862
21861,b,21862
21861,c,21862
21861,f,21862
21861,e,21862
21862,f,21862
21862,e,21862
21858,e,21862
21863,b,21862
21861,d,21862
21863,d,21862
21858,f,21862
21859,d,21862
21860,b,21862
21860,d,21862
21860,c,21862
21860,f,21862
21859,c,21862
21859,f,21862
21859,b,21862
21859,e,21862
21858,d,21862
21858,c,21862
21860,e,21862
21858,b,21862
21862,e,21863
21864,d,21863
21862,b,21863
21863,b,21863
21863,d,21863
21863,e,21863
21864,e,21863
21862,d,21863
21864,b,21863
21859,d,21863
21859,e,21863
21860,e,21863
21860,d,21863
21860,b,21863
21861,b,21863
21861,d,21863
21861,e,21863
21859,b,21863
21860,b,21864
21864,b,21864
21864,d,21864
21863,d,21864
21863,b,21864
21861,b,21864
21860,d,21864
21865,b,21864
21865,d,21864
21862,d,21864
21862,b,21864
21861,d,21864
21864,b,21865
21864,f,21865
21866,f,21865
21865,b,21865
21865,d,21865
21865,c,21865
21866,c,21865
21866,d,21865
21866,b,21865
21865,f,21865
21864,d,21865
21864,c,21865
21861,b,21865
21862,f,21865
21863,b,21865
21863,d,21865
21863,c,21865
21863,f,21865
21861,d,21865
21861,c,21865
21861,f,21865
21862,b,21865
21862,d,21865
21862,c,21865
21865,d,21866
21865,b,21866
21865,e,21866
21865,c,21866
21865,f,21866
21863,c,21866
21866,b,21866
21866,d,21866
21866,c,21866
21866,f,21866
21866,e,21866
21863,d,21866
21867,e,21866
21867,f,21866
21867,c,21866
21867,d,21866
21862,b,21866
21867,b,21866
21862,d,21866
21862,e,21866
21863,b,21866
21862,f,21866
21864,d,21866
21864,c,21866
21864,f,21866
21864,e,21866
21864,b,21866
21862,c,21866
21863,f,21866
21863,e,21866
21863,e,21867
21863,f,21867
21863,c,21867
21866,b,21867
21866,d,21867
21867,f,21867
21866,f,21867
21866,e,21867
21863,d,21867
21863,b,21867
21867,b,21867
21867,d,21867
21867,c,21867
21867,e,21867
21866,c,21867
21865,b,21867
21864,e,21867
21865,d,21867
21868,b,21867
21865,c,21867
21865,f,21867
21865,e,21867
21864,c,21867
21864,f,21867
21864,b,21867
21868,e,21867
21868,f,21867
21868,c,21867
21868,d,21867
21864,d,21867
21869,e,21868
21869,f,21868
21869,b,21868
21869,c,21868
21867,f,21868
21867,d,21868
21867,c,21868
21868,e,21868
21868,f,21868
21868,c,21868
21868,d,21868
21868,b,21868
21867,e,21868
21867,b,21868
21869,d,21868
21866,d,21868
21865,f,21868
21864,b,21868
21864,d,21868
21864,c,21868
21864,f,21868
21864,e,21868
21865,b,21868
21865,e,21868
21865,d,21868
21866,e,21868
21866,f,21868
21866,c,21868
21866,b,21868
21865,c,21868
21865,c,21869
21865,b,21869
21868,b,21869
21868,d,21869
21870,b,21869
21868,f,21869
21868,e,21869
21870,d,21869
21865,d,21869
21869,e,21869
21869,f,21869
21869,c,21869
21868,c,21869
21865,f,21869
21869,d,21869
21869,b,21869
21866,d,21869
21866,c,21869
21865,e,21869
21867,b,21869
21867,d,21869
21867,c,21869
21867,f,21869
21866,b,21869
21867,e,21869
21866,e,21869
21870,e,21869
21870,f,21869
21870,c,21869
21866,f,21869
21871,e,21870
21871,f,21870
21871,c,21870
21869,b,21870
21871,b,21870
21869,c,21870
21869,f,21870
21869,e,21870
21870,e,21870
21870,f,21870
21870,c,21870
21870,d,21870
21870,b,21870
21869,d,21870
21871,d,21870
21866,f,21870
21866,e,21870
21868,b,21870
21868,d,21870
21867,f,21870
21867,c,21870
21867,d,21870
21867,b,21870
21866,c,21870
21867,e,21870
21868,c,21870
21868,f,21870
21868,e,21870
21866,b,21870
21866,d,21870
21871,d,21871
21870,d,21871
21870,b,21871
21871,b,21871
21871,e,21871
21870,e,21871
21867,e,21871
21867,d,21871
21872,b,21871
21872,d,21871
21872,e,21871
21869,e,21871
21869,d,21871
21869,b,21871
21868,b,21871
21868,d,21871
21868,e,21871
21867,b,21871
21871,d,21872
21872,b,21872
21872,d,21872
21871,b,21872
21873,d,21872
21868,b,21872
21873,b,21872
21869,d,21872
21869,b,21872
21870,b,21872
21870,d,21872
21868,d,21872
21873,f,21873
21872,f,21873
21872,c,21873
21872,d,21873
21874,d,21873
21873,c,21873
21872,b,21873
21873,d,21873
21873,b,21873
21869,b,21873
21869,d,21873
21869,c,21873
21874,b,21873
21874,f,21873
21874,c,21873
21870,b,21873
21870,f,21873
21871,f,21873
21871,c,21873
21871,d,21873
21871,b,21873
21869,f,21873
21870,d,21873
21870,c,21873
21875,d,21874
21875,e,21874
21875,b,21874
21873,b,21874
21873,d,21874
21875,f,21874
21874,b,21874
21874,e,21874
21873,f,21874
21873,e,21874
21874,f,21874
21874,d,21874
21873,c,21874
21875,c,21874
21874,c,21874
21870,d,21874
21870,c,21874
21872,b,21874
21872,d,21874
21872,c,21874
21872,f,21874
21870,f,21874
21872,e,21874
21871,b,21874
21871,d,21874
21870,b,21874
21871,c,21874
21871,f,21874
21871,e,21874
21870,e,21874
21874,d,21875
21874,c,21875
21874,f,21875
21874,b,21875
21874,e,21875
21871,b,21875
21875,b,21875
21875,d,21875
21875,c,21875
21875,f,21875
21875,e,21875
21872,e,21875
21876,e,21875
21876,f,21875
21876,c,21875
21876,b,21875
21871,d,21875
21876,d,21875
21873,c,21875
21873,b,21875
21871,f,21875
21871,e,21875
21872,b,21875
21872,d,21875
21872,c,21875
21872,f,21875
21873,d,21875
21873,f,21875
21871,c,21875
21873,e,21875
21872,e,21876
21876,e,21876
21875,f,21876
21875,c,21876
21875,d,21876
21875,b,21876
21876,f,21876
21876,c,21876
21876,d,21876
21876,b,21876
21872,f,21876
21872,c,21876
21872,d,21876
21875,e,21876
21872,b,21876
21874,b,21876
21873,c,21876
21873,f,21876
21877,b,21876
21874,d,21876
21874,c,21876
21874,f,21876
21874,e,21876
21873,d,21876
21873,e,21876
21877,e,21876
21877,f,21876
21877,c,21876
21877,d,21876
21873,b,21876
21878,f,21877
21878,c,21877
21878,d,21877
21878,e,21877
21876,e,21877
21876,d,21877
21876,c,21877
21876,f,21877
21877,e,21877
21877,f,21877
21877,c,21877
21877,d,21877
21877,b,21877
21876,b,21877
21878,b,21877
21875,e,21877
21873,b,21877
21874,c,21877
21874,d,21877
21874,b,21877
21873,e,21877
21873,f,21877
21873,c,21877
21873,d,21877
21874,f,21877
21875,b,21877
21874,e,21877
21875,c,21877
21875,f,21877
21875,d,21877
21878,d,21878
21879,c,21878
21879,f,21878
21879,e,21878
21877,b,21878
21877,c,21878
21877,e,21878
21879,d,21878
21878,e,21878
21878,f,21878
21878,c,21878
21878,b,21878
21877,f,21878
21877,d,21878
21879,b,21878
21874,d,21878
21875,e,21878
21875,f,21878
21875,c,21878
21875,d,21878
21875,b,21878
21876,b,21878
21876,d,21878
21876,c,21878
21874,b,21878
21876,e,21878
21876,f,21878
21874,c,21878
21874,f,21878
21874,e,21878
21876,d,21879
21875,b,21879
21879,b,21879
21879,d,21879
21879,e,21879
21878,e,21879
21878,d,21879
21878,b,21879
21875,e,21879
21876,e,21879
21877,b,21879
21877,d,21879
21877,e,21879
21876,b,21879
21880,b,21879
21880,d,21879
21880,e,21879
21875,d,21879
21880,d,21880
21880,b,21880
21881,b,21880
21879,b,21880
21879,d,21880
21881,d,21880
21877,d,21880
21876,b,21880
21877,b,21880
21876,d,21880
21878,b,21880
21878,d,21880
21880,c,21881
21880,d,21881
21880,b,21881
21882,d,21881
21881,f,21881
21881,c,21881
21881,d,21881
21877,b,21881
21877,d,21881
21877,c,21881
21882,b,21881
21880,f,21881
21882,c,21881
21881,b,21881
21878,d,21881
21878,f,21881
21878,c,21881
21878,b,21881
21877,f,21881
21879,b,21881
21879,d,21881
21882,f,21881
21879,f,21881
21879,c,21881
21883,c,21882
21883,f,21882
21883,e,21882
21881,b,21882
21881,d,21882
21881,c,21882
21881,f,21882
21882,b,21882
21883,d,21882
21882,c,21882
21882,f,21882
21882,e,21882
21878,f,21882
21881,e,21882
21882,d,21882
21878,e,21882
21883,b,21882
21879,b,21882
21879,e,21882
21879,f,21882
21879,c,21882
21880,b,21882
21880,d,21882
21880,f,21882
21880,e,21882
21880,c,21882
21878,b,21882
21878,d,21882
21878,c,21882
21879,d,21882
21882,b,21883
21882,d,21883
21884,b,21883
21882,c,21883
21882,f,21883
21882,e,21883
21879,b,21883
21879,d,21883
21879,c,21883
21879,f,21883
21879,e,21883
21884,d,21883
21883,f,21883
21884,f,21883
21880,e,21883
21883,b,21883
21880,f,21883
21880,c,21883
21880,d,21883
21880,b,21883
21881,b,21883
21884,c,21883
21881,d,21883
21881,f,21883
21881,e,21883
21883,d,21883
21883,c,21883
21883,e,21883
21884,e,21883
21881,c,21883
21883,b,21884
21883,d,21884
21885,f,21884
21883,f,21884
21885,e,21884
21884,b,21884
21884,d,21884
21884,c,21884
21884,f,21884
21884,e,21884
21885,b,21884
21885,d,21884
21885,c,21884
21883,c,21884
21883,e,21884
21882,e,21884
21880,c,21884
21881,e,21884
21881,f,21884
21881,c,21884
21881,d,21884
21881,b,21884
21882,d,21884
21882,c,21884
21882,f,21884
21882,b,21884
21880,b,21884
21880,d,21884
21880,e,21884
21880,f,21884
21885,f,21885
21885,c,21885
21881,c,21885
21884,f,21885
21884,c,21885
21884,d,21885
21884,b,21885
21885,d,21885
21885,b,21885
21881,b,21885
21881,d,21885
21885,e,21885
21884,e,21885
21881,e,21885
21886,e,21885
21886,f,21885
21886,c,21885
21882,e,21885
21882,f,21885
21882,c,21885
21882,d,21885
21882,b,21885
21883,b,21885
21883,d,21885
21881,f,21885
21883,f,21885
21883,e,21885
21886,d,21885
21886,b,21885
21883,c,21885
21885,e,21886
21887,c,21886
21885,f,21886
21885,c,21886
21885,d,21886
21885,b,21886
21886,c,21886
21886,f,21886
21886,e,21886
21887,b,21886
21887,d,21886
21882,f,21886
21887,e,21886
21882,c,21886
21882,d,21886
21882,b,21886
21883,b,21886
21883,d,21886
21883,c,21886
21883,f,21886
21883,e,21886
21887,f,21886
21886,d,21886
21882,e,21886
21884,b,21886
21884,d,21886
21884,c,21886
21884,f,21886
21884,e,21886
21886,b,21886
21888,b,21887
21888,d,21887
21886,e,21887
21886,d,21887
21886,b,21887
21887,e,21887
21887,d,21887
21887,b,21887
21888,e,21887
21883,e,21887
21885,e,21887
21885,b,21887
21885,d,21887
21884,d,21887
21884,b,21887
21883,d,21887
21883,b,21887
21884,e,21887
21889,b,21888
21886,b,21888
21884,b,21888
21887,d,21888
21887,b,21888
21885,b,21888
21888,d,21888
21888,b,21888
21885,d,21888
21889,d,21888
21884,d,21888
21886,d,21888
21885,f,21889
21890,b,21889
21885,c,21889
21888,b,21889
21888,d,21889
21888,c,21889
21888,f,21889
21889,f,21889
21889,c,21889
21889,d,21889
21889,b,21889
21890,d,21889
21890,c,21889
21887,c,21889
21885,d,21889
21885,b,21889
21886,b,21889
21886,d,21889
21886,c,21889
21887,f,21889
21887,d,21889
21887,b,21889
21890,f,21889
21886,f,21889
21890,b,21890
21889,b,21890
21889,d,21890
21891,e,21890
21891,f,21890
21890,e,21890
21890,f,21890
21889,c,21890
21889,f,21890
21889,e,21890
21890,c,21890
21890,d,21890
21891,c,21890
21891,d,21890
21891,b,21890
21888,e,21890
21886,b,21890
21886,d,21890
21886,c,21890
21886,e,21890
21887,e,21890
21887,f,21890
21887,c,21890
21886,f,21890
21888,f,21890
21888,c,21890
21888,d,21890
21888,b,21890
21887,d,21890
21887,b,21890
21892,d,21891
21887,b,21891
21890,b,21891
21890,e,21891
21890,c,21891
21890,f,21891
21887,d,21891
21891,e,21891
21891,f,21891
21891,c,21891
21891,d,21891
21891,b,21891
21890,d,21891
21892,b,21891
21888,e,21891
21892,c,21891
21888,c,21891
21888,d,21891
21888,b,21891
21887,e,21891
21888,f,21891
21887,c,21891
21889,b,21891
21889,d,21891
21889,c,21891
21887,f,21891
21889,e,21891
21892,f,21891
21892,e,21891
21889,f,21891
21893,f,21892
21893,c,21892
21893,d,21892
21893,b,21892
21892,b,21892
21892,d,21892
21891,d,21892
21891,f,21892
21891,e,21892
21892,c,21892
21892,f,21892
21892,e,21892
21891,b,21892
21893,e,21892
21891,c,21892
21890,b,21892
21889,d,21892
21889,c,21892
21890,d,21892
21889,f,21892
21890,c,21892
21890,f,21892
21890,e,21892
21889,e,21892
21888,e,21892
21888,f,21892
21888,c,21892
21888,d,21892
21888,b,21892
21889,b,21892
21889,b,21893
21889,d,21893
21892,b,21893
21889,f,21893
21892,c,21893
21892,f,21893
21892,e,21893
21889,c,21893
21894,b,21893
21893,e,21893
21893,f,21893
21893,c,21893
21892,d,21893
21893,b,21893
21893,d,21893
21894,d,21893
21890,d,21893
21890,c,21893
21889,e,21893
21890,f,21893
21891,b,21893
21891,d,21893
21891,c,21893
21890,b,21893
21891,f,21893
21890,e,21893
21894,e,21893
21894,f,21893
21894,c,21893
21891,e,21893
21895,e,21894
21895,f,21894
21895,c,21894
21893,b,21894
21890,e,21894
21893,c,21894
21893,f,21894
21893,e,21894
21894,e,21894
21894,f,21894
21894,c,21894
21894,d,21894
21894,b,21894
21893,d,21894
21890,f,21894
21895,b,21894
21891,e,21894
21890,c,21894
21890,d,21894
21895,d,21894
21892,e,21894
21892,f,21894
21892,c,21894
21890,b,21894
21891,c,21894
21891,f,21894
21892,d,21894
21892,b,21894
21891,d,21894
21891,b,21894
21891,e,21895
21894,d,21895
21894,e,21895
21895,b,21895
21894,b,21895
21895,d,21895
21892,b,21895
21891,d,21895
21896,e,21895
21895,e,21895
21896,b,21895
21896,d,21895
21893,e,21895
21893,d,21895
21893,b,21895
21892,d,21895
21892,e,21895
21891,b,21895
21895,b,21896
21896,d,21896
21895,d,21896
21896,b,21896
21893,b,21896
21897,b,21896
21893,d,21896
21892,d,21896
21892,b,21896
21897,d,21896
21894,d,21896
21894,b,21896
21896,d,21897
21896,f,21897
21898,d,21897
21896,b,21897
21897,f,21897
21897,c,21897
21897,d,21897
21897,b,21897
21893,b,21897
21898,b,21897
21896,c,21897
21898,c,21897
21898,f,21897
21893,f,21897
21894,d,21897
21894,b,21897
21893,c,21897
21893,d,21897
21895,b,21897
21894,c,21897
21895,d,21897
21895,f,21897
21894,f,21897
21895,c,21897
21897,b,21898
21899,e,21898
21897,d,21898
21899,b,21898
21899,d,21898
21897,c,21898
21898,d,21898
21898,c,21898
21897,e,21898
21898,e,21898
21898,f,21898
21899,f,21898
21898,b,21898
21897,f,21898
21899,c,21898
21894,e,21898
21894,f,21898
21895,e,21898
21895,f,21898
21895,c,21898
21895,d,21898
21895,b,21898
21896,b,21898
21896,d,21898
21896,c,21898
21896,f,21898
21894,c,21898
21894,d,21898
21894,b,21898
21896,e,21898
21900,d,21899
21895,c,21899
21895,d,21899
21895,b,21899
21899,b,21899
21899,d,21899
21899,c,21899
21898,d,21899
21898,c,21899
21898,f,21899
21895,f,21899
21899,f,21899
21899,e,21899
21898,b,21899
21898,e,21899
21900,b,21899
21900,e,21899
21896,e,21899
21896,f,21899
21896,c,21899
21896,d,21899
21900,f,21899
21895,e,21899
21897,b,21899
21897,d,21899
21897,c,21899
21896,b,21899
21897,e,21899
21897,f,21899
21900,c,21899
21900,e,21900
21896,b,21900
21899,e,21900
21899,f,21900
21899,c,21900
21899,d,21900
21901,d,21900
21900,f,21900
21900,c,21900
21900,d,21900
21900,b,21900
21901,c,21900
21901,f,21900
21901,e,21900
21901,b,21900
21899,b,21900
21896,d,21900
21898,b,21900
21896,c,21900
21896,f,21900
21896,e,21900
21897,b,21900
21897,d,21900
21897,f,21900
21897,e,21900
21897,c,21900
21898,d,21900
21898,e,21900
21898,f,21900
21898,c,21900
21897,d,21901
21897,c,21901
21897,f,21901
21897,b,21901
21900,b,21901
21901,d,21901
21900,c,21901
21900,f,21901
21900,e,21901
21902,d,21901
21902,b,21901
21901,e,21901
21901,f,21901
21900,d,21901
21902,c,21901
21897,e,21901
21902,f,21901
21898,e,21901
21898,f,21901
21898,c,21901
21901,b,21901
21898,b,21901
21899,b,21901
21899,d,21901
21899,c,21901
21898,d,21901
21899,e,21901
21902,e,21901
21899,f,21901
21901,c,21901
21902,c,21902
21901,e,21902
21901,f,21902
21901,c,21902
21901,d,21902
21902,e,21902
21902,d,21902
21902,b,21902
21903,b,21902
21903,d,21902
21903,c,21902
21903,f,21902
21903,e,21902
21902,f,21902
21901,b,21902
21898,e,21902
21898,b,21902
21899,c,21902
21900,b,21902
21900,d,21902
21900,c,21902
21899,d,21902
21899,b,21902
21899,f,21902
21898,d,21902
21899,e,21902
21898,f,21902
21900,f,21902
21900,e,21902
21898,c,21902
21902,e,21903
21904,d,21903
21902,b,21903
21903,b,21903
21903,d,21903
21903,e,21903
21904,e,21903
21902,d,21903
21904,b,21903
21899,d,21903
21899,e,21903
21900,e,21903
21900,d,21903
21900,b,21903
21901,b,21903
21901,d,21903
21901,e,21903
21899,b,21903
21900,b,21904
21904,b,21904
21904,d,21904
21903,d,21904
21903,b,21904
21901,b,21904
21901,d,21904
21900,d,21904
21905,b,21904
21905,d,21904
21902,d,21904
21902,b,21904
21904,c,21905
21904,f,21905
21905,b,21905
21905,d,21905
21905,c,21905
21906,c,21905
21906,d,21905
21906,b,21905
21906,f,21905
21905,f,21905
21904,d,21905
21904,b,21905
21903,c,21905
21901,d,21905
21902,c,21905
21902,d,21905
21902,b,21905
21901,f,21905
21903,f,21905
21903,d,21905
21903,b,21905
21901,b,21905
21902,f,21905
21901,c,21905
21905,b,21906
21905,d,21906
21905,c,21906
21905,f,21906
21905,e,21906
21903,f,21906
21906,b,21906
21906,d,21906
21906,c,21906
21906,f,21906
21906,e,21906
21907,e,21906
21907,f,21906
21907,c,21906
21907,d,21906
21902,b,21906
21907,b,21906
21902,d,21906
21902,e,21906
21903,b,21906
21903,d,21906
21902,f,21906
21904,b,21906
21904,d,21906
21904,c,21906
21904,f,21906
21902,c,21906
21903,e,21906
21903,c,21906
21904,e,21906
21907,f,21907
21908,b,21907
21903,b,21907
21903,e,21907
21903,f,21907
21903,c,21907
21906,b,21907
21906,d,21907
21906,f,21907
21906,e,21907
21907,e,21907
21903,d,21907
21907,b,21907
21907,d,21907
21907,c,21907
21906,c,21907
21908,d,21907
21905,b,21907
21908,c,21907
21908,f,21907
21908,e,21907
21904,e,21907
21904,f,21907
21904,c,21907
21904,d,21907
21905,e,21907
21905,f,21907
21905,c,21907
21904,b,21907
21905,d,21907
21909,c,21908
21909,d,21908
21907,b,21908
21907,f,21908
21907,c,21908
21909,e,21908
21909,b,21908
21908,e,21908
21908,f,21908
21908,c,21908
21908,d,21908
21908,b,21908
21907,d,21908
21909,f,21908
21907,e,21908
21904,d,21908
21904,b,21908
21905,d,21908
21905,c,21908
21906,b,21908
21906,d,21908
21906,c,21908
21906,f,21908
21906,e,21908
21905,e,21908
21905,b,21908
21904,e,21908
21904,f,21908
21904,c,21908
21905,f,21908
21908,b,21909
21905,b,21909
21905,d,21909
21908,d,21909
21910,d,21909
21908,f,21909
21908,e,21909
21910,c,21909
21905,c,21909
21910,b,21909
21909,e,21909
21909,f,21909
21909,c,21909
21908,c,21909
21905,f,21909
21905,e,21909
21910,f,21909
21906,e,21909
21906,f,21909
21906,c,21909
21906,d,21909
21909,b,21909
21907,b,21909
21907,d,21909
21907,c,21909
21906,b,21909
21907,e,21909
21910,e,21909
21907,f,21909
21909,d,21909
21910,f,21910
21909,e,21910
21909,f,21910
21909,c,21910
21909,d,21910
21910,e,21910
21910,c,21910
21910,d,21910
21910,b,21910
21911,b,21910
21911,c,21910
21911,f,21910
21911,e,21910
21911,d,21910
21909,b,21910
21906,f,21910
21907,e,21910
21907,c,21910
21908,b,21910
21908,d,21910
21908,c,21910
21908,e,21910
21908,f,21910
21906,c,21910
21906,d,21910
21906,b,21910
21907,f,21910
21907,b,21910
21907,d,21910
21906,e,21910
21910,b,21911
21910,d,21911
21911,b,21911
21911,d,21911
21911,e,21911
21912,e,21911
21910,e,21911
21912,d,21911
21912,b,21911
21907,d,21911
21907,e,21911
21908,e,21911
21908,d,21911
21908,b,21911
21909,b,21911
21909,d,21911
21909,e,21911
21907,b,21911
21908,b,21912
21912,b,21912
21912,d,21912
21911,d,21912
21911,b,21912
21909,b,21912
21909,d,21912
21908,d,21912
21913,b,21912
21913,d,21912
21910,d,21912
21910,b,21912
21912,c,21913
21912,f,21913
21913,b,21913
21913,d,21913
21913,c,21913
21914,d,21913
21914,b,21913
21913,f,21913
21914,f,21913
21914,c,21913
21912,d,21913
21912,b,21913
21909,c,21913
21910,f,21913
21910,c,21913
21910,d,21913
21910,b,21913
21909,f,21913
21911,b,21913
21911,d,21913
21911,c,21913
21909,d,21913
21909,b,21913
21911,f,21913
21913,e,21914
21915,f,21914
21915,c,21914
21915,d,21914
21910,b,21914
21914,b,21914
21914,d,21914
21914,c,21914
21913,b,21914
21913,d,21914
21913,c,21914
21915,e,21914
21914,e,21914
21915,b,21914
21914,f,21914
21913,f,21914
21911,c,21914
21911,b,21914
21910,e,21914
21910,f,21914
21910,c,21914
21910,d,21914
21912,d,21914
21912,b,21914
21912,f,21914
21912,e,21914
21911,d,21914
21911,e,21914
21911,f,21914
21912,c,21914
21916,d,21915
21916,e,21915
21916,f,21915
21916,c,21915
21914,b,21915
21915,c,21915
21914,c,21915
21914,f,21915
21916,b,21915
21915,d,21915
21915,e,21915
21915,f,21915
21914,d,21915
21915,b,21915
21914,e,21915
21911,c,21915
21911,e,21915
21911,f,21915
21913,b,21915
21911,d,21915
21913,d,21915
21913,c,21915
21913,f,21915
21913,e,21915
21911,b,21915
21912,d,21915
21912,c,21915
21912,f,21915
21912,e,21915
21912,b,21915
21915,b,21916
21912,b,21916
21912,d,21916
21912,c,21916
21915,d,21916
21915,c,21916
21915,e,21916
21916,b,21916
21916,d,21916
21916,c,21916
21916,f,21916
21916,e,21916
21917,e,21916
21917,f,21916
21917,b,21916
21915,f,21916
21912,f,21916
21917,c,21916
21914,d,21916
21912,e,21916
21914,b,21916
21917,d,21916
21913,b,21916
21913,d,21916
21913,c,21916
21913,f,21916
21913,e,21916
21914,f,21916
21914,e,21916
21914,c,21916
21916,e,21917
21916,d,21917
21916,b,21917
21918,e,21917
21917,e,21917
21917,f,21917
21917,c,21917
21917,d,21917
21917,b,21917
21913,b,21917
21913,d,21917
21913,c,21917
21916,f,21917
21916,c,21917
21913,e,21917
21913,f,21917
21918,b,21917
21918,d,21917
21918,c,21917
21918,f,21917
21914,e,21917
21915,e,21917
21915,f,21917
21915,c,21917
21915,d,21917
21915,b,21917
21914,b,21917
21914,f,21917
21914,c,21917
21914,d,21917
21917,e,21918
21917,d,21918
21917,c,21918
21917,f,21918
21918,f,21918
21918,e,21918
21919,b,21918
21919,d,21918
21919,c,21918
21917,b,21918
21918,c,21918
21914,f,21918
21919,e,21918
21914,b,21918
21914,d,21918
21914,c,21918
21918,b,21918
21914,e,21918
21915,b,21918
21915,d,21918
21919,f,21918
21915,f,21918
21915,e,21918
21915,c,21918
21916,b,21918
21916,d,21918
21916,c,21918
21916,f,21918
21916,e,21918
21918,d,21918
21920,b,21919
21918,e,21919
21918,d,21919
21918,b,21919
21919,e,21919
21919,d,21919
21919,b,21919
21920,e,21919
21920,d,21919
21915,e,21919
21915,d,21919
21915,b,21919
21916,b,21919
21916,d,21919
21916,e,21919
21917,b,21919
21917,d,21919
21917,e,21919
21921,b,21920
21919,d,21920
21919,b,21920
21916,b,21920
21916,d,21920
21920,b,21920
21921,d,21920
21918,b,21920
21917,d,21920
21917,b,21920
21918,d,21920
21920,d,21920
21922,d,21921
21922,b,21921
21921,b,21921
21921,d,21921
21922,c,21921
21921,f,21921
21920,f,21921
21920,c,21921
21920,d,21921
21920,b,21921
21921,c,21921
21922,f,21921
21917,c,21921
21919,c,21921
21917,d,21921
21917,b,21921
21919,f,21921
21917,f,21921
21918,b,21921
21918,d,21921
21919,d,21921
21919,b,21921
21918,c,21921
21918,f,21921
21921,b,21922
21921,d,21922
21921,c,21922
21922,b,21922
21922,d,21922
21923,d,21922
21923,b,21922
21922,e,21922
21921,f,21922
21921,e,21922
21922,f,21922
21922,c,21922
21923,f,21922
21923,e,21922
21923,c,21922
21918,f,21922
21919,e,21922
21919,f,21922
21919,c,21922
21919,d,21922
21919,b,21922
21918,e,21922
21920,b,21922
21920,d,21922
21920,c,21922
21918,c,21922
21920,e,21922
21918,d,21922
21918,b,21922
21920,f,21922
21919,c,21923
21919,d,21923
21919,b,21923
21920,e,21923
21923,b,21923
21923,d,21923
21922,b,21923
21922,d,21923
21922,c,21923
21922,f,21923
21924,b,21923
21923,f,21923
21923,e,21923
21923,c,21923
21922,e,21923
21924,d,21923
21924,f,21923
21920,c,21923
21924,c,21923
21919,e,21923
21919,f,21923
21921,b,21923
21921,d,21923
21921,c,21923
21921,f,21923
21921,e,21923
21920,f,21923
21924,e,21923
21920,d,21923
21920,b,21923
21925,b,21924
21925,d,21924
21925,c,21924
21925,e,21924
21923,e,21924
21923,d,21924
21923,c,21924
21923,f,21924
21924,e,21924
21924,f,21924
21924,c,21924
21924,d,21924
21924,b,21924
21923,b,21924
21920,b,21924
21925,f,21924
21921,d,21924
21921,e,21924
21920,d,21924
21921,f,21924
21920,c,21924
21920,f,21924
21920,e,21924
21921,c,21924
21922,e,21924
21922,f,21924
21922,c,21924
21922,d,21924
21922,b,21924
21921,b,21924
21924,b,21925
21921,c,21925
21924,d,21925
21924,c,21925
21926,d,21925
21924,e,21925
21926,f,21925
21926,c,21925
21921,b,21925
21926,b,21925
21925,e,21925
21925,f,21925
21925,b,21925
21924,f,21925
21921,d,21925
21925,c,21925
21921,f,21925
21922,e,21925
21922,f,21925
21922,c,21925
21922,d,21925
21922,b,21925
21925,d,21925
21923,d,21925
21923,c,21925
21923,f,21925
21923,b,21925
21921,e,21925
21926,e,21925
21923,e,21925
21927,d,21926
21927,e,21926
21927,f,21926
21927,c,21926
21926,b,21926
21926,d,21926
21925,b,21926
21925,c,21926
21925,f,21926
21925,e,21926
21926,c,21926
21926,f,21926
21922,e,21926
21927,b,21926
21925,d,21926
21922,f,21926
21926,e,21926
21924,d,21926
21924,c,21926
21924,f,21926
21923,e,21926
21923,f,21926
21923,c,21926
21923,d,21926
21924,b,21926
21924,e,21926
21922,c,21926
21922,d,21926
21922,b,21926
21923,b,21926
21928,b,21927
21927,b,21927
21923,b,21927
21923,d,21927
21926,e,21927
21926,b,21927
21926,d,21927
21927,d,21927
21927,e,21927
21928,e,21927
21925,e,21927
21925,d,21927
21925,b,21927
21924,b,21927
21924,d,21927
21924,e,21927
21928,d,21927
21923,e,21927
21927,b,21928
21927,d,21928
21928,b,21928
21928,d,21928
21924,d,21928
21926,b,21928
21924,b,21928
21925,b,21928
21929,b,21928
21929,d,21928
21925,d,21928
21926,d,21928
21930,c,21929
21930,f,21929
21929,f,21929
21928,d,21929
21928,c,21929
21929,d,21929
21929,b,21929
21928,f,21929
21928,b,21929
21929,c,21929
21930,d,21929
21930,b,21929
21925,b,21929
21925,d,21929
21926,f,21929
21926,c,21929
21926,d,21929
21927,f,21929
21927,c,21929
21927,d,21929
21927,b,21929
21926,b,21929
21925,f,21929
21925,c,21929
21927,b,21930
21931,d,21930
21931,b,21930
21929,b,21930
21929,f,21930
21929,c,21930
21931,c,21930
21929,e,21930
21930,e,21930
21930,f,21930
21930,c,21930
21930,d,21930
21930,b,21930
21929,d,21930
21931,f,21930
21931,e,21930
21926,f,21930
21927,f,21930
21927,e,21930
21926,e,21930
21927,d,21930
21926,c,21930
21926,d,21930
21926,b,21930
21928,b,21930
21927,c,21930
21928,c,21930
21928,f,21930
21928,e,21930
21928,d,21930
21931,d,21931
21931,c,21931
21932,e,21931
21932,f,21931
21932,c,21931
21932,d,21931
21930,b,21931
21930,d,21931
21930,c,21931
21930,f,21931
21931,f,21931
21931,e,21931
21932,b,21931
21931,b,21931
21930,e,21931
21927,d,21931
21927,b,21931
21927,c,21931
21927,f,21931
21929,b,21931
21927,e,21931
21929,c,21931
21929,f,21931
21929,e,21931
21929,d,21931
21928,f,21931
21928,c,21931
21928,d,21931
21928,b,21931
21928,e,21931
21928,b,21932
21928,d,21932
21928,c,21932
21928,f,21932
21928,e,21932
21932,e,21932
21931,b,21932
21931,d,21932
21932,f,21932
21931,c,21932
21932,c,21932
21931,e,21932
21932,b,21932
21933,f,21932
21933,c,21932
21933,d,21932
21929,e,21932
21929,f,21932
21929,c,21932
21929,d,21932
21929,b,21932
21933,b,21932
21930,b,21932
21930,d,21932
21930,c,21932
21930,f,21932
21930,e,21932
21931,f,21932
21932,d,21932
21933,e,21932
21932,c,21933
21932,d,21933
21932,f,21933
21932,e,21933
21934,b,21933
21933,e,21933
21933,f,21933
21933,c,21933
21933,d,21933
21932,b,21933
21934,d,21933
21929,e,21933
21934,f,21933
21929,c,21933
21929,d,21933
21929,b,21933
21930,b,21933
21930,d,21933
21930,c,21933
21930,f,21933
21930,e,21933
21934,c,21933
21929,f,21933
21933,b,21933
21931,b,21933
21934,e,21933
21931,d,21933
21931,c,21933
21931,e,21933
21931,f,21933
21934,b,21934
21934,d,21934
21935,e,21934
21934,c,21934
21934,f,21934
21933,b,21934
21933,d,21934
21933,c,21934
21933,f,21934
21933,e,21934
21935,c,21934
21935,d,21934
21934,e,21934
21935,f,21934
21935,b,21934
21930,c,21934
21931,c,21934
21931,d,21934
21931,b,21934
21932,b,21934
21930,e,21934
21930,f,21934
21931,e,21934
21930,d,21934
21931,f,21934
21932,d,21934
21932,c,21934
21932,f,21934
21932,e,21934
21930,b,21934
21935,b,21935
21934,e,21935
21934,d,21935
21936,d,21935
21935,d,21935
21935,e,21935
21936,e,21935
21934,b,21935
21936,b,21935
21931,d,21935
21931,e,21935
21932,e,21935
21932,d,21935
21932,b,21935
21933,b,21935
21933,d,21935
21933,e,21935
21931,b,21935
21936,b,21936
21935,d,21936
21935,b,21936
21936,d,21936
21933,b,21936
21933,d,21936
21932,b,21936
21932,d,21936
21937,b,21936
21937,d,21936
21934,d,21936
21934,b,21936
21936,b,21937
21936,f,21937
21937,b,21937
21937,d,21937
21938,c,21937
21938,f,21937
21937,f,21937
21937,c,21937
21936,c,21937
21936,d,21937
21938,b,21937
21938,d,21937
21933,b,21937
21933,d,21937
21934,f,21937
21934,c,21937
21934,d,21937
21934,b,21937
21935,f,21937
21935,c,21937
21935,d,21937
21935,b,21937
21933,f,21937
21933,c,21937
21939,b,21938
21934,b,21938
21937,b,21938
21935,d,21938
21937,c,21938
21939,d,21938
21937,e,21938
21938,e,21938
21938,f,21938
21938,c,21938
21938,d,21938
21938,b,21938
21937,d,21938
21937,f,21938
21939,c,21938
21939,e,21938
21935,c,21938
21935,f,21938
21935,e,21938
21939,f,21938
21934,f,21938
21934,c,21938
21934,d,21938
21936,b,21938
21934,e,21938
21936,c,21938
21936,d,21938
21935,b,21938
21936,f,21938
21936,e,21938
21938,f,21939
21940,c,21939
21939,c,21939
21938,c,21939
21938,d,21939
21939,f,21939
21939,e,21939
21940,e,21939
21940,f,21939
21938,e,21939
21939,d,21939
21939,b,21939
21938,b,21939
21940,b,21939
21936,d,21939
21935,e,21939
21936,b,21939
21937,b,21939
21937,d,21939
21937,c,21939
21937,f,21939
21937,e,21939
21935,c,21939
21936,c,21939
21936,f,21939
21936,e,21939
21935,d,21939
21935,b,21939
21940,d,21939
21935,f,21939
21936,b,21940
21941,d,21940
21939,e,21940
21939,d,21940
21939,c,21940
21939,f,21940
21936,d,21940
21940,e,21940
21940,f,21940
21940,c,21940
21940,d,21940
21940,b,21940
21939,b,21940
21941,b,21940
21936,c,21940
21941,c,21940
21937,e,21940
21937,f,21940
21937,c,21940
21937,d,21940
21937,b,21940
21936,f,21940
21938,b,21940
21938,d,21940
21938,c,21940
21936,e,21940
21938,e,21940
21941,f,21940
21941,e,21940
21938,f,21940
21942,b,21941
21942,f,21941
21942,e,21941
21941,b,21941
21941,d,21941
21941,c,21941
21940,d,21941
21940,c,21941
21940,e,21941
21942,c,21941
21941,f,21941
21941,e,21941
21940,b,21941
21942,d,21941
21940,f,21941
21938,e,21941
21938,b,21941
21938,f,21941
21939,b,21941
21938,d,21941
21939,d,21941
21939,f,21941
21939,c,21941
21937,e,21941
21937,f,21941
21937,c,21941
21937,d,21941
21937,b,21941
21938,c,21941
21939,e,21941
21941,c,21942
21941,b,21942
21941,d,21942
21941,f,21942
21938,b,21942
21943,f,21942
21943,c,21942
21943,d,21942
21943,b,21942
21942,f,21942
21942,b,21942
21941,e,21942
21942,e,21942
21942,c,21942
21938,d,21942
21939,e,21942
21939,f,21942
21939,c,21942
21939,d,21942
21939,b,21942
21940,b,21942
21942,d,21942
21940,c,21942
21940,f,21942
21940,d,21942
21943,e,21942
21938,e,21942
21938,f,21942
21938,c,21942
21940,e,21942
21944,b,21943
21943,e,21943
21942,e,21943
21942,d,21943
21942,b,21943
21943,d,21943
21944,d,21943
21943,b,21943
21944,e,21943
21939,d,21943
21939,e,21943
21941,b,21943
21941,d,21943
21941,e,21943
21940,e,21943
21940,d,21943
21940,b,21943
21939,b,21943
21941,b,21944
21944,b,21944
21944,d,21944
21943,b,21944
21943,d,21944
21945,b,21944
21942,d,21944
21942,b,21944
21941,d,21944
21945,d,21944
21940,d,21944
21940,b,21944
21946,b,21945
21946,d,21945
21941,c,21945
21944,b,21945
21944,d,21945
21944,c,21945
21944,f,21945
21945,f,21945
21945,c,21945
21945,d,21945
21945,b,21945
21946,c,21945
21946,f,21945
21943,f,21945
21941,f,21945
21941,d,21945
21941,b,21945
21943,c,21945
21942,b,21945
21942,d,21945
21943,d,21945
21942,c,21945
21943,b,21945
21942,f,21945
21945,b,21946
21945,d,21946
21947,d,21946
21946,d,21946
21946,b,21946
21947,e,21946
21946,e,21946
21945,c,21946
21945,f,21946
21945,e,21946
21946,f,21946
21946,c,21946
21947,c,21946
21947,f,21946
21943,d,21946
21944,f,21946
21943,c,21946
21947,b,21946
21943,b,21946
21942,e,21946
21944,b,21946
21944,d,21946
21944,c,21946
21943,f,21946
21943,e,21946
21942,f,21946
21942,c,21946
21942,d,21946
21942,b,21946
21944,e,21946
21943,c,21947
21947,e,21947
21944,e,21947
21943,d,21947
21944,f,21947
21946,b,21947
21948,b,21947
21946,d,21947
21946,c,21947
21946,f,21947
21943,b,21947
21948,d,21947
21947,c,21947
21948,f,21947
21944,c,21947
21944,d,21947
21944,b,21947
21947,b,21947
21943,e,21947
21943,f,21947
21945,b,21947
21945,d,21947
21945,c,21947
21945,f,21947
21945,e,21947
21947,d,21947
21946,e,21947
21947,f,21947
21948,e,21947
21948,c,21947
21947,b,21948
21947,e,21948
21947,c,21948
21947,f,21948
21948,b,21948
21948,d,21948
21948,c,21948
21949,f,21948
21948,f,21948
21948,e,21948
21949,b,21948
21949,d,21948
21947,d,21948
21949,c,21948
21944,c,21948
21946,e,21948
21944,b,21948
21944,d,21948
21949,e,21948
21945,e,21948
21945,f,21948
21945,c,21948
21945,d,21948
21944,f,21948
21946,f,21948
21946,c,21948
21946,d,21948
21946,b,21948
21945,b,21948
21944,e,21948
21945,d,21949
21948,b,21949
21950,b,21949
21948,c,21949
21948,f,21949
21948,e,21949
21945,b,21949
21949,e,21949
21949,f,21949
21949,c,21949
21949,d,21949
21948,d,21949
21945,c,21949
21949,b,21949
21945,e,21949
21946,c,21949
21946,f,21949
21950,d,21949
21945,f,21949
21947,b,21949
21947,d,21949
21947,c,21949
21946,d,21949
21947,f,21949
21946,e,21949
21950,e,21949
21950,f,21949
21950,c,21949
21947,e,21949
21946,b,21949
21951,f,21950
21951,c,21950
21951,e,21950
21951,b,21950
21949,d,21950
21949,c,21950
21949,f,21950
21949,e,21950
21950,f,21950
21950,c,21950
21950,d,21950
21950,b,21950
21949,b,21950
21951,d,21950
21950,e,21950
21946,f,21950
21948,b,21950
21947,f,21950
21947,c,21950
21947,d,21950
21947,b,21950
21946,e,21950
21946,c,21950
21947,e,21950
21948,d,21950
21948,c,21950
21948,f,21950
21948,e,21950
21946,b,21950
21946,d,21950
21950,d,21951
21952,b,21951
21951,b,21951
21951,d,21951
21950,e,21951
21950,b,21951
21947,d,21951
21951,e,21951
21952,e,21951
21952,d,21951
21949,e,21951
21949,d,21951
21949,b,21951
21948,b,21951
21948,d,21951
21948,e,21951
21947,b,21951
21947,e,21951
21951,b,21952
21951,d,21952
21952,b,21952
21952,d,21952
21948,b,21952
21950,d,21952
21949,b,21952
21949,d,21952
21948,d,21952
21953,b,21952
21953,d,21952
21950,b,21952
21954,c,21953
21954,f,21953
21953,f,21953
21952,c,21953
21952,f,21953
21953,d,21953
21953,b,21953
21952,b,21953
21952,d,21953
21953,c,21953
21954,d,21953
21954,b,21953
21949,b,21953
21949,d,21953
21950,f,21953
21950,c,21953
21950,d,21953
21951,f,21953
21951,c,21953
21951,d,21953
21951,b,21953
21950,b,21953
21949,f,21953
21949,c,21953
21951,c,21954
21955,b,21954
21950,b,21954
21953,b,21954
21953,f,21954
21953,c,21954
21955,d,21954
21953,e,21954
21954,e,21954
21954,f,21954
21954,c,21954
21954,d,21954
21954,b,21954
21953,d,21954
21951,b,21954
21955,c,21954
21955,e,21954
21951,f,21954
21951,e,21954
21955,f,21954
21950,e,21954
21950,f,21954
21950,c,21954
21950,d,21954
21952,b,21954
21951,d,21954
21952,c,21954
21952,f,21954
21952,e,21954
21952,d,21954
21955,b,21955
21955,d,21955
21956,f,21955
21956,c,21955
21956,d,21955
21956,b,21955
21954,b,21955
21954,d,21955
21954,c,21955
21954,f,21955
21954,e,21955
21955,c,21955
21955,f,21955
21955,e,21955
21956,e,21955
21953,d,21955
21951,b,21955
21951,f,21955
21951,d,21955
21951,c,21955
21952,e,21955
21953,b,21955
21953,c,21955
21953,f,21955
21953,e,21955
21952,f,21955
21952,d,21955
21952,b,21955
21951,e,21955
21952,c,21955
21956,f,21956
21955,b,21956
21952,b,21956
21952,d,21956
21952,c,21956
21952,f,21956
21952,e,21956
21955,d,21956
21955,c,21956
21955,f,21956
21956,c,21956
21956,e,21956
21956,b,21956
21957,e,21956
21957,f,21956
21957,c,21956
21953,e,21956
21953,f,21956
21953,c,21956
21953,d,21956
21956,d,21956
21953,b,21956
21954,b,21956
21954,d,21956
21954,c,21956
21954,f,21956
21954,e,21956
21957,b,21956
21955,e,21956
21957,d,21956
21953,f,21957
21956,c,21957
21956,d,21957
21956,f,21957
21956,e,21957
21958,d,21957
21958,b,21957
21957,e,21957
21957,f,21957
21957,c,21957
21956,b,21957
21958,c,21957
21955,b,21957
21958,e,21957
21953,c,21957
21953,d,21957
21953,b,21957
21957,b,21957
21954,b,21957
21954,d,21957
21954,c,21957
21954,f,21957
21954,e,21957
21958,f,21957
21957,d,21957
21955,d,21957
21955,c,21957
21953,e,21957
21955,f,21957
21955,e,21957
21959,b,21958
21958,b,21958
21958,d,21958
21958,c,21958
21959,e,21958
21958,f,21958
21958,e,21958
21957,b,21958
21957,c,21958
21957,f,21958
21957,e,21958
21959,c,21958
21959,d,21958
21957,d,21958
21959,f,21958
21954,e,21958
21954,c,21958
21954,d,21958
21954,b,21958
21955,b,21958
21955,d,21958
21955,c,21958
21955,f,21958
21955,e,21958
21956,b,21958
21956,d,21958
21954,f,21958
21956,e,21958
21956,f,21958
21956,c,21958
21956,e,21959
21956,d,21959
21959,b,21959
21959,d,21959
21959,e,21959
21958,e,21959
21958,d,21959
21958,b,21959
21956,b,21959
21955,e,21959
21955,b,21959
21955,d,21959
21957,d,21959
21957,e,21959
21960,b,21959
21960,d,21959
21960,e,21959
21957,b,21959
21960,d,21960
21956,d,21960
21959,b,21960
21959,d,21960
21961,d,21960
21960,b,21960
21956,b,21960
21961,b,21960
21957,d,21960
21957,b,21960
21958,d,21960
21958,b,21960
21960,f,21961
21960,c,21961
21960,d,21961
21961,c,21961
21962,d,21961
21960,b,21961
21961,d,21961
21961,b,21961
21957,b,21961
21957,d,21961
21957,c,21961
21962,b,21961
21961,f,21961
21962,f,21961
21962,c,21961
21958,b,21961
21958,f,21961
21959,f,21961
21959,c,21961
21959,d,21961
21959,b,21961
21957,f,21961
21958,d,21961
21958,c,21961
21963,d,21962
21963,c,21962
21963,f,21962
21961,b,21962
21961,d,21962
21961,c,21962
21963,e,21962
21962,b,21962
21962,f,21962
21961,e,21962
21962,c,21962
21962,d,21962
21963,b,21962
21961,f,21962
21962,e,21962
21959,f,21962
21958,d,21962
21958,b,21962
21958,c,21962
21958,f,21962
21959,e,21962
21960,b,21962
21960,c,21962
21960,f,21962
21960,e,21962
21960,d,21962
21959,d,21962
21959,b,21962
21958,e,21962
21959,c,21962
21963,c,21963
21962,b,21963
21959,b,21963
21959,d,21963
21959,c,21963
21959,f,21963
21963,e,21963
21962,d,21963
21962,c,21963
21963,f,21963
21962,f,21963
21963,d,21963
21964,d,21963
21960,b,21963
21964,c,21963
21964,f,21963
21964,e,21963
21960,e,21963
21960,f,21963
21960,c,21963
21960,d,21963
21964,b,21963
21959,e,21963
21961,b,21963
21961,d,21963
21961,c,21963
21961,f,21963
21961,e,21963
21962,e,21963
21963,b,21963
21960,b,21964
21963,d,21964
21965,b,21964
21963,c,21964
21963,f,21964
21963,e,21964
21964,e,21964
21964,f,21964
21964,c,21964
21964,d,21964
21964,b,21964
21963,b,21964
21965,d,21964
21960,d,21964
21965,f,21964
21960,c,21964
21960,f,21964
21960,e,21964
21961,b,21964
21961,d,21964
21961,c,21964
21961,f,21964
21961,e,21964
21965,c,21964
21962,b,21964
21965,e,21964
21962,c,21964
21962,e,21964
21962,d,21964
21962,f,21964
21966,b,21965
21965,b,21965
21965,d,21965
21965,c,21965
21965,f,21965
21965,e,21965
21964,b,21965
21964,c,21965
21964,f,21965
21964,e,21965
21966,f,21965
21966,c,21965
21966,d,21965
21964,d,21965
21966,e,21965
21963,e,21965
21961,b,21965
21962,c,21965
21962,d,21965
21962,b,21965
21961,e,21965
21961,f,21965
21961,c,21965
21961,d,21965
21962,f,21965
21963,b,21965
21962,e,21965
21963,c,21965
21963,f,21965
21963,d,21965
21966,b,21966
21966,d,21966
21966,c,21966
21966,f,21966
21966,e,21966
21965,e,21966
21965,f,21966
21965,c,21966
21965,b,21966
21967,e,21966
21967,f,21966
21967,c,21966
21965,d,21966
21967,b,21966
21962,d,21966
21963,e,21966
21963,f,21966
21963,c,21966
21963,d,21966
21963,b,21966
21967,d,21966
21964,b,21966
21964,d,21966
21964,c,21966
21964,f,21966
21962,b,21966
21964,e,21966
21962,e,21966
21962,f,21966
21962,c,21966
21963,d,21967
21967,b,21967
21966,e,21967
21966,d,21967
21966,b,21967
21963,e,21967
21967,e,21967
21964,e,21967
21965,b,21967
21965,d,21967
21965,e,21967
21964,b,21967
21963,b,21967
21968,b,21967
21968,d,21967
21968,e,21967
21964,d,21967
21967,d,21967
21968,b,21968
21968,d,21968
21969,d,21968
21967,d,21968
21967,b,21968
21969,b,21968
21965,d,21968
21964,d,21968
21965,b,21968
21966,b,21968
21964,b,21968
21966,d,21968
21968,c,21969
21968,d,21969
21968,b,21969
21969,f,21969
21969,c,21969
21969,d,21969
21965,b,21969
21965,d,21969
21965,c,21969
21970,b,21969
21970,d,21969
21968,f,21969
21970,f,21969
21969,b,21969
21966,b,21969
21966,f,21969
21966,c,21969
21966,d,21969
21965,f,21969
21967,b,21969
21967,d,21969
21970,c,21969
21967,f,21969
21967,c,21969
21969,e,21970
21969,f,21970
21970,d,21970
21970,e,21970
21970,f,21970
21970,c,21970
21969,c,21970
21969,d,21970
21969,b,21970
21971,e,21970
21971,f,21970
21971,c,21970
21966,f,21970
21970,b,21970
21966,e,21970
21971,b,21970
21967,e,21970
21967,f,21970
21967,c,21970
21967,d,21970
21967,b,21970
21968,b,21970
21968,d,21970
21968,c,21970
21968,f,21970
21971,d,21970
21966,c,21970
21966,d,21970
21966,b,21970
21968,e,21970
21971,e,21971
21967,c,21971
21967,d,21971
21967,b,21971
21971,b,21971
21971,d,21971
21970,d,21971
21970,c,21971
21970,f,21971
21970,e,21971
21967,f,21971
21971,c,21971
21971,f,21971
21970,b,21971
21972,b,21971
21972,d,21971
21972,c,21971
21968,c,21971
21968,e,21971
21967,e,21971
21969,b,21971
21969,d,21971
21969,c,21971
21969,f,21971
21969,e,21971
21968,f,21971
21972,e,21971
21972,f,21971
21968,d,21971
21968,b,21971
21973,b,21972
21973,d,21972
21973,c,21972
21973,f,21972
21971,e,21972
21971,d,21972
21971,c,21972
21971,f,21972
21972,e,21972
21972,f,21972
21972,c,21972
21972,d,21972
21972,b,21972
21971,b,21972
21973,e,21972
21970,b,21972
21969,e,21972
21968,b,21972
21968,d,21972
21968,c,21972
21968,f,21972
21968,e,21972
21969,d,21972
21969,c,21972
21969,b,21972
21970,e,21972
21970,f,21972
21970,c,21972
21970,d,21972
21969,f,21972
21969,c,21973
21969,d,21973
21969,b,21973
21972,b,21973
21974,b,21973
21972,c,21973
21972,f,21973
21972,e,21973
21973,b,21973
21973,e,21973
21973,f,21973
21973,c,21973
21972,d,21973
21969,f,21973
21973,d,21973
21974,d,21973
21970,d,21973
21970,c,21973
21969,e,21973
21970,f,21973
21971,b,21973
21971,d,21973
21971,c,21973
21970,b,21973
21971,f,21973
21970,e,21973
21974,e,21973
21974,f,21973
21974,c,21973
21971,e,21973
21975,e,21974
21975,f,21974
21975,c,21974
21973,b,21974
21970,e,21974
21973,c,21974
21973,f,21974
21973,e,21974
21974,e,21974
21974,f,21974
21974,c,21974
21974,d,21974
21974,b,21974
21973,d,21974
21970,f,21974
21975,b,21974
21971,e,21974
21970,c,21974
21970,d,21974
21975,d,21974
21972,e,21974
21972,f,21974
21972,c,21974
21970,b,21974
21971,c,21974
21971,f,21974
21972,b,21974
21971,d,21974
21972,d,21974
21971,b,21974
21971,e,21975
21974,d,21975
21974,e,21975
21975,b,21975
21974,b,21975
21975,d,21975
21972,b,21975
21971,d,21975
21976,e,21975
21975,e,21975
21976,b,21975
21976,d,21975
21973,e,21975
21973,d,21975
21973,b,21975
21972,d,21975
21972,e,21975
21971,b,21975
21975,b,21976
21976,d,21976
21975,d,21976
21976,b,21976
21973,d,21976
21977,b,21976
21977,d,21976
21973,b,21976
21972,d,21976
21972,b,21976
21974,d,21976
21974,b,21976
21976,d,21977
21976,f,21977
21978,c,21977
21976,b,21977
21977,f,21977
21977,c,21977
21977,d,21977
21977,b,21977
21978,b,21977
21978,d,21977
21976,c,21977
21973,b,21977
21978,f,21977
21973,f,21977
21974,d,21977
21974,b,21977
21973,c,21977
21973,d,21977
21974,c,21977
21975,d,21977
21975,b,21977
21975,c,21977
21975,f,21977
21974,f,21977
21979,f,21978
21977,b,21978
21977,d,21978
21978,e,21978
21979,b,21978
21977,c,21978
21978,d,21978
21978,c,21978
21979,e,21978
21977,e,21978
21978,f,21978
21979,c,21978
21978,b,21978
21977,f,21978
21979,d,21978
21975,c,21978
21974,c,21978
21974,d,21978
21974,f,21978
21976,b,21978
21974,b,21978
21976,c,21978
21976,f,21978
21976,e,21978
21976,d,21978
21975,f,21978
21975,d,21978
21975,b,21978
21974,e,21978
21975,e,21978
21978,b,21979
21975,b,21979
21975,d,21979
21975,c,21979
21975,f,21979
21979,e,21979
21979,f,21979
21978,d,21979
21979,c,21979
21978,c,21979
21979,d,21979
21980,d,21979
21980,b,21979
21980,c,21979
21980,f,21979
21980,e,21979
21976,e,21979
21976,f,21979
21976,c,21979
21976,d,21979
21976,b,21979
21975,e,21979
21977,b,21979
21977,d,21979
21977,c,21979
21977,f,21979
21977,e,21979
21978,f,21979
21979,b,21979
21978,e,21979
21979,c,21980
21979,d,21980
21981,b,21980
21979,f,21980
21979,e,21980
21980,e,21980
21980,f,21980
21980,c,21980
21980,d,21980
21980,b,21980
21979,b,21980
21981,d,21980
21976,d,21980
21981,f,21980
21976,c,21980
21976,f,21980
21976,e,21980
21977,b,21980
21977,d,21980
21977,c,21980
21977,f,21980
21977,e,21980
21981,c,21980
21976,b,21980
21978,b,21980
21981,e,21980
21978,c,21980
21978,e,21980
21978,d,21980
21978,f,21980
21981,e,21981
21980,e,21981
21981,b,21981
21981,d,21981
21981,c,21981
21981,f,21981
21980,b,21981
21980,c,21981
21982,e,21981
21980,f,21981
21982,f,21981
21982,d,21981
21982,b,21981
21980,d,21981
21982,c,21981
21979,d,21981
21978,e,21981
21977,e,21981
21978,f,21981
21978,b,21981
21979,b,21981
21979,c,21981
21979,e,21981
21979,f,21981
21978,c,21981
21977,f,21981
21977,c,21981
21977,d,21981
21977,b,21981
21978,d,21981
21981,d,21982
21981,b,21982
21981,c,21982
21978,b,21982
21981,e,21982
21983,c,21982
21983,d,21982
21982,e,21982
21982,f,21982
21982,c,21982
21981,f,21982
21983,b,21982
21982,b,21982
21978,d,21982
21979,e,21982
21979,f,21982
21979,c,21982
21979,d,21982
21979,b,21982
21978,e,21982
21982,d,21982
21980,d,21982
21980,c,21982
21980,b,21982
21980,e,21982
21983,e,21982
21983,f,21982
21978,f,21982
21978,c,21982
21980,f,21982
21983,e,21983
21982,e,21983
21982,d,21983
21982,b,21983
21983,d,21983
21983,b,21983
21984,e,21983
21979,d,21983
21979,e,21983
21984,b,21983
21979,b,21983
21981,d,21983
21984,d,21983
21981,e,21983
21980,e,21983
21980,d,21983
21981,b,21983
21980,b,21983
21980,b,21984
21985,b,21984
21985,d,21984
21983,b,21984
21984,d,21984
21982,d,21984
21982,b,21984
21981,b,21984
21981,d,21984
21984,b,21984
21983,d,21984
21980,d,21984
21986,d,21985
21986,b,21985
21984,f,21985
21985,b,21985
21985,d,21985
21985,c,21985
21985,f,21985
21986,f,21985
21986,c,21985
21984,b,21985
21984,c,21985
21984,d,21985
21983,b,21985
21981,b,21985
21982,f,21985
21982,c,21985
21982,d,21985
21982,b,21985
21983,d,21985
21983,c,21985
21983,f,21985
21981,f,21985
21981,d,21985
21981,c,21985
21986,e,21986
21986,f,21986
21987,b,21986
21985,f,21986
21985,c,21986
21985,d,21986
21985,b,21986
21986,c,21986
21986,d,21986
21986,b,21986
21982,b,21986
21982,d,21986
21985,e,21986
21983,c,21986
21987,d,21986
21987,f,21986
21983,f,21986
21983,e,21986
21983,b,21986
21982,e,21986
21987,c,21986
21982,f,21986
21982,c,21986
21984,b,21986
21983,d,21986
21984,c,21986
21984,f,21986
21984,e,21986
21987,e,21986
21984,d,21986
21987,b,21987
21988,c,21987
21988,f,21987
21988,e,21987
21987,e,21987
21986,b,21987
21986,d,21987
21986,c,21987
21986,e,21987
21986,f,21987
21987,d,21987
21987,f,21987
21987,c,21987
21988,b,21987
21985,b,21987
21988,d,21987
21983,e,21987
21983,f,21987
21984,c,21987
21985,d,21987
21985,c,21987
21985,f,21987
21984,b,21987
21985,e,21987
21984,e,21987
21983,c,21987
21983,d,21987
21983,b,21987
21984,f,21987
21984,d,21987
21984,b,21988
21984,d,21988
21988,e,21988
21989,b,21988
21987,b,21988
21987,d,21988
21987,c,21988
21987,f,21988
21987,e,21988
21988,f,21988
21989,d,21988
21988,d,21988
21989,f,21988
21985,e,21988
21985,f,21988
21985,c,21988
21985,d,21988
21985,b,21988
21984,e,21988
21984,f,21988
21986,b,21988
21986,d,21988
21986,c,21988
21986,f,21988
21986,e,21988
21984,c,21988
21988,b,21988
21988,c,21988
21989,e,21988
21989,c,21988
21988,b,21989
21988,d,21989
21990,b,21989
21988,f,21989
21988,e,21989
21990,d,21989
21989,b,21989
21989,d,21989
21989,c,21989
21990,f,21989
21990,e,21989
21990,c,21989
21988,c,21989
21989,e,21989
21989,f,21989
21986,e,21989
21986,d,21989
21986,b,21989
21985,e,21989
21986,c,21989
21987,b,21989
21987,d,21989
21987,c,21989
21986,f,21989
21987,e,21989
21985,f,21989
21985,c,21989
21985,d,21989
21985,b,21989
21987,f,21989
21990,b,21990
21990,f,21990
21989,b,21990
21989,d,21990
21989,e,21990
21989,f,21990
21991,e,21990
21991,f,21990
21991,c,21990
21990,e,21990
21989,c,21990
21991,d,21990
21991,b,21990
21986,b,21990
21987,e,21990
21987,f,21990
21987,c,21990
21987,d,21990
21987,b,21990
21986,e,21990
21988,b,21990
21990,d,21990
21988,c,21990
21988,f,21990
21988,d,21990
21988,e,21990
21986,f,21990
21986,c,21990
21986,d,21990
21990,c,21990
21992,e,21991
21992,d,21991
21990,e,21991
21990,d,21991
21990,b,21991
21992,b,21991
21991,e,21991
21991,d,21991
21987,e,21991
21991,b,21991
21987,d,21991
21988,e,21991
21988,b,21991
21987,b,21991
21989,b,21991
21989,d,21991
21989,e,21991
21988,d,21991
21992,b,21992
21991,d,21992
21991,b,21992
21988,b,21992
21988,d,21992
21989,b,21992
21989,d,21992
21992,d,21992
21993,b,21992
21993,d,21992
21990,d,21992
21990,b,21992
21992,b,21993
21992,f,21993
21993,b,21993
21993,d,21993
21993,c,21993
21993,f,21993
21994,f,21993
21994,c,21993
21992,c,21993
21992,d,21993
21989,f,21993
21994,b,21993
21994,d,21993
21990,d,21993
21991,b,21993
21991,d,21993
21991,c,21993
21991,f,21993
21990,b,21993
21989,b,21993
21990,f,21993
21989,d,21993
21989,c,21993
21990,c,21993
21990,b,21994
21990,d,21994
21995,b,21994
21993,b,21994
21993,e,21994
21993,c,21994
21993,f,21994
21995,d,21994
21994,e,21994
21994,f,21994
21994,c,21994
21994,d,21994
21994,b,21994
21993,d,21994
21995,c,21994
21991,d,21994
21995,e,21994
21991,c,21994
21991,f,21994
21991,e,21994
21991,b,21994
21990,e,21994
21990,f,21994
21990,c,21994
21992,b,21994
21995,f,21994
21992,c,21994
21992,f,21994
21992,e,21994
21992,d,21994
21995,b,21995
21995,d,21995
21994,e,21995
21996,f,21995
21996,c,21995
21996,d,21995
21994,b,21995
21995,e,21995
21994,d,21995
21994,c,21995
21994,f,21995
21995,c,21995
21995,f,21995
21996,b,21995
21996,e,21995
21993,f,21995
21991,b,21995
21991,f,21995
21991,e,21995
21992,b,21995
21992,d,21995
21992,c,21995
21992,f,21995
21992,e,21995
21991,c,21995
21993,b,21995
21993,d,21995
21991,d,21995
21993,e,21995
21993,c,21995
21993,d,21996
21993,c,21996
21993,e,21996
21995,b,21996
21995,d,21996
21995,c,21996
21992,b,21996
21995,f,21996
21997,d,21996
21997,b,21996
21996,e,21996
21996,f,21996
21996,c,21996
21996,d,21996
21996,b,21996
21995,e,21996
21992,d,21996
21993,f,21996
21993,b,21996
21992,e,21996
21994,b,21996
21994,d,21996
21994,c,21996
21994,f,21996
21992,c,21996
21994,e,21996
21992,f,21996
21997,c,21996
21997,f,21996
21997,e,21996
21998,e,21997
21993,e,21997
21997,b,21997
21998,c,21997
21996,b,21997
21997,c,21997
21996,c,21997
21996,f,21997
21996,e,21997
21998,f,21997
21998,d,21997
21998,b,21997
21997,e,21997
21997,f,21997
21997,d,21997
21996,d,21997
21993,f,21997
21994,d,21997
21994,c,21997
21995,b,21997
21995,d,21997
21994,f,21997
21994,b,21997
21995,c,21997
21995,f,21997
21994,e,21997
21993,b,21997
21993,d,21997
21993,c,21997
21995,e,21997
21998,f,21998
21997,b,21998
21999,f,21998
21998,c,21998
21998,d,21998
21997,f,21998
21997,e,21998
21999,c,21998
21999,d,21998
21999,b,21998
21998,b,21998
21997,c,21998
21997,d,21998
21994,c,21998
21994,d,21998
21995,e,21998
21995,f,21998
21995,c,21998
21995,d,21998
21995,b,21998
21996,b,21998
21994,b,21998
21996,c,21998
21996,d,21998
21996,e,21998
21999,e,21998
21994,e,21998
21994,f,21998
21998,e,21998
21996,f,21998
21999,d,21999
21999,b,21999
21999,e,21999
22000,b,21999
21998,e,21999
22000,d,21999
21998,b,21999
21997,e,21999
21997,d,21999
21997,b,21999
21995,e,21999
21996,e,21999
21996,d,21999
21996,b,21999
21995,b,21999
21995,d,21999
21998,d,21999
22000,e,21999
